5.833534362420139951e+04 1.179150265777402780e+02 6.769643559194833404e-01 7.208495107208987562e-01 1.486446894711001276e-01
5.833533987771990360e+04 1.172873931562777869e+02 6.749743490007844571e-01 7.227300430514778107e-01 1.485628253022137357e-01
5.819507041040509648e+04 1.597921420688111027e+02 8.030219244395682132e-01 5.756162728016955832e-01 1.543427852387555255e-01
5.801736777380789863e+04 2.259624807315726684e+02 8.718008168840650773e-01 4.726673150667408674e-01 1.286427026608001345e-01
5.819507418067129765e+04 1.591651022078107758e+02 8.022575218830175769e-01 5.765972593751887976e-01 1.546559700210138888e-01
5.781812119759259804e+04 1.071446631655169313e+02 5.970125680480484753e-01 7.920788983193214339e-01 1.272281903900412403e-01
5.799337591884259746e+04 2.278399124200502968e+02 8.725159537895796902e-01 4.715772449951387557e-01 1.277920669895242500e-01
5.771118526806709997e+04 1.060616913920646027e+02 6.525326572629386312e-01 7.420413504364736790e-01 1.535440179485442758e-01
5.785904001693290047e+04 4.673736763863941235e+01 5.216455714880551264e-01 8.235904443100190431e-01 2.226761724750217220e-01
5.808933477025460161e+04 1.394552847110791447e+02 6.365023591717113849e-01 7.632295720317215926e-01 1.111097076997352856e-01
5.773229096026619663e+04 1.645229566059496165e+02 8.087454437029306664e-01 5.681653355916492787e-01 1.520491983595383401e-01
5.769031072403940198e+04 2.307431221444929861e+02 8.762200840311961114e-01 4.648051241391323307e-01 1.272578520735339058e-01
5.819507230849540065e+04 1.593070530781314460e+02 8.025836535864045995e-01 5.761464819295488704e-01 1.546438177105770584e-01
5.822404826999999932e+04 1.363311806881880557e+02 7.674350491162963417e-01 6.194709348506386437e-01 1.652247144441286175e-01
5.779619282559029671e+04 1.072450260397442605e+02 5.651124909319394929e-01 8.171152295778701946e-01 1.138884286686014657e-01
5.806827565997689817e+04 1.879115753597961032e+02 8.274015244614426612e-01 5.440514261986870714e-01 1.393368686674675283e-01
5.785903812146990094e+04 nan nan nan nan
5.781811904589120240e+04 1.034675330167076623e+02 5.894535347240680290e-01 7.975268562312967102e-01 1.284345903217924134e-01
5.801736399829859874e+04 2.226896351028017023e+02 8.695472244217634650e-01 4.764705328984557009e-01 1.298593692417638890e-01
5.779619095310189732e+04 1.081553230852253620e+02 5.682984791085859966e-01 8.148580496987775090e-01 1.142068189031313630e-01
5.799337969240739767e+04 2.253588642621020881e+02 8.705542904736354171e-01 4.749657508868118105e-01 1.286186721377284015e-01
5.801736587087959924e+04 2.257827050237885373e+02 8.716889674469594507e-01 4.728546706578986014e-01 1.287120991525821101e-01
5.785903624081020098e+04 nan nan nan nan
5.799337779287040030e+04 2.270107734848725727e+02 8.720893593541274580e-01 4.722731977713065521e-01 1.281334303301525090e-01
5.811016409763890260e+04 1.854140390749857659e+02 8.363457341422496638e-01 5.288744146225559106e-01 1.442832857253755485e-01
5.821599788078699930e+04 1.700784392448733229e+02 8.137305225533949526e-01 5.618460624277271664e-01 1.489014398836936981e-01
5.822404446969910350e+04 1.420958003550695707e+02 7.770878571698244253e-01 6.080435437909027518e-01 1.625346458248552728e-01
5.775315010799770243e+04 1.793480859594920958e+02 8.302680559709996189e-01 5.376290612442035100e-01 1.470032235694624656e-01
5.775314820968749700e+04 1.801064683089836080e+02 8.312117943946174536e-01 5.362471595237074951e-01 1.467171999529547910e-01
5.769031259791670163e+04 2.301063553752042594e+02 8.755292946485913053e-01 4.660637634824197351e-01 1.274088795207904135e-01
5.777425391638890142e+04 1.414843481623019557e+02 7.650526877161447636e-01 6.242281898068983148e-01 1.582199483905429305e-01
5.817406429171300260e+04 1.264534727601066351e+02 6.274083924328293094e-01 7.695349348556889124e-01 1.190575203063777565e-01
5.811016222625000228e+04 1.864035866755229449e+02 8.375100502410818271e-01 5.271287811331675233e-01 1.439172117790012417e-01
5.804737124311339721e+04 2.046278830294510556e+02 8.435516675454487467e-01 5.203192130555279737e-01 1.329981229437801893e-01
5.781815728885419958e+04 9.064336831291340957e+01 5.725108595418558766e-01 8.081489722999123382e-01 1.382987862464488960e-01
5.815306079493059951e+04 1.760288714621407564e+02 8.248984825468378412e-01 5.456048114068540178e-01 1.478441181163977491e-01
5.797235274172449863e+04 1.297697449852950058e+02 5.805842883313996339e-01 8.081166650026827547e-01 9.934455137381217882e-02
5.769031447164349811e+04 2.326285729085343803e+02 8.773018416571524147e-01 4.629573835626223377e-01 1.265382931361875296e-01
5.775315198055560177e+04 1.789842802249123395e+02 8.295776686606382011e-01 5.386790181181759785e-01 1.470571558912321386e-01
5.777425201861109963e+04 1.417085806084619435e+02 7.660526517385494172e-01 6.229592449299530266e-01 1.583828081599751303e-01
5.804737313887730124e+04 2.005915145444787413e+02 8.331382774860730533e-01 5.369965816917956491e-01 1.323453128707843540e-01
5.808933664172449789e+04 1.408576412576419727e+02 6.412258938605936986e-01 7.591873008401690548e-01 1.116422647822115227e-01
5.815306266768519708e+04 1.750601683535717825e+02 8.228931614323986565e-01 5.485986792742618690e-01 1.479403054151499919e-01
5.822404636932870199e+04 1.389502293995117839e+02 7.717655421921061354e-01 6.144102467805072632e-01 1.639451022020497195e-01
5.781815918607640197e+04 9.121879011016434902e+01 5.746394158191537871e-01 8.066108695830995767e-01 1.384501601928196934e-01
5.771118339418980031e+04 9.377307603947366488e+01 6.284712878400542380e-01 7.609681514287145454e-01 1.610941118471709566e-01
5.833534175256940216e+04 1.235020968649068891e+02 6.857003593619814819e-01 7.131715818144455099e-01 1.456067033591898208e-01
5.821599978011570056e+04 1.689138444562152301e+02 8.116608792898577507e-01 5.647619059114833417e-01 1.491663724223522003e-01
5.781812314596059878e+04 1.066211153255364934e+02 5.953879467805532899e-01 7.933120618116437095e-01 1.271580332208539499e-01
5.797234897155089857e+04 1.242267606352692724e+02 5.659357323603997347e-01 8.185312967885866042e-01 9.860660736123577630e-02
5.771118714638889651e+04 1.254209853513515185e+02 6.970875411379369169e-01 7.015065692390098917e-01 1.481806104211311481e-01
5.821600167568289908e+04 1.706931054520488260e+02 8.146118615004733776e-01 5.606244281970875765e-01 1.486868037568303547e-01
5.797235084578699752e+04 1.274657362552507323e+02 5.743283169889407125e-01 8.126201174856204634e-01 9.897236463936438799e-02
5.808933284642359649e+04 1.374117723088601508e+02 6.324607434275288931e-01 7.665494209990542096e-01 1.113346001434973864e-01
5.813226167937499849e+04 1.460161301263286475e+02 7.875680184701309150e-01 5.944253050632594126e-01 1.624659132971669195e-01
5.777425581326390238e+04 1.422101766223395884e+02 7.615930093008002055e-01 6.290012732866540057e-01 1.559919433429794999e-01
5.804736936814810178e+04 2.059159789011171995e+02 8.482983429213061255e-01 5.123724506366387210e-01 1.336577465976859780e-01
5.779618900283570110e+04 1.137480597390375863e+02 5.809052659271609631e-01 8.060243546881262766e-01 1.134628206404362932e-01
5.806827755928239640e+04 1.887788365949749334e+02 8.282469791463885622e-01 5.428548676250790628e-01 1.389803375684476872e-01
5.806827943190970109e+04 1.879348896928853776e+02 8.269794202572244846e-01 5.447335774021361265e-01 1.391774698781939879e-01
5.815306454024309642e+04 1.727243048545164186e+02 8.224378530801260689e-01 5.487835561020986130e-01 1.497751193385865043e-01
5.773228721622689773e+04 1.605240392049362299e+02 8.002334579711271045e-01 5.799548383458403844e-01 1.525739106886315755e-01
5.817406241802080331e+04 1.256972230575997003e+02 6.267266994665041668e-01 7.700195595005624449e-01 1.195136902717923028e-01
5.813226355444439832e+04 1.454844934419091373e+02 7.864450640469963227e-01 5.958750264942195285e-01 1.625949385332430552e-01
5.781815539165509836e+04 9.365569661294441062e+01 5.762880820421036887e-01 8.059147351853065411e-01 1.356225870105365605e-01
5.817406618748840265e+04 1.249264789835798979e+02 6.248582438812427808e-01 7.715332362053738402e-01 1.195351014727974726e-01
5.811016035240740166e+04 1.864242658831369113e+02 8.383542094408761303e-01 5.257100305626369874e-01 1.441914812969005699e-01
5.773228908994210360e+04 1.597391774785144776e+02 8.009558690617506471e-01 5.786852139701409437e-01 1.536005174075532886e-01
