5.822404501400000299e+04 1.080578951559129804e-16 1.002328408568232050e-16 nan 3.295924723517648843e-17 3.098304256101288206e-17 nan
5.781815592199999810e+04 1.070968646316060147e-16 1.015073425124465926e-16 nan 3.606706925253661429e-17 3.469301768597028079e-17 nan
5.808933337999999640e+04 1.109317381320048311e-16 1.042089058809557160e-16 1.310446757641859542e-16 3.096956071261427543e-17 2.942289412844982125e-17 3.251906516554355635e-17
5.811016089800000191e+04 1.099869337227559721e-16 nan 1.067764264298634262e-16 3.292153992029731573e-17 nan 2.846524225109761819e-17
5.773228775399999722e+04 1.192765858253271948e-16 nan 1.259603576521404926e-16 3.588681303924069067e-17 nan 3.361382235422810779e-17
5.817406294599999819e+04 1.083794661708452239e-16 1.018929182064656482e-16 1.108304726502616775e-16 3.279831680529641589e-17 3.124239940754992588e-17 2.990884083017452574e-17
5.815306130999999732e+04 1.076875619616003990e-16 nan 1.088822364042685026e-16 3.242062791479446810e-17 nan 2.923367073421918613e-17
5.769031127399999968e+04 1.257171746759045982e-16 nan 1.303832733903952791e-16 2.816496610903587862e-17 nan 2.555215240956798216e-17
5.819507095000000118e+04 1.068755018074100102e-16 1.017697834168957317e-16 1.121345742024967039e-16 3.202670821218382957e-17 3.091989466995747685e-17 2.997929335766726411e-17
5.821599840799999947e+04 1.072512036358865345e-16 1.024101272150371974e-16 nan 3.255707740290676106e-17 3.152226743547110119e-17 nan
5.797234950799999933e+04 1.026172502133958789e-16 nan 1.075301668048554507e-16 2.692512774940985968e-17 nan 2.512010303384266225e-17
5.801736454599999706e+04 1.092442868125758770e-16 nan 1.105861957839839409e-16 2.735114654333624527e-17 nan 2.452384083373619243e-17
5.779618955399999686e+04 1.119535182217371573e-16 1.060623173918809367e-16 nan 3.435088026676232081e-17 3.293286967740702460e-17 nan
5.833534038600000349e+04 1.142858343229060564e-16 1.086304194681486962e-16 1.242641355271713047e-16 3.833866219411265569e-17 3.687925881710294182e-17 3.723617271789066765e-17
5.781811958400000003e+04 1.069102411863299903e-16 1.010917371732534577e-16 nan 3.418525590290436754e-17 3.278913895082934924e-17 nan
5.806827619799999957e+04 1.130785081119748739e-16 1.053873466286780661e-16 1.337122314276770152e-16 3.172654204453489218e-17 2.987466040122806519e-17 3.331619995846832065e-17
5.771118394999999873e+04 1.365857981884302682e-16 1.257916182884912731e-16 1.412657346769039757e-16 6.396180039003038797e-17 5.931011993296753011e-17 5.959908167620423148e-17
5.777425257399999828e+04 1.172889853920452470e-16 1.113556411145844771e-16 1.425199768686460960e-16 3.979280217570785087e-17 3.818528808662854402e-17 4.316874878841021467e-17
5.775314875400000165e+04 1.163145325183740576e-16 1.078847187754423574e-16 1.227066532214892871e-16 3.074854343126015724e-17 2.875528210926145638e-17 2.868288675911006159e-17
5.799337645599999814e+04 1.078127004879489294e-16 1.024258419547601278e-16 1.365067684646916543e-16 2.542150416832723650e-17 2.442054894741557624e-17 2.852374566558151609e-17
5.813226065999999992e+04 1.080578534408996001e-16 1.015874331930749330e-16 1.132484352640704751e-16 3.295498054735475179e-17 3.139828879157106769e-17 3.081780628004824330e-17
5.804736989799999719e+04 1.067805512932877620e-16 9.845056724770110527e-17 1.121998241896750631e-16 2.817624493445044812e-17 2.629884505724423260e-17 2.630430611121170883e-17
