5.769031311999999889e+04 1.185041758997849943e-16 nan 1.713338719095904250e-16 1.088209387127889126e-17 nan 9.320789568259562755e-18
5.771118577599999844e+04 1.142827274889078093e-16 2.645389275346414473e-16 1.708174855084709630e-16 2.037388712773340631e-17 1.946041426037642950e-17 1.850924091839605881e-17
5.781812169200000062e+04 9.926115090309680172e-17 nan 1.460736137447875920e-16 1.245378899296331750e-17 nan 1.119049772527528561e-17
5.804737176400000317e+04 9.354293610812063113e-17 2.152995889073970708e-16 1.376479257511330479e-16 1.008757199448789447e-17 9.615929689032603291e-18 9.079124257198491925e-18
5.808933528400000068e+04 9.557364329188994899e-17 2.226278934139292950e-16 1.651750835802031398e-16 1.087309200863513532e-17 1.048870013329033765e-17 1.151528455792824850e-17
5.817406480600000214e+04 9.463539684653768753e-17 2.200896503581186741e-16 1.349223993987462596e-16 1.147872700504768937e-17 1.107936128401401110e-17 1.002476722314971875e-17
5.779619145199999912e+04 1.024056867930614212e-16 2.345539409433420727e-16 nan 1.227953758244323326e-17 1.158242921502280809e-17 nan
5.801736638400000083e+04 9.297821787944134072e-17 nan 1.311191124943651771e-16 9.547710758828147976e-18 nan 8.222387537538549567e-18
5.815306317799999670e+04 1.352230772574768625e-16 nan 1.291645588768971070e-16 1.730336379666528284e-17 nan 9.616807325738379372e-18
5.819507280400000309e+04 9.373584275823430000e-17 2.192686341822885883e-16 1.359965070283353107e-16 1.145553382195504200e-17 1.113812370752462854e-17 1.020077049109623349e-17
5.821600028000000020e+04 9.280977265209554037e-17 2.163538451039659047e-16 nan 1.160398680415133908e-17 1.125799188377840066e-17 nan
5.777425442199999816e+04 1.057399543611108113e-16 2.493695327923279714e-16 1.767217181265144171e-16 1.389262049089273600e-17 1.350477520333560888e-17 1.413169359600488925e-17
5.822404686799999763e+04 9.337704820380347189e-17 2.121123679935827023e-16 nan 1.195244915153282632e-17 1.129806205362211751e-17 nan
5.773228961400000117e+04 1.112222361882396384e-16 nan 1.650459198699857238e-16 1.273323487865742714e-17 nan 1.136060443705169272e-17
5.799337831600000209e+04 9.030140627796655016e-17 2.129430112185699969e-16 1.545039874372161559e-16 9.074621855964629346e-18 8.879634791507589488e-18 9.532300996147345870e-18
5.833534226800000033e+04 9.965829772247108853e-17 2.292381657280815279e-16 1.486595137711139090e-16 1.410686696576665914e-17 1.347014872895021063e-17 1.290447080660348108e-17
5.775315059599999950e+04 1.086035478486416938e-16 2.553563789831936272e-16 1.596739698054926268e-16 1.148706589833225437e-17 1.104174407552952786e-17 1.015772912999672520e-17
5.806827807000000030e+04 9.618177507036659523e-17 2.245718404030423314e-16 1.623163000449152189e-16 1.071577551376957176e-17 1.035362204120170913e-17 1.106758385511939895e-17
5.797235136600000260e+04 8.816382748472781354e-17 nan 1.268461165741923873e-16 9.493707710541537535e-18 nan 8.402409876597536992e-18
5.813226219600000331e+04 9.300026566584095267e-17 2.178135834161893703e-16 1.384069236058494022e-16 1.118612324241303390e-17 1.089018888802094645e-17 1.022099787471447226e-17
5.781815779199999815e+04 9.630741020387367232e-17 2.245374178272384043e-16 nan 1.250372728412600734e-17 1.210689687012714962e-17 nan
5.811016273399999773e+04 1.454276498380516461e-16 nan 1.287783387867183172e-16 1.847905549749748815e-17 nan 9.391575756692419417e-18
