5.781815779199999815e+04 1.007228587063687229e-16 2.344607710846042936e-16 nan
5.781815779199999815e+04 1.007228587063687229e-16 2.344607710846042936e-16 nan
5.806827807000000030e+04 1.010202230505981986e-16 2.367418749791136600e-16 1.755118701213158122e-16
5.804737176400000317e+04 9.823007804563437469e-17 2.279153601266909243e-16 1.459192852904344690e-16
5.771118577599999844e+04 1.192012555686080711e-16 2.748640407271395462e-16 1.774194357366595729e-16
5.769031311999999889e+04 1.233653858334101619e-16 nan 1.786403046074027113e-16
5.801736638400000083e+04 9.898217026919518410e-17 nan 1.414193723435121121e-16
5.799337831600000209e+04 9.529986354090910416e-17 2.243667139331237402e-16 1.638997686531974516e-16
5.797235136600000260e+04 9.375572142195116723e-17 nan 1.355385120234164398e-16
5.781812169200000062e+04 1.044643950196895594e-16 nan 1.527675571032084487e-16
5.779619145199999912e+04 1.077215206773153698e-16 2.448038809429261752e-16 nan
5.777425442199999816e+04 1.104962319745263984e-16 2.590171724564251800e-16 1.832218374682822072e-16
5.775315059599999950e+04 1.134119199366009276e-16 2.667638285612702259e-16 1.668620390734069303e-16
5.773228961400000117e+04 1.161371992475762458e-16 nan 1.713973764607615838e-16
5.781815779199999815e+04 1.007228587063687229e-16 2.344607710846042936e-16 nan
