5.771118768799999816e+04 3.978143606085363899e+02 6.172960217560645724e-01 7.098280403544865447e-02 7.835222160573376282e-01
5.815306508800000302e+04 4.327616146997500550e+02 6.373764785710929193e-01 6.423140330951319921e-02 7.678707908191351184e-01
5.801736830400000326e+04 4.964292586539650642e+02 6.701494821844252714e-01 5.746255879566503078e-02 7.399984634204327394e-01
5.813226409799999965e+04 4.384766006623914336e+02 6.405228423616325939e-01 6.284501914869183858e-02 7.653633071823966461e-01
5.781812369000000035e+04 4.334045568724403665e+02 6.370218652028031281e-01 8.736635940392106781e-02 7.658787518256703342e-01
5.779619338399999833e+04 4.605486119185097209e+02 6.515964584535339776e-01 8.222490740288015965e-02 7.540962272372140340e-01
5.822404881400000158e+04 3.954500986653472978e+02 6.156127480197489676e-01 8.062272568248821103e-02 7.839138476765795671e-01
5.808933719199999905e+04 4.638546430825437596e+02 6.541005957508375657e-01 5.386242072199382697e-02 7.544874089554882701e-01
5.775315251600000192e+04 5.258078719052832639e+02 6.839067332736846749e-01 5.314116375373875018e-02 7.276314980110576425e-01
5.773229151599999750e+04 5.188309340976597923e+02 6.807825974646898315e-01 5.119167645897598762e-02 7.306945102096700229e-01
5.817406672599999729e+04 4.391117043522048107e+02 6.407753065295943573e-01 6.631619828230472802e-02 7.648589205777013289e-01
5.804737367800000357e+04 4.792133586469311695e+02 6.615013906638699259e-01 6.721501634965426630e-02 7.469257337425737608e-01
5.811016464000000269e+04 4.499013299276815587e+02 6.454154516963634958e-01 9.916877621096510664e-02 7.573667860002829544e-01
5.833534418200000073e+04 3.707440780798461333e+02 6.000900335308680944e-01 9.291948245899443737e-02 7.945174141807554991e-01
5.799338022400000045e+04 5.217294918586445647e+02 6.823525692048353353e-01 3.884751923854885131e-02 7.299903023661143964e-01
5.819507473400000163e+04 4.439902249172159827e+02 6.433166589077625730e-01 6.919453189243139624e-02 7.624669128086415393e-01
5.797235326799999893e+04 4.777289221119414151e+02 6.612514960919281259e-01 4.715638300026910035e-02 7.486806625381203784e-01
5.821600220599999739e+04 4.197209260873667063e+02 6.297698365888146910e-01 7.712244509554395944e-02 7.729437763417092988e-01
5.769031502000000182e+04 6.295294689851585872e+02 7.264889096266358148e-01 4.376656727139794506e-02 6.857830209175348468e-01
5.777425635199999670e+04 3.467279960368940124e+02 5.842802538097229270e-01 9.993576350477002823e-02 8.053753337300344484e-01
5.781815971400000126e+04 4.178965646035890131e+02 6.282993943960308858e-01 9.043795283678573993e-02 7.726971254561983971e-01
5.806827997599999799e+04 4.699714033973314713e+02 6.563692778263339189e-01 8.316285541373701073e-02 7.498421904675481864e-01
