5.815306079493059951e+04 6.999296747655528783e+00 3.712697321147777688e-03 9.959505632327583236e-01 3.367394460940251796e-04
5.806827755928239640e+04 8.180454198222630424e+00 4.294387755523343744e-03 9.953757964922927970e-01 3.298157521839338037e-04
5.771118526806709997e+04 3.640905651779278163e+00 1.722557436062008762e-03 9.980095551619677652e-01 2.678874019701468572e-04
5.813226167937499849e+04 6.537345039470768171e+00 3.363143751059858265e-03 9.963201097935376893e-01 3.167464554025235996e-04
5.781815728885419958e+04 4.531570924102116926e+00 1.891324834185986563e-03 9.979001980432771202e-01 2.084771225368709392e-04
5.819507041040509648e+04 6.509948417169455048e+00 3.365220115537639715e-03 9.963149672810315272e-01 3.198126034309406256e-04
5.777425391638890142e+04 5.842497703963959843e+00 2.982107190635427917e-03 9.967060949594152008e-01 3.117978499494556484e-04
5.775314820968749700e+04 7.133622336210761361e+00 3.856655372162568190e-03 9.957935403189268619e-01 3.498043089105622237e-04
5.775315010799770243e+04 6.813015205453214485e+00 3.626837746546341182e-03 9.960340048867316609e-01 3.391573667219827831e-04
5.804736936814810178e+04 8.029220555432779349e+00 4.097820208016105491e-03 9.955904468192118273e-01 3.117329727720847838e-04
5.819507230849540065e+04 6.736267857488566158e+00 3.466361360825009463e-03 9.962167310123155595e-01 3.169076268595659982e-04
5.808933664172449789e+04 6.304714394033831937e+00 2.836398014159888931e-03 9.969213723774763558e-01 2.422296083637572668e-04
5.785903812146990094e+04 nan nan nan nan
5.811016035240740166e+04 6.952806100435111603e+00 3.627752917551704467e-03 9.960464262257957557e-01 3.258208566524896073e-04
5.819507418067129765e+04 6.734874871091526494e+00 3.456823714548324083e-03 9.962278798072293773e-01 3.152964782222839415e-04
5.769031259791670163e+04 8.801116881243512324e+00 4.628679676583146406e-03 9.950402941043333671e-01 3.310262190835018266e-04
5.771118339418980031e+04 3.152614399186872696e+00 1.532005492043295560e-03 9.981853746643170044e-01 2.826198436396642707e-04
5.817406429171300260e+04 5.389029960266915609e+00 2.292275761002295336e-03 9.974911851800163376e-01 2.165390589813183050e-04
5.769031447164349811e+04 8.816535189980671205e+00 4.595245732260447996e-03 9.950796330542550638e-01 3.251212134846020595e-04
5.781815918607640197e+04 4.474241004238922237e+00 1.876872299988273070e-03 9.979125296142135060e-01 2.105980857982765156e-04
5.821599978011570056e+04 7.140661697505757743e+00 3.522131297211932542e-03 9.961866911552146320e-01 2.911775475735146825e-04
5.811016222625000228e+04 7.083139190838537935e+00 3.729019389289181270e-03 9.959392684084498182e-01 3.317122022610751418e-04
5.833533987771990360e+04 5.116810715939117848e+00 2.252104596527740397e-03 9.975160480580125277e-01 2.318473454596815906e-04
5.806827943190970109e+04 8.221818192833959316e+00 4.370722557895137701e-03 9.952910612015763991e-01 3.382162405284677101e-04
5.804737313887730124e+04 8.076838014586797954e+00 4.136325451127388642e-03 9.955497896836120741e-01 3.138848652606091526e-04
5.806827565997689817e+04 8.034271895461303714e+00 4.280489503950240214e-03 9.953797932929051573e-01 3.397172031446467886e-04
5.801736399829859874e+04 8.968296627545443656e+00 4.795907628915506773e-03 9.948618408331596497e-01 3.422515379248676406e-04
5.821600167568289908e+04 7.179392047886453909e+00 3.552631246541204223e-03 9.961543140877373581e-01 2.930546657215428908e-04
5.801736777380789863e+04 9.274371392669166880e+00 4.945582398951719333e-03 9.947140959067503063e-01 3.403216942980281782e-04
5.799337591884259746e+04 1.011150427757000259e+01 5.287242037674623994e-03 9.943855298847746882e-01 3.272280775508107083e-04
5.815306454024309642e+04 6.835113226448301660e+00 3.657003856578476802e-03 9.960003994814063955e-01 3.425966620152278721e-04
5.773228908994210360e+04 5.818696265012785140e+00 3.052926191263887618e-03 9.966176120964964635e-01 3.294617122396834865e-04
5.822404826999999932e+04 6.123202761572453134e+00 2.982014360593205314e-03 9.967341376014021703e-01 2.838480380045620187e-04
5.817406241802080331e+04 5.334933983483644226e+00 2.255676782442536405e-03 9.975303697367107203e-01 2.139534808465825113e-04
5.799337969240739767e+04 1.004407376068058433e+01 5.257274507667929545e-03 9.944148377067529854e-01 3.278877855792123176e-04
5.771118714638889651e+04 4.440911511052470395e+00 2.139803880719261427e-03 9.975823352311561365e-01 2.778608881245483498e-04
5.808933284642359649e+04 6.048187900830287234e+00 2.656854102207368163e-03 9.971122008895801914e-01 2.309450082124442122e-04
5.799337779287040030e+04 1.022643896021102350e+01 5.365597385794972085e-03 9.943049362983632511e-01 3.294663158418316309e-04
5.785903624081020098e+04 nan nan nan nan
5.785904001693290047e+04 1.949067276304261576e+00 1.017135357652850436e-03 9.986569322232141666e-01 3.259324191329028867e-04
5.822404446969910350e+04 6.227615302909899953e+00 3.050372012587258905e-03 9.966624932225455202e-01 2.871347648672843418e-04
5.779619282559029671e+04 5.554669329125807131e+00 2.565169934622827438e-03 9.971795954473171575e-01 2.552346180598896882e-04
5.815306266768519708e+04 6.866019841539024782e+00 3.744537432834052059e-03 9.958994953842392750e-01 3.559671829267280208e-04
5.833534175256940216e+04 5.273239204668650260e+00 2.358172532870733175e-03 9.974024849105809221e-01 2.393425565482747782e-04
5.781815539165509836e+04 4.512923907631957832e+00 1.875708664754356181e-03 9.979175446932694316e-01 2.067466419762098787e-04
5.801736587087959924e+04 9.289345719953040259e+00 4.968006843294544943e-03 9.946896845369568307e-01 3.423086197487105651e-04
5.779618900283570110e+04 5.695847472615617413e+00 2.625893546072106174e-03 9.971197391735263649e-01 2.543672804014097998e-04
5.769031072403940198e+04 8.809678476850798745e+00 4.651576340653879385e-03 9.950147638433591846e-01 3.336598159870838762e-04
5.797235084578699752e+04 8.338511966061993519e+00 3.982794031097810529e-03 9.957441684684080752e-01 2.730375004940455760e-04
5.811016409763890260e+04 6.828811394484519681e+00 3.509582506332511748e-03 9.961743030103885621e-01 3.161144832789100981e-04
5.779619095310189732e+04 5.693264058014532836e+00 2.586168828049422667e-03 9.971668778866740190e-01 2.469532852765192639e-04
5.773228721622689773e+04 5.901575998277653667e+00 3.117805440708457543e-03 9.965481643621794117e-01 3.340301971121616338e-04
5.813226355444439832e+04 6.710829771686729117e+00 3.480241990853116373e-03 9.961978808517227835e-01 3.218771574242080364e-04
5.797235274172449863e+04 8.142015865062280255e+00 3.912183705215771697e-03 9.958115052098225339e-01 2.763110849616183659e-04
5.804737124311339721e+04 8.082458232439279300e+00 4.144867089222737701e-03 9.955403885216567161e-01 3.147443891205999934e-04
5.817406618748840265e+04 5.307664963568949013e+00 2.261752810440460955e-03 9.975209235386831574e-01 2.173236508763861058e-04
5.777425201861109963e+04 5.657412058765856067e+00 2.867656099884897340e-03 9.968248459470275824e-01 3.074979530874752615e-04
5.777425581326390238e+04 5.729915109801313911e+00 2.900782552638593928e-03 9.967924864331795254e-01 3.067310141819546299e-04
5.833534362420139951e+04 5.111788881419427888e+00 2.275723928906083025e-03 9.974870747785921088e-01 2.372012925016028350e-04
5.821599788078699930e+04 7.355450783344210208e+00 3.696044076146995719e-03 9.960017663943220301e-01 3.021895295309623354e-04
5.781812119759259804e+04 4.147498697259694111e+00 1.736263105565880732e-03 9.980539964063971370e-01 2.097404880368362932e-04
5.781811904589120240e+04 4.796408193694727373e+00 2.020214105303535634e-03 9.977674681742533247e-01 2.123177204431200176e-04
5.797234897155089857e+04 8.258297960786906700e+00 3.903530845231684230e-03 9.958290713414355011e-01 2.673978133325916528e-04
5.808933477025460161e+04 6.316832503831638412e+00 2.850872027854284806e-03 9.969053578696634998e-01 2.437701024822272727e-04
5.773229096026619663e+04 6.173067444727800002e+00 3.257907074402029233e-03 9.964087440008508878e-01 3.333489247471002051e-04
5.822404636932870199e+04 6.246063554645293614e+00 3.052035085542686467e-03 9.966622124642965375e-01 2.857524501607272820e-04
5.775315198055560177e+04 6.685643994573630344e+00 3.593168920250974698e-03 9.960611365622008551e-01 3.456945175481956119e-04
5.781812314596059878e+04 4.470401627323266958e+00 1.843972148213051136e-03 9.979523989841760923e-01 2.036288676107854032e-04
