5.822404826999999932e+04 4.241022701723998209e-17 nan nan 4.241022701723998209e-17 nan nan
5.801736399829859874e+04 3.403816408154387105e-17 1.314847224163064249e-16 1.274573075740563658e-17 3.403816408154387105e-17 1.274573075740563658e-17 1.274573075740563658e-17
5.785904001693290047e+04 8.837270559782888196e-17 nan nan 8.837270559782888196e-17 nan nan
5.769031072403940198e+04 3.461032157291909056e-17 1.423800837778945337e-16 1.391016083866411585e-17 3.461032157291909056e-17 1.391016083866411585e-17 1.391016083866411585e-17
5.815306079493059951e+04 3.617955201317067993e-17 1.211363230621741843e-16 1.418813876933452625e-17 3.617955201317067993e-17 1.418813876933452625e-17 1.418813876933452625e-17
5.773229096026619663e+04 3.757169929053353389e-17 1.061149222235351305e-16 1.413611942330111141e-17 3.757169929053353389e-17 1.413611942330111141e-17 1.413611942330111141e-17
5.806827755928239640e+04 3.453840671871465517e-17 nan nan 3.453840671871465517e-17 nan nan
5.821599978011570056e+04 3.969306367851928640e-17 nan nan 3.969306367851928640e-17 nan nan
5.799337591884259746e+04 3.308295403998733736e-17 nan nan 3.308295403998733736e-17 nan nan
5.804737313887730124e+04 3.493289600212114106e-17 1.246294266779596005e-16 1.308867162321079770e-17 3.493289600212114106e-17 1.308867162321079770e-17 1.308867162321079770e-17
5.822404636932870199e+04 4.200058606719249606e-17 nan nan 4.200058606719249606e-17 nan nan
5.773228908994210360e+04 3.816746070092194631e-17 1.068208214733235550e-16 1.450275905116234704e-17 3.816746070092194631e-17 1.450275905116234704e-17 1.450275905116234704e-17
5.817406618748840265e+04 4.669458541658357809e-17 nan nan 4.669458541658357809e-17 nan nan
5.799337969240739767e+04 3.304453634467344028e-17 nan nan 3.304453634467344028e-17 nan nan
5.797235084578699752e+04 3.817652880595406543e-17 1.273764976248383728e-16 1.449008656036168057e-17 3.817652880595406543e-17 1.449008656036168057e-17 1.449008656036168057e-17
5.808933284642359649e+04 4.167655680490980471e-17 nan nan 4.167655680490980471e-17 nan nan
5.806827943190970109e+04 3.481823020026383717e-17 nan nan 3.481823020026383717e-17 nan nan
5.815306454024309642e+04 3.594474067117887110e-17 1.208527487758253877e-16 1.431146199845977657e-17 3.594474067117887110e-17 1.431146199845977657e-17 1.431146199845977657e-17
5.804736936814810178e+04 3.444494971305950112e-17 1.252654855822418521e-16 1.292739112811819013e-17 3.444494971305950112e-17 1.292739112811819013e-17 1.292739112811819013e-17
5.822404446969910350e+04 4.195184952468046114e-17 nan nan 4.195184952468046114e-17 nan nan
5.777425581326390238e+04 4.323017834635511016e-17 nan nan 4.323017834635511016e-17 nan nan
5.819507418067129765e+04 3.755155844120850708e-17 nan nan 3.755155844120850708e-17 nan nan
5.797234897155089857e+04 3.822960690889730134e-17 1.304232812298689926e-16 1.468020432529747265e-17 3.822960690889730134e-17 1.468020432529747265e-17 1.468020432529747265e-17
5.819507230849540065e+04 3.786326490434900474e-17 nan nan 3.786326490434900474e-17 nan nan
5.813226355444439832e+04 3.859707631929937570e-17 1.149979645620808947e-16 1.432645261525499498e-17 3.859707631929937570e-17 1.432645261525499498e-17 1.432645261525499498e-17
5.777425391638890142e+04 4.283928598071583647e-17 nan nan 4.283928598071583647e-17 nan nan
5.804737124311339721e+04 3.435242792537737380e-17 1.237632697271445661e-16 1.287036605898093753e-17 3.435242792537737380e-17 1.287036605898093753e-17 1.287036605898093753e-17
5.777425201861109963e+04 4.306310042704896364e-17 nan nan 4.306310042704896364e-17 nan nan
5.799337779287040030e+04 3.282781980828402762e-17 nan nan 3.282781980828402762e-17 nan nan
5.811016222625000228e+04 3.529119812402939543e-17 1.257634056608963509e-16 1.423755719742858528e-17 3.529119812402939543e-17 1.423755719742858528e-17 1.423755719742858528e-17
5.779618900283570110e+04 4.707827252308432153e-17 nan nan 4.707827252308432153e-17 nan nan
5.785903812146990094e+04 nan nan nan nan nan nan
5.833534175256940216e+04 5.145448848241754477e-17 1.322016366233319582e-16 1.967380226608173854e-17 5.145448848241754477e-17 1.967380226608173854e-17 1.967380226608173854e-17
5.806827565997689817e+04 3.509101669380742228e-17 nan nan 3.509101669380742228e-17 nan nan
5.808933664172449789e+04 4.182462599731050325e-17 nan nan 4.182462599731050325e-17 nan nan
5.781812314596059878e+04 5.093308088584792336e-17 9.977087784327895568e-17 1.900535448887383845e-17 5.093308088584792336e-17 1.900535448887383845e-17 1.900535448887383845e-17
5.813226167937499849e+04 3.791975643138616760e-17 1.170678813315355381e-16 1.456038977622263470e-17 3.791975643138616760e-17 1.456038977622263470e-17 1.456038977622263470e-17
5.815306266768519708e+04 3.638194310936312564e-17 1.186576038651081693e-16 1.405300132399688820e-17 3.638194310936312564e-17 1.405300132399688820e-17 1.405300132399688820e-17
5.797235274172449863e+04 3.763896398918471740e-17 1.268459912957840446e-16 1.430003352054966403e-17 3.763896398918471740e-17 1.430003352054966403e-17 1.430003352054966403e-17
5.833533987771990360e+04 5.220869432203855010e-17 1.317408888430324961e-16 1.943602766502678176e-17 5.220869432203855010e-17 1.943602766502678176e-17 1.943602766502678176e-17
5.779619095310189732e+04 4.766131905526770206e-17 nan nan 4.766131905526770206e-17 nan nan
5.781812119759259804e+04 5.156718895401040004e-17 9.627508454215301279e-17 1.879548891585345432e-17 5.156718895401040004e-17 1.879548891585345432e-17 1.879548891585345432e-17
5.775315198055560177e+04 3.458861564427477592e-17 1.080803195222729130e-16 1.314493990853455378e-17 3.458861564427477592e-17 1.314493990853455378e-17 1.314493990853455378e-17
5.769031447164349811e+04 3.450657523056259473e-17 1.416182907399968728e-16 1.373845897060026620e-17 3.450657523056259473e-17 1.373845897060026620e-17 1.373845897060026620e-17
5.821600167568289908e+04 3.956693331896174086e-17 nan nan 3.956693331896174086e-17 nan nan
5.775314820968749700e+04 3.412177808746011308e-17 1.089399878793653451e-16 1.293447822405736950e-17 3.412177808746011308e-17 1.293447822405736950e-17 1.293447822405736950e-17
5.801736587087959924e+04 3.367657939846282397e-17 1.341140268660744468e-16 1.284190366525590728e-17 3.367657939846282397e-17 1.284190366525590728e-17 1.284190366525590728e-17
5.771118526806709997e+04 6.504675864937667097e-17 1.248510291974928703e-16 2.481536745942960873e-17 6.504675864937667097e-17 2.481536745942960873e-17 2.481536745942960873e-17
5.781815918607640197e+04 5.167258238010532704e-17 nan nan 5.167258238010532704e-17 nan nan
5.811016035240740166e+04 3.533870236702989943e-17 1.270583101850879161e-16 1.434279926952762736e-17 3.533870236702989943e-17 1.434279926952762736e-17 1.434279926952762736e-17
5.779619282559029671e+04 4.855756153700066479e-17 nan nan 4.855756153700066479e-17 nan nan
5.808933477025460161e+04 4.220266552734000720e-17 nan nan 4.220266552734000720e-17 nan nan
5.781815539165509836e+04 5.174374647747891436e-17 nan nan 5.174374647747891436e-17 nan nan
5.773228721622689773e+04 3.846674365269390279e-17 1.083935575361983840e-16 1.455442140292930172e-17 3.846674365269390279e-17 1.455442140292930172e-17 1.455442140292930172e-17
5.811016409763890260e+04 3.545456852522014819e-17 1.248556893089586689e-16 1.420492376582860747e-17 3.545456852522014819e-17 1.420492376582860747e-17 1.420492376582860747e-17
5.785903624081020098e+04 nan nan nan nan nan nan
5.833534362420139951e+04 5.447985392223493646e-17 1.332895506511463012e-16 2.047300241346231454e-17 5.447985392223493646e-17 2.047300241346231454e-17 2.047300241346231454e-17
5.775315010799770243e+04 3.456525671337905652e-17 1.079342768123319822e-16 1.311536383318976657e-17 3.456525671337905652e-17 1.311536383318976657e-17 1.311536383318976657e-17
5.817406241802080331e+04 4.642607947910059999e-17 nan nan 4.642607947910059999e-17 nan nan
5.817406429171300260e+04 4.642429654801258275e-17 nan nan 4.642429654801258275e-17 nan nan
5.821599788078699930e+04 3.919540296100362288e-17 nan nan 3.919540296100362288e-17 nan nan
5.801736777380789863e+04 3.379531016205025587e-17 1.340992395460127564e-16 1.278687390421162444e-17 3.379531016205025587e-17 1.278687390421162444e-17 1.278687390421162444e-17
5.819507041040509648e+04 3.786955205778071738e-17 nan nan 3.786955205778071738e-17 nan nan
5.781811904589120240e+04 4.966937770518814133e-17 nan nan 4.966937770518814133e-17 nan nan
5.771118714638889651e+04 5.440089520043901662e-17 1.220620683043506357e-16 2.082026629731751334e-17 5.440089520043901662e-17 2.082026629731751334e-17 2.082026629731751334e-17
5.781815728885419958e+04 5.169618794740289682e-17 nan nan 5.169618794740289682e-17 nan nan
5.771118339418980031e+04 6.990955122547208885e-17 1.229123576761514854e-16 2.740066374530107885e-17 6.990955122547208885e-17 2.740066374530107885e-17 2.740066374530107885e-17
5.769031259791670163e+04 3.447184965241548106e-17 1.352835650132418195e-16 1.340648469917646484e-17 3.447184965241548106e-17 1.340648469917646484e-17 1.340648469917646484e-17
