5.781815592199999810e+04 1.040173174507382145e-16 9.727137835494022044e-17 nan
5.781815592199999810e+04 1.040173174507382145e-16 9.727137835494022044e-17 nan
5.806827619799999957e+04 1.029663894315724292e-16 9.771859202709904634e-17 1.304505280860637320e-16
5.804736989799999719e+04 1.011186479548199748e-16 9.440754612971577135e-17 1.075481450039132737e-16
5.771118394999999873e+04 1.324992630775194906e-16 1.224501686158764066e-16 1.349763770654392936e-16
5.769031127399999968e+04 1.187814691020370786e-16 nan 1.227125903208552727e-16
5.801736454599999706e+04 1.029141775320792058e-16 nan 1.072973561693827502e-16
5.799337645599999814e+04 1.012694566526761850e-16 9.574172070755926308e-17 1.274654934182074465e-16
5.797234950799999933e+04 9.828520280625444433e-17 nan 1.029137839802057236e-16
5.781811958400000003e+04 1.020589001151229725e-16 9.541867791076806702e-17 nan
5.779618955399999686e+04 1.051500425080829499e-16 9.925842372971220834e-17 nan
5.777425257399999828e+04 1.127850225279907457e-16 1.068491376509780630e-16 1.342820750737454596e-16
5.775314875400000165e+04 1.090113159763331622e-16 1.005684331858708113e-16 1.141550069125764790e-16
5.773228775399999722e+04 1.135829373649313860e-16 nan 1.175694111819888875e-16
5.781815592199999810e+04 1.040173174507382145e-16 9.727137835494022044e-17 nan
