5.797235326799999893e+04 5.945470284975161531e-17 nan 5.378987029932246051e-17 7.746038223484946351e-18 nan 6.312833753380467850e-18
5.815306508800000302e+04 6.503512653428850495e-17 nan 5.567124533038181075e-17 1.023430519060202371e-17 nan 7.775224598243391705e-18
5.804737367800000357e+04 6.310303114390601191e-17 7.256848264826095013e-17 5.836366679899929760e-17 8.426920305153747085e-18 7.145958861263926557e-18 6.949159775435809906e-18
5.781812369000000035e+04 7.008066028326885902e-17 nan 6.583387888528444971e-17 1.057523614667334252e-17 nan 8.680723336395724492e-18
5.808933719199999905e+04 6.555584312550075000e-17 7.756451475795288177e-17 7.157331558740930320e-17 9.196230928589798596e-18 7.993250495807924546e-18 8.940674332546715947e-18
5.773229151599999750e+04 8.159909135901872879e-17 nan 7.593515517705298140e-17 1.066594261248753416e-17 nan 8.338882330194053658e-18
5.821600220599999739e+04 6.269568778706033336e-17 7.457435849926562822e-17 nan 9.601397839357304937e-18 8.466404585501667577e-18 nan
5.822404881400000158e+04 6.334060112914262663e-17 7.423019965024534242e-17 nan 1.079780541282403452e-17 9.373980307581125660e-18 nan
5.806827997599999799e+04 6.470185666939872093e-17 7.753446040110623513e-17 6.999003924817926681e-17 9.001676649727032734e-18 7.948368162800696536e-18 8.691119459746905940e-18
5.819507473400000163e+04 6.632570762479407896e-17 7.850398177546215128e-17 6.071429714251292148e-17 9.621298773092300647e-18 8.352971694673699251e-18 7.779264350597216662e-18
5.811016464000000269e+04 9.359220461977581621e-17 nan 5.624622276003736419e-17 1.477484086110430455e-17 nan 7.066995901049716010e-18
5.833534418200000073e+04 6.824287785490915001e-17 8.216993939254248975e-17 6.486799918154946175e-17 1.165698920598186031e-17 1.028269403461487277e-17 9.764659115715291508e-18
5.813226409799999965e+04 6.482182062133780322e-17 7.502399186847134316e-17 6.000967684614005073e-17 9.620872470251269211e-18 8.189128741117797563e-18 7.913590444289433420e-18
5.781815971400000126e+04 7.137474960347853284e-17 8.501974462903491324e-17 nan 1.180671834800394936e-17 1.019887672178683258e-17 nan
5.779619338399999833e+04 7.613294345095746573e-17 8.837492991415099822e-17 nan 1.141670864286054054e-17 9.458575228660378848e-18 nan
5.801736830400000326e+04 6.166162592566818660e-17 nan 5.387950671490767048e-17 7.794241521516979546e-18 nan 6.082287375895234045e-18
5.777425635199999670e+04 7.315736590522148368e-17 7.541095127592277347e-17 7.149954675706868280e-17 1.374261210438273893e-17 1.014276561803852716e-17 1.167812979369966630e-17
5.775315251600000192e+04 7.718659921193869039e-17 8.970329664686546290e-17 7.149945258373662682e-17 1.014454165600347861e-17 8.386084910310386975e-18 8.005200764740715343e-18
5.817406672599999729e+04 6.530487995787033368e-17 7.718267661284172826e-17 5.948913556235464662e-17 9.777834462530772346e-18 8.501495570990345191e-18 7.899841396801975100e-18
5.771118768799999816e+04 8.327727056709558090e-17 9.704704816128550202e-17 7.893847735828367488e-17 1.444091932107086266e-17 1.181020360256400595e-17 1.147546235439290395e-17
5.799338022400000045e+04 6.163149664236857176e-17 7.353885439655656547e-17 6.175384837133634005e-17 7.352376108099100162e-18 6.501136381040919415e-18 6.600274097376447627e-18
5.769031502000000182e+04 8.425222315623653259e-17 nan 7.856209445881053616e-17 9.343592907813953877e-18 nan 7.255047859493483521e-18
