5.819507280400000309e+04 4.068917801884845176e+02 6.230597680582777853e-01 5.243824911307078118e-02 7.804144767090888113e-01
5.804737176400000317e+04 4.448958292772198320e+02 6.442100342861225570e-01 5.271703399611218921e-02 7.630297150515996663e-01
5.779619145199999912e+04 4.165126155398217520e+02 6.283392369432356794e-01 6.326277914171010708e-02 7.753628983210762993e-01
5.822404686799999763e+04 4.047409459622412555e+02 6.215213661193490502e-01 6.504610773996212514e-02 7.806921258249115425e-01
5.769031311999999889e+04 5.645574826226524010e+02 7.008635973527661545e-01 4.751553501679695035e-02 7.117109608807546950e-01
5.781815779199999815e+04 3.890173877941450087e+02 6.123379105036301784e-01 5.860763584558505851e-02 7.884208447146991983e-01
5.811016273399999773e+04 4.009815897802943709e+02 6.198540096899581853e-01 3.815331352826398931e-02 7.837890860034318896e-01
5.781812169200000062e+04 4.016075769498453951e+02 6.200659115067587157e-01 4.763070150317211260e-02 7.831025358544104753e-01
5.777425442199999816e+04 3.948189188393591849e+02 6.157844338462312717e-01 6.028447185414689824e-02 7.856050620292254205e-01
5.799337831600000209e+04 4.788773829760086187e+02 6.620205509627147267e-01 3.594032802828547174e-02 7.486234587055382583e-01
5.817406480600000214e+04 3.993659926743545157e+02 6.187808425500670451e-01 4.563158152003105039e-02 7.842372266482954268e-01
5.801736638400000083e+04 4.629055750876673869e+02 6.538905750161293495e-01 3.966136510244298863e-02 7.555488680577097105e-01
5.821600028000000020e+04 3.906683232974593807e+02 6.134278770166148309e-01 5.423260684560578249e-02 7.878864537822812819e-01
5.815306317799999670e+04 3.895745233854536309e+02 6.131176619919220805e-01 3.305697173387611709e-02 7.892996700704648649e-01
5.806827807000000030e+04 4.252984823958329343e+02 6.337659105900528278e-01 3.945079229381424218e-02 7.725182234493574995e-01
5.833534226800000033e+04 3.627120071789738063e+02 5.958095600097289557e-01 6.405508108165018644e-02 8.005672456381389690e-01
5.813226219600000331e+04 4.090836419560571926e+02 6.245542687141398819e-01 3.990375968976396515e-02 7.799613166007449694e-01
5.775315059599999950e+04 4.792530516472672275e+02 6.622289389039995866e-01 3.448394081930288013e-02 7.485076421143966874e-01
5.797235136600000260e+04 4.547498102090213479e+02 6.494658294431896461e-01 5.029081511232940532e-02 7.587258861413701538e-01
5.808933528400000068e+04 4.186470212159376842e+02 6.300303971275451609e-01 3.944814591979236423e-02 7.755678838623982774e-01
5.773228961400000117e+04 4.472632033243170326e+02 6.454426083425954808e-01 5.399144573246156265e-02 7.618981317234116979e-01
5.771118577599999844e+04 2.928446279288251048e+02 5.468947112003234023e-01 5.428655806325263095e-02 8.354394918094067979e-01
