5.822404501400000299e+04 1.078269220162388333e-16 1.000091957543813053e-16 nan 3.219391843623974763e-17 3.025170698566360731e-17 nan
5.813226065999999992e+04 1.079861379778886313e-16 1.015170441589428907e-16 1.131872461657227345e-16 3.271906245602392047e-17 3.116979645506518990e-17 3.059218509250585653e-17
5.815306130999999732e+04 1.076773300236211766e-16 nan 1.088738170168594984e-16 3.238662554468827596e-17 nan 2.920229669088262382e-17
5.801736454599999706e+04 1.091900244799355234e-16 nan 1.105418916116746525e-16 2.713365916502569457e-17 nan 2.432334245980238991e-17
5.799337645599999814e+04 1.077762317656965779e-16 1.023896728258792244e-16 1.364695127061259436e-16 2.526644737512571356e-17 2.426845037113962991e-17 2.834499213571130279e-17
5.817406294599999819e+04 1.083564853087598540e-16 1.018703674893930622e-16 1.108113535681727977e-16 3.272229830330831728e-17 3.116877463961920148e-17 2.983791499979373226e-17
5.806827619799999957e+04 1.130374788969302928e-16 1.053475944383176891e-16 1.336730438069473560e-16 3.157999538707428849e-17 2.973412448006208059e-17 3.315857335468533622e-17
5.808933337999999640e+04 1.108849533471400975e-16 1.041631328791486549e-16 1.309999577554703031e-16 3.080155912518132745e-17 2.926036372274380408e-17 3.233839026660482967e-17
5.779618955399999686e+04 1.118818317210747693e-16 1.059916190605677734e-16 nan 3.411652095597528064e-17 3.270446522622711808e-17 nan
5.771118394999999873e+04 1.363519261710805408e-16 1.255708609599455383e-16 1.410664526909109609e-16 6.346084945009237921e-17 5.884046411312093399e-17 5.912517921865821267e-17
5.819507095000000118e+04 1.068658295472737229e-16 1.017601579619582745e-16 1.121263105035960652e-16 3.199441634331877836e-17 3.088819868691113153e-17 2.994836900064291063e-17
5.775314875400000165e+04 1.162233170419544358e-16 1.077970270332385845e-16 1.226293968612004985e-16 3.040167548690123834e-17 2.842450951435565917e-17 2.835055947523635705e-17
5.811016089800000191e+04 1.097963239999327058e-16 nan 1.066262225156105676e-16 3.227901740896111485e-17 nan 2.789652493107580940e-17
5.777425257399999828e+04 1.172694022700770372e-16 1.113363597501701084e-16 1.425006461643670338e-16 3.973504397230191353e-17 3.812902333705887678e-17 4.310484058759273126e-17
5.781811958400000003e+04 1.068780909157200157e-16 1.010599676096020320e-16 nan 3.408457669411082865e-17 3.269105935396484649e-17 nan
5.773228775399999722e+04 1.191204480887536106e-16 nan 1.258275771007607083e-16 3.536439702345027966e-17 nan 3.311278472817317023e-17
5.821599840799999947e+04 1.071136519570504826e-16 1.022728947962196930e-16 nan 3.210104427037550761e-17 3.107352889634331039e-17 nan
5.781815592199999810e+04 1.068676009056306723e-16 1.012802745595154072e-16 nan 3.538049171325747483e-17 3.402291738035887234e-17 nan
5.769031127399999968e+04 1.257075537088888070e-16 nan 1.303753851093265103e-16 2.812199080620699564e-17 nan 2.551187086774377233e-17
5.804736989799999719e+04 1.067477737107308523e-16 9.841901050640984788e-17 1.121719247887851599e-16 2.805182495409130188e-17 2.618047266509125313e-17 2.618511217690824382e-17
5.833534038600000349e+04 1.140205957741910193e-16 1.083683653820163431e-16 1.240293843216762108e-16 3.754060938041653799e-17 3.610005973184980223e-17 3.644510057024735262e-17
5.797234950799999933e+04 1.024873671481446989e-16 nan 1.074195604266489825e-16 2.642579966475856998e-17 nan 2.464233685358041703e-17
