5.833534362420139951e+04 1.408640039011156782e-16 2.357475555039260534e-16 8.630160458520902186e-17 1.408640039011156782e-16 8.630160458520902186e-17 8.630160458520902186e-17
5.808933477025460161e+04 1.106917601734457465e-16 nan nan 1.106917601734457465e-16 nan nan
5.821599788078699930e+04 1.131816350769698473e-16 nan nan 1.131816350769698473e-16 nan nan
5.777425581326390238e+04 1.275739197670025898e-16 nan nan 1.275739197670025898e-16 nan nan
5.822404826999999932e+04 1.187383126206469726e-16 nan nan 1.187383126206469726e-16 nan nan
5.811016222625000228e+04 1.004900556033810788e-16 1.159881932530497681e-16 3.459479241379947256e-17 1.004900556033810788e-16 3.459479241379947256e-17 3.459479241379947256e-17
5.799337779287040030e+04 8.806834546373872055e-17 nan nan 8.806834546373872055e-17 nan nan
5.775314820968749700e+04 9.638666443136563607e-17 2.262089150541914209e-16 6.769100485127323134e-17 9.638666443136563607e-17 6.769100485127323134e-17 6.769100485127323134e-17
5.817406429171300260e+04 1.248399979705731301e-16 nan nan 1.248399979705731301e-16 nan nan
5.773228908994210360e+04 1.069601846031301137e-16 1.137097767309867547e-16 3.897792577187797925e-17 1.069601846031301137e-16 3.897792577187797925e-17 3.897792577187797925e-17
5.815306079493059951e+04 1.019698469452544349e-16 1.223454969236002199e-16 3.650712463003678999e-17 1.019698469452544349e-16 3.650712463003678999e-17 3.650712463003678999e-17
5.801736777380789863e+04 8.980350348395676825e-17 1.277826097774816668e-16 3.131009037660273210e-17 8.980350348395676825e-17 3.131009037660273210e-17 3.131009037660273210e-17
5.781812119759259804e+04 1.349283029552480937e-16 1.090075011763238443e-16 4.615065501600111374e-17 1.349283029552480937e-16 4.615065501600111374e-17 4.615065501600111374e-17
5.811016409763890260e+04 1.001319732856920651e-16 1.149731185153300308e-16 3.468803392323887062e-17 1.001319732856920651e-16 3.468803392323887062e-17 3.468803392323887062e-17
5.797235084578699752e+04 9.506253412487948206e-17 1.326330724752150865e-16 3.435968408898138922e-17 9.506253412487948206e-17 3.435968408898138922e-17 3.435968408898138922e-17
5.806827755928239640e+04 9.622113409023133920e-17 nan nan 9.622113409023133920e-17 nan nan
5.815306266768519708e+04 1.018291751455269601e-16 1.177970159527418094e-16 3.643861048775571537e-17 1.018291751455269601e-16 3.643861048775571537e-17 3.643861048775571537e-17
5.813226355444439832e+04 1.066316294891937634e-16 nan nan 1.066316294891937634e-16 nan nan
5.775315010799770243e+04 9.879193573719279193e-17 nan nan 9.879193573719279193e-17 nan nan
5.821600167568289908e+04 1.138847850129975828e-16 nan nan 1.138847850129975828e-16 nan nan
5.779619095310189732e+04 1.238764210645674781e-16 nan nan 1.238764210645674781e-16 nan nan
5.822404636932870199e+04 1.171085718729214053e-16 nan nan 1.171085718729214053e-16 nan nan
5.804737313887730124e+04 9.541553838078970905e-17 nan nan 9.541553838078970905e-17 nan nan
5.781815918607640197e+04 1.348076625444912051e-16 nan nan 1.348076625444912051e-16 nan nan
5.769031259791670163e+04 9.645478447619633006e-17 1.295380460846237297e-16 3.277578128592605185e-17 9.645478447619633006e-17 3.277578128592605185e-17 3.277578128592605185e-17
5.819507418067129765e+04 1.080893181367679032e-16 nan nan 1.080893181367679032e-16 nan nan
5.819507230849540065e+04 1.087019585582441976e-16 nan nan 1.087019585582441976e-16 nan nan
5.813226167937499849e+04 1.049352502137260752e-16 nan nan 1.049352502137260752e-16 nan nan
5.771118714638889651e+04 1.541515893839021819e-16 2.408803037157508898e-16 9.967739027335219934e-17 1.541515893839021819e-16 9.967739027335219934e-17 9.967739027335219934e-17
5.804737124311339721e+04 9.429051546859085290e-17 2.430933355475742515e-16 6.568551098670716680e-17 9.429051546859085290e-17 6.568551098670716680e-17 6.568551098670716680e-17
5.808933664172449789e+04 1.089083451241759444e-16 nan nan 1.089083451241759444e-16 nan nan
5.804736936814810178e+04 9.263652341370699107e-17 2.419662270234086035e-16 6.543598430366312844e-17 9.263652341370699107e-17 6.543598430366312844e-17 6.543598430366312844e-17
5.806827565997689817e+04 9.623459367547465763e-17 nan nan 9.623459367547465763e-17 nan nan
5.785903812146990094e+04 nan nan nan nan nan nan
5.785903624081020098e+04 nan nan nan nan nan nan
5.797235274172449863e+04 9.340806091209437939e-17 1.280803832889450252e-16 3.386177145378562272e-17 9.340806091209437939e-17 3.386177145378562272e-17 3.386177145378562272e-17
5.833534175256940216e+04 1.330010429695895465e-16 2.264911307706619847e-16 8.158211909191253038e-17 1.330010429695895465e-16 8.158211909191253038e-17 8.158211909191253038e-17
5.773228721622689773e+04 1.065233309882213232e-16 1.136881910304198617e-16 3.873830868557386983e-17 1.065233309882213232e-16 3.873830868557386983e-17 3.873830868557386983e-17
5.775315198055560177e+04 9.850304056852859633e-17 nan nan 9.850304056852859633e-17 nan nan
5.806827943190970109e+04 9.620785343670215974e-17 nan nan 9.620785343670215974e-17 nan nan
5.779618900283570110e+04 1.182357791397156728e-16 nan nan 1.182357791397156728e-16 nan nan
5.771118339418980031e+04 2.120275685133431680e-16 nan nan 2.120275685133431680e-16 nan nan
5.811016035240740166e+04 9.885839396907639744e-17 1.150253486101280509e-16 3.445630716558960022e-17 9.885839396907639744e-17 3.445630716558960022e-17 3.445630716558960022e-17
5.779619282559029671e+04 1.220364156675466819e-16 nan nan 1.220364156675466819e-16 nan nan
5.822404446969910350e+04 1.154059819470720771e-16 nan nan 1.154059819470720771e-16 nan nan
5.781815728885419958e+04 1.339707307003918827e-16 nan nan 1.339707307003918827e-16 nan nan
5.833533987771990360e+04 1.322901190083013650e-16 2.161411568540132791e-16 7.873790388506149807e-17 1.322901190083013650e-16 7.873790388506149807e-17 7.873790388506149807e-17
5.801736399829859874e+04 9.158598087951896664e-17 1.255851867296178797e-16 3.159232286072583427e-17 9.158598087951896664e-17 3.159232286072583427e-17 3.159232286072583427e-17
5.773229096026619663e+04 1.059357860552465089e-16 1.169253327074886468e-16 3.848857157150429486e-17 1.059357860552465089e-16 3.848857157150429486e-17 3.848857157150429486e-17
5.819507041040509648e+04 1.082359414138659104e-16 nan nan 1.082359414138659104e-16 nan nan
5.801736587087959924e+04 9.014510729197866253e-17 1.274879924491536680e-16 3.126563556938579074e-17 9.014510729197866253e-17 3.126563556938579074e-17 3.126563556938579074e-17
5.769031447164349811e+04 9.448946443150900904e-17 1.299211945821337775e-16 3.262777133818610154e-17 9.448946443150900904e-17 3.262777133818610154e-17 3.262777133818610154e-17
5.785904001693290047e+04 3.081503436561847910e-16 nan nan 3.081503436561847910e-16 nan nan
5.771118526806709997e+04 1.865690997023147406e-16 nan nan 1.865690997023147406e-16 nan nan
5.781815539165509836e+04 1.346234879090704485e-16 nan nan 1.346234879090704485e-16 nan nan
5.817406618748840265e+04 1.230124813145311867e-16 nan nan 1.230124813145311867e-16 nan nan
5.815306454024309642e+04 1.012527418203293314e-16 1.186520410488190146e-16 3.624202856571798457e-17 1.012527418203293314e-16 3.624202856571798457e-17 3.624202856571798457e-17
5.799337969240739767e+04 8.965938693010397880e-17 nan nan 8.965938693010397880e-17 nan nan
5.781812314596059878e+04 1.337328134238239051e-16 1.186685535955516376e-16 4.724541828100640485e-17 1.337328134238239051e-16 4.724541828100640485e-17 4.724541828100640485e-17
5.817406241802080331e+04 1.226578692478582223e-16 nan nan 1.226578692478582223e-16 nan nan
5.797234897155089857e+04 9.439615148456507187e-17 1.330468859595459812e-16 3.453424518007211743e-17 9.439615148456507187e-17 3.453424518007211743e-17 3.453424518007211743e-17
5.781811904589120240e+04 1.303540508481751580e-16 nan nan 1.303540508481751580e-16 nan nan
5.799337591884259746e+04 8.738672286844334012e-17 nan nan 8.738672286844334012e-17 nan nan
5.821599978011570056e+04 1.136572721083159222e-16 nan nan 1.136572721083159222e-16 nan nan
5.777425201861109963e+04 1.292777286113546313e-16 nan nan 1.292777286113546313e-16 nan nan
5.808933284642359649e+04 1.064951481500697440e-16 nan nan 1.064951481500697440e-16 nan nan
5.769031072403940198e+04 9.540000816944113789e-17 1.291269236057451986e-16 3.276882703152814957e-17 9.540000816944113789e-17 3.276882703152814957e-17 3.276882703152814957e-17
5.777425391638890142e+04 1.285534499357194802e-16 nan nan 1.285534499357194802e-16 nan nan
