5.833534362420139951e+04 5.687982089407913833e+01 5.308173373978213316e-01 8.260373070711035659e-01 1.894606071050304319e-01
5.808933477025460161e+04 6.679049461065181958e+01 5.645522721470821459e-01 8.049669318327307144e-01 1.825074537364615168e-01
5.821599788078699930e+04 7.458919609112493276e+01 6.165030128921002994e-01 7.628521120334313954e-01 1.948863521673488419e-01
5.777425581326390238e+04 6.092776524144456829e+01 5.726966576148589949e-01 7.934926778555085880e-01 2.058832400815162611e-01
5.822404826999999932e+04 6.433974565799047696e+01 5.737934208515212964e-01 7.952720901899053008e-01 1.957125768888857142e-01
5.811016222625000228e+04 7.133886706680492296e+01 6.150320565707427800e-01 7.619776549720950198e-01 2.027945332438461645e-01
5.799337779287040030e+04 9.610425786530947789e+01 6.883784082738380050e-01 7.004086180669761852e-01 1.885813743716113211e-01
5.775314820968749700e+04 7.154360037458015142e+01 6.228250830604431520e-01 7.543779692926046998e-01 2.073711536273020184e-01
5.817406429171300260e+04 5.953919457398745863e+01 5.289636009142913986e-01 8.293927932572572326e-01 1.797362050359107843e-01
5.773228908994210360e+04 6.104278118077868243e+01 5.796512504156878798e-01 7.872021477910212672e-01 2.105165228782110431e-01
5.815306079493059951e+04 7.133692756740713037e+01 6.210188267139719054e-01 7.560309893445256169e-01 2.067674055975448066e-01
5.801736777380789863e+04 8.837418822352140069e+01 6.701155183586878783e-01 7.163640061632011724e-01 1.943394008652805371e-01
5.781812119759259804e+04 4.757614486267092957e+01 4.779811370190318875e-01 8.589541996682797942e-01 1.836619599324217089e-01
5.811016409763890260e+04 7.043504764732212209e+01 6.110425071579062006e-01 7.651949136161153575e-01 2.027407177214431977e-01
5.797235084578699752e+04 8.322227083637008604e+01 6.298613061208953035e-01 7.550057641900592698e-01 1.823212305011807643e-01
5.806827755928239640e+04 8.064554707179246407e+01 6.460313639145086606e-01 7.372020121579022645e-01 1.979309730918828447e-01
5.815306266768519708e+04 6.853065823766885956e+01 6.107717442199962488e-01 7.639468501542873158e-01 2.081900252216853098e-01
5.813226355444439832e+04 6.907378580468272844e+01 6.072139750717419071e-01 7.678622696814477733e-01 2.041536756397734353e-01
5.775315010799770243e+04 6.962617860732680697e+01 6.154563616671681059e-01 7.602107942603275603e-01 2.080697363229307983e-01
5.821600167568289908e+04 7.375255056592502001e+01 6.123002545135063368e-01 7.663482480622136883e-01 1.944190345996789360e-01
5.779619095310189732e+04 6.235286705852161759e+01 5.569593983616083488e-01 8.084505816140576950e-01 1.902731869301799161e-01
5.822404636932870199e+04 6.537162504349737446e+01 5.781994084787792643e-01 7.921040873507170232e-01 1.955928394320137764e-01
5.804737313887730124e+04 7.993806523437515921e+01 6.365310755851026903e-01 7.464912609298736124e-01 1.938530040257304965e-01
5.781815918607640197e+04 5.054227401750474513e+01 4.893873810246545109e-01 8.530266860465194334e-01 1.812331762849244965e-01
5.769031259791670163e+04 8.538988014110702807e+01 6.600809190882411803e-01 7.254023332235340904e-01 1.951528508873901779e-01
5.819507418067129765e+04 6.932137752619506443e+01 6.051684374423537127e-01 7.700288513231948739e-01 2.020562556652508446e-01
5.819507230849540065e+04 6.917808690114142678e+01 6.046250233584148370e-01 7.704411700176194699e-01 2.021113175225922320e-01
5.813226167937499849e+04 6.806572404178187696e+01 6.038092703448508791e-01 7.703548395239380175e-01 2.048604067839037146e-01
5.771118714638889651e+04 4.919943544638955757e+01 5.124777153154208564e-01 8.340767992517506002e-01 2.041628865759912703e-01
5.804737124311339721e+04 8.008310528898952896e+01 6.379002030157626679e-01 7.451960495344099877e-01 1.943352226199822619e-01
5.808933664172449789e+04 6.672305160459332285e+01 5.636299589816650135e-01 8.057062136157492338e-01 1.820954878059839466e-01
5.804736936814810178e+04 8.000457836546610224e+01 6.378490351313867990e-01 7.451982257327265380e-01 1.944947627746183016e-01
5.806827565997689817e+04 7.847079570827406769e+01 6.390108756117601763e-01 7.430049687120861002e-01 1.990193893042678241e-01
5.785903812146990094e+04 nan nan nan nan
5.785903624081020098e+04 nan nan nan nan
5.797235274172449863e+04 8.139560887187819560e+01 6.252859234197409855e-01 7.584632631375082257e-01 1.837144317791198911e-01
5.833534175256940216e+04 5.793109009014839472e+01 5.334847590674445250e-01 8.246749792599491480e-01 1.878967546961708979e-01
5.773228721622689773e+04 6.145932870051561281e+01 5.814927621199051933e-01 7.858685891243294419e-01 2.104203607778938612e-01
5.775315198055560177e+04 6.808223744040562053e+01 6.104208933135562010e-01 7.639183414344011824e-01 2.093205690475582192e-01
5.806827943190970109e+04 8.034593878581871707e+01 6.460597428165913980e-01 7.369738667006153765e-01 1.986865081280144441e-01
5.779618900283570110e+04 6.164039942841403530e+01 5.545563099464808632e-01 8.099733858387788699e-01 1.908151286753944631e-01
5.771118339418980031e+04 3.628506775190609090e+01 4.504921676229318162e-01 8.667749483361547602e-01 2.139111868211862055e-01
5.811016035240740166e+04 7.099697825342357760e+01 6.150332522710726391e-01 7.617159018389416669e-01 2.037718908155757291e-01
5.779619282559029671e+04 6.021023242559169120e+01 5.489972434566345871e-01 8.136022702522830441e-01 1.914507051889540457e-01
5.822404446969910350e+04 6.529560179873453762e+01 5.790799864529401209e-01 7.912563073666684099e-01 1.964174771809448772e-01
5.781815728885419958e+04 5.146751330096222432e+01 4.939323446563305686e-01 8.503896329946184496e-01 1.812961968646285005e-01
5.833533987771990360e+04 5.714938109113155207e+01 5.300373309552093293e-01 8.268684695735109003e-01 1.880131958641142464e-01
5.801736399829859874e+04 8.590409189565598069e+01 6.633447433632058132e-01 7.222145761019121979e-01 1.959077780955564840e-01
5.773229096026619663e+04 6.391987650309895486e+01 5.910228225664648782e-01 7.791074127000437999e-01 2.090063699541538367e-01
5.819507041040509648e+04 6.708441879386903395e+01 5.977930371389282849e-01 7.753291412583815934e-01 2.037356313062516355e-01
5.801736587087959924e+04 8.828866272907164614e+01 6.699014306123840523e-01 7.165468567842692149e-01 1.944033829336961339e-01
5.769031447164349811e+04 8.608036957297359493e+01 6.618514852908914392e-01 7.239287239680468611e-01 1.946273722584685451e-01
5.785904001693290047e+04 2.304225074977560439e+01 3.770400150996114919e-01 8.956361300822033300e-01 2.359592115283043745e-01
5.771118526806709997e+04 4.169430608603383348e+01 4.752850798491586870e-01 8.550827778981147098e-01 2.072137442710360877e-01
5.781815539165509836e+04 5.141833251022981699e+01 4.934494506163989436e-01 8.507085370407703184e-01 1.811149488372688632e-01
5.817406618748840265e+04 5.874574563030319041e+01 5.263752839983188991e-01 8.308971957689899046e-01 1.803854496873791569e-01
5.815306454024309642e+04 6.950316968408927210e+01 6.149242313349488898e-01 7.606391117874911068e-01 2.080777050437139508e-01
5.799337969240739767e+04 9.498158409149056070e+01 6.856616226712274331e-01 7.028733231007897597e-01 1.893072393468148151e-01
5.781812314596059878e+04 5.125744245325796555e+01 4.923654483526518910e-01 8.513850425828899393e-01 1.808860816498133461e-01
5.817406241802080331e+04 5.942759827836158593e+01 5.290510296543213808e-01 8.292508780067285867e-01 1.801332544167575656e-01
5.797234897155089857e+04 8.304739142014216213e+01 6.282959423621414796e-01 7.564348228762239890e-01 1.817981505722323643e-01
5.781811904589120240e+04 5.401460329302977925e+01 5.061669144190348302e-01 8.431400579996023437e-01 1.814108523323254840e-01
5.799337591884259746e+04 9.549550098074762161e+01 6.867232280638166930e-01 7.019534080312993529e-01 1.888719698389776935e-01
5.821599978011570056e+04 7.372167060244321135e+01 6.127163662026566815e-01 7.659277250350967625e-01 1.947649214051981603e-01
5.777425201861109963e+04 6.026597251647464759e+01 5.704504030553435578e-01 7.949453421776294659e-01 2.065145045852420924e-01
5.808933284642359649e+04 6.592149366950012279e+01 5.618050222932925442e-01 8.067483490687192837e-01 1.831180444438207100e-01
5.769031072403940198e+04 8.511518046688809136e+01 6.589417763391546279e-01 7.264494417224538481e-01 1.951075191173692047e-01
5.777425391638890142e+04 6.149555967523286171e+01 5.747868621988946325e-01 7.920861711714257680e-01 2.054739897956421313e-01
