5.822404501400000299e+04 1.129231548325337713e-16 1.044730626119634872e-16 nan 3.626043364373364923e-17 3.397049087317041281e-17 nan
5.781815592199999810e+04 1.124992948790463315e-16 1.059857788208499086e-16 nan 4.013129592740950062e-17 3.833313831030850558e-17 nan
5.808933337999999640e+04 1.151296674878988440e-16 1.090881495187686566e-16 1.395449889914361650e-16 3.297233684751886027e-17 3.158018555253296041e-17 3.552956315620492129e-17
5.811016089800000191e+04 1.145621499486581607e-16 nan 1.154452863616109923e-16 3.464079815129417473e-17 nan 3.107465919615705257e-17
5.773228775399999722e+04 1.241033555030697609e-16 nan 1.300415902089637797e-16 3.929918594031981782e-17 nan 3.655313252269276758e-17
5.817406294599999819e+04 1.128892857520605951e-16 1.062496864591935695e-16 1.156374915898810658e-16 3.561676254406396795e-17 3.394281545956347562e-17 3.255137438109043064e-17
5.815306130999999732e+04 1.124113478989150927e-16 nan 1.142896632054292907e-16 3.553993992614338966e-17 nan 3.224856830866093109e-17
5.769031127399999968e+04 1.307074981054233465e-16 nan 1.358179640523749731e-16 3.086484141866513713e-17 nan 2.806780243130148777e-17
5.819507095000000118e+04 1.115381801174931566e-16 1.061114938180447897e-16 1.165010044279588323e-16 3.521834197554065382e-17 3.395062180480358303e-17 3.284856688156387049e-17
5.821599840799999947e+04 1.127568695423198422e-16 1.082554280037184958e-16 nan 3.563929442096147282e-17 3.466030566933565857e-17 nan
5.797234950799999933e+04 1.075192894730638287e-16 nan 1.128376075073042971e-16 2.966776232893900016e-17 nan 2.773532079606388024e-17
5.801736454599999706e+04 1.136216108833609851e-16 nan 1.172922235782349281e-16 2.920870809359675635e-17 nan 2.671127199504784742e-17
5.779618955399999686e+04 1.159884940737685451e-16 1.097632554097517716e-16 nan 3.788296261955841681e-17 3.626863850535535040e-17 nan
5.833534038600000349e+04 1.180446308818889010e-16 1.119216577174855246e-16 1.274994185434088484e-16 4.180673596600673762e-17 4.010135932436803772e-17 4.039750017040130273e-17
5.781811958400000003e+04 1.121241137762220417e-16 1.054553008129317262e-16 nan 3.788132688089084982e-17 3.610728526841963439e-17 nan
5.806827619799999957e+04 1.152221407480796175e-16 1.091651015338598269e-16 1.425551151630117805e-16 3.225949778797291896e-17 3.088703685053777319e-17 3.546029758370958326e-17
5.771118394999999873e+04 1.434555959262341514e-16 1.325937616790602277e-16 1.478265219920865942e-16 7.103131300174199002e-17 6.603452819274114583e-17 6.609684422506210055e-17
5.777425257399999828e+04 1.226228259302704770e-16 1.165379905532700694e-16 1.481681098216245665e-16 4.390473795374201949e-17 4.213746506056800643e-17 4.740394456082876083e-17
5.775314875400000165e+04 1.207288549876496435e-16 1.118928810834573164e-16 1.271958615881252657e-16 3.374201579192275946e-17 3.151718651961572145e-17 3.146200317010032469e-17
5.799337645599999814e+04 1.121982453819125113e-16 1.063756730479832929e-16 1.421589644816589403e-16 2.772650681574043279e-17 2.656952493482795625e-17 3.114748531211180767e-17
5.813226065999999992e+04 1.125322311257213186e-16 1.059196662067700791e-16 1.180492514212282026e-16 3.659199113067263385e-17 3.489172027113684570e-17 3.430265972184610980e-17
5.804736989799999719e+04 1.108856425288079149e-16 1.032940331004699133e-16 1.176149501058940978e-16 3.032923217360048112e-17 2.859405955223948926e-17 2.859759959810850045e-17
