5.811016409763890260e+04 2.595018586676990253e+02 8.887927699338504794e-01 4.432748055826371547e-01 1.164253359410605676e-01
5.822404446969910350e+04 2.168753618934763665e+02 8.425492247188138828e-01 5.238687211022724499e-01 1.251893245304686597e-01
5.815306454024309642e+04 2.491969454687939844e+02 8.833648610208119090e-01 4.531260607576809707e-01 1.197634976773307297e-01
5.821600167568289908e+04 2.376908207671862954e+02 8.618360519684270526e-01 4.929043415415552687e-01 1.195153948952193262e-01
5.769031259791670163e+04 2.993931421182317649e+02 9.088779465888793263e-01 4.034913977213149816e-01 1.055252110601161419e-01
5.819507230849540065e+04 2.288778085409060736e+02 8.603398457842238445e-01 4.944865282494115277e-01 1.236867945086378984e-01
5.781815539165509836e+04 1.475030481636085540e+02 6.382927567639411492e-01 7.625107744451771197e-01 1.056393653791267151e-01
5.833534175256940216e+04 1.920967944466807467e+02 7.593857335002793807e-01 6.404305149378070050e-01 1.148131668962148050e-01
5.833534362420139951e+04 1.868925989514289085e+02 7.544102262105357726e-01 6.459877752369901360e-01 1.164689007131608361e-01
5.769031447164349811e+04 3.044906960671650609e+02 9.112559657918873901e-01 3.984138613069645452e-01 1.043022527425434137e-01
5.801736777380789863e+04 3.001891306266512629e+02 9.078161022321113993e-01 4.060110877119086359e-01 1.049996246807080175e-01
5.801736587087959924e+04 3.008268311287773145e+02 9.086284467031653378e-01 4.041989230687003110e-01 1.049646437229992402e-01
5.804737124311339721e+04 2.765967721431190967e+02 8.893140986117931135e-01 4.440284697795069402e-01 1.093579079699454892e-01
5.775315010799770243e+04 2.472098814018926589e+02 8.826320167442597286e-01 4.543503321815320906e-01 1.205259252795526648e-01
5.771118526806709997e+04 1.425587298841260804e+02 6.933316364611293858e-01 7.089844975787760184e-01 1.289659803014067130e-01
5.781811904589120240e+04 1.522195341553439505e+02 6.379455120312723659e-01 7.632623914776408558e-01 1.022548064151026920e-01
5.779619095310189732e+04 1.670638590330729869e+02 6.753347703175694994e-01 7.300831950306266860e-01 1.044101352072092787e-01
5.779618900283570110e+04 1.744910011516192583e+02 6.861363950882664042e-01 7.201172181878516820e-01 1.031893376501094584e-01
5.797235274172449863e+04 2.159997321099579040e+02 7.201575591278494004e-01 6.877064621996964444e-01 9.183088739523118105e-02
5.773229096026619663e+04 2.361331596480602570e+02 8.691830172915421260e-01 4.791116978043145624e-01 1.223636526058210772e-01
5.785904001693290047e+04 7.690101758823939804e+01 6.155194260405575379e-01 7.652658870033712812e-01 1.884249409065743286e-01
5.797235084578699752e+04 2.117061548463580607e+02 7.133038484106311028e-01 6.948011385470704848e-01 9.191842968783783818e-02
5.821599788078699930e+04 2.373078731415061782e+02 8.616656730437338707e-01 4.931668369968064680e-01 1.196609325747307467e-01
5.815306079493059951e+04 2.509176760339367718e+02 8.838083593296510720e-01 4.524456954055905977e-01 1.190616507863963836e-01
5.804737313887730124e+04 2.769800458267816907e+02 8.876316880030608036e-01 4.475197205332015482e-01 1.087937782537319181e-01
5.821599978011570056e+04 2.379049072764983634e+02 8.625371794806485637e-01 4.916552918762754354e-01 1.196022072690222093e-01
5.808933284642359649e+04 2.131926500392412720e+02 7.188751015858380056e-01 6.889293441912037741e-01 9.270893717559836045e-02
5.833533987771990360e+04 1.879888375164678109e+02 7.537324548226921328e-01 6.469375878187683115e-01 1.155817633287870017e-01
5.779619282559029671e+04 1.697095407453678320e+02 6.781930470484910378e-01 7.275369237977173942e-01 1.036543074167098344e-01
5.808933664172449789e+04 2.158347139266471402e+02 7.215060260871151154e-01 6.862359702767788505e-01 9.224558210704235373e-02
5.773228721622689773e+04 2.325831521281047571e+02 8.630619431357181570e-01 4.900212601872666052e-01 1.224877417347601111e-01
5.781812119759259804e+04 1.539784066118285182e+02 6.314765525536887303e-01 7.690429400952238925e-01 9.904705883872740035e-02
5.777425581326390238e+04 2.137380773622334402e+02 8.430798194655768629e-01 5.225322061787989192e-01 1.271869156627654929e-01
5.781812314596059878e+04 1.566960069387951933e+02 6.356701551193500999e-01 7.656345802322356286e-01 9.862628170599337107e-02
5.813226167937499849e+04 2.314302533253720924e+02 8.697130609921683853e-01 4.774657676232322290e-01 1.250025291247756909e-01
5.815306266768519708e+04 2.493373041495385678e+02 8.828903605018382228e-01 4.541015508229958031e-01 1.195675243244752745e-01
5.799337591884259746e+04 2.992557963623357864e+02 9.073391302979623152e-01 4.070199020329255402e-01 1.052164529873782089e-01
5.806827565997689817e+04 2.653698545640471025e+02 8.813459956105073045e-01 4.590165519481722578e-01 1.119510654658296411e-01
5.822404826999999932e+04 2.125239125551799759e+02 8.377658660951166070e-01 5.312203990161810108e-01 1.263061410818518415e-01
5.819507041040509648e+04 2.273905045577313331e+02 8.583970192550497424e-01 4.977899975429194157e-01 1.239341586499307785e-01
5.773228908994210360e+04 2.300683657749115696e+02 8.624291082135632225e-01 4.908440961362121602e-01 1.236450831783575399e-01
5.811016222625000228e+04 2.608725482439277243e+02 8.896498369868964806e-01 4.416543498789827771e-01 1.160370750327731904e-01
5.785903624081020098e+04 nan nan nan nan
5.817406618748840265e+04 1.760599691233657609e+02 6.612069997571700108e-01 7.441675812535322176e-01 9.497323035144707160e-02
5.775314820968749700e+04 2.479613391925743713e+02 8.833105636971019248e-01 4.530777096177323049e-01 1.203454906037529082e-01
5.822404636932870199e+04 2.151620873661249504e+02 8.406301362300035995e-01 5.268421026829458453e-01 1.256119934661405757e-01
5.781815918607640197e+04 1.456332450961848508e+02 6.368340717550314833e-01 7.636089179925061865e-01 1.065072082735318004e-01
5.806827755928239640e+04 2.670043208860797108e+02 8.819951082339916315e-01 4.578952371889211670e-01 1.114297124245198362e-01
5.777425201861109963e+04 2.141864357703298083e+02 8.442297789799073637e-01 5.206526221493149587e-01 1.272671494635572442e-01
5.769031072403940198e+04 3.008866234142611233e+02 9.095948160666684768e-01 4.019665975217244225e-01 1.051671291870787117e-01
5.771118339418980031e+04 1.286458046378683662e+02 6.784548220497128579e-01 7.217839938220215190e-01 1.368463397384993008e-01
5.806827943190970109e+04 2.677140078250123452e+02 8.826042576777795023e-01 4.567545632930992139e-01 1.112878845157288105e-01
5.799337779287040030e+04 2.979806548397597794e+02 9.066251073184379283e-01 4.085346587226175719e-01 1.055004616209113816e-01
5.799337969240739767e+04 2.968872244918231900e+02 9.063938432371518861e-01 4.089610652292444137e-01 1.058350039842535784e-01
5.804736936814810178e+04 2.777212987081289270e+02 8.908738814173848830e-01 4.409056416103625531e-01 1.092974958746904951e-01
5.819507418067129765e+04 2.284149613959970964e+02 8.602176251924299466e-01 4.946452044372354195e-01 1.239022156199875019e-01
5.771118714638889651e+04 1.666626122678530635e+02 7.358910057149816719e-01 6.655980187078488486e-01 1.242727049676600887e-01
5.808933477025460161e+04 2.109462771147508420e+02 7.155214770900485410e-01 6.923963567850802692e-01 9.282403209095776986e-02
5.777425391638890142e+04 2.137907528831323702e+02 8.436169153166306334e-01 5.216327425716655863e-01 1.273176424099009274e-01
5.817406241802080331e+04 1.795821697985093408e+02 6.668206130558420597e-01 7.391769201245307341e-01 9.469820884813022477e-02
5.817406429171300260e+04 1.759198843326107067e+02 6.611647346431474004e-01 7.441970290680667288e-01 9.503670654289045339e-02
5.781815728885419958e+04 1.459374379849325578e+02 6.367205696505283674e-01 7.637397612511683809e-01 1.062473212270067940e-01
5.813226355444439832e+04 2.306201671201404793e+02 8.685779953662986497e-01 4.794983337120810596e-01 1.251144033786679155e-01
5.775315198055560177e+04 2.477233988213840803e+02 8.830991463943559383e-01 4.534742688772191999e-01 1.204034264621711425e-01
5.801736399829859874e+04 2.974858230066424198e+02 9.066782659121336296e-01 4.083680895635702912e-01 1.056883415934133652e-01
5.811016035240740166e+04 2.619559216615054993e+02 8.909358298764745721e-01 4.390928236515389549e-01 1.158914977901145948e-01
5.797234897155089857e+04 2.113719336133569584e+02 7.099744359875000965e-01 6.982962859734175298e-01 9.120634429666678311e-02
5.785903812146990094e+04 nan nan nan nan
