5.833534362420139951e+04 8.871175826860792201e-16 2.314069716283318233e-16 1.331312695378242672e-15 8.871175826860792201e-16 2.310348869004931612e-16 1.331312695378242672e-15
5.833533987771990360e+04 8.694491486777801913e-16 2.153996193746104299e-16 1.315563135982314498e-15 8.694491486777801913e-16 2.150662342579533791e-16 1.315563135982314498e-15
5.819507041040509648e+04 4.368975011177624239e-16 1.252298446178980815e-16 nan 4.368975011177624239e-16 1.246689061793567290e-16 nan
5.801736777380789863e+04 3.122552473066528421e-16 7.762450114216062647e-17 3.713378377356764652e-16 3.122552473066528421e-16 7.664189334425744537e-17 3.713378377356764652e-16
5.819507418067129765e+04 4.344393087797987683e-16 1.249839992076924690e-16 nan 4.344393087797987683e-16 1.244242110778034622e-16 nan
5.781812119759259804e+04 7.434306863968118537e-16 1.838096353104095823e-16 8.543334033982075768e-16 7.434306863968118537e-16 1.836069239868890394e-16 8.543334033982075768e-16
5.799337591884259746e+04 3.074258441549382839e-16 1.009803331563620702e-16 nan 3.074258441549382839e-16 9.964132803367549383e-17 nan
5.771118526806709997e+04 8.589036396340123701e-16 2.034605808817855653e-16 nan 8.589036396340123701e-16 2.032160009511395352e-16 nan
5.785904001693290047e+04 1.587273937717849003e-15 nan nan 1.587273937717849003e-15 nan nan
5.808933477025460161e+04 6.489214700798121472e-16 1.937634972089071492e-16 nan 6.489214700798121472e-16 1.933767241503866452e-16 nan
5.773229096026619663e+04 3.649068638720610098e-16 8.879571285905042671e-17 4.299635702426881640e-16 3.649068638720610098e-16 8.835109419831487489e-17 4.299635702426881640e-16
5.769031072403940198e+04 2.889201392294812877e-16 7.188154162103095484e-17 3.348093491932913928e-16 2.889201392294812877e-16 7.088176107610396644e-17 3.348093491932913928e-16
5.819507230849540065e+04 4.369664103409812650e-16 1.254877763523959697e-16 nan 4.369664103409812650e-16 1.249331006013892201e-16 nan
5.822404826999999932e+04 5.623014173355030038e-16 nan nan 5.623014173355030038e-16 nan nan
5.779619282559029671e+04 9.285469081862094294e-16 nan 1.062276293200591170e-15 9.285469081862094294e-16 nan 1.062276293200591170e-15
5.806827565997689817e+04 3.650332602884959408e-16 1.088390971154698620e-16 nan 3.650332602884959408e-16 1.080847468954119794e-16 nan
5.785903812146990094e+04 nan nan nan nan nan nan
5.781811904589120240e+04 7.483351279810565874e-16 nan nan 7.483351279810565874e-16 nan nan
5.801736399829859874e+04 3.182250405305421912e-16 7.940435422134067927e-17 3.804497907019088477e-16 3.182250405305421912e-16 7.843739669423925244e-17 3.804497907019088477e-16
5.779619095310189732e+04 9.012075508587953495e-16 nan 1.032132007004257427e-15 9.012075508587953495e-16 nan 1.032132007004257427e-15
5.799337969240739767e+04 3.108928730480121401e-16 1.001491614210400952e-16 nan 3.108928730480121401e-16 9.886691248611385995e-17 nan
5.801736587087959924e+04 3.019240045191356377e-16 7.514996770924033038e-17 3.593342850794514385e-16 3.019240045191356377e-16 7.413738250440854735e-17 3.593342850794514385e-16
5.785903624081020098e+04 nan nan nan nan nan nan
5.799337779287040030e+04 3.069228581088496446e-16 1.007208512131406910e-16 nan 3.069228581088496446e-16 9.939136718034515406e-17 nan
5.811016409763890260e+04 3.398977303102874676e-16 8.292524788791425575e-17 3.956667261110170321e-16 3.398977303102874676e-16 8.231714047772752961e-17 3.956667261110170321e-16
5.821599788078699930e+04 4.171815853023393406e-16 nan nan 4.171815853023393406e-16 nan nan
5.822404446969910350e+04 5.444830449853577244e-16 nan nan 5.444830449853577244e-16 nan nan
5.775315010799770243e+04 3.219533061263103391e-16 7.628195321631836326e-17 4.923774779281794864e-16 3.219533061263103391e-16 7.578842360982241997e-17 4.923774779281794864e-16
5.775314820968749700e+04 3.165978205453856973e-16 7.548009804216790683e-17 5.137363885143641919e-16 3.165978205453856973e-16 7.497970547915025970e-17 5.137363885143641919e-16
5.769031259791670163e+04 2.864360097589702604e-16 7.102769873110132108e-17 3.283464544694694936e-16 2.864360097589702604e-16 7.002887514094333140e-17 3.283464544694694936e-16
5.777425391638890142e+04 5.088213568993417873e-16 1.572273335288476817e-16 nan 5.088213568993417873e-16 1.567529176205871765e-16 nan
5.817406429171300260e+04 7.149609902624910059e-16 2.007873855456956477e-16 nan 7.149609902624910059e-16 2.004718598074930081e-16 nan
5.811016222625000228e+04 3.392566407629173685e-16 8.351795672234461469e-17 3.978372806447955458e-16 3.392566407629173685e-16 8.289854711077886808e-17 3.978372806447955458e-16
5.804737124311339721e+04 3.369731328082547045e-16 8.048875875451104341e-17 5.144975138412323872e-16 3.369731328082547045e-16 7.978049930902476007e-17 5.144975138412323872e-16
5.781815728885419958e+04 8.571458825197455697e-16 nan nan 8.571458825197455697e-16 nan nan
5.815306079493059951e+04 3.711059678421456055e-16 9.296929889790848672e-17 4.464893182612055208e-16 3.711059678421456055e-16 9.240916438481618760e-17 4.464893182612055208e-16
5.797235274172449863e+04 8.453966447790834515e-16 2.081499324426098045e-16 9.896822868656889004e-16 8.453966447790834515e-16 2.078389904888369627e-16 9.896822868656889004e-16
5.769031447164349811e+04 2.824852613417822371e-16 7.066794941856205484e-17 3.258387730517040830e-16 2.824852613417822371e-16 6.964533907296541951e-17 3.258387730517040830e-16
5.775315198055560177e+04 3.214841695690062273e-16 7.560037808959130454e-17 4.978657103935960602e-16 3.214841695690062273e-16 7.511505277174821395e-17 4.978657103935960602e-16
5.777425201861109963e+04 5.050455549065963092e-16 1.572601688940037821e-16 nan 5.050455549065963092e-16 1.567848890605890465e-16 nan
5.804737313887730124e+04 3.512561253537479785e-16 8.391384141247220484e-17 5.385239387417777058e-16 3.512561253537479785e-16 8.324593248040432733e-17 5.385239387417777058e-16
5.808933664172449789e+04 6.473779263807728828e-16 1.956235776815807510e-16 nan 6.473779263807728828e-16 1.952342099588912261e-16 nan
5.815306266768519708e+04 3.743069087682494358e-16 9.307849400630655424e-17 4.470216716768647736e-16 3.743069087682494358e-16 9.252360610082499932e-17 4.470216716768647736e-16
5.822404636932870199e+04 5.487290201415632818e-16 nan nan 5.487290201415632818e-16 nan nan
5.781815918607640197e+04 8.747723709001720193e-16 nan nan 8.747723709001720193e-16 nan nan
5.771118339418980031e+04 9.913779891375138346e-16 2.342583190604266184e-16 5.564124534225153357e-15 9.913779891375138346e-16 2.340499509994420839e-16 5.564124534225153357e-15
5.833534175256940216e+04 8.436627088431458281e-16 2.092721375457052758e-16 1.290916513106856808e-15 8.436627088431458281e-16 2.088994316297650169e-16 1.290916513106856808e-15
5.821599978011570056e+04 4.190169342413778713e-16 nan nan 4.190169342413778713e-16 nan nan
5.781812314596059878e+04 7.361098016062185042e-16 1.829204496016283146e-16 8.600849149846313800e-16 7.361098016062185042e-16 1.827178364319397327e-16 8.600849149846313800e-16
5.797234897155089857e+04 8.382685267764159350e-16 2.066670711818866171e-16 1.006146060924219684e-15 8.382685267764159350e-16 2.063717777821792329e-16 1.006146060924219684e-15
5.771118714638889651e+04 6.865612848730293102e-16 1.620128447918820743e-16 nan 6.865612848730293102e-16 1.617019379155979729e-16 nan
5.821600167568289908e+04 4.161924722036668295e-16 nan nan 4.161924722036668295e-16 nan nan
5.797235084578699752e+04 8.538199512795239544e-16 2.062710200821155992e-16 1.000146325631042736e-15 8.538199512795239544e-16 2.059617193191134293e-16 1.000146325631042736e-15
5.808933284642359649e+04 6.471507624581171411e-16 1.912974661869062984e-16 nan 6.471507624581171411e-16 1.909359714098952405e-16 nan
5.813226167937499849e+04 4.677387500261318182e-16 1.142292861737030641e-16 7.622092339095570323e-16 4.677387500261318182e-16 1.138207937509255051e-16 7.622092339095570323e-16
5.777425581326390238e+04 5.167135833421587290e-16 1.607372202064872828e-16 nan 5.167135833421587290e-16 1.602491163518443855e-16 nan
5.804736936814810178e+04 3.294783040571009286e-16 7.932966037817534389e-17 8.185264402707099065e-16 3.294783040571009286e-16 7.860160369930835775e-17 8.185264402707099065e-16
5.779618900283570110e+04 8.737382955742229813e-16 nan 1.014106487767859955e-15 8.737382955742229813e-16 nan 1.014106487767859955e-15
5.806827755928239640e+04 3.550941391689608829e-16 1.054781052046181299e-16 nan 3.550941391689608829e-16 1.047205931338105487e-16 nan
5.806827943190970109e+04 3.630787352784400489e-16 1.072955135028978212e-16 nan 3.630787352784400489e-16 1.065575140829736807e-16 nan
5.815306454024309642e+04 3.688232767328587501e-16 9.174123307727463025e-17 4.385592933529750824e-16 3.688232767328587501e-16 9.121194049127558072e-17 4.385592933529750824e-16
5.773228721622689773e+04 3.802641456765679688e-16 9.413560704941804784e-17 4.532355425473865380e-16 3.802641456765679688e-16 9.371151981254522218e-17 4.532355425473865380e-16
5.817406241802080331e+04 7.027359011054561335e-16 1.978485024488889119e-16 nan 7.027359011054561335e-16 1.975330086822589883e-16 nan
5.813226355444439832e+04 4.745647956491388366e-16 1.144870029763797984e-16 7.889778538679137466e-16 4.745647956491388366e-16 1.140779063862533909e-16 7.889778538679137466e-16
5.781815539165509836e+04 8.630512080588338690e-16 nan nan 8.630512080588338690e-16 nan nan
5.817406618748840265e+04 7.165534545602899639e-16 2.009793439780483564e-16 nan 7.165534545602899639e-16 2.006726526433934462e-16 nan
5.811016035240740166e+04 3.436189798343775058e-16 8.532078462911022240e-17 4.075321784697330438e-16 3.436189798343775058e-16 8.470187475561576861e-17 4.075321784697330438e-16
5.773228908994210360e+04 3.752554532174445269e-16 9.219981077914214778e-17 4.463253132536493620e-16 3.752554532174445269e-16 9.178206496702570773e-17 4.463253132536493620e-16
