5.797235326799999893e+04 6.133506059718473111e-17 nan 5.602240235793153247e-17 8.219732510919227560e-18 nan 6.737030077166668459e-18
5.815306508800000302e+04 6.751196310871324239e-17 nan 5.929417912340157551e-17 1.107795413873193690e-17 nan 8.584177423520340783e-18
5.804737367800000357e+04 6.428620324478503890e-17 7.524833552253900487e-17 6.053779593691626369e-17 8.821902622013537182e-18 7.602766496415352380e-18 7.395822661932121313e-18
5.781812369000000035e+04 7.213438161356426123e-17 nan 6.735374765289539670e-17 1.182098335829596966e-17 nan 9.596237318303622145e-18
5.808933719199999905e+04 6.587352165102220445e-17 7.896501054519784752e-17 7.456490943462855496e-17 9.460654378257246526e-18 8.333010628853990630e-18 9.550429450517938484e-18
5.773229151599999750e+04 8.331711775352889261e-17 nan 7.722981856179648180e-17 1.132123463325828720e-17 nan 8.763665544585259447e-18
5.821600220599999739e+04 6.422006776839137140e-17 7.694821693633387238e-17 nan 1.031943388697377935e-17 9.141088201666424342e-18 nan
5.822404881400000158e+04 6.471097772540956310e-17 7.576364114716745255e-17 nan 1.192721741527289898e-17 1.032204285289124320e-17 nan
5.806827997599999799e+04 6.601804744573926752e-17 7.974452064145029112e-17 7.384077641774294267e-17 9.366890386488147945e-18 8.313467798815556807e-18 9.334557389577078917e-18
5.819507473400000163e+04 6.780451048710467441e-17 8.012008921438777619e-17 6.211368096804305778e-17 1.031595719908689802e-17 8.908184410205803541e-18 8.321072175809187661e-18
5.811016464000000269e+04 9.910154833959383489e-17 nan 6.001391567511263352e-17 1.631104256826598950e-17 nan 7.703695448949809416e-18
5.833534418200000073e+04 6.897761554106177214e-17 8.343626390464881021e-17 6.583676138635445197e-17 1.218994160744511624e-17 1.078740771425379013e-17 1.024348260964542380e-17
5.813226409799999965e+04 6.625730976287127845e-17 7.709622588202310992e-17 6.174203757629857389e-17 1.038236174720283108e-17 8.859760069020692255e-18 8.574259743892404581e-18
5.781815971400000126e+04 7.295674208477210581e-17 8.666501448472460737e-17 nan 1.319191937358592162e-17 1.132068944566254584e-17 nan
5.779619338399999833e+04 7.794011051239308389e-17 9.071082756942785555e-17 nan 1.249614618809681543e-17 1.032610742816639172e-17 nan
5.801736830400000326e+04 6.341208124945863081e-17 nan 5.678427819435350920e-17 8.224252288107370507e-18 nan 6.557670589211410722e-18
5.777425635199999670e+04 7.505018572897179122e-17 7.699713525267109232e-17 7.289273113108999237e-17 1.517448692616953473e-17 1.109500678690928188e-17 1.275339678636124758e-17
5.775315251600000192e+04 7.845463989469149474e-17 9.141328145455490277e-17 7.303935502700712629e-17 1.094765054440253463e-17 9.035074822820978307e-18 8.651973488314935929e-18
5.817406672599999729e+04 6.693065019293366279e-17 7.939709861757094745e-17 6.138542161658420119e-17 1.058758680645937792e-17 9.207155554568991639e-18 8.585827064097592563e-18
5.771118768799999816e+04 8.487828465808682703e-17 9.958204810323748122e-17 8.098706679607589246e-17 1.570303330660845200e-17 1.287068712823183673e-17 1.249981848454738404e-17
5.799338022400000045e+04 6.302975820160459860e-17 7.520442877490470667e-17 6.412914438683873144e-17 7.726343337546030985e-18 6.810240417072181058e-18 7.028112995525157432e-18
5.769031502000000182e+04 8.617577717340074886e-17 nan 8.038060942111346849e-17 1.024632575940124067e-17 nan 7.901491409785442604e-18
