5.821819390199999907e+04 2.213265774678973441e-16 3.390738011940279142e-16 nan 3.942143135583250917e-17 2.364153838855860196e-17 nan
5.814337726999999722e+04 2.172612751020365168e-16 3.399768027742316063e-16 nan 1.877672035484933731e-17 1.164673751978430872e-17 nan
5.826406757400000060e+04 2.280601550364441154e-16 3.491917040176232306e-16 nan 2.710646683966014345e-17 1.604984652772909438e-17 nan
5.786715477799999644e+04 1.882330840440879773e-16 2.917335466671750992e-16 nan 1.986056933049507448e-17 1.280279869216330804e-17 nan
5.824312509600000340e+04 2.213078284512389863e-16 3.401490221746120775e-16 2.254534993322981272e-16 1.978027945619872878e-17 1.195779031714595147e-17 1.750228405135229788e-17
5.811034490999999980e+04 2.201790478928607025e-16 3.369474826596912747e-16 2.302226770569061311e-16 1.851029721057193176e-17 1.117461149063167933e-17 1.698045585577616276e-17
5.827419314199999644e+04 2.233127344681973828e-16 3.491316820855125696e-16 nan 2.080216131900577966e-17 1.274481536057179738e-17 nan
5.816432514400000218e+04 2.182191308369143997e-16 3.401788359243509709e-16 nan 2.052797550550219630e-17 1.264335424294011674e-17 nan
5.817630904800000280e+04 2.209567574389666573e-16 3.465944584010715012e-16 nan 2.086673149433080420e-17 1.287418775728506251e-17 nan
5.785718170999999711e+04 1.855301087819850896e-16 3.195240601560207343e-16 nan 3.968807163754621111e-17 2.902326104169261235e-17 nan
5.791103369999999995e+04 2.528526014462402255e-16 3.084723062867154010e-16 nan 2.482513889904641308e-17 1.122404120856778653e-17 nan
5.831815766199999780e+04 2.338576473765131410e-16 3.560187631211708599e-16 2.502091307690638847e-16 2.441607816596902727e-17 1.426544857887945589e-17 2.303540191292003794e-17
5.788831707599999936e+04 1.890146929050672626e-16 3.256670055867064448e-16 nan 1.446353711309003834e-17 1.039038292615081604e-17 nan
5.782430970600000001e+04 1.943031731218260107e-16 2.971370573621717212e-16 2.081438549257345508e-16 1.875123887844986528e-17 1.179618613594038266e-17 1.781801003207853258e-17
5.753007706000000326e+04 2.161009781557720070e-16 3.355711302392806340e-16 nan 1.572771128967338128e-17 9.729699843410549410e-18 nan
5.761200198400000227e+04 2.118160506631254796e-16 3.773946940171888629e-16 nan 1.599862557965889650e-17 1.147135321707776735e-17 nan
5.793314970400000311e+04 1.946815591415085172e-16 2.927552323238211488e-16 nan 1.761288813110168687e-17 1.088822646679402082e-17 nan
5.754723535599999741e+04 2.177652255932830420e-16 3.442863909238021980e-16 nan 1.683636188038851620e-17 1.056954685721001400e-17 nan
5.774634026199999789e+04 1.987457242401336090e-16 3.176030774818000044e-16 nan 1.731399063422983961e-17 1.131521744918367860e-17 nan
5.820922686599999724e+04 2.177245109646280560e-16 3.407911808219101800e-16 nan 2.199962682792803442e-17 1.360107940557788943e-17 nan
5.762008153399999719e+04 2.117702013450075488e-16 3.338371239012002227e-16 nan 1.752283679176544932e-17 1.105848381897962609e-17 nan
5.772434731399999873e+04 1.927725456693970028e-16 3.004596422987478968e-16 2.126641502097448822e-16 1.660673264318470686e-17 1.068813243435528922e-17 1.642484527759521930e-17
5.787734674400000222e+04 1.916838255613198120e-16 4.194223908920311746e-16 nan 1.367531076280178316e-17 1.252344520599904180e-17 nan
5.822217833799999789e+04 3.086530498705659108e-16 3.509118022801911441e-16 nan 3.561830544599124270e-17 1.364897533832209231e-17 nan
5.759998646200000076e+04 2.086359339177292490e-16 3.325848758748364714e-16 nan 1.599864930142579154e-17 1.027804644805770171e-17 nan
5.780131989400000020e+04 1.920206791040792690e-16 2.884968015861765637e-16 nan 1.863993649677992871e-17 1.156232242875478491e-17 nan
5.779120172399999865e+04 1.946962405057211248e-16 3.155687363042231422e-16 nan 1.788087253153990437e-17 1.193369471719885288e-17 nan
5.781430015599999751e+04 1.918754972374806700e-16 2.955354210127969728e-16 nan 1.947544694795435691e-17 1.239309830993748251e-17 nan
5.775719153599999845e+04 1.957141595122652435e-16 3.268778737822437397e-16 2.116987390267141620e-16 1.845838657556121898e-17 1.267748982506499827e-17 1.776745821116380870e-17
5.761013453399999707e+04 2.067323929520704697e-16 3.200137563438672608e-16 2.828233547163934763e-16 2.026050807648393214e-17 1.262540741404236084e-17 2.704552862495123080e-17
5.813334535199999664e+04 2.193169131127416890e-16 3.336641884017388324e-16 2.317603251172219535e-16 1.831997447460213214e-17 1.100985497293547721e-17 1.705158930807712515e-17
5.792214939199999935e+04 1.889782334451289148e-16 2.999266361045383273e-16 nan 1.583755534970302382e-17 1.045320577612440678e-17 nan
5.776936095000000205e+04 1.918986710469589766e-16 3.015978849311217896e-16 2.004953768517405823e-16 1.875167887492179671e-17 1.218233792893920494e-17 1.723914046486223600e-17
5.833911729999999807e+04 2.305683094724873579e-16 3.594750536747667091e-16 nan 2.152787793495853470e-17 1.299501855130238415e-17 nan
5.808928733199999988e+04 2.151976176035425902e-16 3.316529530019271340e-16 2.351055097502337771e-16 2.841225679989006593e-17 1.731752758153137703e-17 2.763264599033136126e-17
5.823315259800000058e+04 2.213488312371198252e-16 3.516187051418599876e-16 2.108138104507718079e-16 2.162434848695598617e-17 1.349786148453997249e-17 1.745279803115452792e-17
5.755801660599999741e+04 2.114729666634140168e-16 3.274009084949815719e-16 2.679833523709641047e-16 1.606736070368136482e-17 9.972723437757909483e-18 1.919867359943357440e-17
5.830805967200000305e+04 2.269638675916204137e-16 3.602860415606770962e-16 nan 2.228587081801813970e-17 1.377015637051776671e-17 nan
5.834905747800000245e+04 2.327872474418929836e-16 3.608019385091531843e-16 2.395689862070745785e-16 2.187343061808065462e-17 1.307525665305769917e-17 1.957584712161545678e-17
5.820824298200000339e+04 2.210215846634767210e-16 3.482138175761634309e-16 nan 2.142046706040541536e-17 1.326732006683012319e-17 nan
5.825404606800000329e+04 2.247789172654908062e-16 3.415671237340183898e-16 2.417624020154575414e-16 2.232009638077552071e-17 1.323070381665572598e-17 2.124170923383116687e-17
5.819735963600000105e+04 2.207247221470707090e-16 3.431591896315388846e-16 2.369429206638375721e-16 2.056448222947646780e-17 1.258052692010873671e-17 1.953619450314392163e-17
5.818627016000000003e+04 2.165182142687903730e-16 3.396849377510937635e-16 nan 1.950062317829589703e-17 1.213299328768845596e-17 nan
5.829398788600000262e+04 2.277416963709546317e-16 3.523422227129678579e-16 2.085656016183266588e-16 2.619019518249451985e-17 1.569103821204713085e-17 1.996027735856387204e-17
5.785729748600000312e+04 1.924129797467983889e-16 2.864965151482423050e-16 2.063537837470046947e-16 2.123881213805838227e-17 1.304188158278624550e-17 2.020542289328854348e-17
5.828426559000000270e+04 2.294043400202437957e-16 3.538836477193858934e-16 nan 2.147158773657095583e-17 1.284478251245106283e-17 nan
5.812134674000000086e+04 2.165207961290767155e-16 3.462651374356393946e-16 2.125514708579325102e-16 1.905013803403544687e-17 1.209389761221348285e-17 1.605512830915340430e-17
5.756819116400000348e+04 2.154477162582218509e-16 3.609794904704487809e-16 nan 1.649782827806011735e-17 1.103666260165616438e-17 nan
5.790106133199999749e+04 1.914412908299756702e-16 2.916245450088332835e-16 nan 1.782763833380214920e-17 1.122918342315996187e-17 nan
5.773629007799999818e+04 1.967822812399591547e-16 3.522811173954537168e-16 2.105621363031451635e-16 1.807967963964977902e-17 1.331355380141598822e-17 1.715285903698717087e-17
5.763300889399999869e+04 2.101593022972985661e-16 3.778885059059432327e-16 2.297559044808554778e-16 1.615296484904506901e-17 1.171799783056056134e-17 1.576626801131234786e-17
5.758319485400000121e+04 2.120281557285976541e-16 3.322031927434029548e-16 2.300263939749808830e-16 1.751135772752784045e-17 1.097686717708657253e-17 1.690547696449518909e-17
