5.829398925767360197e+04 2.108149055125035147e+02 7.512393384014617315e-01 6.520402452478200050e-01 1.023864005388265830e-01
5.785729886380789685e+04 1.799839155666397232e+02 7.180673264292622981e-01 6.872948250130117565e-01 1.095679616724938299e-01
5.754723669991899806e+04 2.960695303745756064e+02 9.055799563339274050e-01 4.107339015733348364e-01 1.059367961786081419e-01
5.763301029209489934e+04 2.908393770956898834e+02 8.914858246310393142e-01 4.408292686713328190e-01 1.045111494751327919e-01
5.831815526644680358e+04 2.261186413725492343e+02 8.299962427447933333e-01 5.454623537241710673e-01 1.165206320752391195e-01
5.775718913462960336e+04 2.475966090187003772e+02 8.607388349701647901e-01 4.960158365197598895e-01 1.144418974668215266e-01
5.825404555556709965e+04 2.616714054714069562e+02 8.827818621629690554e-01 4.557654570547340356e-01 1.139036083351632339e-01
5.825404742700229690e+04 2.503519646290125138e+02 8.769663119681632146e-01 4.659679526663386695e-01 1.174902326191371166e-01
5.814337675952549762e+04 2.782641216867827438e+02 8.906387398141085709e-01 4.414474059937278927e-01 1.090267072039934337e-01
5.834905882418980036e+04 2.268590568467373885e+02 8.164904333339855214e-01 5.663140018774494022e-01 1.123913855757129876e-01
5.830806103812500078e+04 2.582890687511890064e+02 8.894743195265103486e-01 4.417136715685912596e-01 1.171514714045291117e-01
5.785729509346059785e+04 2.008962925116628639e+02 7.590307294058509235e-01 6.417494062352074868e-01 1.096815910459940507e-01
5.762008101782410085e+04 2.538480173649862479e+02 8.328344785271681872e-01 5.435676255884219765e-01 1.045034343385183306e-01
5.791103319438659673e+04 2.818537960204400861e+02 8.356942654426916528e-01 5.409568176743437817e-01 9.476716793197333122e-02
5.821819339841439796e+04 1.411778755613156306e+02 7.728678884065243171e-01 6.135875482875678966e-01 1.618194909659896319e-01
5.780131938141200226e+04 2.207605687073007914e+02 8.135618308369069185e-01 5.700597641668765370e-01 1.146691444256255354e-01
5.761199958975690242e+04 2.933288639611063218e+02 8.834741872878015823e-01 4.572922726639988000e-01 1.017700238673138052e-01
5.782430731930559705e+04 2.073941938254849902e+02 7.913265108797798986e-01 6.003890649481020692e-01 1.154786727910280392e-01
5.753007467814820120e+04 2.733150761757663645e+02 8.208385407003494505e-01 5.633245806213617035e-01 9.428418196435681131e-02
5.787734813106479851e+04 3.062527436107558287e+02 8.892373329530087744e-01 4.466600142873856094e-01 9.875118895189317902e-02
5.824312269599540014e+04 2.662819690917657454e+02 8.793997522900137698e-01 4.629452801389352112e-01 1.110753945270734760e-01
5.822217972678240039e+04 2.545181140839285376e+02 8.845899035953176393e-01 4.513030602985535489e-01 1.175850765292376504e-01
5.813334296329860081e+04 2.885981288374813971e+02 9.019960047252101321e-01 4.180644405813910280e-01 1.078208281415394681e-01
5.781429775741900085e+04 2.257259617491901906e+02 8.650693868326992941e-01 4.853633684696855299e-01 1.267965161692463094e-01
5.828426509484949929e+04 2.412240197108521329e+02 8.699571799624754576e-01 4.783051027684626089e-01 1.199947236231134612e-01
5.754723295498840162e+04 2.949320096380416771e+02 9.054434947822915802e-01 4.109374071016063112e-01 1.063133350104247671e-01
5.823315396350689844e+04 2.535775834142596636e+02 8.678694024914539451e-01 4.836293552778812010e-01 1.136017030357712732e-01
5.825404368166669883e+04 2.623314945951451591e+02 8.831912797309631191e-01 4.550168971605593193e-01 1.137224107445872628e-01
5.785718151214120007e+04 8.004676291355249873e+01 4.970682847215269762e-01 8.596433688805963369e-01 1.180525250200848142e-01
5.828426319100690307e+04 2.366944878416418021e+02 8.667162227408856667e-01 4.838073069941619675e-01 1.213815428177935224e-01
5.775719103354169783e+04 2.468397034825289040e+02 8.550383820530872425e-01 5.060411080482153379e-01 1.132773683547306370e-01
5.756818854954859853e+04 2.952623669273078804e+02 9.026741865433495215e-01 4.171802969096121139e-01 1.055457854142465846e-01
5.777932645429400145e+04 2.335875968310813278e+02 8.739438366402466629e-01 4.696628473175090135e-01 1.250559084895071504e-01
5.752033229543980269e+04 nan nan nan nan
5.811034251591440261e+04 2.823013093918075356e+02 8.956207530568096598e-01 4.313393188700933578e-01 1.086731737395995601e-01
5.780131750628470036e+04 2.224261117032652351e+02 8.177469815657856245e-01 5.639755780208846048e-01 1.149844404084992278e-01
5.815634642906249792e+04 2.505864126373314207e+02 8.536150431187329302e-01 5.088940373009861462e-01 1.112124856340608453e-01
5.833911491662039771e+04 2.372098221620623519e+02 8.665790635338622705e-01 4.841285762476241761e-01 1.210795123264967327e-01
5.817630666320599994e+04 2.642672918898045396e+02 8.660003342854412089e-01 4.881219529292802894e-01 1.085374593677656818e-01
5.776936233684029867e+04 2.180338906646538533e+02 8.055143239010513767e-01 5.815429689539481917e-01 1.138176139727904296e-01
5.792215074342589651e+04 2.931375759857471053e+02 9.002460148767471582e-01 4.223461129001314096e-01 1.057396501634323416e-01
5.782430919329859898e+04 2.091700854403398750e+02 7.915223101008440620e-01 6.003079260704354825e-01 1.145549060915136697e-01
5.787734435098380345e+04 3.022325884293408649e+02 8.847314076788636017e-01 4.554544963549874703e-01 9.905320800762118516e-02
5.772434679296299873e+04 2.552517585122616879e+02 8.722597963261909948e-01 4.755697053589249546e-01 1.140013291932037987e-01
5.820922635410880321e+04 1.705536843086586600e+02 6.102583576564085677e-01 7.877882586990883063e-01 8.351285150419295034e-02
5.829398551293979835e+04 2.135986589689324830e+02 7.677367520516380495e-01 6.320140768117507024e-01 1.055390271936969826e-01
5.827419451822919655e+04 2.519480056822885103e+02 8.774302824311955851e-01 4.652500562404628393e-01 1.168695197258828172e-01
5.759998593644679931e+04 2.923467599015519909e+02 9.003006311360987057e-01 4.221547109711704659e-01 1.060385476173157926e-01
5.755801421140049933e+04 2.893365809940972895e+02 8.622139771489316651e-01 4.969209057384313399e-01 9.826836240173568437e-02
5.774634164041670010e+04 2.658077372169701107e+02 8.821987813827726344e-01 4.573675873084381838e-01 1.119830353509356641e-01
5.814337862993060116e+04 2.723541160752336623e+02 8.814693472858284862e-01 4.594634261766554206e-01 1.091107226697011628e-01
5.788831468282410060e+04 2.763112192950642338e+02 8.619570502099296316e-01 4.964414309053880037e-01 1.028394344306103880e-01
5.826406706221059721e+04 1.581304598975916349e+02 6.833601108748621478e-01 7.212920152856944211e-01 1.129459496847837890e-01
5.763300649296300253e+04 2.936545711522696820e+02 8.933622471852558089e-01 4.371489955319941001e-01 1.039454232252612909e-01
5.808928495172449766e+04 nan nan nan nan
5.815338441898149904e+04 nan nan nan nan
5.752033042518520233e+04 nan nan nan nan
5.820922822435179842e+04 1.838141766934209613e+02 6.469248910241730544e-01 7.575654131282297810e-01 8.707944766255999725e-02
5.817630854277779872e+04 2.676365270445571696e+02 8.806272875196601291e-01 4.606669871326615207e-01 1.108219628137054047e-01
5.808928682432870119e+04 1.514770198376163250e+02 6.446980625473704984e-01 7.571997113301800475e-01 1.049428668807883269e-01
5.816432651253470249e+04 2.615528932334651699e+02 8.888991550010123532e-01 4.432931288568182082e-01 1.155400110213710418e-01
5.790106270711810066e+04 2.858517593303067201e+02 9.017123004356492055e-01 4.184256682581766196e-01 1.087882686035025331e-01
5.826406895916670328e+04 1.573986632698635049e+02 6.514992108540988980e-01 7.516059982994357513e-01 1.031368099991226278e-01
5.819735913929399976e+04 2.605754055889042320e+02 8.865073318935997593e-01 4.481061168147277285e-01 1.153501563593079260e-01
5.752032855259259668e+04 nan nan nan nan
5.812134814739580179e+04 2.708902676297039989e+02 8.656365178630961443e-01 4.893678173223863226e-01 1.057948879245926843e-01
5.832915001937500347e+04 2.133076877263608253e+02 7.861070714246167768e-01 6.080779566471321562e-01 1.108010419448345607e-01
5.772434491921299923e+04 2.535333406573529658e+02 8.721247009155091989e-01 4.756401899895635887e-01 1.147384666087422206e-01
5.834905695135419955e+04 2.274565743045629631e+02 8.183005119304825881e-01 5.636549746751726708e-01 1.125937018586767591e-01
5.793315108984950348e+04 2.918297970848413456e+02 9.056527767246684846e-01 4.101685901402486456e-01 1.074931424475923936e-01
5.754723482777780009e+04 2.929784690947416834e+02 9.044940962975057674e-01 4.128978545199228911e-01 1.067979002406083400e-01
5.750814405184030329e+04 2.955529729642549910e+02 9.075992424025394190e-01 4.060799953684829933e-01 1.065957435917089108e-01
5.814337488581019716e+04 2.783871597706215653e+02 8.933835984908313765e-01 4.357090121426180906e-01 1.096512776271970913e-01
5.753007844962959643e+04 2.889505480402917783e+02 8.435956834500009105e-01 5.286524853993033179e-01 9.419592637511069178e-02
5.750814784447920101e+04 2.947570236963465504e+02 9.057637847387015606e-01 4.101950722377430414e-01 1.064517212998252332e-01
5.830805916629629792e+04 2.571044513944883647e+02 8.882809123273448515e-01 4.440495215375980798e-01 1.173756500179240769e-01
5.818626413548609708e+04 2.602612485831180038e+02 8.685817239160161796e-01 4.829849836441706401e-01 1.108661104816141135e-01
5.824312459526619932e+04 2.653937383044989247e+02 8.760881519962777642e-01 4.692921466371786643e-01 1.106093623361779632e-01
5.785729699114579853e+04 1.827950741224816227e+02 7.189060902556803079e-01 6.866446157216572477e-01 1.081351242369905513e-01
5.820824059042819863e+04 1.798354178148622680e+02 6.176593407048004414e-01 7.822493240650130186e-01 8.113528110471868171e-02
5.791103509098380164e+04 2.803285609755415635e+02 8.391224244018459233e-01 5.353922462460585230e-01 9.606612059185300201e-02
5.816432274166669959e+04 2.636844102954440245e+02 8.911043258214217389e-01 4.389393077144536082e-01 1.151753647509121681e-01
5.786715427152779739e+04 2.384025032767882806e+02 8.770630027532612116e-01 4.642535376276560877e-01 1.234064098887868721e-01
5.780132125148150226e+04 2.208137448630804442e+02 8.085749285806950182e-01 5.773934509798611669e-01 1.132403975456212769e-01
5.819736103619210189e+04 2.626912342662074593e+02 8.879063085432064018e-01 4.454743166821721889e-01 1.147824918083235474e-01
5.779120310692129715e+04 2.483229053276209584e+02 8.629135967123641171e-01 4.921662180317150082e-01 1.146845169902626360e-01
5.813334673453700088e+04 2.882044340923476398e+02 9.019782846540052024e-01 4.180657559972610904e-01 1.079638720825481374e-01
5.827419264663189824e+04 2.562695898833226238e+02 8.801922592415354352e-01 4.603182201255022754e-01 1.156231940043653955e-01
5.772434866576390050e+04 2.592874364718331321e+02 8.740093035939339172e-01 4.726642528777229568e-01 1.126775988508399856e-01
5.828426696519680263e+04 2.346522998437199874e+02 8.650429940000896600e-01 4.866466890116927790e-01 1.219656451846895806e-01
5.762008289043980039e+04 2.524418005249985697e+02 8.288777348050645477e-01 5.496608877975399654e-01 1.040894287141858748e-01
5.777932455837960151e+04 2.340782417925414336e+02 8.748659996755291379e-01 4.679424745002786490e-01 1.250572795573821339e-01
5.790106083542820124e+04 2.869248435723781085e+02 9.018732366003633372e-01 4.181743029840881976e-01 1.084200969735635844e-01
5.758319623273149773e+04 2.511076910755348592e+02 8.242129678307782426e-01 5.567471313658473031e-01 1.034679437095398086e-01
5.786715617920140357e+04 2.366139034933290475e+02 8.747935628454241996e-01 4.684392894043428179e-01 1.236966230200453876e-01
5.808928869571760151e+04 2.301090297075963065e+02 7.797090259228908193e-01 6.179349274200607312e-01 1.010458330102788765e-01
5.811034438879630034e+04 2.839183738527891023e+02 8.966034629154400193e-01 4.293893182373442197e-01 1.082914755265164536e-01
5.761013213571759843e+04 2.561373801744850880e+02 8.449824702101857987e-01 5.240594758456373903e-01 1.066128079261028094e-01
5.818626778427079989e+04 2.621488450438391169e+02 8.674434504957110326e-01 4.852734449379730308e-01 1.097795237288214792e-01
5.823315021841439739e+04 2.104419060762647575e+02 8.310090849074471819e-01 5.419151373030249852e-01 1.255065128315278056e-01
5.820824248755790177e+04 1.786832835501692500e+02 6.165837646911919157e-01 7.830725934851014980e-01 8.137428618276279502e-02
5.762007914293980139e+04 2.575957625573003611e+02 8.369882477705609114e-01 5.372448253326453926e-01 1.040128393385233718e-01
5.777932265245370218e+04 2.318281780922666542e+02 8.698220786875705546e-01 4.773151009053563376e-01 1.248192528232060783e-01
5.791103132280090358e+04 2.760675498839709121e+02 8.301355044794489491e-01 5.493272362329407743e-01 9.547058047026703298e-02
5.775719293282410217e+04 2.482005630223710568e+02 8.572448688914741100e-01 5.023029811430250735e-01 1.132384647285069046e-01
5.819735718868060212e+04 2.595980577784737307e+02 8.863698488631596151e-01 4.482753289463382584e-01 1.157485226011617380e-01
5.773628956223379646e+04 2.239795181995006033e+02 7.771453478782787139e-01 6.208135011202648990e-01 1.031295549197615430e-01
5.786715239743059647e+04 2.320574182825466210e+02 8.706322471809657682e-01 4.758071024043044606e-01 1.249283453434064245e-01
5.830805729326389701e+04 2.600629046368200079e+02 8.898839079362766968e-01 4.410711904908312664e-01 1.164595866172515176e-01
5.755801611182869965e+04 2.884958809989129236e+02 8.645245803155729991e-01 4.927267794947107205e-01 9.908365555909455502e-02
5.781429965668980003e+04 2.286217704254838452e+02 8.679084096666944692e-01 4.804743325873610527e-01 1.260135236970980066e-01
5.818626965681710135e+04 2.617063108075400351e+02 8.669006109941765903e-01 4.862316688956969668e-01 1.098275685828859621e-01
5.773628768722219684e+04 2.209112196898197453e+02 7.737423528940723383e-01 6.249638506710204489e-01 1.036482353559161074e-01
5.758319436125000357e+04 2.575187672030598378e+02 8.354315619632343148e-01 5.397307412707880170e-01 1.036572824405327803e-01
5.815634830284719646e+04 2.508227973736310332e+02 8.534253434939731431e-01 5.092457537377856891e-01 1.110582972237037364e-01
5.763300839271990117e+04 2.905558319421780311e+02 8.919505926781550187e-01 4.398379150338962984e-01 1.047222455819338538e-01
5.815338254519680049e+04 2.420333928003391293e+02 7.934770069300963735e-01 6.004131389730015256e-01 9.949021068347865815e-02
5.755801800879630173e+04 2.901236438971975531e+02 8.668637606894874503e-01 4.886041461955717979e-01 9.906164103110404184e-02
5.759998406383099791e+04 2.936808945984811885e+02 9.007997668959607518e-01 4.211802517125119438e-01 1.056739112911395384e-01
5.792214699253469735e+04 2.913261149480209724e+02 8.989406188374573503e-01 4.250305050859485845e-01 1.060888003066902119e-01
5.833911679018520226e+04 2.366628715608687514e+02 8.664010097070272698e-01 4.843896181112655741e-01 1.213094730211371347e-01
5.761013403491899953e+04 2.532020234063296584e+02 8.427766267026916003e-01 5.274629677256513771e-01 1.072864164826119876e-01
5.776935856103010155e+04 2.171153940182902886e+02 8.106042408733056259e-01 5.740410521834291568e-01 1.157481537060251198e-01
5.833911866302080307e+04 2.366763129864068844e+02 8.659979793136051152e-01 4.851397149624572247e-01 1.211897553050522020e-01
5.822217782984949736e+04 2.539518727020937945e+02 8.844832629109791178e-01 4.514510794524998483e-01 1.178188460795668024e-01
5.750814597651619988e+04 3.024928567760877058e+02 9.100314220248253427e-01 4.010970039767763895e-01 1.047091415700076578e-01
5.774633784363429731e+04 2.658169819189681107e+02 8.829452426222418326e-01 4.558792347780742937e-01 1.121687203676131478e-01
5.832915189348380227e+04 2.101271569200857812e+02 7.822010507335047658e-01 6.129924652685093678e-01 1.113631615725612506e-01
5.811034628445599810e+04 2.829276945223351163e+02 8.964376501605852976e-01 4.296498110511977053e-01 1.086304710393829615e-01
5.829398738712960039e+04 2.122695768255332212e+02 7.609538133864751641e-01 6.403625653774307480e-01 1.043315808172068232e-01
5.793314732129630283e+04 2.833873516777053396e+02 9.017462797730578794e-01 4.181031105370488499e-01 1.097425891561438077e-01
5.756819065248840343e+04 2.922203869255407653e+02 9.006942382250248125e-01 4.212793547865767985e-01 1.061771842669022581e-01
5.774633974197920179e+04 2.670753539817002320e+02 8.833081836541213372e-01 4.552829986807586105e-01 1.117320178011348003e-01
5.758319246322919935e+04 2.196340838982725927e+02 7.794536699541829705e-01 6.174619472383359176e-01 1.057956525930922181e-01
5.781430152931709745e+04 2.298838670671234468e+02 8.683247263413758077e-01 4.798713237800292242e-01 1.254419476801005850e-01
5.821819139609950071e+04 1.306847887471497529e+02 7.550640298491856361e-01 6.340654308385806903e-01 1.668512518484446816e-01
5.779119933505789959e+04 2.488840588692795848e+02 8.632134338888226566e-01 4.916818728746922829e-01 1.145054734076159375e-01
5.817631041427080345e+04 2.672786028531288594e+02 8.827486764414137488e-01 4.564222414812308393e-01 1.115056578034553658e-01
5.788831842739580316e+04 2.811619610172803618e+02 8.644682247877631953e-01 4.923016994149608250e-01 1.016549314368722090e-01
5.785717963824069739e+04 1.051852159764135877e+02 5.548478969328035637e-01 8.243867696926866495e-01 1.119386672464083854e-01
5.831815903825229907e+04 2.312128568622945579e+02 8.359923374484578007e-01 5.364253113253473204e-01 1.156057831467269259e-01
5.761200148894680024e+04 2.946325353280775516e+02 8.847999426763127895e-01 4.547544588891355710e-01 1.016240304280598972e-01
5.812134434108799906e+04 2.661680956720832683e+02 8.610871454274446890e-01 4.971694928328620477e-01 1.065430587881227159e-01
5.818627152878470224e+04 2.613966087861307415e+02 8.668585082212942883e-01 4.862797357065174464e-01 1.099470116262916686e-01
5.790105893496530189e+04 2.819199707735978109e+02 8.991294499207891366e-01 4.237189429320777356e-01 1.096744714400835902e-01
5.834905507653929817e+04 2.286249984307619911e+02 8.192346079295818040e-01 5.623603562881500650e-01 1.122741592973605790e-01
5.776936043849540147e+04 2.160833586680519716e+02 8.064023987972220864e-01 5.800582142828653032e-01 1.150983894633620247e-01
5.759998783212959825e+04 2.938492161491546426e+02 9.015981387467127961e-01 4.194365436950439063e-01 1.058006711775436315e-01
5.826406513415509835e+04 1.996480953830742635e+02 7.444509785431941973e-01 6.591821282517859037e-01 1.061680853153465220e-01
5.832914814541670057e+04 2.135572378522991244e+02 7.864909137026228070e-01 6.075853085656143238e-01 1.107796708716927286e-01
5.793314919180559809e+04 2.870893886935420483e+02 9.034537162534667099e-01 4.146654248572559376e-01 1.087380706824977727e-01
5.782431106597220059e+04 2.105397724850036241e+02 7.942627995953066566e-01 5.966687936901174938e-01 1.145991091387965066e-01
5.813334483795140113e+04 2.868473036157192269e+02 9.012240218908516010e-01 4.196043587453559542e-01 1.082933261506754258e-01
5.773629143378470326e+04 2.244959679517750146e+02 7.772652212345212419e-01 6.206975233851717011e-01 1.029240512356809634e-01
5.823315209210650210e+04 2.433802134783568363e+02 8.558992959799907041e-01 5.041666494878085381e-01 1.151190022767466792e-01
5.822217595601850189e+04 2.466425056975500070e+02 8.802900495711523110e-01 4.589665481454424101e-01 1.201629573099610437e-01
5.824312646829860023e+04 2.667449123468696257e+02 8.791825479993374826e-01 4.634169120337359726e-01 1.108278527018773385e-01
5.812134624599540257e+04 2.698519229457404549e+02 8.632838822829125291e-01 4.935424972821927381e-01 1.056254797243503102e-01
5.779120120866900106e+04 2.469935687467086893e+02 8.610620838364816398e-01 4.953698894468724911e-01 1.148074928241585441e-01
5.788831655570599833e+04 2.814474957443686094e+02 8.644358698091708648e-01 4.923813590041072885e-01 1.015441987143067132e-01
5.792214886855320219e+04 2.964205475447945446e+02 9.026416004715134278e-01 4.173568094168183529e-01 1.051258043091143762e-01
5.827419074731480214e+04 2.578612667450231015e+02 8.812531990503078561e-01 4.583937485644237753e-01 1.151866764893164780e-01
5.756819252324070112e+04 2.919263293958327949e+02 9.003508799676407381e-01 4.220061500862814508e-01 1.062031178019267191e-01
5.821819527013890183e+04 8.799692988846194908e+01 6.620915956312808381e-01 7.247995175011517910e-01 1.905265819368050784e-01
5.816432464210649778e+04 2.632925824005383788e+02 8.899709165361789909e-01 4.412646062765304689e-01 1.150535308774659621e-01
5.815635017428240099e+04 2.509698865891512298e+02 8.529061319723409973e-01 5.101583974693743029e-01 1.108581956170113514e-01
5.787734625126160245e+04 3.058947752325327087e+02 8.881522584795068509e-01 4.488413453469831671e-01 9.862561769064578931e-02
5.761200336034719658e+04 2.923227179100848616e+02 8.836035714516607964e-01 4.569573953900403773e-01 1.021502193645231066e-01
5.820922448049770173e+04 1.683782222601237777e+02 5.998946411129258971e-01 7.958922594351581781e-01 8.174307882134410064e-02
5.831815716444439749e+04 2.260332185115555887e+02 8.296686587221644427e-01 5.459707253316063991e-01 1.164726741130478332e-01
5.753007655275460274e+04 2.782662043853281943e+02 8.309249379631977739e-01 5.482320740229128520e-01 9.489647244967294726e-02
