5.776935911199999828e+04 3.032393716560683288e+02 5.551325984008536052e-01 2.800558473605192431e-02 8.312902534111106245e-01
5.791103187400000024e+04 3.645998314351319891e+02 5.975924330128906670e-01 3.112823609658837976e-02 8.011955547325814164e-01
5.759998459800000273e+04 4.216132640780232919e+02 6.319288017926154577e-01 2.034388896652656459e-02 7.747593920996809214e-01
5.818626468200000090e+04 3.691147771967992526e+02 6.005437912126004862e-01 2.399401317724151120e-02 7.992317825059553904e-01
5.815338309799999843e+04 3.495754904881277980e+02 5.878164166649270106e-01 2.788948637425523597e-02 8.085134735111005888e-01
5.779119986600000266e+04 3.301817195606712403e+02 5.746457108864955199e-01 2.320899638380436586e-02 8.180731320894305547e-01
5.816432328199999756e+04 3.434619138115597252e+02 5.837545311811038751e-01 2.413366579204244411e-02 8.115714469478135795e-01
5.786715289800000028e+04 2.684080722128502998e+02 5.277953609860978057e-01 2.686457546860050380e-02 8.489466128717674254e-01
5.834905560800000239e+04 3.414926655960995276e+02 5.823914936728483704e-01 2.747284611817647076e-02 8.124440847367131457e-01
5.814337542399999802e+04 3.766227065938209648e+02 6.052902010224705531e-01 2.092651482588118311e-02 7.957297616172335220e-01
5.772434545999999682e+04 3.450922312298474708e+02 5.848277490443370974e-01 2.693815989719804127e-02 8.107100835003144823e-01
5.755801474600000074e+04 4.267620628827464202e+02 6.348008321236645601e-01 2.118712109331627458e-02 7.723852726682974845e-01
5.817630720999999903e+04 3.425406527219263921e+02 5.830373621326861988e-01 3.346273629613381179e-02 8.117559236845360848e-01
5.821819191000000137e+04 1.426795250706932450e+02 3.997594293890384676e-01 2.841534880520012879e-02 9.161795493061549722e-01
5.824312323399999877e+04 3.575790731321046678e+02 5.931069723385138381e-01 2.584142314394699894e-02 8.047088543152342011e-01
5.812134487600000284e+04 3.564156923945976132e+02 5.923935619640573469e-01 2.023784876657423737e-02 8.053944978833900148e-01
5.756818909400000121e+04 4.124631025638906863e+02 6.266582043336229590e-01 2.798898964706394987e-02 7.787914428137328038e-01
5.761013266799999838e+04 2.735807404894821389e+02 5.319578204065389393e-01 3.408894379890928250e-02 8.460844054933286396e-01
5.830805785199999809e+04 3.395792527020597049e+02 5.810827792868243913e-01 2.824641264895169299e-02 8.133541318446503299e-01
5.793314784599999984e+04 3.428034429090764093e+02 5.833463015003598207e-01 1.933116714869687405e-02 8.119934719580697013e-01
5.818626827400000184e+04 3.622363586382611516e+02 5.961171829576982217e-01 2.690741168592541976e-02 8.024464439318940157e-01
5.763300703200000135e+04 4.176373117415440674e+02 6.295162649964719526e-01 3.552800580650557899e-02 7.761746149600001754e-01
5.825404421400000138e+04 3.330628747491792296e+02 5.765589664836107131e-01 3.257949733370563844e-02 8.164057413570986466e-01
5.790105947800000285e+04 3.484154401123091702e+02 5.870687984703018003e-01 2.524698992044607793e-02 8.091432600983543555e-01
5.774633838600000308e+04 3.592431292548355941e+02 5.940634310612601388e-01 3.700059942331743179e-02 8.035667959280290429e-01
5.820922497799999837e+04 3.035430860785130562e+02 5.553160465377047217e-01 3.241464652468016572e-02 8.310074483110326815e-01
5.787734489999999641e+04 4.460762573311281471e+02 6.452104703995676926e-01 3.099166077962494173e-02 7.633760317490253522e-01
5.831815580999999656e+04 3.082804136777649546e+02 5.588144961546637202e-01 3.438446123753830658e-02 8.285795482105586807e-01
5.775718968199999654e+04 3.220901081712128189e+02 5.687562924605034098e-01 4.019745083573728756e-02 8.215232466174591242e-01
5.827419127799999842e+04 3.422031723012051430e+02 5.828662404377569217e-01 2.817284524074501612e-02 8.120795752566345449e-01
5.782430783199999860e+04 3.177576638057802825e+02 5.658302856829373617e-01 2.379638280257950766e-02 8.241782695324347818e-01
5.761200010399999883e+04 4.271846986095679313e+02 6.348487549971260080e-01 3.725726275971934925e-02 7.717376203414294533e-01
5.788831522599999880e+04 4.017398434908121772e+02 6.202854668324341292e-01 3.913618176094112167e-02 7.833991951193488568e-01
5.777932315599999856e+04 2.676014916305186944e+02 5.271674602861846637e-01 2.184359066164861737e-02 8.494806215343703171e-01
5.829398604199999681e+04 2.844951669551802524e+02 5.406941223527965690e-01 3.307732483170499477e-02 8.405687102403449629e-01
5.823315071999999782e+04 3.129784916098302006e+02 5.623652480319625280e-01 2.379642917549824530e-02 8.265464643711475379e-01
5.758319299199999659e+04 3.245999257919715433e+02 5.707102030163869744e-01 2.464225384894256840e-02 8.207817148902860627e-01
5.753007521200000338e+04 4.400627132064691978e+02 6.420320068227903798e-01 2.699131492459779652e-02 7.662025653400943437e-01
5.819735773599999811e+04 3.439819692519276941e+02 5.841179025889075005e-01 2.261859002920004955e-02 8.113536067955985365e-01
5.754723344999999972e+04 4.142896434667510448e+02 6.277609420240143345e-01 2.221668025680149580e-02 7.780890815244031478e-01
5.781429830999999831e+04 2.933062619349840361e+02 5.476584660343792876e-01 2.028778328302662665e-02 8.364559823626892543e-01
5.828426373400000011e+04 3.325932353632019840e+02 5.763150975729978143e-01 2.427082188861022158e-02 8.168670855863133795e-01
5.762007969400000002e+04 3.717793523143343464e+02 6.022058856062461052e-01 2.646712706245533606e-02 7.979019755121906643e-01
5.785729559000000154e+04 2.755736065989885333e+02 5.336203980165321603e-01 2.906780815268772064e-02 8.452244278000230482e-01
5.813334350200000335e+04 3.894280837182478763e+02 6.131507454593090323e-01 2.118938330466605194e-02 7.896816911755405455e-01
5.826406567399999767e+04 nan nan nan nan
5.833911545399999886e+04 3.351532281134703339e+02 5.780682409751926043e-01 2.622264833810424023e-02 8.155669693470811721e-01
5.815634696399999666e+04 3.324986360490118500e+02 5.762431013389613943e-01 2.501740215857287813e-02 8.168953529972438066e-01
5.811034300800000346e+04 3.830581860423288276e+02 6.092795264410886258e-01 1.981152725983121796e-02 7.927079929251095169e-01
5.792214754800000082e+04 3.707096417044226087e+02 6.015545053868386338e-01 2.389748112798828830e-02 7.984742246588385495e-01
5.780131803599999694e+04 3.116816752534056150e+02 5.613444556869168212e-01 3.169581698187689395e-02 8.269750765624140909e-01
5.820824109599999792e+04 3.290618215547025329e+02 5.738279670245497455e-01 2.724000993842135357e-02 8.185227218098634072e-01
5.773628818799999863e+04 3.238604862646612901e+02 5.701996679278156233e-01 2.298406705241126669e-02 8.211845537738390322e-01
5.822217645600000105e+04 3.193547644348026893e+02 5.669467875264407875e-01 2.747748308174922938e-02 8.232960148312034043e-01
5.785718016799999896e+04 1.687814913038264706e+02 4.313745243626790349e-01 2.454690164863517279e-02 9.018389375882618353e-01
