5.792214699253469735e+04 2.155999814942260472e-15 2.749548975802995780e-15 nan 3.101496802367970660e-17 3.048690663691371092e-17 nan
5.775718913462960336e+04 2.056270280283506484e-15 2.895269544983370311e-15 nan 3.701220395536948453e-17 4.044289670091873577e-17 nan
5.754723482777780009e+04 2.106617714457231669e-15 2.823476062827239026e-15 nan 3.117975466969716887e-17 3.233153609928763769e-17 nan
5.761013403491899953e+04 2.080061986319323872e-15 2.826099642871925016e-15 nan 3.663333894193876967e-17 3.848695927045890465e-17 nan
5.761199958975690242e+04 2.054503170669336228e-15 2.927864244820716210e-15 nan 3.009668329845986750e-17 3.331875299028672339e-17 nan
5.826406895916670328e+04 2.115178614927823606e-15 2.667458371878851769e-15 nan 6.235245200344364632e-17 6.029289177690202698e-17 nan
5.833911866302080307e+04 2.168091618282972254e-15 2.691591175557438901e-15 nan 4.218079535690386546e-17 4.025330223331909769e-17 nan
5.762008289043980039e+04 2.108308882782113167e-15 2.781518917264639880e-15 nan 4.046224564130379949e-17 4.114094757218483146e-17 nan
5.763300649296300253e+04 2.133869141820925516e-15 2.743621345550927395e-15 nan 3.245519631589410952e-17 3.217266984892195763e-17 nan
5.818627152878470224e+04 2.228157210174256624e-15 2.817988271630147316e-15 nan 3.566263114371263238e-17 3.473712894964106994e-17 nan
5.821819139609950071e+04 2.188732179016944783e-15 2.581448226617435133e-15 nan 6.894622821984419679e-17 6.221885811866741839e-17 nan
5.777932645429400145e+04 2.054486399694930369e-15 2.543582969746322513e-15 nan 3.527251771012338274e-17 3.354861068478842280e-17 nan
5.786715427152779739e+04 2.063100220385360029e-15 2.611806739130218462e-15 nan 3.656012877871202660e-17 3.561665238656444444e-17 nan
5.821819527013890183e+04 2.107154063267905596e-15 2.499309068629503419e-15 nan 9.944820583585019050e-17 9.019422962193160221e-17 nan
5.831815903825229907e+04 2.309950674878958634e-15 2.764201667216891948e-15 nan 4.406207621058882074e-17 4.043486789358554882e-17 nan
5.811034251591440261e+04 2.284054597138779871e-15 2.866100349783603725e-15 nan 3.461864631240112186e-17 3.346387026161970295e-17 nan
5.825404742700229690e+04 2.268840441630593559e-15 2.841634958772264103e-15 nan 3.964283205351691510e-17 3.822762950557392949e-17 nan
5.793315108984950348e+04 2.214959061130612583e-15 2.621325709414099912e-15 nan 3.473851868588822670e-17 3.150433784745975356e-17 nan
5.793314732129630283e+04 2.254769972642597415e-15 2.666188182685424096e-15 nan 3.640376883437540671e-17 3.298919471684066859e-17 nan
5.831815526644680358e+04 2.339231088232902812e-15 2.795509402825620137e-15 nan 4.517032475804589490e-17 4.139651202432031086e-17 nan
5.812134814739580179e+04 2.213217815568303776e-15 2.646359600169108059e-15 nan 3.773380241463202872e-17 3.457670273444059390e-17 nan
5.791103319438659673e+04 2.093694249350039683e-15 2.611419882697559330e-15 nan 3.337676974391924750e-17 3.197058546694629831e-17 nan
5.756818854954859853e+04 2.038739072941101279e-15 2.487395568343002558e-15 nan 3.045537776847998365e-17 2.851688913358222089e-17 nan
5.790106083542820124e+04 2.060748246083091162e-15 2.498950190780097918e-15 nan 3.033856311439268988e-17 2.822625786045988387e-17 nan
5.815338254519680049e+04 2.186731592146906299e-15 2.659390792033653699e-15 nan 3.964723248167525415e-17 3.696724302829742734e-17 nan
5.785729509346059785e+04 2.040129439912568163e-15 2.771063928986390838e-15 nan 4.377894038537524103e-17 4.588036290134912820e-17 nan
5.782430919329859898e+04 2.024040736290276591e-15 2.611148650000646950e-15 nan 4.047781279242824128e-17 4.015168198184645381e-17 nan
5.750814405184030329e+04 2.064651108611769610e-15 2.721027882636126970e-15 nan 2.858030859453735134e-17 2.909403684646761799e-17 nan
5.814337675952549762e+04 2.230140525621126880e-15 2.779103252808948245e-15 nan 3.338464359295309194e-17 3.201645155886087843e-17 nan
5.820824248755790177e+04 2.049652184215738634e-15 2.696825576924038937e-15 nan 5.217476540093116955e-17 5.271944679283840887e-17 nan
5.792215074342589651e+04 2.120514586868903170e-15 2.717514437068344626e-15 nan 3.045259268482171211e-17 3.008488372469368950e-17 nan
5.753007467814820120e+04 2.065646968542154777e-15 2.407875749291503872e-15 nan 3.258569644689824729e-17 2.902490647735841418e-17 nan
5.781430152931709745e+04 1.998609168967183959e-15 2.589867068749250928e-15 nan 3.616778836017870909e-17 3.611228370755098012e-17 nan
5.827419074731480214e+04 2.223020683495540743e-15 2.539420216379943846e-15 nan 3.780024803053845867e-17 3.299331576429850251e-17 nan
5.785718151214120007e+04 1.952869768685916057e-15 2.628315610828211339e-15 nan 1.094451751587239191e-16 1.130535849087944693e-16 nan
5.823315021841439739e+04 2.185434222185712021e-15 2.765885175075743018e-15 nan 4.564753332888261105e-17 4.445392471625849958e-17 nan
5.763300839271990117e+04 2.148888140901235755e-15 2.759741365307587027e-15 nan 3.320222129096301041e-17 3.287472779376148822e-17 nan
5.811034438879630034e+04 2.265984908083121738e-15 2.850965500662647381e-15 nan 3.432381775989420556e-17 3.327039049274967551e-17 nan
5.772434679296299873e+04 2.003129742088789606e-15 2.864075689802271793e-15 nan 3.259268927710796332e-17 3.619848843688660150e-17 nan
5.814337488581019716e+04 2.229306391481213149e-15 2.781422781483573662e-15 nan 3.336503021332297869e-17 3.204068584451983581e-17 nan
5.830805916629629792e+04 2.265747302900082128e-15 2.916347403735366257e-15 nan 3.771556333227477779e-17 3.746859311550503825e-17 nan
5.831815716444439749e+04 2.285330757163753426e-15 2.740771558281383173e-15 nan 4.408932907463441504e-17 4.054954374945841890e-17 nan
5.759998593644679931e+04 2.034796948063593005e-15 2.502580404050904936e-15 nan 2.901804138908749538e-17 2.740752547758601867e-17 nan
5.786715617920140357e+04 2.061888444355843743e-15 2.596699117007462005e-15 nan 3.662756329121619556e-17 3.548223047798669658e-17 nan
5.762007914293980139e+04 2.067200408282790296e-15 2.712181873657517185e-15 nan 3.893417415895094031e-17 3.934345763098764332e-17 nan
5.750814784447920101e+04 2.053793333336278922e-15 2.715100163610531415e-15 nan 2.852868916259481342e-17 2.913570125402174338e-17 nan
5.777932265245370218e+04 2.075234481836186940e-15 2.574872326162494563e-15 nan 3.589951739220619004e-17 3.422893268576456364e-17 nan
5.833911491662039771e+04 2.174435121340622940e-15 2.752649293003040822e-15 nan 4.218071886236882532e-17 4.111210294929988371e-17 nan
5.761013213571759843e+04 2.086397432300000696e-15 2.853249086584631971e-15 nan 3.602205779502632749e-17 3.811764510146510392e-17 nan
5.753007844962959643e+04 2.067488012991313969e-15 2.423045163618974229e-15 nan 3.114267189699858079e-17 2.790505372240445931e-17 nan
5.832915189348380227e+04 2.255146668274174071e-15 2.838748995911543382e-15 nan 5.217997947954774995e-17 5.047515906583430449e-17 nan
5.761200336034719658e+04 2.055837446934260868e-15 2.918501907960481032e-15 nan 3.025203855062620496e-17 3.335172436732708867e-17 nan
5.834905695135419955e+04 2.106092074599889249e-15 2.698077127189506298e-15 nan 4.085734643930365707e-17 4.027790071442889637e-17 nan
5.753007655275460274e+04 2.026026551290430638e-15 2.374454679876890075e-15 nan 3.165616698435192884e-17 2.835659468056627315e-17 nan
5.752033042518520233e+04 nan nan nan nan nan nan
5.828426509484949929e+04 2.322536770645163441e-15 3.008187159384673699e-15 nan 4.356983307691816135e-17 4.358200729669995659e-17 nan
5.815634642906249792e+04 2.223055110522174614e-15 2.768176793593431555e-15 nan 3.748248480915953738e-17 3.589226265334767157e-17 nan
5.755801611182869965e+04 2.042136260490198532e-15 2.564754412105094760e-15 nan 3.061181127799883078e-17 2.954505997258614323e-17 nan
5.759998783212959825e+04 2.010636103423706994e-15 2.473281315113161691e-15 nan 2.868015411326273233e-17 2.708948652920562004e-17 nan
5.774633974197920179e+04 2.086489685465675406e-15 2.680898551240659396e-15 nan 3.463851374036849837e-17 3.429314465352078349e-17 nan
5.787734625126160245e+04 2.110468480311110997e-15 2.488558537027377476e-15 nan 2.997073468314220932e-17 2.705902497933435489e-17 nan
5.774633784363429731e+04 2.096699237768925119e-15 2.697564226223500017e-15 nan 3.491032592207397884e-17 3.461407065485565862e-17 nan
5.779120120866900106e+04 2.033323783825937707e-15 2.773806654191377946e-15 nan 3.707670424083963849e-17 3.911262107546531840e-17 nan
5.754723669991899806e+04 2.076066540454959415e-15 2.808427703059463882e-15 nan 3.061548978381603739e-17 3.205836031720969972e-17 nan
5.788831655570599833e+04 2.090720109206672328e-15 2.543621816365324732e-15 nan 3.271015624709926181e-17 3.052346477768075404e-17 nan
5.828426696519680263e+04 2.287897438798645728e-15 2.979332094535247188e-15 nan 4.384017052851547140e-17 4.409555070536869084e-17 nan
5.788831468282410060e+04 2.082733539388317231e-15 2.523011588559003621e-15 nan 3.337032180720840402e-17 3.099319296728274085e-17 nan
5.832914814541670057e+04 2.247160523683161905e-15 2.757295028386845086e-15 nan 5.099700175612214399e-17 4.799892647270856022e-17 nan
5.756819065248840343e+04 2.030835032918520873e-15 2.464869648051329976e-15 nan 3.065632874624435358e-17 2.854289329645798154e-17 nan
5.758319436125000357e+04 2.036681754148824086e-15 2.838157530201397377e-15 nan 3.597597268823345844e-17 3.880697031591584090e-17 nan
5.820824059042819863e+04 2.143995296696105565e-15 2.820858043839790520e-15 nan 5.290744620543325106e-17 5.350510326728396940e-17 nan
5.752033229543980269e+04 nan nan nan nan nan nan
5.812134434108799906e+04 2.200285545707475425e-15 2.634560904856798270e-15 nan 3.839903686491055519e-17 3.523451369108356797e-17 nan
5.780131750628470036e+04 2.050106198057886763e-15 2.536194150836633870e-15 nan 3.933155541200016601e-17 3.733923947291007049e-17 nan
5.781429775741900085e+04 2.000744099208833942e-15 2.600978333785248294e-15 nan 3.641752245218121595e-17 3.648758138072252905e-17 nan
5.828426319100690307e+04 2.293668202818948675e-15 3.003235166069735963e-15 nan 4.369966621136663892e-17 4.421922908199257789e-17 nan
5.779119933505789959e+04 2.039027314121393952e-15 2.755410506385125215e-15 nan 3.703871586718946558e-17 3.867866238606634280e-17 nan
5.790106270711810066e+04 2.066060237937478441e-15 2.507302246179475172e-15 nan 3.034916877889210279e-17 2.826028562636683714e-17 nan
5.815635017428240099e+04 2.220890587703823885e-15 2.763572675212637427e-15 nan 3.736733534421059033e-17 3.575425578119739243e-17 nan
5.833911679018520226e+04 2.168966504934235879e-15 2.678285539289411052e-15 nan 4.250911927488699155e-17 4.033219420548985803e-17 nan
5.791103132280090358e+04 2.097797816073285778e-15 2.614704584310161284e-15 nan 3.345177118274872807e-17 3.201770153609449743e-17 nan
5.822217972678240039e+04 2.195576684405383745e-15 2.585374351611417656e-15 nan 3.697097353217767155e-17 3.334153075794442186e-17 nan
5.780131938141200226e+04 2.012158275414070976e-15 2.492061803693303365e-15 nan 3.876331214786830774e-17 3.683356249155320255e-17 nan
5.815634830284719646e+04 2.209361685875044121e-15 2.741289156559764352e-15 nan 3.729842875212449762e-17 3.557480964648509489e-17 nan
5.812134624599540257e+04 2.198058230839621727e-15 2.639354469752248537e-15 nan 3.766115639430189395e-17 3.466394559806953707e-17 nan
5.813334673453700088e+04 2.200932511652025006e-15 2.866418136515044527e-15 nan 3.311892534369821497e-17 3.331525846833515067e-17 nan
5.834905882418980036e+04 2.122773147418697041e-15 2.701889793253930783e-15 nan 4.124614504247245219e-17 4.038306284146283037e-17 nan
5.788831842739580316e+04 2.083075320255340049e-15 2.540878822135464021e-15 nan 3.277839434273086107e-17 3.067029944187845904e-17 nan
5.773629143378470326e+04 2.018294123178981212e-15 2.511161719882874322e-15 nan 4.098807731009937179e-17 3.909253412350745541e-17 nan
5.823315396350689844e+04 2.159947175705974934e-15 2.745825964811256575e-15 nan 3.752724088761151236e-17 3.673470236845387438e-17 nan
5.820922448049770173e+04 2.059426349329966678e-15 2.640754347618823922e-15 nan 5.197029888614215599e-17 5.110166777145020167e-17 nan
5.826406706221059721e+04 2.143274775353629526e-15 2.694112889521368292e-15 nan 6.347853770097703536e-17 6.120568522636209652e-17 nan
5.793314919180559809e+04 2.220797570095322165e-15 2.603461720268998405e-15 nan 3.561880155095695587e-17 3.197416311860798429e-17 nan
5.772434866576390050e+04 1.993235082684989184e-15 2.840690795183527575e-15 nan 3.210821126388251076e-17 3.553081710901607647e-17 nan
5.762008101782410085e+04 2.099168341912097123e-15 2.721127317130874029e-15 nan 4.006860453035955042e-17 3.997726463281384871e-17 nan
5.792214886855320219e+04 2.131150949126343406e-15 2.717296745674713513e-15 nan 3.039693773422442748e-17 2.986804757199448995e-17 nan
5.818626778427079989e+04 2.218419666522377229e-15 2.806150398407991109e-15 nan 3.552662292843584802e-17 3.460878431551850727e-17 nan
5.755801800879630173e+04 2.037223192245387467e-15 2.567335185287842429e-15 nan 3.057814521113151869e-17 2.962036635471272773e-17 nan
5.818626413548609708e+04 2.195980291776162321e-15 2.762568053527662312e-15 nan 3.752617740370693642e-17 3.633203630038176665e-17 nan
5.823315209210650210e+04 2.163088542434128613e-15 2.741859702206365067e-15 nan 3.873323452117140796e-17 3.779411429540377321e-17 nan
5.808928495172449766e+04 nan nan nan nan nan nan
5.813334296329860081e+04 2.236242171831516735e-15 2.916304529697917993e-15 nan 3.362618733728040362e-17 3.388408415111519181e-17 nan
5.829398551293979835e+04 2.245548200447979813e-15 2.709917461321323604e-15 nan 4.344135659787763126e-17 4.017967351119804570e-17 nan
5.781429965668980003e+04 1.993129109409875904e-15 2.576279413729021066e-15 nan 3.626843457822941585e-17 3.611280439543111856e-17 nan
5.773628956223379646e+04 2.034799712315562253e-15 2.530915093104811186e-15 nan 4.126709712429958455e-17 3.934968208877734526e-17 nan
5.759998406383099791e+04 2.037213796359334674e-15 2.502294430343185133e-15 nan 2.898336630336916051e-17 2.733696297246141409e-17 nan
5.829398925767360197e+04 2.252619956491606122e-15 2.715237305796405977e-15 nan 4.371734884094212974e-17 4.037856110317705682e-17 nan
5.808928682432870119e+04 2.305026947607177072e-15 2.989640347943070175e-15 nan 7.033062966333324467e-17 7.015588743296000298e-17 nan
5.830805729326389701e+04 2.266209040271869841e-15 2.909271073098688080e-15 nan 3.754917228660702613e-17 3.719713619281338091e-17 nan
5.786715239743059647e+04 2.067798379777878158e-15 2.638364466862331905e-15 nan 3.743517022282254970e-17 3.677826188128914593e-17 nan
5.813334483795140113e+04 2.216226455354237171e-15 2.892154668032629236e-15 nan 3.330555343246980850e-17 3.358047062916333982e-17 nan
5.758319246322919935e+04 2.082482045960529951e-15 2.866024670395523739e-15 nan 4.352421396248810546e-17 4.628630238072746315e-17 nan
5.754723295498840162e+04 2.081857380889565260e-15 2.812902185202129055e-15 nan 3.075077725282538896e-17 3.216019074443761271e-17 nan
5.821819339841439796e+04 2.164182546892016154e-15 2.564287233665948456e-15 nan 6.351832964190985445e-17 5.760474197615808515e-17 nan
5.776935856103010155e+04 2.029094069125305171e-15 2.536333840909697077e-15 nan 3.801823055146199576e-17 3.648813129219906002e-17 nan
5.785717963824069739e+04 1.940108269704983969e-15 2.589648438524176999e-15 nan 8.204059527326833419e-17 8.404289715292432701e-17 nan
5.756819252324070112e+04 2.029809808516090492e-15 2.474275803224186550e-15 nan 3.056107028878196225e-17 2.858641617910767513e-17 nan
5.752032855259259668e+04 nan nan nan nan nan nan
5.782430731930559705e+04 2.005361959192680491e-15 2.597069921026116176e-15 nan 4.045074606994538050e-17 4.028410601132134944e-17 nan
5.820922822435179842e+04 2.140109177812257702e-15 2.760204031598432790e-15 nan 4.839747279451420580e-17 4.794103973853455499e-17 nan
5.787734813106479851e+04 2.095589434064328434e-15 2.463949475606551431e-15 nan 2.968423195968300867e-17 2.671661661583337755e-17 nan
5.816432464210649778e+04 2.203013569827054499e-15 2.936786791266530311e-15 nan 3.430969676404235250e-17 3.539673312176591910e-17 nan
5.819735913929399976e+04 2.188577408289648021e-15 2.865627014444648755e-15 nan 3.522349285682164031e-17 3.562803853430723021e-17 nan
5.780132125148150226e+04 2.026691234941033020e-15 2.510622115650405338e-15 nan 3.922599113678424744e-17 3.728182650063287756e-17 nan
5.811034628445599810e+04 2.252813944050465974e-15 2.831749223929231422e-15 nan 3.410086367440091461e-17 3.301793135089369000e-17 nan
5.758319623273149773e+04 2.023052554263934736e-15 2.844508228536478103e-15 nan 3.691072267944200923e-17 4.018275036370744943e-17 nan
5.808928869571760151e+04 2.297298954940095350e-15 2.942966896603530126e-15 nan 4.643821071696971643e-17 4.578618893459832938e-17 nan
5.816432651253470249e+04 2.189729705697967405e-15 2.915709067478365462e-15 nan 3.421531989149681349e-17 3.525070111666863696e-17 nan
5.826406513415509835e+04 2.137512030986285502e-15 2.678073392308677496e-15 nan 4.883881796716687858e-17 4.696071404368928258e-17 nan
5.832915001937500347e+04 2.225106994809253561e-15 2.786404952049080374e-15 nan 5.098183168102489179e-17 4.903420849423639147e-17 nan
5.777932455837960151e+04 2.054310218231613276e-15 2.542234910200789356e-15 nan 3.537765390393641111e-17 3.363218638245237586e-17 nan
5.827419264663189824e+04 2.215296965940144784e-15 2.510217726688552438e-15 nan 3.771990468224602439e-17 3.263728926455252763e-17 nan
5.775719293282410217e+04 2.046501239764515354e-15 2.876624652194369787e-15 nan 3.626123907193142529e-17 3.954624695143214220e-17 nan
5.785729699114579853e+04 2.030383492042903850e-15 2.763417942967729654e-15 nan 4.807623011027092547e-17 5.044942550366439572e-17 nan
5.816432274166669959e+04 2.217025352341913955e-15 2.948790359353097645e-15 nan 3.450892887056989595e-17 3.551929907883587220e-17 nan
5.825404555556709965e+04 2.240831871167742344e-15 2.807458279658172352e-15 nan 3.776746041815168780e-17 3.642750388311551436e-17 nan
5.830806103812500078e+04 2.265792182209933168e-15 2.912999507755115144e-15 nan 3.769831169537521642e-17 3.740410259301828935e-17 nan
5.819736103619210189e+04 2.181925995983496427e-15 2.847040649885009021e-15 nan 3.511169829870944672e-17 3.537968550744014773e-17 nan
5.817630854277779872e+04 2.251630179641448749e-15 2.648868491567127274e-15 nan 3.824782797331761744e-17 3.446050548707168730e-17 nan
5.818626965681710135e+04 2.215024558964395055e-15 2.804269270267963667e-15 nan 3.558853389283993300e-17 3.470007818079802391e-17 nan
5.815338441898149904e+04 nan nan nan nan nan nan
5.750814597651619988e+04 2.080755246643787314e-15 2.739980906259926274e-15 nan 2.848957394118546154e-17 2.898001653941924414e-17 nan
5.761200148894680024e+04 2.067433025232431553e-15 2.940790223326713771e-15 nan 3.014211959379869063e-17 3.330704986215126560e-17 nan
5.824312269599540014e+04 2.217498927008726653e-15 2.750994243018111797e-15 nan 3.683912003186145964e-17 3.514235577570046578e-17 nan
5.785729886380789685e+04 2.045822288005850905e-15 2.779403387660214438e-15 nan 4.889917911488285711e-17 5.122189022108194992e-17 nan
5.824312646829860023e+04 2.193000746615523435e-15 2.727138337525871363e-15 nan 3.647613540732581646e-17 3.487999467719867244e-17 nan
5.822217782984949736e+04 2.214051617580177317e-15 2.618633361065942284e-15 nan 3.725114011481097583e-17 3.375682428427365347e-17 nan
5.787734435098380345e+04 2.107226077662747569e-15 2.489021128593902924e-15 nan 3.026151740431740477e-17 2.737121265325882322e-17 nan
5.763301029209489934e+04 2.127366348443056353e-15 2.752543486199631545e-15 nan 3.282392285605850065e-17 3.275796252940112782e-17 nan
5.814337862993060116e+04 2.211067223380438151e-15 2.771861058573290471e-15 nan 3.341984305337563282e-17 3.225169277754513928e-17 nan
5.829398738712960039e+04 2.240752283544425765e-15 2.709508239653251500e-15 nan 4.356489382319492703e-17 4.037554196689180375e-17 nan
5.782431106597220059e+04 2.009772100484446516e-15 2.596474156194194408e-15 nan 4.030567367202181261e-17 4.003723407147791954e-17 nan
5.790105893496530189e+04 2.070483852071182477e-15 2.515545012425933587e-15 nan 3.058992893641815671e-17 2.851994949212399270e-17 nan
5.825404368166669883e+04 2.273092791612514436e-15 2.839951857458003008e-15 nan 3.811098641320899136e-17 3.665595743968087990e-17 nan
5.773628768722219684e+04 2.011368124673936301e-15 2.533992066249763545e-15 nan 4.145486647500635798e-17 4.006114301162710021e-17 nan
5.779120310692129715e+04 2.029550908535085938e-15 2.773739668434563164e-15 nan 3.657883641600588078e-17 3.866460196609575874e-17 nan
5.775719103354169783e+04 2.053414686141409467e-15 2.914052784175806786e-15 nan 3.671982859839970828e-17 4.046601357404971893e-17 nan
5.820922635410880321e+04 2.103568068959130709e-15 2.724969900924272627e-15 nan 5.111604134344507635e-17 5.083302097879449248e-17 nan
5.822217595601850189e+04 2.248240469519099287e-15 2.652338824297630039e-15 nan 3.947405058575686451e-17 3.567677979003693715e-17 nan
5.755801421140049933e+04 2.043150236551858646e-15 2.571119109030315628e-15 nan 3.070891829699824109e-17 2.969997048531299734e-17 nan
5.827419451822919655e+04 2.186956852638218012e-15 2.498671211597847833e-15 nan 3.792651634474438195e-17 3.310485194689254852e-17 nan
5.776936233684029867e+04 2.023083430420018639e-15 2.520205586482390327e-15 nan 3.797296704980363819e-17 3.630738655703926521e-17 nan
5.824312459526619932e+04 2.209173573475790677e-15 2.731308529023405652e-15 nan 3.674000862304290621e-17 3.491616503924510517e-17 nan
5.817631041427080345e+04 2.247145990332402095e-15 2.643028515615068682e-15 nan 3.817738742437460505e-17 3.438922210812879796e-17 nan
5.776936043849540147e+04 2.010174114434745398e-15 2.522242471838950031e-15 nan 3.778354948378220208e-17 3.640420332929332259e-17 nan
5.772434491921299923e+04 2.037967151652394577e-15 2.885053737327852337e-15 nan 3.331250243598062654e-17 3.661557972658469142e-17 nan
5.819735718868060212e+04 2.187451078430303547e-15 2.870747992916917251e-15 nan 3.540416938824935730e-17 3.589958485826919686e-17 nan
5.791103509098380164e+04 2.072623684959139637e-15 2.591109544631552353e-15 nan 3.288418914005845756e-17 3.157491466211399103e-17 nan
5.817630666320599994e+04 2.251453356891965063e-15 2.651575245103992826e-15 nan 3.838587854134200961e-17 3.462423294144334372e-17 nan
5.774634164041670010e+04 2.091577187953302424e-15 2.699367312821690783e-15 nan 3.484187353088138309e-17 3.466084630858246930e-17 nan
5.834905507653929817e+04 2.168700312210056403e-15 2.767310310212921782e-15 nan 4.141738532888510860e-17 4.067719222884574943e-17 nan
