5.754723482777780009e+04 1.260868007746886523e-15 1.094160578964705958e-15 nan 8.035728337781826894e-16 4.738301410949847146e-16 nan
5.823315209210650210e+04 1.606600611173945529e-15 1.336576517702738192e-15 nan 1.213710631473829263e-15 7.439150723951989083e-16 nan
5.776936233684029867e+04 1.626123402589783675e-15 1.285963952770003396e-15 nan 1.289089120583191821e-15 7.753505981731266857e-16 nan
5.814337862993060116e+04 1.396537686243461558e-15 1.121569552610421478e-15 nan 9.552040007239247255e-16 5.364781886592455201e-16 nan
5.781429965668980003e+04 1.505074108256302121e-15 1.117817378808777993e-15 nan 1.188587792865203408e-15 6.695767079508361048e-16 nan
5.834905695135419955e+04 1.672618694595476456e-15 1.352166897791044321e-15 nan 1.291724034006992816e-15 7.800715724529717470e-16 nan
5.750814784447920101e+04 1.284814325623432510e-15 1.103741821771979925e-15 nan 8.345752882690275668e-16 4.906900943393625921e-16 nan
5.830806103812500078e+04 1.538385947414971914e-15 1.240293718174850394e-15 nan 1.100662922716808054e-15 6.341348586538547418e-16 nan
5.777932645429400145e+04 1.500395686505545842e-15 1.097829825096884706e-15 nan 1.161516359132284611e-15 6.359260744558261737e-16 nan
5.793314732129630283e+04 1.348360629533267259e-15 1.049485926563112466e-15 nan 9.157981869588234155e-16 4.969296437297326210e-16 nan
5.820824248755790177e+04 1.992896172715084503e-15 1.469740481222463437e-15 nan 1.736720606247405078e-15 1.055710418391978313e-15 nan
5.785729699114579853e+04 1.900707552033351424e-15 1.407298489918293225e-15 nan 1.603279508870901002e-15 9.486874485162631812e-16 nan
5.813334483795140113e+04 1.478947079395427489e-15 1.247989145566203482e-15 nan 9.673517234447024639e-16 5.601031817733051687e-16 nan
5.780131938141200226e+04 1.560876018003376246e-15 1.241741876801198410e-15 nan 1.253530255776454719e-15 7.657206301867857270e-16 nan
5.820922448049770173e+04 2.032029448471794306e-15 1.382071005115325754e-15 nan 1.786669292557843255e-15 1.010860571446695680e-15 nan
5.826406513415509835e+04 1.961905811293492395e-15 1.489774259568320886e-15 nan 1.637435101134092010e-15 9.844422502083599254e-16 nan
5.758319246322919935e+04 1.648401670243512900e-15 1.303159656364676632e-15 nan 1.304904309642511289e-15 7.838318577256195629e-16 nan
5.815634830284719646e+04 1.644134775874609379e-15 1.316039526899337512e-15 nan 1.207030450640344755e-15 6.999844983945563997e-16 nan
5.815338441898149904e+04 nan nan nan nan nan nan
5.786715239743059647e+04 1.708965491629152843e-15 1.256104513813187970e-15 nan 1.352565822298690753e-15 7.551723884549515914e-16 nan
5.815338254519680049e+04 1.620694518444385314e-15 1.312167524570915315e-15 nan 1.230367535781222526e-15 7.360799899592535825e-16 nan
5.787734813106479851e+04 1.254028879088728187e-15 9.835972184379537986e-16 nan 8.184589085686990470e-16 4.401920632460440825e-16 nan
5.754723669991899806e+04 1.252998429965233258e-15 1.079214272570556763e-15 nan 8.081795892239509105e-16 4.751298314609212136e-16 nan
5.781430152931709745e+04 1.511720492505176061e-15 1.127728127533404342e-15 nan 1.189485478919073553e-15 6.713475757236256541e-16 nan
5.818627152878470224e+04 1.482715945915709445e-15 1.161161946655450803e-15 nan 1.056689389815122490e-15 5.902056652020976555e-16 nan
5.811034438879630034e+04 1.491053561974349232e-15 1.260608106046368310e-15 nan 9.748945089941839334e-16 5.654423141212486422e-16 nan
5.823315396350689844e+04 1.554625388007782884e-15 1.304445001920183920e-15 nan 1.149700350018478536e-15 7.018892066557614507e-16 nan
5.758319436125000357e+04 1.426590385409985315e-15 1.190446483668672670e-15 nan 1.030258102729941168e-15 6.174213232943402748e-16 nan
5.752032855259259668e+04 nan nan nan nan nan nan
5.774634164041670010e+04 1.353406084955528905e-15 1.067189822494006358e-15 nan 9.747703500892935296e-16 5.512465171641857286e-16 nan
5.756819252324070112e+04 1.299523308028491308e-15 1.085281384460971445e-15 nan 8.533785787108465004e-16 4.898824234076249423e-16 nan
5.773629143378470326e+04 1.570966934285488570e-15 1.230258822397258571e-15 nan 1.248334764763691631e-15 7.447784255247319653e-16 nan
5.759998406383099791e+04 1.199628954769765740e-15 1.022013422502416469e-15 nan 7.877061314100319134e-16 4.612995617541561745e-16 nan
5.793314919180559809e+04 1.343030528783621407e-15 1.047069804698892096e-15 nan 8.931655615849518065e-16 4.810948599552827357e-16 nan
5.831815526644680358e+04 1.840793851019020321e-15 1.409911266089147747e-15 nan 1.426526504614859339e-15 8.180044392174332868e-16 nan
5.793315108984950348e+04 1.296062593528901347e-15 1.033284804282048048e-15 nan 8.590752657542038920e-16 4.725577094001614576e-16 nan
5.825404742700229690e+04 1.619956918299790733e-15 1.282054515474017419e-15 nan 1.194648317622883332e-15 6.867709146175576182e-16 nan
5.788831468282410060e+04 1.342433368175034379e-15 1.093044759751186998e-15 nan 9.210813374766821848e-16 5.252485661027266379e-16 nan
5.754723295498840162e+04 1.243570857522434863e-15 1.076001568765605291e-15 nan 7.997941193365897447e-16 4.718305653172352007e-16 nan
5.772434866576390050e+04 1.402929701697450736e-15 1.199812000419937777e-15 nan 9.685175156862989905e-16 5.817373909244032216e-16 nan
5.788831655570599833e+04 1.303139276839977871e-15 1.054831301664814014e-15 nan 8.974531172991061671e-16 5.096618043879093667e-16 nan
5.815635017428240099e+04 1.633819248096287661e-15 1.311761039502346359e-15 nan 1.194058237717476372e-15 6.928305955633270026e-16 nan
5.832915001937500347e+04 1.750136604297890420e-15 1.315509179121235873e-15 nan 1.396959891134299294e-15 8.025173031712738559e-16 nan
5.816432464210649778e+04 1.472867776578170096e-15 1.174713230273692059e-15 nan 1.041143254113981604e-15 5.898255167312570004e-16 nan
5.833911491662039771e+04 1.584013875557999153e-15 1.263038274309676918e-15 nan 1.199786095027953316e-15 7.059342716343055560e-16 nan
5.775718913462960336e+04 1.543864267873493912e-15 1.274245728702778124e-15 nan 1.197203028306219844e-15 7.402398587934803368e-16 nan
5.830805729326389701e+04 1.533119106276014182e-15 1.244130330892267656e-15 nan 1.096645249625135910e-15 6.358747427598612844e-16 nan
5.785729509346059785e+04 1.767090549752452278e-15 1.334532535847472827e-15 nan 1.449071109586179045e-15 8.538944633349318043e-16 nan
5.817630666320599994e+04 1.447036911101693662e-15 1.162897301544760161e-15 nan 1.024974259308740309e-15 5.856971657553621727e-16 nan
5.759998783212959825e+04 1.219740844973226674e-15 1.038687009765068612e-15 nan 7.840415217278468118e-16 4.551723064086790137e-16 nan
5.752033042518520233e+04 nan nan nan nan nan nan
5.821819527013890183e+04 5.144556135282732507e-15 2.964388138826750028e-15 nan 5.027167320682853470e-15 2.776597607782296865e-15 nan
5.822217782984949736e+04 1.569325799347547118e-15 1.287858293116242459e-15 nan 1.145809550347527996e-15 6.792196318390486384e-16 nan
5.833911866302080307e+04 1.557877792989491137e-15 1.226168810166090898e-15 nan 1.177578726250334408e-15 6.830729031205135943e-16 nan
5.762007914293980139e+04 1.333584774206316784e-15 1.106446546127083730e-15 nan 9.510253239597167465e-16 5.629978507247935373e-16 nan
5.821819139609950071e+04 3.151652593547655178e-15 1.912977665111748657e-15 nan 2.959662889151823783e-15 1.618775972575988390e-15 nan
5.821819339841439796e+04 2.845143668637718914e-15 1.782983506429208681e-15 nan 2.637478682648464663e-15 1.463349993789362981e-15 nan
5.753007844962959643e+04 1.314947694655382977e-15 1.036776506933476282e-15 nan 8.616899079467815525e-16 4.665874571928142296e-16 nan
5.819736103619210189e+04 1.480128028851851224e-15 1.240978673443482518e-15 nan 1.033829157052768752e-15 6.120811768585014312e-16 nan
5.825404368166669883e+04 1.561536015820515779e-15 1.244775967192143700e-15 nan 1.144509193455724591e-15 6.604226112665616556e-16 nan
5.763301029209489934e+04 1.330133516185998471e-15 1.093036326554380776e-15 nan 8.887663183931105662e-16 5.056125221556561853e-16 nan
5.826406706221059721e+04 2.510992735827713197e-15 1.746597204994002618e-15 nan 2.280867480310322087e-15 1.369079382059184394e-15 nan
5.785717963824069739e+04 nan nan nan nan nan nan
5.782431106597220059e+04 1.659966223074457112e-15 1.229063763900624125e-15 nan 1.341985228511622812e-15 7.667367799191287399e-16 nan
5.824312459526619932e+04 1.506862415605439853e-15 1.263765890407884647e-15 nan 1.083581321537137783e-15 6.511504318598671445e-16 nan
5.823315021841439739e+04 1.873820076117569120e-15 1.435868030317854501e-15 nan 1.588841936714272494e-15 9.775611331417969649e-16 nan
5.761200336034719658e+04 1.326480335693390739e-15 1.090000193009819234e-15 nan 8.920004039897977658e-16 5.088040745042514677e-16 nan
5.811034628445599810e+04 1.516056865522091812e-15 1.282609413156598964e-15 nan 9.864285366014917718e-16 5.714409226858385743e-16 nan
5.775719103354169783e+04 1.518263848704671895e-15 1.268985484146662300e-15 nan 1.197805819849393827e-15 7.588566843436825913e-16 nan
5.775719293282410217e+04 1.520240840006964729e-15 1.271283265613293427e-15 nan 1.179510650228212916e-15 7.391774579206666618e-16 nan
5.761013403491899953e+04 1.419762463586357678e-15 1.204336724600580357e-15 nan 1.042924161157681023e-15 6.412694141856254321e-16 nan
5.790106270711810066e+04 1.279640389696779964e-15 9.989534753597449851e-16 nan 8.490515226248776509e-16 4.575187958408549320e-16 nan
5.774633974197920179e+04 1.355512005748112537e-15 1.071405568442212111e-15 nan 9.675114782967729313e-16 5.458822974152723826e-16 nan
5.813334673453700088e+04 1.498760722051812217e-15 1.272520812805094784e-15 nan 9.667758643401969936e-16 5.601889530927565218e-16 nan
5.811034251591440261e+04 1.513099836096195892e-15 1.284772682760289862e-15 nan 9.816164701395694212e-16 5.700536901610364776e-16 nan
5.773628956223379646e+04 1.570960997495117157e-15 1.227346946449597264e-15 nan 1.240936166009339744e-15 7.354935100802674896e-16 nan
5.779120120866900106e+04 1.465371001841616691e-15 1.234528836061605006e-15 nan 1.062522482565791693e-15 6.442322216286456541e-16 nan
5.787734435098380345e+04 1.248427327782842866e-15 9.935874129515541502e-16 nan 8.290571416212551272e-16 4.556422712331791482e-16 nan
5.758319623273149773e+04 1.444185883771058106e-15 1.197516628138042925e-15 nan 1.075902322040876017e-15 6.518586508074324189e-16 nan
5.776935856103010155e+04 1.627578105855748676e-15 1.278860605498960565e-15 nan 1.304791482836715196e-15 7.861191430339255142e-16 nan
5.782430919329859898e+04 1.674792479973228912e-15 1.263982210060624234e-15 nan 1.342623781298519306e-15 7.769325228758979646e-16 nan
5.773628768722219684e+04 1.585132650294235355e-15 1.233912384758907869e-15 nan 1.264256501281589734e-15 7.517609544518447530e-16 nan
5.829398551293979835e+04 1.850274281795139771e-15 1.350033612874191151e-15 nan 1.500862997450010820e-15 8.471141325013997536e-16 nan
5.818626778427079989e+04 1.474008687623290976e-15 1.173192029633574374e-15 nan 1.041639442869204656e-15 5.887858337726070863e-16 nan
5.790105893496530189e+04 1.282402069815341580e-15 9.983862606824022734e-16 nan 8.538360617515820263e-16 4.594903268023361861e-16 nan
5.820824059042819863e+04 1.986095450117224434e-15 1.467478236566055205e-15 nan 1.728297519919995850e-15 1.051023897120714844e-15 nan
5.816432274166669959e+04 1.455137176836224361e-15 1.165263560292565708e-15 nan 1.029369920482671265e-15 5.857177172114271834e-16 nan
5.791103509098380164e+04 1.394378095784886365e-15 1.200721159409189629e-15 nan 9.657063214388418025e-16 5.849153668116132441e-16 nan
5.785718151214120007e+04 nan nan nan nan nan nan
5.780131750628470036e+04 1.593635399753534252e-15 1.270187625225231691e-15 nan 1.278690713448060675e-15 7.820076233759820081e-16 nan
5.779119933505789959e+04 1.453479443204012807e-15 1.220711396341578680e-15 nan 1.065545980526016458e-15 6.479494057014256491e-16 nan
5.786715617920140357e+04 1.575137464496151439e-15 1.256046521575563885e-15 nan 1.204054138302221010e-15 7.125580928321830502e-16 nan
5.788831842739580316e+04 1.313776341891128448e-15 1.074450833135850470e-15 nan 8.874788080185873914e-16 5.048467074550294167e-16 nan
5.792214699253469735e+04 1.295148318238024795e-15 1.040820213431673306e-15 nan 8.617465694174479910e-16 4.785806487898253075e-16 nan
5.762008101782410085e+04 1.395493364821991671e-15 1.151884452599311357e-15 nan 9.857612415919962897e-16 5.777853862938172885e-16 nan
5.825404555556709965e+04 1.553977183405408570e-15 1.243435920435516194e-15 nan 1.134743303665635440e-15 6.559230922697392446e-16 nan
5.830805916629629792e+04 1.531844275737797227e-15 1.247651672743462162e-15 nan 1.105741319384681055e-15 6.465584415513677261e-16 nan
5.826406895916670328e+04 2.455355003194544536e-15 1.712113395633088396e-15 nan 2.232254042622022974e-15 1.344566314678836333e-15 nan
5.772434679296299873e+04 1.433234140430427422e-15 1.220923726857822699e-15 nan 1.004786013357980929e-15 6.055350298664615096e-16 nan
5.785729886380789685e+04 1.962457829368378735e-15 1.424096636865090252e-15 nan 1.670790038556194104e-15 9.771181293502290096e-16 nan
5.820922635410880321e+04 1.956294113036719002e-15 1.362110938712627112e-15 nan 1.710553009643747465e-15 9.850963624375620907e-16 nan
5.750814405184030329e+04 1.254500337376733493e-15 1.085800450136942438e-15 nan 8.127959203111275880e-16 4.810102600223542996e-16 nan
5.829398925767360197e+04 1.794719015905224084e-15 1.313465592333974586e-15 nan 1.447653448448378772e-15 8.160629914395847183e-16 nan
5.763300839271990117e+04 1.336949125379632133e-15 1.090164166386069028e-15 nan 8.955112375017877609e-16 5.060324644124258400e-16 nan
5.780132125148150226e+04 1.608339346586972525e-15 1.262402616681146292e-15 nan 1.303836241655205492e-15 7.913815740692286045e-16 nan
5.814337675952549762e+04 1.417813248691827291e-15 1.139968295950112727e-15 nan 9.511468405375354028e-16 5.302661397113736832e-16 nan
5.808928869571760151e+04 1.674758886375862585e-15 1.347361662349766729e-15 nan 1.231093953932808389e-15 7.180696444366942632e-16 nan
5.777932455837960151e+04 1.486588621783165265e-15 1.095564011803780420e-15 nan 1.149212336037741162e-15 6.331525178642347148e-16 nan
5.777932265245370218e+04 1.502855118875202107e-15 1.101681012131537469e-15 nan 1.168273348215274913e-15 6.426118496711508732e-16 nan
5.822217595601850189e+04 1.635149932524836268e-15 1.333939282730788820e-15 nan 1.214849593504247033e-15 7.229194964918178290e-16 nan
5.820922822435179842e+04 1.833549054826001500e-15 1.330948970566651460e-15 nan 1.549673452482524921e-15 9.005091157628072700e-16 nan
5.819735913929399976e+04 1.483343222694937165e-15 1.261040583438291839e-15 nan 1.030767332052217574e-15 6.172791621163893633e-16 nan
5.817630854277779872e+04 1.451006908577854230e-15 1.150888249799954904e-15 nan 1.034800157305911171e-15 5.856085492811331737e-16 nan
5.828426319100690307e+04 1.642598055391446057e-15 1.269314867992522370e-15 nan 1.249752421308851787e-15 7.145826884009856270e-16 nan
5.814337488581019716e+04 1.436165762374798701e-15 1.154502157532009738e-15 nan 9.640402345978305649e-16 5.374870361021006344e-16 nan
5.759998593644679931e+04 1.223090467215209218e-15 1.028801424993226064e-15 nan 8.136757108593441714e-16 4.729792375358238356e-16 nan
5.816432651253470249e+04 1.480272602189711242e-15 1.177736689965918140e-15 nan 1.034925651474207710e-15 5.817235422783941483e-16 nan
5.782430731930559705e+04 1.669039289818943731e-15 1.249638639839428326e-15 nan 1.350599732272482797e-15 7.808465783261355517e-16 nan
5.819735718868060212e+04 1.507263244032539970e-15 1.259467057851465804e-15 nan 1.066045730560437372e-15 6.328842378696511161e-16 nan
5.756818854954859853e+04 1.290304707392360149e-15 1.086885599951960343e-15 nan 8.443059101772888503e-16 4.881609629367057576e-16 nan
5.817631041427080345e+04 1.468850221921061247e-15 1.173953469290879563e-15 nan 1.047543542471908872e-15 5.973203094780688727e-16 nan
5.792214886855320219e+04 1.301865363195596679e-15 1.051770271105179219e-15 nan 8.543430517918727342e-16 4.743028207424693966e-16 nan
5.792215074342589651e+04 1.299186916911208102e-15 1.052077123351596306e-15 nan 8.581422278571838628e-16 4.787940707113210973e-16 nan
5.827419264663189824e+04 1.490182068693510371e-15 1.177034651557986156e-15 nan 1.063692031430920282e-15 5.996827643179203020e-16 nan
5.824312269599540014e+04 1.515757863347084946e-15 1.278609704908873488e-15 nan 1.076420592868531102e-15 6.464301141533469609e-16 nan
5.761013213571759843e+04 1.403003097867770656e-15 1.197681917693978154e-15 nan 1.015876943786632147e-15 6.236947736485574299e-16 nan
5.824312646829860023e+04 1.487640028862449208e-15 1.249411233661914901e-15 nan 1.063712172758415140e-15 6.382616143843704320e-16 nan
5.790106083542820124e+04 1.272351951174584997e-15 9.983237622784844382e-16 nan 8.391659394083806767e-16 4.533690549251356028e-16 nan
5.786715427152779739e+04 1.578336485738179715e-15 1.254553772826795249e-15 nan 1.217857534644353187e-15 7.227576420505078102e-16 nan
5.755801421140049933e+04 1.258313760843755411e-15 1.018771654376365897e-15 nan 8.284471279130241076e-16 4.615399318529047102e-16 nan
5.750814597651619988e+04 1.270770303790471999e-15 1.104175587892448571e-15 nan 8.009886089401958230e-16 4.710125795823957373e-16 nan
5.834905507653929817e+04 1.664815752650618867e-15 1.332172065246729002e-15 nan 1.288963303399307488e-15 7.717953032762996719e-16 nan
5.832915189348380227e+04 1.755057418569541793e-15 1.319559085790222337e-15 nan 1.406311285400383526e-15 8.104400878124248068e-16 nan
5.829398738712960039e+04 1.881572049229295468e-15 1.350455683875303303e-15 nan 1.534559747549792385e-15 8.556296021323282362e-16 nan
5.763300649296300253e+04 1.331099498562802485e-15 1.096402749090833000e-15 nan 8.798781415408040578e-16 4.994758755574536232e-16 nan
5.812134434108799906e+04 1.490024846173487609e-15 1.276064786598030244e-15 nan 1.048343402464237159e-15 6.362341717393441503e-16 nan
5.779120310692129715e+04 1.465162220945641609e-15 1.235711433225524107e-15 nan 1.062107527683768567e-15 6.446173475117506698e-16 nan
5.761199958975690242e+04 1.292515783089125581e-15 1.068776818180697786e-15 nan 8.645899820213167539e-16 4.951865066501366820e-16 nan
5.812134624599540257e+04 1.480712943853488904e-15 1.244463214392374094e-15 nan 1.038934022974399815e-15 6.179701166701750665e-16 nan
5.755801611182869965e+04 1.229380790336934450e-15 9.963135250382747111e-16 nan 8.078892315301868663e-16 4.501932454137120197e-16 nan
5.791103319438659673e+04 1.390560279458233018e-15 1.183241455968071968e-15 nan 9.765177600521489802e-16 5.883342214671686408e-16 nan
5.772434491921299923e+04 1.449758144855969631e-15 1.230831757327774116e-15 nan 1.014953393026994224e-15 6.091647503378165234e-16 nan
5.808928682432870119e+04 2.442353044014596551e-15 1.730635864556769044e-15 nan 2.168552768357786049e-15 1.291662111995937784e-15 nan
5.808928495172449766e+04 nan nan nan nan nan nan
5.828426696519680263e+04 1.658811486634745566e-15 1.269353385724950342e-15 nan 1.261926631129590236e-15 7.144576611193268718e-16 nan
5.827419074731480214e+04 1.513801948616424461e-15 1.183187240174137601e-15 nan 1.093699619900890940e-15 6.139916688021191911e-16 nan
5.776936043849540147e+04 1.612772695715579358e-15 1.277441713355404275e-15 nan 1.294100001962815567e-15 7.865194363672906121e-16 nan
5.791103132280090358e+04 1.385188518579981939e-15 1.191889291427546416e-15 nan 9.555231704924637899e-16 5.772455765174826861e-16 nan
5.762008289043980039e+04 1.370817893458270996e-15 1.146103759811476384e-15 nan 9.761149345786509490e-16 5.818703758597023481e-16 nan
5.781429775741900085e+04 1.479977182734669706e-15 1.126141089529136217e-15 nan 1.178451519699197251e-15 6.842051937994079426e-16 nan
5.822217972678240039e+04 1.576821513138241697e-15 1.290182039637645046e-15 nan 1.150847549652777747e-15 6.800563591932691423e-16 nan
5.828426509484949929e+04 1.644551402891039942e-15 1.266991378572007197e-15 nan 1.236419543076466976e-15 6.996915321613179100e-16 nan
5.813334296329860081e+04 1.474774316421402625e-15 1.257062693927324559e-15 nan 9.645406923339674237e-16 5.641172147526898309e-16 nan
5.812134814739580179e+04 1.485156792365027717e-15 1.247970286315556699e-15 nan 1.047117425506232567e-15 6.241787172539443755e-16 nan
5.787734625126160245e+04 1.257187556962910629e-15 1.003913964694329665e-15 nan 8.118551181686691051e-16 4.427161227538761779e-16 nan
5.827419451822919655e+04 1.500031545157590702e-15 1.159290668519867016e-15 nan 1.096743933176677421e-15 6.127517609242196015e-16 nan
5.753007655275460274e+04 1.322071630323990604e-15 1.023649506006128452e-15 nan 8.883080817584648153e-16 4.772814388620933622e-16 nan
5.831815716444439749e+04 1.802114802521495605e-15 1.367219052246736138e-15 nan 1.415496829905155061e-15 8.113980860436851451e-16 nan
5.818626965681710135e+04 1.494079974840265150e-15 1.176473567942292728e-15 nan 1.054415769935946719e-15 5.892568675057642128e-16 nan
5.761200148894680024e+04 1.320214375753846536e-15 1.094946678461435253e-15 nan 8.643608193145225289e-16 4.921588422221989892e-16 nan
5.818626413548609708e+04 1.463502848296938148e-15 1.199882825484019974e-15 nan 1.040096653279701728e-15 6.073154223035431764e-16 nan
5.755801800879630173e+04 1.236828212132408715e-15 9.992130247409260165e-16 nan 8.141612664080643250e-16 4.525709782800850222e-16 nan
5.756819065248840343e+04 1.280041487389001470e-15 1.073316503103708835e-15 nan 8.374766615831239915e-16 4.819850536876177392e-16 nan
5.831815903825229907e+04 1.772613217904978348e-15 1.362134355366969724e-15 nan 1.376207940051130915e-15 7.927393712482703773e-16 nan
5.832914814541670057e+04 1.782513736257685641e-15 1.340314724867248138e-15 nan 1.403362218978653488e-15 7.985839989881535786e-16 nan
5.834905882418980036e+04 1.684458290684290957e-15 1.327622639111667466e-15 nan 1.303239783573002580e-15 7.682081001895856201e-16 nan
5.774633784363429731e+04 1.358060046804134766e-15 1.063042590077429795e-15 nan 9.748122206606914715e-16 5.462808746649280905e-16 nan
5.833911679018520226e+04 1.564455813403419038e-15 1.240808203260892896e-15 nan 1.171499431177314266e-15 6.809192021006894313e-16 nan
5.815634642906249792e+04 1.640512185258171207e-15 1.311717046430008082e-15 nan 1.210929030039679224e-15 7.036366078838523708e-16 nan
5.752033229543980269e+04 nan nan nan nan nan nan
5.753007467814820120e+04 1.333493889022972290e-15 1.026017066233868377e-15 nan 9.249244361384791673e-16 5.009184252300348476e-16 nan
