5.814337675952549762e+04 1.058533077537401970e-15 1.011133603849753893e-15 nan 1.223853763293064026e-16 6.360988066106350007e-17 nan
5.815634830284719646e+04 1.125834880282701818e-15 1.117218658365751457e-15 nan 1.457653086092402519e-16 7.871335485047272293e-17 nan
5.828426319100690307e+04 1.076194127646811439e-15 1.052047840291257308e-15 nan 1.481436578901007495e-16 7.920127976872717229e-17 nan
5.814337488581019716e+04 1.071607609667578067e-15 1.023750502323238782e-15 nan 1.230623663160819805e-16 6.389188711283133911e-17 nan
5.823315396350689844e+04 1.055866745771881396e-15 1.102456793387957964e-15 nan 1.407315978064816119e-16 8.051507108960480693e-17 nan
5.820922448049770173e+04 9.834314426650950036e-16 9.471113643384342974e-16 nan 1.737264629666690694e-16 9.348137880916886048e-17 nan
5.822217972678240039e+04 1.087105423533272757e-15 1.099155803176103754e-15 nan 1.410042556864330819e-16 7.778454815293617609e-17 nan
5.782430919329859898e+04 1.012433577203007193e-15 1.000389659609755966e-15 nan 1.507654869615548850e-16 8.216940198141502748e-17 nan
5.792215074342589651e+04 9.815743059107644754e-16 9.385662020758836050e-16 nan 1.095910992077136103e-16 5.731148676641092185e-17 nan
5.774633974197920179e+04 9.568700942430773993e-16 9.240905865697005614e-16 nan 1.194405298275731770e-16 6.341137696919543032e-17 nan
5.773628956223379646e+04 9.731885332810186525e-16 9.856082484337491887e-16 nan 1.382028717819083814e-16 7.741960857357287840e-17 nan
5.824312459526619932e+04 1.055589109377581472e-15 1.085694188162738940e-15 nan 1.333510729483067599e-16 7.499686235574799139e-17 nan
5.753007467814820120e+04 9.668698450594997343e-16 8.971798783385912280e-16 nan 1.100835074327803148e-16 5.604966382837524642e-17 nan
5.834905882418980036e+04 1.077653151853812175e-15 1.085937014742725634e-15 nan 1.495677643505417285e-16 8.258942609926611656e-17 nan
5.812134814739580179e+04 1.061012904944877879e-15 1.083032863631933206e-15 nan 1.285055515965289488e-16 7.162610928104342717e-17 nan
5.791103132280090358e+04 1.009537851274385490e-15 1.044852505534972679e-15 nan 1.159481371039149173e-16 6.579613143683057327e-17 nan
5.790105893496530189e+04 9.630985705310815454e-16 8.880941370628265443e-16 nan 1.097260599848192639e-16 5.538439483188795741e-17 nan
5.750814405184030329e+04 9.614961966634033846e-16 9.752418443906683652e-16 nan 1.064943556920510057e-16 5.919798028775621838e-17 nan
5.820922635410880321e+04 9.638977993546350092e-16 9.451719477828365892e-16 nan 1.673410714762237648e-16 9.174848778147585141e-17 nan
5.821819339841439796e+04 1.099443225593655879e-15 1.028027475987360716e-15 nan 2.650032311870296485e-16 1.385767350953145348e-16 nan
5.824312646829860023e+04 1.048416695402089097e-15 1.076662440310348511e-15 nan 1.326218733175733779e-16 7.450276520244989559e-17 nan
5.816432651253470249e+04 1.066439089964366754e-15 1.026342175333390202e-15 nan 1.309826701890040943e-16 6.867917891996761438e-17 nan
5.756819252324070112e+04 9.861341123567475547e-16 9.702129595281764762e-16 nan 1.093373588800361398e-16 5.884124525048580347e-17 nan
5.785718151214120007e+04 nan nan nan nan nan nan
5.787734435098380345e+04 9.389723188661127598e-16 8.845315748759420680e-16 nan 1.021467910166587571e-16 5.282082081226876987e-17 nan
5.755801611182869965e+04 9.322799252250932241e-16 8.904168722579803853e-16 nan 1.022435413641165586e-16 5.362391671281120264e-17 nan
5.755801421140049933e+04 9.527798504749677277e-16 9.098497082094831933e-16 nan 1.037331503892775010e-16 5.431313342929320696e-17 nan
5.814337862993060116e+04 1.025959275755845245e-15 9.869962244895118911e-16 nan 1.212006988849858595e-16 6.365636433943324155e-17 nan
5.818626778427079989e+04 1.050750592372331991e-15 1.016997162851063492e-15 nan 1.280153315924994780e-16 6.761988540859172445e-17 nan
5.820824059042819863e+04 9.932163028385961302e-16 1.028839907521952803e-15 nan 1.700457366452274493e-16 9.833825722258898147e-17 nan
5.781429965668980003e+04 9.334861946574221670e-16 8.980748728247256454e-16 nan 1.374385157831206030e-16 7.318300801756790643e-17 nan
5.759998593644679931e+04 9.189216106330465357e-16 9.153605343322604534e-16 nan 1.026391637639968873e-16 5.623072900930466417e-17 nan
5.780131938141200226e+04 9.406995686715305862e-16 9.809556629982702459e-16 nan 1.411345833836063303e-16 8.171601918484528976e-17 nan
5.831815716444439749e+04 1.126957852204527875e-15 1.103801051128090538e-15 nan 1.613924243881888943e-16 8.634626616344991098e-17 nan
5.754723295498840162e+04 9.579756309211757917e-16 9.687668405432588631e-16 nan 1.044962443589829881e-16 5.791284587814555690e-17 nan
5.819735913929399976e+04 1.074687195942264796e-15 1.102063526248816276e-15 nan 1.308691928350292679e-16 7.317258224703833245e-17 nan
5.816432464210649778e+04 1.049782448364277215e-15 1.018199197073128042e-15 nan 1.291625998438588753e-16 6.835621206302167579e-17 nan
5.793315108984950348e+04 9.767640726119927844e-16 9.206710176280161936e-16 nan 1.109059035009423359e-16 5.717013777790342025e-17 nan
5.777932265245370218e+04 9.554234274567229195e-16 8.977154579101985502e-16 nan 1.382860569756868482e-16 7.170760222965533246e-17 nan
5.819736103619210189e+04 1.067283190111935297e-15 1.081951341125846028e-15 nan 1.308325344670871948e-16 7.234641447203350227e-17 nan
5.759998783212959825e+04 9.400142708086004579e-16 9.353308851032125823e-16 nan 1.028572922723017002e-16 5.616408245392814576e-17 nan
5.826406706221059721e+04 1.074793961566034771e-15 1.092302112485877451e-15 nan 2.290294535444797406e-16 1.299960368660247260e-16 nan
5.824312269599540014e+04 1.075551866939430069e-15 1.105725172843119394e-15 nan 1.340567451858104398e-16 7.521484465249322134e-17 nan
5.825404368166669883e+04 1.071195880307606927e-15 1.057744149511384435e-15 nan 1.377213824649313808e-16 7.425296491433211634e-17 nan
5.786715617920140357e+04 1.025738451779631609e-15 1.037460752272500367e-15 nan 1.444193196374050272e-16 8.025590574019990370e-17 nan
5.808928495172449766e+04 nan nan nan nan nan nan
5.752033042518520233e+04 nan nan nan nan nan nan
5.781430152931709745e+04 9.430981132267121020e-16 9.091013952283561674e-16 nan 1.378800503010858975e-16 7.349955514243003693e-17 nan
5.763300649296300253e+04 1.004986484143130044e-15 9.778111418409826401e-16 nan 1.111643027123577863e-16 5.909137972932311289e-17 nan
5.829398925767360197e+04 1.072765873352912890e-15 1.032655535310703237e-15 nan 1.597209434711234830e-16 8.452454294416572804e-17 nan
5.831815526644680358e+04 1.175292844905462213e-15 1.151786572864857982e-15 nan 1.666407444331294799e-16 8.884702452023065831e-17 nan
5.763301029209489934e+04 9.959368780656043332e-16 9.709021366440936773e-16 nan 1.119851013295021080e-16 5.972076969677761717e-17 nan
5.811034251591440261e+04 1.158843199262164519e-15 1.153517368160808603e-15 nan 1.304505305895762827e-16 7.016182685607048790e-17 nan
5.775719103354169783e+04 9.423469828230884063e-16 1.020201595293520155e-15 nan 1.328157799686562658e-16 7.974953811350227689e-17 nan
5.785729886380789685e+04 1.044669852817679710e-15 1.040634276149987751e-15 nan 1.778587143647236615e-16 9.812392303938469285e-17 nan
5.788831468282410060e+04 9.830141323578080371e-16 9.604529425901071634e-16 nan 1.121617879370696969e-16 6.007548837451157016e-17 nan
5.808928869571760151e+04 3.523725833015161798e-16 3.424657046784740071e-16 nan 1.082209547216009650e-16 6.252370986167035685e-17 nan
5.813334296329860081e+04 1.122794593329515453e-15 1.125483002799218442e-15 nan 1.266773918340036095e-16 6.880119989110173050e-17 nan
5.754723482777780009e+04 9.773655996175100885e-16 9.879744056242283502e-16 nan 1.057576547697197502e-16 5.848979584731037295e-17 nan
5.832914814541670057e+04 1.110237630341939553e-15 1.079666759446937943e-15 nan 1.572299877157091041e-16 8.364008760916035173e-17 nan
5.780132125148150226e+04 9.525481546309645613e-16 9.870048157965836419e-16 nan 1.434624625629212650e-16 8.247991015109362556e-17 nan
5.779119933505789959e+04 9.968707277145577736e-16 1.037163166020069822e-15 nan 1.285962385633989918e-16 7.354965764297596773e-17 nan
5.791103319438659673e+04 9.968085276888706449e-16 1.028724432888928415e-15 nan 1.164343543917740726e-16 6.596586762744403615e-17 nan
5.817630854277779872e+04 1.025300638301280928e-15 9.931148059847287590e-16 nan 1.289640094006512392e-16 6.834198804274897809e-17 nan
5.819735718868060212e+04 1.073749496318054080e-15 1.091378393179832726e-15 nan 1.324726148225185074e-16 7.343014252072916032e-17 nan
5.775718913462960336e+04 9.841978467701611662e-16 1.040199486284993392e-15 nan 1.357672772376225283e-16 7.924169391383294764e-17 nan
5.826406513415509835e+04 1.094962482314864694e-15 1.122591533073912761e-15 nan 1.762411205761430344e-16 9.954728328867084559e-17 nan
5.832915001937500347e+04 1.065710515897067399e-15 1.045745791434043863e-15 nan 1.557488601184483521e-16 8.398739095293582516e-17 nan
5.813334673453700088e+04 1.152439610923008593e-15 1.144659647726423601e-15 nan 1.284092159069639519e-16 6.890684492994437714e-17 nan
5.777932645429400145e+04 9.596642480905271950e-16 8.976816302188758944e-16 nan 1.374387580248420263e-16 7.089369029913079745e-17 nan
5.774633784363429731e+04 9.531258477714518955e-16 9.141319924208146965e-16 nan 1.199185468712905783e-16 6.324986382117416626e-17 nan
5.815338441898149904e+04 nan nan nan nan nan nan
5.792214886855320219e+04 9.884172540507298475e-16 9.404834210038582648e-16 nan 1.096054836724969748e-16 5.699067046426681001e-17 nan
5.816432274166669959e+04 1.036450883745291041e-15 1.009663355953140902e-15 nan 1.280957322950120336e-16 6.816879335584023919e-17 nan
5.752032855259259668e+04 nan nan nan nan nan nan
5.834905695135419955e+04 1.072951307490385533e-15 1.107671028705207416e-15 nan 1.487342864797711414e-16 8.421072675287948429e-17 nan
5.827419451822919655e+04 1.032164060065733858e-15 9.866344432631190026e-16 nan 1.345929618641299830e-16 7.040874257943092112e-17 nan
5.758319436125000357e+04 9.943593214246364236e-16 1.020162397751567503e-15 nan 1.225638007164816055e-16 6.912002434645253892e-17 nan
5.761200336034719658e+04 9.880891425830120353e-16 9.658043819034332441e-16 nan 1.115143634624953190e-16 5.966494510816411008e-17 nan
5.828426509484949929e+04 1.094469245333653800e-15 1.059173766775858943e-15 nan 1.484819811685880627e-16 7.842292412693384209e-17 nan
5.827419074731480214e+04 1.055166173388588745e-15 1.013848400102732359e-15 nan 1.340047397502288315e-16 7.029551904035503169e-17 nan
5.788831842739580316e+04 9.749525058344359030e-16 9.502833504625345104e-16 nan 1.102255048148029356e-16 5.891248121891715641e-17 nan
5.813334483795140113e+04 1.125944782190618847e-15 1.117341099679285964e-15 nan 1.274237908425212856e-16 6.848211309556113555e-17 nan
5.761200148894680024e+04 1.004056738475518200e-15 9.798880450564504824e-16 nan 1.108312324981060123e-16 5.909888449300960283e-17 nan
5.825404555556709965e+04 1.070576278013688880e-15 1.058971677037368797e-15 nan 1.375894098942092078e-16 7.431841972697352117e-17 nan
5.776936233684029867e+04 1.001984882857981994e-15 1.029286786623643173e-15 nan 1.464451808833981424e-16 8.303931911647981778e-17 nan
5.821819527013890183e+04 1.187519613770425273e-15 1.066409129255755358e-15 nan 4.649260953698696198e-16 2.431577037349819720e-16 nan
5.812134434108799906e+04 1.066762721170510930e-15 1.108588665711403026e-15 nan 1.297403196970070860e-16 7.363023453148638218e-17 nan
5.834905507653929817e+04 1.064173240828348820e-15 1.089056740272301557e-15 nan 1.492635043522671920e-16 8.384606292576605700e-17 nan
5.762008101782410085e+04 9.948455258744807134e-16 9.986293319132542715e-16 nan 1.184922258923205773e-16 6.525322644069355166e-17 nan
5.758319623273149773e+04 9.713057730175942920e-16 1.007042905816748282e-15 nan 1.238064779650665149e-16 7.077457256118622546e-17 nan
5.775719293282410217e+04 9.685013527933361653e-16 1.037370460592096758e-15 nan 1.345660905994579158e-16 7.974738477666725721e-17 nan
5.829398551293979835e+04 1.094521252753892571e-15 1.054776983270515062e-15 nan 1.644736817003296946e-16 8.698322844494881502e-17 nan
5.762007914293980139e+04 9.418457526732065268e-16 9.546385198449935037e-16 nan 1.143441603628391772e-16 6.387524276643904850e-17 nan
5.818627152878470224e+04 1.048133769720100560e-15 1.002254387047701931e-15 nan 1.293456203464487732e-16 6.752419738389522444e-17 nan
5.752033229543980269e+04 nan nan nan nan nan nan
5.785729509346059785e+04 1.023576703551380760e-15 1.029334190460885810e-15 nan 1.578205869524243673e-16 8.767862299518616198e-17 nan
5.777932455837960151e+04 9.529124356367757134e-16 8.969098029788500573e-16 nan 1.370597420009360226e-16 7.119551669723385270e-17 nan
5.791103509098380164e+04 1.012523953561539169e-15 1.050701320674716137e-15 nan 1.162031918586758913e-16 6.609046033285114066e-17 nan
5.776935856103010155e+04 9.839540511863523401e-16 1.012177585686193077e-15 nan 1.470914608951943246e-16 8.367988834096106987e-17 nan
5.761199958975690242e+04 9.669981422347864173e-16 9.489735910479449742e-16 nan 1.095636552997988533e-16 5.896325800311482047e-17 nan
5.750814597651619988e+04 9.922470559944355316e-16 1.000386066576810272e-15 nan 1.062064347666646991e-16 5.849276389649194857e-17 nan
5.773628768722219684e+04 9.662462330103503683e-16 9.815867609619508254e-16 nan 1.390321453827553570e-16 7.820781492522416248e-17 nan
5.826406895916670328e+04 1.045722097722739785e-15 1.067260308237484815e-15 nan 2.184587123748370746e-16 1.247832544932771045e-16 nan
5.792214699253469735e+04 9.731556794782840885e-16 9.260598807901521978e-16 nan 1.105891503213479192e-16 5.761617409380034762e-17 nan
5.790106083542820124e+04 9.624955471082453377e-16 8.911313834500950954e-16 nan 1.082481612249236472e-16 5.484446550264415267e-17 nan
5.830805729326389701e+04 1.080042712916541828e-15 1.071908426547821996e-15 nan 1.366340778171235571e-16 7.391943680821671597e-17 nan
5.756819065248840343e+04 9.741684231905630178e-16 9.608122029539173933e-16 nan 1.089268837383805310e-16 5.883337053613051335e-17 nan
5.780131750628470036e+04 9.617919537353769233e-16 1.004330524682542449e-15 nan 1.428982700413737879e-16 8.269898761138913460e-17 nan
5.756818854954859853e+04 9.816827501605423714e-16 9.728550548340062105e-16 nan 1.080298824000461697e-16 5.857428822857997622e-17 nan
5.772434679296299873e+04 1.029518810274981164e-15 1.062482374340093622e-15 nan 1.238905268606980567e-16 6.995994625319077391e-17 nan
5.762008289043980039e+04 9.696008693471283206e-16 9.895703126821520929e-16 nan 1.178680786737642910e-16 6.619044653117248722e-17 nan
5.820922822435179842e+04 9.926129621402881344e-16 9.838995935139709906e-16 nan 1.576900931723417740e-16 8.689024937495105099e-17 nan
5.786715239743059647e+04 1.056335476884674047e-15 1.007111595984756977e-15 nan 1.572128868650177960e-16 8.222258467024560136e-17 nan
5.817630666320599994e+04 1.029431553843761209e-15 1.006965189225581314e-15 nan 1.280067740549327506e-16 6.848305152291432948e-17 nan
5.812134624599540257e+04 1.062956891317563558e-15 1.082581019729774263e-15 nan 1.294234708157819246e-16 7.197247668871432986e-17 nan
5.829398738712960039e+04 1.101474398166318785e-15 1.048432646268098910e-15 nan 1.667515882233394822e-16 8.707741208110051134e-17 nan
5.820824248755790177e+04 9.921970852694507880e-16 1.027283845854791236e-15 nan 1.703424643207229165e-16 9.847601073452903811e-17 nan
5.761013213571759843e+04 9.751540854997865080e-16 1.024846257188425543e-15 nan 1.204730789746479393e-16 6.973554028273274247e-17 nan
5.758319246322919935e+04 1.017924443450987767e-15 1.044412203908415243e-15 nan 1.473681221872608611e-16 8.345144026274881530e-17 nan
5.786715427152779739e+04 1.014196904612631783e-15 1.028565366523587724e-15 nan 1.436150830887500689e-16 8.011946894778229924e-17 nan
5.827419264663189824e+04 1.052045032302496360e-15 1.015222127882292614e-15 nan 1.326522705718382754e-16 6.989145722906616247e-17 nan
5.833911679018520226e+04 1.046394067161368920e-15 1.040113728541018887e-15 nan 1.408171472070373329e-16 7.669765843501880709e-17 nan
5.787734625126160245e+04 9.653706836491232495e-16 9.025527800764202448e-16 nan 1.026233481529961733e-16 5.251969271537068832e-17 nan
5.772434491921299923e+04 1.042897053443162082e-15 1.071870239383285068e-15 nan 1.263565412680149481e-16 7.099780477689791681e-17 nan
5.785717963824069739e+04 nan nan nan nan nan nan
5.822217595601850189e+04 1.104530106320104298e-15 1.124102027353089145e-15 nan 1.487637514720473256e-16 8.260724117761733204e-17 nan
5.833911491662039771e+04 1.043750794876301191e-15 1.050213202140300111e-15 nan 1.407211344008525395e-16 7.762269929907070730e-17 nan
5.774634164041670010e+04 9.465334129283986026e-16 9.160275607485304532e-16 nan 1.199779413410389415e-16 6.391476747793827633e-17 nan
5.815634642906249792e+04 1.116276464516893409e-15 1.109818412310655482e-15 nan 1.454029953152047419e-16 7.873864593053667132e-17 nan
5.779120120866900106e+04 1.017478839855842307e-15 1.055701710077352214e-15 nan 1.300193926837875086e-16 7.402573185862408204e-17 nan
5.782431106597220059e+04 9.884655780788257764e-16 9.639761868276505307e-16 nan 1.500023027890616373e-16 8.085569069622092218e-17 nan
5.754723669991899806e+04 9.632264108351971456e-16 9.707176560722859598e-16 nan 1.046627988987025093e-16 5.777264434453897891e-17 nan
5.833911866302080307e+04 1.029435062743337874e-15 1.021107971138909561e-15 nan 1.394452832939589822e-16 7.589551157202465012e-17 nan
5.755801800879630173e+04 9.367051253891690264e-16 8.924608298174956088e-16 nan 1.026107289965358670e-16 5.366223798091401047e-17 nan
5.823315209210650210e+04 1.062686099254179375e-15 1.113567983361615808e-15 nan 1.457042163980502209e-16 8.370484353029978492e-17 nan
5.753007655275460274e+04 9.852581373502265727e-16 9.072465116331009678e-16 nan 1.093226857733885367e-16 5.509531383076111785e-17 nan
5.781429775741900085e+04 9.052227543737815472e-16 8.974733021684860997e-16 nan 1.335805296521684204e-16 7.349368545270955047e-17 nan
5.763300839271990117e+04 9.990909358203487410e-16 9.674436202340098065e-16 nan 1.126503913752639330e-16 5.964984240186317333e-17 nan
5.782430731930559705e+04 9.921246914911310936e-16 9.791025880378305760e-16 nan 1.507941952515064974e-16 8.225889986059323337e-17 nan
5.822217782984949736e+04 1.081587536736238419e-15 1.096973014439826326e-15 nan 1.411653668324848890e-16 7.816725360719074532e-17 nan
5.790106270711810066e+04 9.634862542319337512e-16 8.897048506349651429e-16 nan 1.082345749849757128e-16 5.468202499669075397e-17 nan
5.788831655570599833e+04 9.511321921920122698e-16 9.253736380749855508e-16 nan 1.090988997691824434e-16 5.833052309201810292e-17 nan
5.823315021841439739e+04 1.008345285523009620e-15 1.056515541397361655e-15 nan 1.731358192433319436e-16 1.006602428790590280e-16 nan
5.808928682432870119e+04 1.144390322507721948e-15 1.158224350586121404e-15 nan 2.171668447380818971e-16 1.215490113752219347e-16 nan
5.831815903825229907e+04 1.128536328474941817e-15 1.110993450722700821e-15 nan 1.593264530956373302e-16 8.562801063231069331e-17 nan
5.779120310692129715e+04 1.017505505001294779e-15 1.056820964725167869e-15 nan 1.291879227486148038e-16 7.361609872467406533e-17 nan
5.830806103812500078e+04 1.083594945742731297e-15 1.068498589947434022e-15 nan 1.378606277326410923e-16 7.407933811531931699e-17 nan
5.785729699114579853e+04 1.035183087406661807e-15 1.043865965985419283e-15 nan 1.715216720367964999e-16 9.578616908855939037e-17 nan
5.821819139609950071e+04 1.122530893262277039e-15 1.030581570614012635e-15 nan 2.945610898368436944e-16 1.518162202091039616e-16 nan
5.772434866576390050e+04 1.022346933978989653e-15 1.051612039980820396e-15 nan 1.225067703489036456e-16 6.897418560926747611e-17 nan
5.750814784447920101e+04 9.828596748181622560e-16 9.904795213060652925e-16 nan 1.085358577778788087e-16 5.984238518419709027e-17 nan
5.811034438879630034e+04 1.135523798561778840e-15 1.128811063502149075e-15 nan 1.288054270355823024e-16 6.931724120488000501e-17 nan
5.825404742700229690e+04 1.103971459194839851e-15 1.085466959339348142e-15 nan 1.472316826250863911e-16 7.892419359568446475e-17 nan
5.818626965681710135e+04 1.066479050932542748e-15 1.020518820791320258e-15 nan 1.299980367188897277e-16 6.779544912138953222e-17 nan
5.830805916629629792e+04 1.068875086868967899e-15 1.069649092465560800e-15 nan 1.364218883209806701e-16 7.451377627104922469e-17 nan
5.815338254519680049e+04 1.064437299327520030e-15 1.089184954019535012e-15 nan 1.420596701068518459e-16 7.971804068537941313e-17 nan
5.832915189348380227e+04 1.061707411175990965e-15 1.044826588757852205e-15 nan 1.571829699420972199e-16 8.507962530830941056e-17 nan
5.776936043849540147e+04 9.732997255990612762e-16 1.010031576517621534e-15 nan 1.448150644293278454e-16 8.318219957299373453e-17 nan
5.815635017428240099e+04 1.124583652751360427e-15 1.116629487493868831e-15 nan 1.452554657999843082e-16 7.848336171452134214e-17 nan
5.773629143378470326e+04 9.635881233205430261e-16 9.822745784634648624e-16 nan 1.374971450455903298e-16 7.760374971691881385e-17 nan
5.759998406383099791e+04 9.104350624961635332e-16 9.136985652125501880e-16 nan 1.013052722940480545e-16 5.594947515561682604e-17 nan
5.818626413548609708e+04 1.037633666781631105e-15 1.037237667452118208e-15 nan 1.290142669495012278e-16 7.054115862201409429e-17 nan
5.793314919180559809e+04 1.009685684504553771e-15 9.318363645117412828e-16 nan 1.160986677355866745e-16 5.844740019603864559e-17 nan
5.828426696519680263e+04 1.087043103397069392e-15 1.052184459218641020e-15 nan 1.498865664622207737e-16 7.927085152771240386e-17 nan
5.753007844962959643e+04 9.990514074529240117e-16 9.274504561431117435e-16 nan 1.073637879780693356e-16 5.444015248891190080e-17 nan
5.817631041427080345e+04 1.037732902665408032e-15 1.012982703339254376e-15 nan 1.292873765915076289e-16 6.897783685848573550e-17 nan
5.761013403491899953e+04 9.710164229372458806e-16 1.021857785017348045e-15 nan 1.218086061128728322e-16 7.065900924683752002e-17 nan
5.787734813106479851e+04 9.556494448655778644e-16 8.811281257181438878e-16 nan 1.027194829480894643e-16 5.187845781263579969e-17 nan
5.811034628445599810e+04 1.158580181688853134e-15 1.150395885970412774e-15 nan 1.300802664790715369e-16 6.977475087578841500e-17 nan
5.793314732129630283e+04 9.965103414878092522e-16 9.262836067977050197e-16 nan 1.168023657888383122e-16 5.932689934160989512e-17 nan
