5.821819390199999907e+04 4.162731924861548123e+02 6.288069851749522599e-01 3.046620986079932522e-02 7.769643398843379956e-01
5.814337726999999722e+04 8.562798858941793014e+02 7.957325716321957954e-01 3.065566674524097118e-02 6.048718083528255018e-01
5.826406757400000060e+04 6.359431770739765852e+02 7.282749934865050401e-01 6.485927660386654747e-02 6.822087716386048273e-01
5.786715477799999644e+04 6.637444794584192778e+02 7.390959504628569210e-01 2.315055341935719560e-02 6.732022191628485031e-01
5.824312509600000340e+04 8.341441241094688621e+02 7.901154196926502005e-01 3.071653530470842830e-02 6.121879760521123925e-01
5.811034490999999980e+04 8.846662542870959669e+02 8.024963630100766521e-01 3.779895811003831929e-02 5.954585007550020626e-01
5.827419314199999644e+04 8.034588299096162700e+02 7.820238633618098456e-01 2.804189841941327060e-02 6.226173215272000627e-01
5.816432514400000218e+04 7.883781134215188331e+02 7.778883258912823173e-01 2.672718460572277854e-02 6.278339032300740419e-01
5.817630904800000280e+04 7.892431366321079622e+02 7.779522846190198848e-01 3.672920713521362485e-02 6.272489204448788991e-01
5.785718170999999711e+04 3.176712499628293358e+02 5.568969122255379434e-01 2.283449375392937464e-01 7.985764951799153577e-01
5.791103369999999995e+04 8.034962932015291699e+02 7.817337073650186818e-01 4.302536325803717199e-02 6.221263769410979583e-01
5.831815766199999780e+04 7.313452496986773212e+02 7.603625361314382269e-01 6.085362394144875481e-02 6.466418252022986257e-01
5.788831707599999936e+04 9.191621672685909061e+02 8.099313370971709114e-01 5.667758067849039405e-02 5.837798223957572086e-01
5.782430970600000001e+04 7.349651274575865045e+02 7.621254856485882856e-01 3.570187918342072192e-02 6.464442125564090480e-01
5.753007706000000326e+04 1.013550010794809964e+03 8.302006196143836281e-01 3.686426717585469803e-02 5.562445118807741729e-01
5.761200198400000227e+04 9.696963481557402247e+02 8.215635177836737579e-01 2.925776543034707550e-02 5.693657606573632179e-01
5.793314970400000311e+04 7.848960729737264046e+02 7.768413000720169048e-01 3.120623001018603404e-02 6.289227024928977228e-01
5.754723535599999741e+04 9.572696820009514340e+02 8.190633613719511263e-01 2.274772421335815448e-02 5.732519089381155064e-01
5.774634026199999789e+04 8.214460041829646570e+02 7.867851609514128208e-01 3.151278393817105034e-02 6.164219779948842959e-01
5.820922686599999724e+04 7.334770034782983430e+02 7.617786107742320345e-01 2.948203134286963428e-02 6.471662522063237333e-01
5.762008153399999719e+04 8.854887598253540091e+02 8.026540406751702106e-01 3.944396238730377841e-02 5.951391978512349246e-01
5.772434731399999873e+04 8.215859724465057070e+02 7.867365528445522393e-01 3.595634205349850648e-02 6.162408116024148397e-01
5.787734674400000222e+04 9.909062803182893049e+02 8.247598936707151163e-01 6.680866281942335339e-02 5.615226801871419093e-01
5.822217833799999789e+04 7.534780814526357062e+02 7.678346090027430293e-01 2.782452346136963725e-02 6.400435993834734383e-01
5.759998646200000076e+04 9.499255223225866303e+02 8.173378783365546907e-01 3.230107059196609537e-02 5.752524954095481480e-01
5.780131989400000020e+04 7.274512235179995514e+02 7.594978043949580648e-01 4.947844310682252000e-02 6.486254456826089365e-01
5.779120172399999865e+04 7.731448987755900362e+02 7.733373870735419375e-01 3.994453625663271085e-02 6.327351102772070801e-01
5.781430015599999751e+04 6.952187438575306260e+02 7.494926184375456657e-01 3.777730626198549935e-02 6.609339528570307154e-01
5.775719153599999845e+04 7.542182714771702194e+02 7.665338389829993160e-01 7.960663563443257096e-02 6.372508589691754377e-01
5.761013453399999707e+04 7.409065577676105931e+02 7.636637533601415839e-01 4.767472377392405897e-02 6.438515298708088475e-01
5.813334535199999664e+04 8.889708385748454020e+02 8.034493230378276785e-01 4.065652553023391819e-02 5.939833602398858492e-01
5.792214939199999935e+04 8.387352100045145562e+02 7.911217293883137103e-01 3.939421081172612971e-02 6.103888149730177792e-01
5.776936095000000205e+04 7.224387597973001220e+02 7.583480410752846401e-01 3.020229836304863177e-02 6.511498059362895718e-01
5.833911729999999807e+04 8.120934689009046679e+02 7.838317395596606785e-01 5.132330228149247636e-02 6.188487074413250300e-01
5.808928733199999988e+04 5.580530810159781367e+02 6.980288122200914991e-01 5.179925715608534043e-02 7.141936812018752079e-01
5.823315259800000058e+04 7.636253781829149148e+02 7.705733685374828168e-01 4.067988157994482240e-02 6.360517517745222227e-01
5.755801660599999741e+04 9.634751450129268733e+02 8.197200209153178152e-01 5.117820369697143740e-02 5.704733813044586821e-01
5.830805967200000305e+04 7.675534235603437310e+02 7.718794843921163995e-01 3.238204230473645806e-02 6.349436706596379709e-01
5.834905747800000245e+04 8.101604717059486802e+02 7.836054224635501386e-01 4.004196539298487956e-02 6.199670821045164537e-01
5.820824298200000339e+04 7.692562880889439612e+02 7.723480064677495927e-01 3.365413845244764890e-02 6.343074616227657447e-01
5.825404606800000329e+04 7.560764522164035952e+02 7.681760295401338645e-01 4.833761350814731739e-02 6.384113585771263866e-01
5.819735963600000105e+04 7.995971927281653961e+02 7.809420999178978695e-01 2.974836292739018589e-02 6.238945996552337503e-01
5.818627016000000003e+04 8.207624898933805753e+02 7.865378247415448776e-01 3.503471727574462152e-02 6.165474992539079491e-01
5.829398788600000262e+04 6.568295666405509792e+02 7.361448707873593511e-01 5.142170764182656117e-02 6.748677923835605386e-01
5.785729748600000312e+04 6.393325426642057892e+02 7.303060045501380548e-01 3.174192235381367161e-02 6.823822902767173737e-01
5.828426559000000270e+04 8.084248339618391128e+02 7.832845899040901116e-01 3.294994020207804575e-02 6.207894592045365423e-01
5.812134674000000086e+04 8.400808158909120493e+02 7.917080016574654655e-01 2.672883661245600839e-02 6.103146806401494873e-01
5.756819116400000348e+04 9.626078047127961099e+02 8.198973853910347387e-01 3.820218983704050386e-02 5.712345141188510667e-01
5.790106133199999749e+04 7.577272755412014931e+02 7.689815876721761700e-01 3.416683665940893622e-02 6.383572237343824174e-01
5.773629007799999818e+04 7.758729881180155417e+02 7.741454746097283790e-01 3.861724447686969847e-02 6.318286892586407744e-01
5.763300889399999869e+04 9.502768923192281818e+02 8.171317554894093060e-01 4.425347083708765228e-02 5.747497929444317366e-01
5.758319485400000121e+04 8.875842816197639422e+02 8.025265366538487655e-01 6.045575089007170638e-02 5.935454996465699962e-01
