5.787734813106479851e+04 2.100877211354387046e-15 2.467523678151700120e-15 nan 1.518918518327132353e-16 1.354247447879903759e-16 nan
5.823315396350689844e+04 2.171383486534179013e-15 2.754189530262848826e-15 nan 2.257049790362342748e-16 2.175986625324776204e-16 nan
5.763301029209489934e+04 2.134000605551718525e-15 2.757479218530210271e-15 nan 1.713137878829906634e-16 1.681341170465825282e-16 nan
5.793315108984950348e+04 2.221129601518330777e-15 2.625524044291901663e-15 nan 1.690556977355767585e-16 1.517252636273053988e-16 nan
5.821819339841439796e+04 2.212507477839065625e-15 2.597349798128458197e-15 nan 4.642605102981162369e-16 4.171034205013413089e-16 nan
5.761200336034719658e+04 2.062421627006743614e-15 2.923876563160475688e-15 nan 1.674232515645073534e-16 1.803139133523022588e-16 nan
5.780131750628470036e+04 2.068053955731875000e-15 2.548977219674019761e-15 nan 2.747035446538247206e-16 2.576841201641541407e-16 nan
5.824312459526619932e+04 2.218952739483964465e-15 2.738262469406032700e-15 nan 2.113130629024560690e-16 1.981267503964897941e-16 nan
5.821819527013890183e+04 2.283821047357239755e-15 2.621856368330900715e-15 nan 8.863578710935236796e-16 7.973205093817157838e-16 nan
5.819736103619210189e+04 2.188861866381774573e-15 2.852245891642976485e-15 nan 1.775937587437009764e-16 1.757844055225214851e-16 nan
5.786715239743059647e+04 2.077661021759178096e-15 2.645602611764970331e-15 nan 2.056369954433931492e-16 1.989943715859445339e-16 nan
5.814337675952549762e+04 2.236206421589935308e-15 2.783449123504674768e-15 nan 1.679491898468568996e-16 1.587425164727041923e-16 nan
5.755801421140049933e+04 2.052352612882214777e-15 2.577779293983944767e-15 nan 1.965636269156018039e-16 1.875739582991639575e-16 nan
5.813334483795140113e+04 2.221637861797414383e-15 2.896214364060804869e-15 nan 1.585066164209668449e-16 1.569288589676232072e-16 nan
5.780131938141200226e+04 2.030312091901804083e-15 2.505006840603667358e-15 nan 2.736582897959166606e-16 2.569901736834815516e-16 nan
5.811034628445599810e+04 2.258613267509842259e-15 2.835940011313113494e-15 nan 1.653060633086705456e-16 1.576142897503585846e-16 nan
5.833911866302080307e+04 2.181509316936685814e-15 2.701175411920615075e-15 nan 2.452363229817930396e-16 2.308806574109586532e-16 nan
5.808928495172449766e+04 nan nan nan nan nan nan
5.781429775741900085e+04 2.010612568139843185e-15 2.608358713391133055e-15 nan 2.022556332985361160e-16 1.994181563985871588e-16 nan
5.808928682432870119e+04 2.409461020428906162e-15 3.068266965222744948e-15 nan 7.051947087435410701e-16 6.937153804088889943e-16 nan
5.774633974197920179e+04 2.094640075733628453e-15 2.686920782600072274e-15 nan 1.878234967965144532e-16 1.830362524041249976e-16 nan
5.779119933505789959e+04 2.052247291926066085e-15 2.765690407583741635e-15 nan 2.354979578162677512e-16 2.413586241809160017e-16 nan
5.787734435098380345e+04 2.112860900698175050e-15 2.492847574240161990e-15 nan 1.571470736373654873e-16 1.407552240249154524e-16 nan
5.791103509098380164e+04 2.085085559875853150e-15 2.600075338439362441e-15 nan 2.299736194225530844e-16 2.180140647700256230e-16 nan
5.780132125148150226e+04 2.045666004999659506e-15 2.524157096323849519e-15 nan 2.807299051020544871e-16 2.636909007007234356e-16 nan
5.817630666320599994e+04 2.261805821114653684e-15 2.658587799742700865e-15 nan 2.195377640394136622e-16 1.960526612908354240e-16 nan
5.814337862993060116e+04 2.217503622755835461e-15 2.776500198357169571e-15 nan 1.721073401621413472e-16 1.636453333565482612e-16 nan
5.759998593644679931e+04 2.039272272680948607e-15 2.505744431029725737e-15 nan 1.381116541153085064e-16 1.288318568898967763e-16 nan
5.829398551293979835e+04 2.270688180888594377e-15 2.727395595544242740e-15 nan 3.397429112653513249e-16 3.108784873446736438e-16 nan
5.820922448049770173e+04 2.128610207918474591e-15 2.692142731401533968e-15 nan 5.407511899693511205e-16 5.259325959940522794e-16 nan
5.788831468282410060e+04 2.093072378684033553e-15 2.530216014058833967e-15 nan 2.104437328469719813e-16 1.933033362543318287e-16 nan
5.786715617920140357e+04 2.071105577440412850e-15 2.603375310915941830e-15 nan 1.985848290511543388e-16 1.896725965948622391e-16 nan
5.820824248755790177e+04 2.117564780812025378e-15 2.748581659725412391e-15 nan 5.345336084163679167e-16 5.334865211147597103e-16 nan
5.820922822435179842e+04 2.191533800913852802e-15 2.798539616518804928e-15 nan 4.744333319781532187e-16 4.640893742866026410e-16 nan
5.782430731930559705e+04 2.031002813204278800e-15 2.616207188262628598e-15 nan 3.242408097760102638e-16 3.184190421686216021e-16 nan
5.829398925767360197e+04 2.279775748437941532e-15 2.734098612371215546e-15 nan 3.535420786429985542e-16 3.231284939129355831e-16 nan
5.817630854277779872e+04 2.261486417892185203e-15 2.655537145760976918e-15 nan 2.143484284601139888e-16 1.912087166885247591e-16 nan
5.788831842739580316e+04 2.092721923261461658e-15 2.547646964149076692e-15 nan 2.033634219272294110e-16 1.880971356224225327e-16 nan
5.828426696519680263e+04 2.301377554422000809e-15 2.989429825172212059e-15 nan 2.525587418561400472e-16 2.494500023759701019e-16 nan
5.817631041427080345e+04 2.256789557120437027e-15 2.649551812311959917e-15 nan 2.118761812271871048e-16 1.889647860539099792e-16 nan
5.823315209210650210e+04 2.175541240319448454e-15 2.750940935064530713e-15 nan 2.356436066973872380e-16 2.265166587823310607e-16 nan
5.761013213571759843e+04 2.098932771498365819e-15 2.863114049785154280e-15 nan 2.318492498326931013e-16 2.404778871751739010e-16 nan
5.830805916629629792e+04 2.273604537021475868e-15 2.922162620927764381e-15 nan 1.925856014428747339e-16 1.880321763514523670e-16 nan
5.791103319438659673e+04 2.106602980525168578e-15 2.620720153942856263e-15 nan 2.348096620319323155e-16 2.220821292681571847e-16 nan
5.785718151214120007e+04 2.307216531153283367e-15 2.912347524355009707e-15 nan 1.233503535072172471e-15 1.259580474426334198e-15 nan
5.820824059042819863e+04 2.212586074684921306e-15 2.873126828664229310e-15 nan 5.491836229130751016e-16 5.481327902049236646e-16 nan
5.791103132280090358e+04 2.111228920273450340e-15 2.624338269218834312e-15 nan 2.401194278978024873e-16 2.269502811271121046e-16 nan
5.818626778427079989e+04 2.227156690907255407e-15 2.812506126379507421e-15 nan 2.002579585844206812e-16 1.921156432691859989e-16 nan
5.827419451822919655e+04 2.196949704013236758e-15 2.505237769390506409e-15 nan 2.127114178990783475e-16 1.842671667315943584e-16 nan
5.793314732129630283e+04 2.261765538017523997e-15 2.670944220791814794e-15 nan 1.814413233482054857e-16 1.627018501980102239e-16 nan
5.828426319100690307e+04 2.306907043353167258e-15 3.013208830378326372e-15 nan 2.506310892062891218e-16 2.489102112377389787e-16 nan
5.815634830284719646e+04 2.220827259509295325e-15 2.749472857704406447e-15 nan 2.284421816441242978e-16 2.149426027163414033e-16 nan
5.788831655570599833e+04 2.100252038697439763e-15 2.550291980331481630e-15 nan 2.025290234344209652e-16 1.868392949983262084e-16 nan
5.826406895916670328e+04 2.203914439379572673e-15 2.732362370802387560e-15 nan 6.222106647499963573e-16 5.950673848137632538e-16 nan
5.812134434108799906e+04 2.214942526620842914e-15 2.644659415088867914e-15 nan 2.572741125589784821e-16 2.335786981130796992e-16 nan
5.785729699114579853e+04 2.073683175976342795e-15 2.797451478485162491e-15 nan 4.242830581918287019e-16 4.379511291188455643e-16 nan
5.781430152931709745e+04 2.008037673768649866e-15 2.596894738074249141e-15 nan 1.976942632708842792e-16 1.942986385583296971e-16 nan
5.762008289043980039e+04 2.131556077901987923e-15 2.799188554609078299e-15 nan 3.165337260330667592e-16 3.166808333907831625e-16 nan
5.753007467814820120e+04 2.079569414109201792e-15 2.417215271380560547e-15 nan 2.424322112756984488e-16 2.142579972026638742e-16 nan
5.816432651253470249e+04 2.195912666746927084e-15 2.920442423228278103e-15 nan 1.681872292380473950e-16 1.699034818510658359e-16 nan
5.822217972678240039e+04 2.203539993530925151e-15 2.590766418535102205e-15 nan 1.907835917201720056e-16 1.703577268935164009e-16 nan
5.834905695135419955e+04 2.125474400694556331e-15 2.712374676773718918e-15 nan 2.892885831327283932e-16 2.810339630995583774e-16 nan
5.831815716444439749e+04 2.302078202275470520e-15 2.752330926619500799e-15 nan 2.806621611323119757e-16 2.552274680364333735e-16 nan
5.753007655275460274e+04 2.039173731405091908e-15 2.383321328576489846e-15 nan 2.333410234547518696e-16 2.073393954853182416e-16 nan
5.777932455837960151e+04 2.062496254642506550e-15 2.548060636398834305e-15 nan 1.869542887427175839e-16 1.754588045168488399e-16 nan
5.825404555556709965e+04 2.249249932293556311e-15 2.813523242507098387e-15 nan 1.980509130195555433e-16 1.881967245878317676e-16 nan
5.782430919329859898e+04 2.048716226819681797e-15 2.629491888929807740e-15 nan 3.195868101161983879e-16 3.126379361392659329e-16 nan
5.832914814541670057e+04 2.286105687248939075e-15 2.784861093405087190e-15 nan 4.232605441806213197e-16 3.938011337427778821e-16 nan
5.772434866576390050e+04 2.000430145539186449e-15 2.846587423920224592e-15 nan 1.725271270445953469e-16 1.865427756435306268e-16 nan
5.752033229543980269e+04 nan nan nan nan nan nan
5.825404742700229690e+04 2.278310659995317339e-15 2.848456359773245096e-15 nan 2.112677637573124574e-16 2.006881816989102667e-16 nan
5.831815526644680358e+04 2.355974431396938845e-15 2.807024659768543037e-15 nan 2.839961187755646534e-16 2.573485777501559682e-16 nan
5.750814784447920101e+04 2.057791459687263972e-15 2.718138325042989304e-15 nan 1.313488546224647180e-16 1.317419626282278991e-16 nan
5.831815903825229907e+04 2.325695197913498780e-15 2.775044147871202313e-15 nan 2.737310804892019984e-16 2.483789782138368230e-16 nan
5.758319623273149773e+04 2.040443322686407313e-15 2.858586127832241470e-15 nan 2.683835263767772846e-16 2.862035454617312323e-16 nan
5.750814597651619988e+04 2.084671159977921163e-15 2.742944919866123854e-15 nan 1.308552812514343039e-16 1.307337298061813378e-16 nan
5.816432274166669959e+04 2.223235503137063787e-15 2.953539225045553176e-15 nan 1.696041144964372316e-16 1.711461103150348226e-16 nan
5.785729886380789685e+04 2.089914503165920928e-15 2.813992785785963112e-15 nan 4.298221283869530594e-16 4.428316072065126777e-16 nan
5.758319246322919935e+04 2.112117544379657673e-15 2.889540916809918526e-15 nan 3.552511882168067320e-16 3.707987599642320178e-16 nan
5.782431106597220059e+04 2.034578781943696711e-15 2.614942698867901134e-15 nan 3.192984049130036531e-16 3.128102534928838065e-16 nan
5.763300649296300253e+04 2.140015863673800541e-15 2.748165247097122733e-15 nan 1.652988872553391507e-16 1.612117187890391699e-16 nan
5.792214886855320219e+04 2.135653219862634581e-15 2.720596628480464459e-15 nan 1.418953183552701284e-16 1.372461697485340312e-16 nan
5.815338441898149904e+04 nan nan nan nan nan nan
5.814337488581019716e+04 2.234971452301441583e-15 2.785486156511631172e-15 nan 1.624919405526362354e-16 1.537759549198357770e-16 nan
5.816432464210649778e+04 2.209222152143253078e-15 2.941545293267005812e-15 nan 1.690292399863558827e-16 1.709531622971787777e-16 nan
5.792215074342589651e+04 2.125215115211515639e-15 2.720976445368859270e-15 nan 1.445376507341249353e-16 1.405134866329521842e-16 nan
5.759998406383099791e+04 2.041504243831714518e-15 2.505323676533414236e-15 nan 1.354236354125911655e-16 1.261610780587078679e-16 nan
5.829398738712960039e+04 2.266602295104787324e-15 2.727518148870242846e-15 nan 3.440978448402558184e-16 3.154937254847659172e-16 nan
5.753007844962959643e+04 2.079009463987256358e-15 2.430813970918269421e-15 nan 2.207793774307111162e-16 1.961820284771107713e-16 nan
5.758319436125000357e+04 2.051948541598648723e-15 2.850403411538063908e-15 nan 2.524173533989966861e-16 2.667783756675168071e-16 nan
5.775718913462960336e+04 2.066013311354054121e-15 2.903159975408011511e-15 nan 2.037975474743664837e-16 2.176872357222531370e-16 nan
5.822217782984949736e+04 2.222043311483437065e-15 2.624068454444521958e-15 nan 1.919363442361342130e-16 1.721455695308738423e-16 nan
5.772434491921299923e+04 2.045497898123663365e-15 2.891184471402133363e-15 nan 1.784972348040646722e-16 1.917114526733790771e-16 nan
5.776936233684029867e+04 2.040935313976512972e-15 2.533009228777637402e-15 nan 2.720153224047182585e-16 2.569392559618616280e-16 nan
5.790106083542820124e+04 2.065510190147110604e-15 2.502269701976123771e-15 nan 1.434205015988404354e-16 1.319027181698578233e-16 nan
5.785729509346059785e+04 2.070972950570629701e-15 2.795222569024183025e-15 nan 3.587707787954787856e-16 3.695634703470267165e-16 nan
5.822217595601850189e+04 2.257685975602369597e-15 2.658747237247158412e-15 nan 2.100451292408612985e-16 1.879054690770080719e-16 nan
5.761199958975690242e+04 2.061047321820941751e-15 2.933227254060219984e-15 nan 1.668307716705611007e-16 1.803710346642704833e-16 nan
5.824312269599540014e+04 2.227069165999585641e-15 2.757823256136106549e-15 nan 2.095058462810960685e-16 1.971085704238602135e-16 nan
5.785717963824069739e+04 2.128974539291641889e-15 2.737487595702999978e-15 nan 8.804803581443463166e-16 8.914283320159968333e-16 nan
5.752032855259259668e+04 nan nan nan nan nan nan
5.812134814739580179e+04 2.226479677250729322e-15 2.655482805614799732e-15 nan 2.455656610893371929e-16 2.226385587531088200e-16 nan
5.811034251591440261e+04 2.289985822110874957e-15 2.870379107205257974e-15 nan 1.683095761700092773e-16 1.602024802044080769e-16 nan
5.833911491662039771e+04 2.187336388671230089e-15 2.762045702230828008e-15 nan 2.409365691854949550e-16 2.313150924115513631e-16 nan
5.774633784363429731e+04 2.105207013854647616e-15 2.703859223364195014e-15 nan 1.922696241687623102e-16 1.876168410834547553e-16 nan
5.793314919180559809e+04 2.227578702897839551e-15 2.608032317267396746e-15 nan 1.772955986105137580e-16 1.576134071463162485e-16 nan
5.756819252324070112e+04 2.035067764777508252e-15 2.477960468250943963e-15 nan 1.493550384339013212e-16 1.380743096441480566e-16 nan
5.779120310692129715e+04 2.042479638327400780e-15 2.783907019630848648e-15 nan 2.323449890141490721e-16 2.408349998393737672e-16 nan
5.808928869571760151e+04 2.330045202307586710e-15 2.967155891094743525e-15 nan 3.920263560557394990e-16 3.808625771209141438e-16 nan
5.756819065248840343e+04 2.036203631408896871e-15 2.468615685697186448e-15 nan 1.509109277879053398e-16 1.389090297397372354e-16 nan
5.818626413548609708e+04 2.206771493296243352e-15 2.770376996990296471e-15 nan 2.211768426986594367e-16 2.110129662913826665e-16 nan
5.792214699253469735e+04 2.160755690173629092e-15 2.753035521650565109e-15 nan 1.466010874044386050e-16 1.418254723481722861e-16 nan
5.754723482777780009e+04 2.111689796240559348e-15 2.827384097087503702e-15 nan 1.495586098583025731e-16 1.520824885759436282e-16 nan
5.773629143378470326e+04 2.048530149206793804e-15 2.532853567472264713e-15 nan 3.530504596116170575e-16 3.330799259578113384e-16 nan
5.774634164041670010e+04 2.100224088980417879e-15 2.705785290123082214e-15 nan 1.935459814052585924e-16 1.894505766237867237e-16 nan
5.773628768722219684e+04 2.042726202574246264e-15 2.556774761810219099e-15 nan 3.589527986846093317e-16 3.429085679774618556e-16 nan
5.834905507653929817e+04 2.188055627942336692e-15 2.781530581020635686e-15 nan 2.933288028776231738e-16 2.838320878792252455e-16 nan
5.763300839271990117e+04 2.155580907248919032e-15 2.764683617983557072e-15 nan 1.729485272812636610e-16 1.684750779325578279e-16 nan
5.813334673453700088e+04 2.206333821938022395e-15 2.870462106543699148e-15 nan 1.578032832252591141e-16 1.559156124566188906e-16 nan
5.821819139609950071e+04 2.246930586626083620e-15 2.621119007185283214e-15 nan 5.127397897933369453e-16 4.585423529263752987e-16 nan
5.781429965668980003e+04 2.002828865253288695e-15 2.583490991623941485e-15 nan 2.001879518390780392e-16 1.962504034120972346e-16 nan
5.825404368166669883e+04 2.281270426357951486e-15 2.845826695458897883e-15 nan 1.967139196396742524e-16 1.864046327835423320e-16 nan
5.815634642906249792e+04 2.234361415724007886e-15 2.776276017265804699e-15 nan 2.276001940352949535e-16 2.149209197846294177e-16 nan
5.830806103812500078e+04 2.273663674106019120e-15 2.918818554357450537e-15 nan 1.927523091698583039e-16 1.879752323327782220e-16 nan
5.815338254519680049e+04 2.207682864274630850e-15 2.674064431719385748e-15 nan 3.060073139027083420e-16 2.821839422973059495e-16 nan
5.779120120866900106e+04 2.046307682574041240e-15 2.783997874195369238e-15 nan 2.331184331765217537e-16 2.411930983797455849e-16 nan
5.761013403491899953e+04 2.093632925532454219e-15 2.836710878301610218e-15 nan 2.407965146444711130e-16 2.481343621261647378e-16 nan
5.790106270711810066e+04 2.070835785715352391e-15 2.510633771680657949e-15 nan 1.437950508836102425e-16 1.323481225801447563e-16 nan
5.775719293282410217e+04 2.055869273416619442e-15 2.884198214942104447e-15 nan 1.993640451032013826e-16 2.125884736075495664e-16 nan
5.776935856103010155e+04 2.046138895677856299e-15 2.548599333548015675e-15 nan 2.662837300710902012e-16 2.523897663195760900e-16 nan
5.755801611182869965e+04 2.051243671081494289e-15 2.571332672048010929e-15 nan 1.955071905095110186e-16 1.861953618711821550e-16 nan
5.762007914293980139e+04 2.088760594181126029e-15 2.728475529201824354e-15 nan 3.018595065867505490e-16 3.003266643425733303e-16 nan
5.752033042518520233e+04 nan nan nan nan nan nan
5.776936043849540147e+04 2.028216029571182682e-15 2.535276191344491481e-15 nan 2.725580468039315625e-16 2.593186082928781257e-16 nan
5.833911679018520226e+04 2.182700032822050238e-15 2.688043273631508156e-15 nan 2.481345582063702319e-16 2.323572612126708979e-16 nan
5.759998783212959825e+04 2.015008275130116980e-15 2.476372779959463138e-15 nan 1.357326773181116013e-16 1.266314412643467525e-16 nan
5.815635017428240099e+04 2.232566951838155230e-15 2.771931319333148877e-15 nan 2.310768479082283453e-16 2.180542930660714044e-16 nan
5.775719103354169783e+04 2.063435711067263963e-15 2.922232941388468577e-15 nan 2.064059259293164351e-16 2.222143852852548300e-16 nan
5.826406706221059721e+04 2.225197522682329422e-15 2.753786210205644616e-15 nan 6.015868823645337965e-16 5.734460444868544633e-16 nan
5.790105893496530189e+04 2.075347144974261254e-15 2.518941634833784608e-15 nan 1.452519680335890753e-16 1.338418382911070496e-16 nan
5.827419074731480214e+04 2.232649086065103298e-15 2.545745863700554747e-15 nan 2.105465293219786847e-16 1.823609773894807012e-16 nan
5.818626965681710135e+04 2.224090734881156213e-15 2.810870540751363348e-15 nan 2.037457825659971166e-16 1.956301411347323693e-16 nan
5.761200148894680024e+04 2.073926901713771843e-15 2.946101600843164903e-15 nan 1.667393990752297581e-16 1.799357230990948207e-16 nan
5.787734625126160245e+04 2.115890592090060981e-15 2.492234097024895822e-15 nan 1.543179712346710091e-16 1.379833069414110658e-16 nan
5.786715427152779739e+04 2.072386578697787822e-15 2.618568328339747339e-15 nan 1.993495804583428062e-16 1.914006100962593987e-16 nan
5.830805729326389701e+04 2.273997892078759969e-15 2.915020464015882708e-15 nan 1.917627161575005004e-16 1.867344526420528369e-16 nan
5.777932645429400145e+04 2.062431815286862501e-15 2.549239621626177250e-15 nan 1.842705437861092552e-16 1.730177648620062700e-16 nan
5.823315021841439739e+04 2.206394739996227942e-15 2.781160902308243543e-15 nan 3.068203162790325626e-16 2.944678492584691448e-16 nan
5.819735913929399976e+04 2.195507245121376660e-15 2.870844005610510097e-15 nan 1.778248738328216766e-16 1.766252410179556689e-16 nan
5.772434679296299873e+04 2.010513876894179375e-15 2.870147145747130980e-15 nan 1.752129245737242998e-16 1.900668616281139970e-16 nan
5.754723669991899806e+04 2.080911722735252334e-15 2.812195509266793470e-15 nan 1.451847982230760672e-16 1.490139506713841911e-16 nan
5.812134624599540257e+04 2.211725728353260481e-15 2.648797394683203760e-15 nan 2.483728527816776858e-16 2.261353802565624215e-16 nan
5.777932265245370218e+04 2.083375172313752726e-15 2.580680794251868588e-15 nan 1.874639414939419954e-16 1.764014898344248208e-16 nan
5.828426509484949929e+04 2.334725475217563501e-15 3.017268496239958879e-15 nan 2.422071922659658821e-16 2.379465987891398487e-16 nan
5.834905882418980036e+04 2.142862470188453175e-15 2.716614129528739846e-15 nan 2.956280592983077198e-16 2.853353188138319845e-16 nan
5.756818854954859853e+04 2.043961640401598325e-15 2.491058684525910505e-15 nan 1.491633665866808323e-16 1.380212639610618470e-16 nan
5.818627152878470224e+04 2.237441162226158882e-15 2.824741238252753162e-15 nan 2.067129034010966875e-16 1.982721164669805099e-16 nan
5.832915001937500347e+04 2.265024852583525960e-15 2.815246318235563504e-15 nan 4.264233041766300604e-16 4.049266332453019975e-16 nan
5.827419264663189824e+04 2.225009620739721881e-15 2.516548158323367827e-15 nan 2.110502006396484925e-16 1.813202983081020871e-16 nan
5.820922635410880321e+04 2.167210868159452424e-15 2.772696889696365109e-15 nan 5.238497974768178031e-16 5.147534139862374233e-16 nan
5.762008101782410085e+04 2.123189296184982500e-15 2.739067935193581074e-15 nan 3.209837267175834088e-16 3.155272718122510648e-16 nan
5.826406513415509835e+04 2.178500771218652894e-15 2.707712033332716052e-15 nan 4.234315218867555872e-16 4.022864530751435696e-16 nan
5.813334296329860081e+04 2.241713182000836147e-15 2.920406095849451706e-15 nan 1.600926598986266340e-16 1.583912431190614000e-16 nan
5.755801800879630173e+04 2.046124637355208682e-15 2.573787368425212002e-15 nan 1.930873365450198128e-16 1.845232515191694679e-16 nan
5.824312646829860023e+04 2.202699390875089900e-15 2.734075235125673151e-15 nan 2.096731751071246322e-16 1.977384468251263332e-16 nan
5.773628956223379646e+04 2.065017102319555864e-15 2.552585555221510506e-15 nan 3.543850122928822388e-16 3.342307671359114251e-16 nan
5.832915189348380227e+04 2.297793182210890396e-15 2.869729296031299871e-15 nan 4.437211676068327964e-16 4.235571171938308554e-16 nan
5.819735718868060212e+04 2.194706446961756229e-15 2.876223602467304247e-15 nan 1.817900520371453125e-16 1.809795315865517230e-16 nan
5.750814405184030329e+04 2.068474881536451145e-15 2.723924402295811530e-15 nan 1.289223382303719776e-16 1.289103344164951163e-16 nan
5.754723295498840162e+04 2.086917280969046690e-15 2.816832532543424424e-15 nan 1.484560323615421659e-16 1.521876826448454004e-16 nan
5.811034438879630034e+04 2.271817901445124437e-15 2.855184551844630877e-15 nan 1.662741655569787698e-16 1.586866661290304282e-16 nan
