5.762008343199999945e+04 1.957764971995332475e-16 2.052322613920923094e-16 nan 1.929874635033552183e-17 9.636616513751804297e-18 nan
5.791103562399999646e+04 2.383021231367593121e-16 2.495545161042092925e-16 nan 2.794600607380301210e-17 1.237728076298956640e-17 nan
5.763301081600000180e+04 1.963648204677492260e-16 2.005508764880364755e-16 1.791718744956786281e-16 1.796634233474791201e-17 8.793625606383823225e-18 1.835806357700833298e-17
5.808928924199999892e+04 1.878891809744227892e-16 1.940842842697527743e-16 1.682724015574426940e-16 1.996424429301465848e-17 9.931553179826920244e-18 1.977361385320374319e-17
5.753007897999999841e+04 2.041181738858243303e-16 2.048171522739773613e-16 nan 1.664973494769675161e-17 7.965304121884445476e-18 nan
5.827419507000000158e+04 2.046817709793793007e-16 2.101397846313779090e-16 nan 2.254388488436538994e-17 1.063814463971244271e-17 nan
5.776936286999999720e+04 1.762528262009492091e-16 1.809233992510850325e-16 1.611053486328325291e-16 1.952309351295088648e-17 9.913510314556166077e-18 1.997352796908891171e-17
5.816432705400000123e+04 2.027232588665350182e-16 2.026500189553430781e-16 nan 2.187459303970704351e-17 1.010834332190611947e-17 nan
5.755801853600000322e+04 1.987850595141853351e-16 2.008418701289306219e-16 1.999086913634082138e-16 1.691639367336763419e-17 8.207221120996381866e-18 2.013462945237604900e-17
5.829398979400000098e+04 2.061088660154135902e-16 2.063993289746672493e-16 1.671604148345230025e-16 2.499535031640012368e-17 1.132670920094348330e-17 2.105613853101328117e-17
5.779120363799999905e+04 1.732617692937755838e-16 1.835411959628891945e-16 nan 1.818196424713005791e-17 9.666320886648962960e-18 nan
5.790106326799999806e+04 1.688761578145193079e-16 1.691286362348633597e-16 nan 1.702644375007716546e-17 8.680992770470435460e-18 nan
5.775719346799999767e+04 1.768489228279601956e-16 1.892562239860064824e-16 1.602537645778461928e-16 1.973130029484799759e-17 1.043501577408023177e-17 1.991089909112290071e-17
5.815635072000000218e+04 2.003466519036251273e-16 2.028060486352104412e-16 1.725580892650378054e-16 2.170478360421139736e-17 1.021533319808020991e-17 2.017718476435978463e-17
5.754723724599999696e+04 2.020013634304831856e-16 2.092259759780988099e-16 nan 1.778251556257024998e-17 8.756490600927787495e-18 nan
5.817631096999999863e+04 2.024737594142387333e-16 2.077498984343960463e-16 nan 2.172149001980923237e-17 1.033092633894839746e-17 nan
5.826406949400000303e+04 2.043458747422481653e-16 2.086773824790997700e-16 1.874979386588260363e-16 2.818107269024856817e-17 1.290681848004137149e-17 2.877809339016694114e-17
5.823315450399999827e+04 1.995559978991818982e-16 2.100973551621840436e-16 1.732088573369595760e-16 2.188031812719892398e-17 1.073700721492468409e-17 2.058324273159982586e-17
5.825404796599999827e+04 2.044182812542825931e-16 2.014555096549875846e-16 1.788792919771359060e-16 2.390937785962168270e-17 1.074131282722984117e-17 2.272641196700639780e-17
5.787734868399999687e+04 1.737644314310161434e-16 2.068151996740326431e-16 nan 1.412891830864131693e-17 8.688873005985552349e-18 nan
5.759998837400000048e+04 1.941004740264513266e-16 2.038799375840593990e-16 nan 1.665235080201172402e-17 8.498270417061089034e-18 nan
5.761200390599999810e+04 nan nan nan nan nan nan
5.834905937399999675e+04 2.102697752378041207e-16 2.192688733301776846e-16 1.888632531975192013e-16 2.344036846864540874e-17 1.107913795471447348e-17 2.323054141551443333e-17
5.830806159399999888e+04 2.106775771514199636e-16 2.151316181442473054e-16 nan 2.416264246131386951e-17 1.112228252296536625e-17 nan
5.758319678399999975e+04 1.979248481355577784e-16 2.054118338148820435e-16 1.733320903583666820e-16 1.960960784576147205e-17 9.633726688794807888e-18 1.876240492715458440e-17
5.828426751399999921e+04 2.119131588935059020e-16 2.126742314844784171e-16 nan 2.486449369107908849e-17 1.117649419041978630e-17 nan
5.793315163600000233e+04 1.693552178224281872e-16 1.699756942756062763e-16 nan 1.671453085275664705e-17 8.545622982659971158e-18 nan
5.811034681599999749e+04 1.999576326298976147e-16 2.001658181907623738e-16 1.662086148490973142e-16 1.946572934310230806e-17 9.179932021181879568e-18 1.718512544400113883e-17
5.756819307000000117e+04 2.017267215931019112e-16 2.093463063743368433e-16 nan 1.814603329541499494e-17 8.932720304851493987e-18 nan
5.773629197600000043e+04 1.784709408325440013e-16 1.974467990825760349e-16 1.567904334673732016e-16 1.900391532851961544e-17 1.040776007852702985e-17 1.829609022039544286e-17
5.820922877000000153e+04 2.022922100184899638e-16 2.044686472819537373e-16 nan 2.316036688668185772e-17 1.076860479398084304e-17 nan
5.781430206999999791e+04 1.776728380004093721e-16 1.751221217078522922e-16 nan 2.051887426789156113e-17 9.910843389392195482e-18 nan
5.822218024799999694e+04 3.366764989615699994e-16 2.094255930257455828e-16 nan 5.418179207984836537e-17 1.097013146189377576e-17 nan
5.786715670400000090e+04 1.734386091186108558e-16 1.744777363409084693e-16 nan 2.059340037157283208e-17 1.025819282010673879e-17 nan
5.813334727199999907e+04 2.013060307309802935e-16 2.001374914467858563e-16 1.726141968978576560e-16 1.920951522187710103e-17 8.986909990999096347e-18 1.779755615049894346e-17
5.814337917200000084e+04 1.966569407599592440e-16 2.009018426423823273e-16 nan 1.938828823060890402e-17 9.401951565162378576e-18 nan
5.792215129200000229e+04 1.672884643368728320e-16 1.723410601755912546e-16 nan 1.563085904336725439e-17 8.299776429696535324e-18 nan
5.824312698999999702e+04 1.970257637487713662e-16 2.071366855150528610e-16 1.843786972997258799e-16 1.993300456368807379e-17 9.921312105778432781e-18 2.114581375142893931e-17
5.772434921400000167e+04 1.801457973919207025e-16 1.830863133140678771e-16 1.603849599725615927e-16 1.779221937370192895e-17 8.947808548118395887e-18 1.751142001286768045e-17
5.833911920400000236e+04 2.159356128962735182e-16 2.193791895025264899e-16 nan 2.506757980481934566e-17 1.131703485327253165e-17 nan
5.780132178800000111e+04 1.741895634433964702e-16 1.744401940112119816e-16 nan 1.917071669759624423e-17 9.548953770824201920e-18 nan
5.831815958600000158e+04 2.166155018002035408e-16 2.155278151911247494e-16 1.853260517675180388e-16 2.732513651474737041e-17 1.193078551328528032e-17 2.496249877375229650e-17
5.812134868399999687e+04 1.985616876008225452e-16 2.052142382730322010e-16 1.583945127020454681e-16 1.995173016165216790e-17 9.727881092391705548e-18 1.652616360413812517e-17
5.788831897999999637e+04 1.729924689754976409e-16 1.739309448595645171e-16 nan 1.527988883044246722e-17 7.828740539027699264e-18 nan
5.782431162000000040e+04 1.738911841008087474e-16 1.771425499893240392e-16 1.517095074797165559e-16 1.902374647428238988e-17 9.658602608472281704e-18 1.812460880637713539e-17
5.785729941400000098e+04 1.744351200852714724e-16 1.710884511059561613e-16 1.504811078582604943e-16 2.321193523590162027e-17 1.112208371805794821e-17 2.162136212108027707e-17
5.818627206799999840e+04 1.982999880567805069e-16 2.020363358057324652e-16 nan 2.022617938152553920e-17 9.700534397307502751e-18 nan
5.774634216400000150e+04 1.810434111860570861e-16 1.867117712736225950e-16 nan 1.792164798982758923e-17 9.128543686667396363e-18 nan
