5.815338254519680049e+04 1.559643780217030269e+02 6.870688779489098064e-01 7.173114800397455415e-01 1.157609500531833480e-01
5.761199958975690242e+04 2.109330730121282045e+02 8.200405831983853533e-01 5.591657659022818416e-01 1.219306694419678982e-01
5.816432274166669959e+04 1.886679109431764800e+02 8.409147311877273046e-01 5.218368071297327937e-01 1.433483923736788290e-01
5.815635017428240099e+04 1.716354721017214331e+02 7.791475555819834531e-01 6.120699396444654328e-01 1.352755543852634801e-01
5.791103132280090358e+04 1.848433291036550088e+02 7.274435851570080214e-01 6.773753499840672321e-01 1.094918519702777343e-01
5.792214699253469735e+04 2.109706826278918186e+02 8.596913117394398007e-01 4.929293929061699386e-01 1.339830665751305938e-01
5.820824248755790177e+04 1.107969751677520804e+02 5.112530194560509500e-01 8.546810237640997121e-01 9.022581512306328266e-02
5.758319623273149773e+04 1.374226066094919076e+02 6.678740220938254035e-01 7.338481561258675123e-01 1.241417510867347113e-01
5.834905695135419955e+04 1.371208738539277476e+02 7.106060236888999126e-01 6.893488171024931832e-01 1.408449056815484490e-01
5.831815526644680358e+04 1.397327928073187024e+02 7.538874665988547497e-01 6.383215174591541086e-01 1.555613321291753059e-01
5.817630666320599994e+04 1.722973735015939383e+02 7.902772706381204770e-01 5.968606782668478550e-01 1.386332076077056996e-01
5.782431106597220059e+04 1.272893638002636436e+02 6.263917980591292567e-01 7.705417730181894909e-01 1.178927112175978953e-01
5.792214886855320219e+04 2.129477768449230268e+02 8.619870661804374112e-01 4.890497533280735998e-01 1.334490033960256949e-01
5.811034438879630034e+04 1.964338270221709593e+02 8.440900443203285253e-01 5.179458932223820478e-01 1.387229208652071277e-01
5.828426696519680263e+04 1.378877493362741120e+02 7.737975524280250594e-01 6.112732248285358549e-01 1.660794763482839054e-01
5.793315108984950348e+04 1.905653341313634144e+02 8.414540164609130013e-01 5.213077998063354590e-01 1.421031880109499823e-01
5.814337675952549762e+04 1.932823012283946298e+02 8.226407832759262684e-01 5.525667940646982190e-01 1.339107157334020748e-01
5.814337488581019716e+04 1.962895880715284136e+02 8.335075222817068807e-01 5.356690483994063223e-01 1.353657301043524330e-01
5.822217782984949736e+04 1.773139346347458911e+02 8.288105247826728084e-01 5.395547609366506681e-01 1.481680598511859737e-01
5.820824059042819863e+04 1.090578505172023398e+02 5.074760305017895767e-01 8.569196195464778842e-01 9.031524844934200880e-02
5.787734625126160245e+04 2.120123237720826239e+02 8.583395703224707685e-01 4.955695875493135172e-01 1.329058535762787929e-01
5.833911679018520226e+04 1.327132058084918071e+02 7.641563043859512794e-01 6.226928381094531950e-01 1.682818226499811776e-01
5.834905882418980036e+04 1.343392253051319472e+02 7.045008576967182190e-01 6.954943508145396969e-01 1.413016259271294428e-01
5.759998593644679931e+04 2.205974195611283051e+02 8.645426421787676396e-01 4.855650214898389327e-01 1.295863795316758438e-01
5.824312269599540014e+04 1.801837354455651905e+02 8.077583687856071393e-01 5.730144283866924759e-01 1.384950631520392994e-01
5.776936233684029867e+04 1.525286968955230691e+02 7.185016611331070946e-01 6.833731910133203913e-01 1.294466869148743482e-01
5.832915189348380227e+04 9.175568986589462384e+01 5.495337990945552420e-01 8.259345307014143156e-01 1.258759494412629021e-01
5.830805729326389701e+04 1.771455497458720174e+02 8.276288926081905029e-01 5.414425675926670678e-01 1.478863148462365718e-01
5.788831468282410060e+04 1.674309106848851911e+02 7.489361826212466156e-01 6.501369436161090754e-01 1.281270810805375526e-01
5.815634830284719646e+04 1.719590400567664119e+02 7.800031078048627053e-01 6.109699439992641867e-01 1.353176978236463046e-01
5.793314732129630283e+04 1.823154824589519194e+02 8.330820111278260942e-01 5.336451966535482594e-01 1.455924682935643144e-01
5.772434866576390050e+04 1.759113576295300732e+02 8.017175616972503915e-01 5.811370955644743486e-01 1.397448654695488957e-01
5.785729699114579853e+04 1.129932425131410980e+02 6.049469588979820012e-01 7.865717975984917176e-01 1.238708365304784370e-01
5.819735913929399976e+04 1.798139528592580234e+02 8.304331322318881936e-01 5.374621782184642038e-01 1.466806731515744033e-01
5.761013213571759843e+04 1.458285971534320993e+02 7.317716573470903763e-01 6.669231067952523517e-01 1.404414864848023969e-01
5.812134434108799906e+04 1.591282660133598483e+02 7.119332693922481026e-01 6.916002711284079396e-01 1.218198871595981975e-01
5.827419264663189824e+04 1.679218763711736244e+02 7.976101938192406982e-01 5.855106122405864255e-01 1.448975557740262154e-01
5.782430919329859898e+04 1.286205864347150225e+02 6.277465037588927377e-01 7.695477291993422231e-01 1.171777261369340434e-01
5.777932455837960151e+04 1.702130638286734552e+02 8.203504126851932643e-01 5.515065152203947330e-01 1.512142985193183353e-01
5.788831655570599833e+04 1.716787921566524062e+02 7.534519841088619385e-01 6.452254591036648002e-01 1.264682354066988534e-01
5.753007655275460274e+04 1.854936103458272783e+02 7.079591143501442474e-01 6.986518783769386509e-01 1.033414014271858833e-01
5.823315396350689844e+04 1.667947756508454233e+02 7.804486011346525309e-01 6.094203573717283939e-01 1.396667784688932767e-01
5.822217595601850189e+04 1.735509123073611875e+02 8.248001743610603453e-01 5.451870111461429858e-01 1.499192957944371907e-01
5.824312646829860023e+04 1.794173229598931414e+02 8.068198411439586604e-01 5.742703139628159148e-01 1.387636495537861447e-01
5.756819065248840343e+04 2.013696830665596451e+02 8.512894213511205121e-01 5.063213590498756300e-01 1.376408459199566781e-01
5.758319246322919935e+04 1.198899128151230116e+02 6.264767736861580616e-01 7.693185918671365808e-01 1.252028603481090685e-01
5.827419451822919655e+04 1.655045728117633530e+02 7.943498232650897384e-01 5.897003521390176140e-01 1.458144470408851145e-01
5.829398551293979835e+04 1.424680843060122015e+02 6.776269660040004084e-01 7.250011510616044541e-01 1.232681057839442734e-01
5.820922448049770173e+04 1.076197202065551011e+02 5.059732821414099080e-01 8.577374379823494710e-01 9.098090592275093202e-02
5.826406895916670328e+04 9.599948134922330212e+01 5.459438149621188563e-01 8.293642534823142398e-01 1.187446249323783898e-01
5.792215074342589651e+04 2.115222353620187050e+02 8.602962552809946262e-01 4.919167301124345304e-01 1.338218359797381518e-01
5.817630854277779872e+04 1.733915214097198714e+02 8.014209121250293055e-01 5.810799413755035614e-01 1.416708274124472422e-01
5.752033042518520233e+04 nan nan nan nan
5.816432651253470249e+04 1.864064565278704606e+02 8.376375979124438542e-01 5.269147071669203486e-01 1.439588341668177895e-01
5.791103509098380164e+04 1.848871242231774943e+02 7.334067898346171566e-01 6.706220406201093276e-01 1.112679615118486454e-01
5.814337862993060116e+04 1.868824145761690545e+02 8.045575897555822253e-01 5.789106595888605655e-01 1.324746503338606607e-01
5.829398925767360197e+04 1.414235815748431548e+02 6.678498921948822220e-01 7.344570115736691607e-01 1.206209751476057940e-01
5.821819527013890183e+04 5.291512034812724607e+01 5.520637347672309181e-01 8.041765985087787616e-01 2.202853403331849758e-01
5.761013403491899953e+04 1.432895716114190918e+02 7.284408388888390373e-01 6.703091546197363915e-01 1.416318518974414020e-01
5.762008101782410085e+04 1.234695309211177943e+02 5.987666509515260360e-01 7.931866387583000888e-01 1.110560840458692800e-01
5.782430731930559705e+04 1.265195115436878268e+02 6.248360163227533182e-01 7.717841999765351346e-01 1.180216140056197099e-01
5.779120310692129715e+04 1.582388052603131428e+02 7.491166138350122683e-01 6.484036996927431407e-01 1.356353239430214963e-01
5.752032855259259668e+04 nan nan nan nan
5.825404368166669883e+04 1.789074909783493865e+02 8.295334946600093629e-01 5.387340863725852413e-01 1.471046070571829234e-01
5.773628956223379646e+04 1.167421163963324631e+02 5.560353904275715520e-01 8.249636901269375988e-01 1.012894592946587263e-01
5.834905507653929817e+04 1.377744560860343199e+02 7.120441669982271460e-01 6.878837317466522938e-01 1.407447187005620715e-01
5.808928495172449766e+04 nan nan nan nan
5.830805916629629792e+04 1.757838842265177277e+02 8.261985157196650720e-01 5.434506953029049070e-01 1.485171855288517639e-01
5.787734813106479851e+04 2.121164399319852407e+02 8.580378812292027702e-01 4.961342171084279773e-01 1.327472522876010641e-01
5.791103319438659673e+04 1.817077862662264067e+02 7.251248166314265831e-01 6.796658309173525536e-01 1.106723027169151108e-01
5.813334483795140113e+04 2.020452348488571204e+02 8.530963270648261876e-01 5.032373671294944062e-01 1.377635985051115508e-01
5.780131750628470036e+04 1.551917385476321272e+02 7.466965032488558363e-01 6.508178287105986781e-01 1.374062803089926010e-01
5.763300839271990117e+04 1.937206231002183472e+02 8.391341613445539860e-01 5.258589171371033100e-01 1.390189142957354851e-01
5.756818854954859853e+04 2.045295318894258401e+02 8.540852871663414669e-01 5.019280142192467098e-01 1.364059778305608261e-01
5.786715427152779739e+04 1.701071318838074831e+02 8.219913449011579942e-01 5.488645070243518553e-01 1.519143898269703641e-01
5.780131938141200226e+04 1.554194150379474308e+02 7.457796100174712839e-01 6.519814857669234964e-01 1.368682413832485734e-01
5.759998406383099791e+04 2.213636135368306839e+02 8.651819579743462718e-01 4.844937692800185269e-01 1.293289106291259094e-01
5.750814405184030329e+04 2.324510392826266525e+02 8.779821990596591297e-01 4.615853631715300387e-01 1.268314260748166777e-01
5.813334673453700088e+04 2.009697859054966784e+02 8.520326852913830962e-01 5.049290210997767758e-01 1.381556616515440261e-01
5.772434679296299873e+04 1.761703914936011586e+02 8.083916540507330994e-01 5.712925508137723929e-01 1.418723195193943298e-01
5.787734435098380345e+04 2.089769385254214740e+02 8.550405818169284355e-01 5.010016715587833902e-01 1.338018256283269314e-01
5.781429775741900085e+04 1.615141866953725867e+02 8.090948829704868173e-01 5.668647625397303935e-01 1.550155196802868451e-01
5.753007467814820120e+04 1.798183982632224343e+02 6.967734565675710590e-01 7.098196470085509358e-01 1.032609265091856826e-01
5.832915001937500347e+04 9.681140837520878506e+01 5.630152910614831807e-01 8.169037748896206264e-01 1.252278108170920279e-01
5.827419074731480214e+04 1.687083228396034826e+02 7.991517810220788443e-01 5.834339233967436034e-01 1.447801364798432244e-01
5.818627152878470224e+04 1.791958224539028208e+02 8.017765552565515597e-01 5.816609877307601373e-01 1.372036835985617764e-01
5.755801611182869965e+04 1.943631993069900545e+02 7.526716005487472660e-01 6.488901408861698084e-01 1.114766647694209745e-01
5.752033229543980269e+04 nan nan nan nan
5.824312459526619932e+04 1.792196878455911815e+02 8.034203449177325096e-01 5.792590957160356213e-01 1.377485005454228417e-01
5.774633974197920179e+04 1.824308009418611221e+02 8.223322114642036551e-01 5.510635982550656786e-01 1.417696888145415224e-01
5.786715239743059647e+04 1.672761063285387593e+02 8.163580460274786343e-01 5.570828737457397262e-01 1.523752357352900766e-01
5.820922635410880321e+04 1.091063544484513557e+02 5.145499880386670277e-01 8.524228539049170106e-01 9.280941735623693400e-02
5.777932265245370218e+04 1.692412784096804614e+02 8.146336758646737231e-01 5.602507225659381085e-01 1.499703371055556289e-01
5.826406513415509835e+04 1.249374578433289429e+02 6.330266392005385878e-01 7.643489732066724995e-01 1.226699686980341347e-01
5.815634642906249792e+04 1.723208366737155472e+02 7.803760676559634568e-01 6.105278229826655023e-01 1.351627552022454104e-01
5.822217972678240039e+04 1.776685564669883206e+02 8.286687747086546318e-01 5.398673854427583629e-01 1.478217438608310508e-01
5.818626965681710135e+04 1.798002992642853712e+02 8.024016993308056289e-01 5.808568155706463898e-01 1.369557326882066550e-01
5.821819339841439796e+04 9.060655810210116101e+01 6.782249092415150171e-01 7.087384982071466277e-01 1.941667161060754709e-01
5.819736103619210189e+04 1.814025777047157533e+02 8.323028483012270273e-01 5.347344249509526914e-01 1.460515781566173177e-01
5.825404555556709965e+04 1.786215581880479419e+02 8.291833047801304701e-01 5.392425989028226674e-01 1.472157145227054875e-01
5.761200336034719658e+04 2.106026877560144044e+02 8.214371930529535959e-01 5.569787329840596435e-01 1.225382751337562998e-01
5.831815903825229907e+04 1.427024653818950242e+02 7.613699627630660105e-01 6.294268744643203295e-01 1.553627674323688479e-01
5.774634164041670010e+04 1.814094864157036398e+02 8.206935040659151248e-01 5.534420626105749363e-01 1.420001961877598584e-01
5.828426319100690307e+04 1.400596622618042204e+02 7.767978171952132360e-01 6.078112639455314214e-01 1.647744477207788438e-01
5.790106270711810066e+04 2.049756279349543888e+02 8.552660045983709880e-01 4.998917042772499375e-01 1.364856965880507644e-01
5.781429965668980003e+04 1.623690448327959643e+02 8.106821216714524825e-01 5.646502622549853800e-01 1.548049706490352284e-01
5.781430152931709745e+04 1.632235584141694744e+02 8.115603874913529525e-01 5.635179587051267758e-01 1.543283761065741555e-01
5.816432464210649778e+04 1.876986986913628357e+02 8.392596056506913538e-01 5.244471033731196163e-01 1.435219498424921136e-01
5.833911866302080307e+04 1.329305701705319791e+02 7.646278612439801892e-01 6.221320284483021767e-01 1.682140689367497555e-01
5.817631041427080345e+04 1.744629953867407437e+02 8.035188186345676442e-01 5.782077966699001870e-01 1.415388708809277862e-01
5.811034251591440261e+04 1.966550250609161310e+02 8.450481937614505723e-01 5.163384924077573102e-01 1.388816455785072401e-01
5.762007914293980139e+04 1.277829628884015989e+02 6.087456534990378643e-01 7.855742164630927782e-01 1.109138394179329107e-01
5.758319436125000357e+04 1.413485582945254180e+02 6.790557923834155130e-01 7.234057940568041634e-01 1.247689382642016565e-01
5.833911491662039771e+04 1.351673216079663291e+02 7.682561108436413155e-01 6.179742383426467534e-01 1.670041583201697932e-01
5.829398738712960039e+04 1.434562685609807033e+02 6.758728465905280425e-01 7.268865538785800329e-01 1.217860132861682126e-01
5.750814784447920101e+04 2.292475821665029798e+02 8.738857458678273016e-01 4.691388853949925997e-01 1.274064730670110557e-01
5.756819252324070112e+04 2.010565711656431915e+02 8.510512698036916124e-01 5.066842580311471389e-01 1.377780781871695837e-01
5.775719103354169783e+04 1.553728511065064879e+02 7.965635049720088956e-01 5.840302511445825129e-01 1.561897829395515191e-01
5.831815716444439749e+04 1.425095846690103372e+02 7.597854491379931741e-01 6.314459198202145851e-01 1.549261811979535386e-01
5.785717963824069739e+04 6.650720899203645331e+01 4.646052072342462536e-01 8.767742367892107369e-01 1.241327479496046604e-01
5.775719293282410217e+04 1.599925318578995928e+02 8.056628479312224478e-01 5.716915097174134486e-01 1.551650514142166870e-01
5.819735718868060212e+04 1.801186533692837202e+02 8.311307584295610784e-01 5.363832864724636940e-01 1.466786705192726914e-01
5.774633784363429731e+04 1.821597993534015529e+02 8.227318514300511199e-01 5.503767746580354725e-01 1.421186355109644583e-01
5.750814597651619988e+04 2.342668566480324728e+02 8.774977572322648633e-01 4.628118469452486838e-01 1.257095079119837089e-01
5.832914814541670057e+04 9.667175039293506700e+01 5.646751960904070611e-01 8.156152777449771074e-01 1.261492831103054046e-01
5.761200148894680024e+04 2.134873467200869186e+02 8.239230373080146386e-01 5.534984691383817434e-01 1.216152673581882421e-01
5.785729509346059785e+04 1.255062238208594181e+02 6.439565543045703278e-01 7.545536782466381043e-01 1.263673328540794449e-01
5.826406706221059721e+04 9.084109459706165524e+01 5.552696382846961098e-01 8.214771205668924825e-01 1.298112829622675157e-01
5.754723295498840162e+04 2.054133841772074618e+02 8.523843639605408473e-01 5.051144341677219485e-01 1.352786179372276187e-01
5.828426509484949929e+04 1.425449512461210873e+02 7.813703341164451865e-01 6.021840502173488874e-01 1.638132187174906607e-01
5.763300649296300253e+04 1.989418057344136912e+02 8.444948680936456009e-01 5.177166173465422849e-01 1.371055136993032941e-01
5.785729886380789685e+04 1.118369496483614967e+02 6.040179303959065660e-01 7.871438391219099939e-01 1.247674488505160079e-01
5.775718913462960336e+04 1.537362798906096373e+02 7.985014997684088955e-01 5.807190153443181346e-01 1.586214994416807744e-01
5.788831842739580316e+04 1.702284150516056513e+02 7.511358512097819906e-01 6.478627338482916276e-01 1.267628144132731394e-01
5.821819139609950071e+04 8.294307973954522595e+01 6.568642983828646420e-01 7.272864700803102211e-01 1.989564875748192352e-01
5.823315209210650210e+04 1.607487810873193155e+02 7.664048052464066396e-01 6.269715010107620445e-01 1.397512483505233549e-01
5.830806103812500078e+04 1.758311682119451689e+02 8.262314106326897889e-01 5.434083658996835542e-01 1.484890701504688881e-01
5.779120120866900106e+04 1.558712038582647779e+02 7.450922812242521953e-01 6.529024257992394054e-01 1.362200970690759516e-01
5.776936043849540147e+04 1.495396528903096680e+02 7.164186358835559210e-01 6.852099073790742789e-01 1.312696499130909245e-01
5.773629143378470326e+04 1.202442260628755832e+02 5.629006675118666259e-01 8.203570405929728748e-01 1.007827587647521367e-01
5.808928682432870119e+04 6.662160164061309331e+01 4.281698276575874318e-01 8.975488621062834849e-01 1.052456118581079625e-01
5.785718151214120007e+04 4.783826861040259359e+01 4.037272212024697327e-01 9.055511400902397368e-01 1.303129446424996507e-01
5.776935856103010155e+04 1.514099501521957905e+02 7.211321458628616732e-01 6.802301448994225730e-01 1.313597281259926142e-01
5.777932645429400145e+04 1.711962132226315987e+02 8.208745345053999332e-01 5.509113236822114068e-01 1.505380750483307772e-01
5.754723669991899806e+04 2.059677052366716055e+02 8.525496606031227609e-01 5.049188244225377709e-01 1.349668735255538099e-01
5.815338441898149904e+04 nan nan nan nan
5.779119933505789959e+04 1.547110376103979092e+02 7.429955755357102731e-01 6.552354047877487764e-01 1.364702863153505197e-01
5.811034628445599810e+04 1.968873891214431069e+02 8.432495297353195252e-01 5.194717767047284385e-01 1.381278531230934192e-01
5.825404742700229690e+04 1.701862986094071175e+02 8.196612857099817573e-01 5.525931413320954722e-01 1.509840947285060186e-01
5.753007844962959643e+04 1.933745931780899525e+02 7.197797239375435252e-01 6.865985224003066101e-01 1.024676438984989113e-01
5.813334296329860081e+04 2.023274912126643699e+02 8.529410656921054823e-01 5.035666978735323651e-01 1.375213410666202285e-01
5.772434491921299923e+04 1.760130664438754309e+02 8.128939238806379697e-01 5.644348926035298586e-01 1.435852378539702601e-01
5.763301029209489934e+04 1.936834019668903863e+02 8.397251487864295649e-01 5.248556602790754866e-01 1.392415540297664289e-01
5.790106083542820124e+04 2.061994767724354745e+02 8.561372399971668434e-01 4.985439118663305691e-01 1.359521762644857468e-01
5.793314919180559809e+04 1.858720696704040449e+02 8.369149700704894279e-01 5.280167461488440850e-01 1.441237269095514695e-01
5.755801800879630173e+04 1.951075735882294566e+02 7.546854528929055617e-01 6.465175524127001472e-01 1.116464133509072615e-01
5.812134624599540257e+04 1.607320703265349664e+02 7.149104154136658451e-01 6.885585340625666184e-01 1.216151433936948911e-01
5.780132125148150226e+04 1.548832379180907139e+02 7.412780759006482034e-01 6.573395567033250009e-01 1.356890613944576884e-01
5.790105893496530189e+04 2.030284697940643071e+02 8.533058545287071084e-01 5.030459374279624418e-01 1.371637833549937957e-01
5.818626778427079989e+04 1.813562022782535905e+02 8.044652816169762799e-01 5.781079561631269348e-01 1.364800413753265718e-01
5.754723482777780009e+04 2.040102750022221869e+02 8.507628685192444307e-01 5.077306534142642658e-01 1.356912861330131781e-01
5.812134814739580179e+04 1.610765696055715352e+02 7.171768064354244743e-01 6.861069472477946407e-01 1.221256944684361301e-01
5.820922822435179842e+04 1.145372702445849455e+02 5.373363949407804485e-01 8.378390412181270230e-01 9.641234196271267209e-02
5.755801421140049933e+04 1.932656608217798748e+02 7.492650195482601916e-01 6.528853955269927622e-01 1.110972132364594356e-01
5.808928869571760151e+04 1.055307114025733881e+02 5.363968779251262475e-01 8.374993107213600796e-01 1.042750875972960484e-01
5.818626413548609708e+04 1.720163091558172539e+02 7.951421873685999842e-01 5.899048046022753455e-01 1.405746185263528625e-01
5.773628768722219684e+04 1.170994265528681098e+02 5.558661401191236084e-01 8.251231451744700518e-01 1.009189257099842724e-01
5.759998783212959825e+04 2.214724484218627083e+02 8.657014259560176228e-01 4.835404243317415474e-01 1.294206287065445549e-01
5.823315021841439739e+04 1.362201796749044433e+02 7.321390954640409898e-01 6.643210758739394040e-01 1.504986811994968865e-01
5.786715617920140357e+04 1.696310453659256723e+02 8.204427878269177077e-01 5.512171243741823545e-01 1.517673011536169458e-01
5.762008289043980039e+04 1.211801695975820508e+02 5.927278911726169275e-01 7.977333778932594877e-01 1.108832936968979638e-01
