5.829398925767360197e+04 7.837958035688619584e-16 1.275580766382326853e-15 nan 5.261858694329311283e-17 4.797072107848282295e-17 nan
5.785729886380789685e+04 7.370257451528117687e-16 1.303257807381153569e-15 nan 5.744696013966424308e-17 5.730840754010168659e-17 nan
5.754723669991899806e+04 7.345477386202253675e-16 1.259583103857028587e-15 nan 3.563649375203896606e-17 3.409137616358511490e-17 nan
5.763301029209489934e+04 7.321654322166688294e-16 1.239907634348203379e-15 nan 3.608471105786418261e-17 3.410539813942070159e-17 nan
5.831815526644680358e+04 8.068225037474070204e-16 1.358433774524363001e-15 nan 5.110359462978638840e-17 4.799696692732531126e-17 nan
5.775718913462960336e+04 7.333891573152474204e-16 1.314335129856404699e-15 nan 4.228161967366586759e-17 4.245851921420989502e-17 nan
5.825404555556709965e+04 7.953463363978252025e-16 1.358165682045922322e-15 nan 4.379796805022220488e-17 4.164075628496354456e-17 nan
5.825404742700229690e+04 7.962515043362335968e-16 1.355203876674828719e-15 nan 4.579324322024654399e-17 4.340314079252112922e-17 nan
5.814337675952549762e+04 7.846705936391601913e-16 1.311994420476971966e-15 nan 4.063687536472344978e-17 3.779866360120877788e-17 nan
5.834905882418980036e+04 7.539123924301940147e-16 1.284371694189361301e-15 nan 4.726885886658216419e-17 4.509656091684288080e-17 nan
5.830806103812500078e+04 7.877641710324404885e-16 1.333051215397984286e-15 nan 4.394966397738897413e-17 4.139544057376266422e-17 nan
5.785729509346059785e+04 7.295150263583141302e-16 1.291206028338796645e-15 nan 5.116381032347356682e-17 5.099727995018100518e-17 nan
5.762008101782410085e+04 7.402150560869276879e-16 1.256176988916558891e-15 nan 4.151716469618958625e-17 3.943655565571295933e-17 nan
5.791103319438659673e+04 7.613095183281909733e-16 1.251062335700485443e-15 nan 3.856506411030049511e-17 3.537880712513107942e-17 nan
5.821819339841439796e+04 7.690268224933502722e-16 1.241616813934467461e-15 nan 7.694559217324468227e-17 6.970119470053396460e-17 nan
5.780131938141200226e+04 7.010168647847015893e-16 1.127253888962902727e-15 nan 4.491046582634338625e-17 4.049149268990931623e-17 nan
5.761199958975690242e+04 7.284437263228456637e-16 1.285816630786359301e-15 nan 3.554787724018811197e-17 3.509649519318487639e-17 nan
5.782430731930559705e+04 7.387262999410117928e-16 1.309821046024687778e-15 nan 5.042007027149932524e-17 5.024667903856947615e-17 nan
5.753007467814820120e+04 7.294455636419245379e-16 1.145201622592026793e-15 nan 3.791318678919745005e-17 3.326541219064916001e-17 nan
5.787734813106479851e+04 7.305682360331734736e-16 1.173432099807527243e-15 nan 3.418283362488551693e-17 3.058637142479687310e-17 nan
5.824312269599540014e+04 7.967472889017501890e-16 1.319660079230170774e-15 nan 4.310529559489198547e-17 3.970391996308631371e-17 nan
5.822217972678240039e+04 7.679379301677949435e-16 1.223778821418258463e-15 nan 4.335793319684121100e-17 3.842275682623990989e-17 nan
5.813334296329860081e+04 7.854666993247229602e-16 1.352017720370430586e-15 nan 3.928704775733294897e-17 3.763771882442068571e-17 nan
5.781429775741900085e+04 7.104554997142771766e-16 1.182880260312745441e-15 nan 4.482860466869354789e-17 4.176172504934431305e-17 nan
5.828426509484949929e+04 8.050213119386820531e-16 1.354671523712424487e-15 nan 4.804328936313253634e-17 4.500091717195818818e-17 nan
5.754723295498840162e+04 7.307414503218470185e-16 1.261106128419821482e-15 nan 3.557298456907993241e-17 3.426542513291361893e-17 nan
5.823315396350689844e+04 7.752815249953172913e-16 1.307928212118684815e-15 nan 4.387491727339839899e-17 4.127018990864682533e-17 nan
5.825404368166669883e+04 7.985586478130622608e-16 1.363157118306144624e-15 nan 4.388172573525597767e-17 4.169634270409911989e-17 nan
5.785718151214120007e+04 7.352939485708948919e-16 1.238170880696107824e-15 nan 1.247556676634058765e-16 1.203889190587301493e-16 nan
5.828426319100690307e+04 7.894769023231665998e-16 1.350567959231648636e-15 nan 4.791637731841526645e-17 4.570525405139248596e-17 nan
5.775719103354169783e+04 7.264929635867663935e-16 1.323808907429510652e-15 nan 4.195321960852887488e-17 4.288916960615248535e-17 nan
5.756818854954859853e+04 7.237697313056754104e-16 1.197030760495400812e-15 nan 3.515556650139975023e-17 3.241645617490009228e-17 nan
5.777932645429400145e+04 7.048973799110340956e-16 1.139746717692339899e-15 nan 4.300786578203281249e-17 3.886000189321851238e-17 nan
5.752033229543980269e+04 nan nan nan nan nan nan
5.811034251591440261e+04 7.853087047291796843e-16 1.328883637277282820e-15 nan 4.011867561351049699e-17 3.777224253549936784e-17 nan
5.780131750628470036e+04 7.081454813598858634e-16 1.140642095513915220e-15 nan 4.508208791967740105e-17 4.069141472150858197e-17 nan
5.815634642906249792e+04 7.784125608549552157e-16 1.304235969662990145e-15 nan 4.451072222321272602e-17 4.159603840930860610e-17 nan
5.833911491662039771e+04 7.669472485008249422e-16 1.298501381225683605e-15 nan 4.633905844572727226e-17 4.378031379433063505e-17 nan
5.817630666320599994e+04 7.816129882652049867e-16 1.261754951872809568e-15 nan 4.246767137250375988e-17 3.814718123982051134e-17 nan
5.776936233684029867e+04 7.180872811414818244e-16 1.197142147888666218e-15 nan 4.661247608599334517e-17 4.359818204846097567e-17 nan
5.792215074342589651e+04 7.332632404460069829e-16 1.213769676904397255e-15 nan 3.589988862509097235e-17 3.311929692241714061e-17 nan
5.782430919329859898e+04 7.424685021711057314e-16 1.322881446287990799e-15 nan 5.026666937861612311e-17 5.033530835360135998e-17 nan
5.787734435098380345e+04 7.345357964909018185e-16 1.186204764863607682e-15 nan 3.481964140090811845e-17 3.133260137809375673e-17 nan
5.772434679296299873e+04 6.964487704413831887e-16 1.262896877677581505e-15 nan 3.885628876556051010e-17 3.954823886219569867e-17 nan
5.820922635410880321e+04 7.436708692186902232e-16 1.245642946603141793e-15 nan 6.053888867786129222e-17 5.737179410912671423e-17 nan
5.829398551293979835e+04 7.986121726780474618e-16 1.301439809480155984e-15 nan 5.309223113035237168e-17 4.838933614595627693e-17 nan
5.827419451822919655e+04 7.739378160275544464e-16 1.226248529173474167e-15 nan 4.412845299651206424e-17 3.887557435825957483e-17 nan
5.759998593644679931e+04 7.073930186431549945e-16 1.179992655949839003e-15 nan 3.463051323929444651e-17 3.225089779567914852e-17 nan
5.755801421140049933e+04 7.190036173643581163e-16 1.191763061695885191e-15 nan 3.544277959524569507e-17 3.283548267821180818e-17 nan
5.774634164041670010e+04 7.219193512411771063e-16 1.210852452233251118e-15 nan 3.883332740185497915e-17 3.638331175331805801e-17 nan
5.814337862993060116e+04 7.750468754427465190e-16 1.290202761022543433e-15 nan 4.091684583819733451e-17 3.792530233323902847e-17 nan
5.788831468282410060e+04 7.246782765189412096e-16 1.178824809071757249e-15 nan 3.742260710539397510e-17 3.399531499150403282e-17 nan
5.826406706221059721e+04 8.131463348309018263e-16 1.367333626292267376e-15 nan 7.229556957737952431e-17 6.836491760370729582e-17 nan
5.763300649296300253e+04 7.320730042267496985e-16 1.239981928964958417e-15 nan 3.574319410186976799e-17 3.378543355184771076e-17 nan
5.808928495172449766e+04 nan nan nan nan nan nan
5.815338441898149904e+04 nan nan nan nan nan nan
5.752033042518520233e+04 nan nan nan nan nan nan
5.820922822435179842e+04 7.485777872154602693e-16 1.250781607201053557e-15 nan 5.678836351538928405e-17 5.357105136340824865e-17 nan
5.817630854277779872e+04 7.824851259159632694e-16 1.252611156996270743e-15 nan 4.206377284611364494e-17 3.742399541883485840e-17 nan
5.808928682432870119e+04 8.173674640214505581e-16 1.441460736641056715e-15 nan 7.555910199565576084e-17 7.516580404535271571e-17 nan
5.816432651253470249e+04 7.783121942217486023e-16 1.321304799955933359e-15 nan 4.283622879132454436e-17 4.050287808435151182e-17 nan
5.790106270711810066e+04 7.234912955689132831e-16 1.156591004156001604e-15 nan 3.629041271914315586e-17 3.230861637175952610e-17 nan
5.826406895916670328e+04 7.914595126928571991e-16 1.334125337288383229e-15 nan 7.032713537879759512e-17 6.683807825872501936e-17 nan
5.819735913929399976e+04 7.773178073137873891e-16 1.382027424914491192e-15 nan 4.292371706898320069e-17 4.259359235400477829e-17 nan
5.752032855259259668e+04 nan nan nan nan nan nan
5.812134814739580179e+04 7.771164004736062043e-16 1.271786747922060402e-15 nan 4.117310784444703650e-17 3.752134281733854848e-17 nan
5.832915001937500347e+04 7.977479330657411369e-16 1.327603517337540679e-15 nan 5.321692707653433576e-17 4.952404660490134780e-17 nan
5.772434491921299923e+04 7.025697628684511320e-16 1.268669006509107030e-15 nan 3.948723255854620034e-17 4.000446222402504328e-17 nan
5.834905695135419955e+04 7.567776918754613498e-16 1.306613277848216167e-15 nan 4.734800566795059513e-17 4.579065003512970237e-17 nan
5.793315108984950348e+04 7.453777466698094948e-16 1.207200818505005267e-15 nan 3.672912774965102423e-17 3.309374516515570589e-17 nan
5.754723482777780009e+04 7.334790202859723509e-16 1.252639885669479625e-15 nan 3.595002159096602701e-17 3.425064693489980109e-17 nan
5.750814405184030329e+04 7.275705068918817367e-16 1.240734821930903976e-15 nan 3.534190838436936129e-17 3.362507250037168622e-17 nan
5.814337488581019716e+04 7.852394717017684253e-16 1.308850575681902463e-15 nan 4.066537694736166583e-17 3.769572693284055134e-17 nan
5.753007844962959643e+04 7.404954771208114527e-16 1.162780821991575186e-15 nan 3.654958612305257519e-17 3.201272678343001575e-17 nan
5.750814784447920101e+04 7.290319290761154763e-16 1.237788565616863990e-15 nan 3.550566114909029484e-17 3.362805092713210915e-17 nan
5.830805916629629792e+04 7.921634142806760144e-16 1.333477548520270268e-15 nan 4.441179448244696669e-17 4.159597916308117395e-17 nan
5.818626413548609708e+04 7.683568083111541228e-16 1.282541585310510681e-15 nan 4.234338972947000814e-17 3.940345028099697341e-17 nan
5.824312459526619932e+04 7.923166100737253067e-16 1.315926070975332028e-15 nan 4.297026011436614006e-17 3.970954745802201529e-17 nan
5.785729699114579853e+04 7.354992737351018222e-16 1.300665387135537322e-15 nan 5.644913084388361472e-17 5.631614400079388262e-17 nan
5.820824059042819863e+04 7.729385106419128475e-16 1.313503012990112176e-15 nan 5.988003094760404415e-17 5.747818320250131268e-17 nan
5.791103509098380164e+04 7.469762699373957445e-16 1.228100591371708487e-15 nan 3.800488702853551992e-17 3.490402789300262646e-17 nan
5.816432274166669959e+04 7.816999805883528405e-16 1.330087789352966314e-15 nan 4.270351711336786037e-17 4.046055849010014201e-17 nan
5.786715427152779739e+04 7.399147783093197708e-16 1.208141191960813105e-15 nan 4.441574624823710335e-17 4.045225644410091154e-17 nan
5.780132125148150226e+04 7.097628663962296636e-16 1.144856353251326801e-15 nan 4.547335363884309754e-17 4.112048975593916360e-17 nan
5.819736103619210189e+04 7.852021610372979792e-16 1.385040629641459568e-15 nan 4.305460819844557624e-17 4.235156306616991157e-17 nan
5.779120310692129715e+04 7.230679427503756841e-16 1.219416003643586936e-15 nan 4.153165288472070111e-17 3.917450740592133515e-17 nan
5.813334673453700088e+04 7.802700090272268777e-16 1.332222116572748432e-15 nan 3.905846655082617022e-17 3.711438269215468395e-17 nan
5.827419264663189824e+04 7.798594472926509837e-16 1.235795202860961806e-15 nan 4.376140458954721032e-17 3.853691009458849160e-17 nan
5.772434866576390050e+04 6.987277001527749801e-16 1.260612488639562563e-15 nan 3.839584614388197615e-17 3.886518893396163043e-17 nan
5.828426696519680263e+04 7.845880971977910776e-16 1.322449948375892213e-15 nan 4.799790191854682203e-17 4.509972289393980219e-17 nan
5.762008289043980039e+04 7.377844560321320166e-16 1.275284326886012298e-15 nan 4.158085178843700767e-17 4.026945877937224152e-17 nan
5.777932455837960151e+04 7.071161969669343773e-16 1.145072613346925220e-15 nan 4.306796052257859576e-17 3.896846321338870360e-17 nan
5.790106083542820124e+04 7.325530019886328431e-16 1.171718589043522614e-15 nan 3.664434493538096698e-17 3.262464815091741675e-17 nan
5.758319623273149773e+04 7.155759018345052376e-16 1.316087502522409083e-15 nan 4.043060001591258904e-17 4.181173081542936295e-17 nan
5.786715617920140357e+04 7.361326317480253550e-16 1.195344795153363374e-15 nan 4.449130318680631758e-17 4.030413745394147835e-17 nan
5.808928869571760151e+04 8.035440139787042901e-16 1.393866260061892834e-15 nan 4.969667403187386820e-17 4.826495047612969185e-17 nan
5.811034438879630034e+04 7.871072252263739820e-16 1.328207631943719915e-15 nan 3.999496616582271442e-17 3.754026782975025262e-17 nan
5.761013213571759843e+04 7.286615451774795134e-16 1.278289047342818562e-15 nan 4.051634767306972992e-17 3.983133411759299646e-17 nan
5.818626778427079989e+04 7.827451273098791363e-16 1.320198891225446347e-15 nan 4.288464276539082508e-17 4.030997643366840774e-17 nan
5.823315021841439739e+04 7.665722465552288619e-16 1.306436405724308655e-15 nan 5.194995815781536254e-17 4.952549246362909212e-17 nan
5.820824248755790177e+04 7.639134469226536012e-16 1.297696544878945740e-15 nan 5.950948997935914407e-17 5.713117969599703089e-17 nan
5.762007914293980139e+04 7.344510818341659320e-16 1.267731599193737711e-15 nan 4.059299017959913172e-17 3.924494498921002932e-17 nan
5.777932265245370218e+04 7.125026813978544754e-16 1.152265058574313368e-15 nan 4.381357805841329266e-17 3.958838498624480572e-17 nan
5.791103132280090358e+04 7.365324394678716218e-16 1.212618606892354274e-15 nan 3.796935037397650086e-17 3.495893325500313076e-17 nan
5.775719293282410217e+04 7.243556254514069170e-16 1.306950108595414666e-15 nan 4.160314761036928972e-17 4.209739017966177477e-17 nan
5.819735718868060212e+04 7.884399336506663002e-16 1.397229002809811324e-15 nan 4.375180346552993306e-17 4.324350401167762263e-17 nan
5.773628956223379646e+04 7.244948727449501612e-16 1.212058433644028078e-15 nan 4.566794528231641126e-17 4.290960031860478040e-17 nan
5.786715239743059647e+04 7.337715871463636154e-16 1.203258826967777997e-15 nan 4.518159164958939805e-17 4.136435089274121050e-17 nan
5.830805729326389701e+04 7.961893712860492089e-16 1.345609857105869723e-15 nan 4.415942562681357059e-17 4.151791248448922050e-17 nan
5.755801611182869965e+04 7.101870787229616371e-16 1.174629891731347875e-15 nan 3.508753394937771669e-17 3.244649172837254903e-17 nan
5.781429965668980003e+04 7.158215841528390933e-16 1.191409708724567539e-15 nan 4.463758962897369991e-17 4.154929795201503856e-17 nan
5.818626965681710135e+04 7.832115170687654226e-16 1.315504205426301824e-15 nan 4.298163723783142618e-17 4.022728441904405013e-17 nan
5.773628768722219684e+04 7.198651682964166967e-16 1.204536792759623029e-15 nan 4.596606140725094582e-17 4.321729629137368014e-17 nan
5.758319436125000357e+04 7.223597188204667940e-16 1.308025338734766828e-15 nan 3.988047928763890600e-17 4.054571428013884945e-17 nan
5.815634830284719646e+04 7.809610664505031775e-16 1.305634384942988112e-15 nan 4.462511751587698575e-17 4.160253418916356252e-17 nan
5.763300839271990117e+04 7.341122821515278881e-16 1.241553977669459651e-15 nan 3.622549615890591358e-17 3.418687210263687359e-17 nan
5.815338254519680049e+04 7.909603141769611839e-16 1.300093613714093152e-15 nan 4.653677562756219719e-17 4.273984763174169589e-17 nan
5.755801800879630173e+04 7.124073545764616219e-16 1.179760668369225068e-15 nan 3.501819137977813821e-17 3.241559653932618415e-17 nan
5.759998406383099791e+04 7.107266286128164274e-16 1.185350960961004799e-15 nan 3.465062801067007845e-17 3.225680990053893233e-17 nan
5.792214699253469735e+04 7.369262406175508970e-16 1.221473700774652565e-15 nan 3.631127230326179173e-17 3.354143625605420444e-17 nan
5.833911679018520226e+04 7.707555896929303020e-16 1.276565194767715402e-15 nan 4.669375576074008081e-17 4.311166253847475139e-17 nan
5.761013403491899953e+04 7.354168983534503643e-16 1.280927745776439799e-15 nan 4.138196046824567599e-17 4.037245434789115133e-17 nan
5.776935856103010155e+04 7.166316631587317589e-16 1.209100941171968732e-15 nan 4.673430494663717598e-17 4.424859094206828631e-17 nan
5.833911866302080307e+04 7.648318733622071250e-16 1.264176241208694307e-15 nan 4.630147491291858875e-17 4.267403851377147150e-17 nan
5.822217782984949736e+04 7.693518169312438461e-16 1.228726410803325070e-15 nan 4.354017950684090510e-17 3.866952742951008915e-17 nan
5.750814597651619988e+04 7.401091356959383839e-16 1.250232231678442976e-15 nan 3.518679778006480853e-17 3.312160627852920074e-17 nan
5.774633784363429731e+04 7.170391872210194989e-16 1.199778721447247349e-15 nan 3.855312310925392714e-17 3.603915799498664462e-17 nan
5.832915189348380227e+04 7.979033885923144849e-16 1.327317030019366913e-15 nan 5.400489109662298514e-17 5.024778637181608686e-17 nan
5.811034628445599810e+04 7.783659338083767986e-16 1.313718171606214589e-15 nan 3.965109909130197130e-17 3.724352931591722245e-17 nan
5.829398738712960039e+04 8.037169129405962061e-16 1.309224459408360029e-15 nan 5.374830988244354785e-17 4.897053856236490918e-17 nan
5.793314732129630283e+04 7.555442500712025561e-16 1.217110251373529824e-15 nan 3.835891284425963336e-17 3.435947423936604895e-17 nan
5.756819065248840343e+04 7.218525403655607284e-16 1.185656459960148195e-15 nan 3.541040901937961093e-17 3.242632367459359971e-17 nan
5.774633974197920179e+04 7.238060107680156996e-16 1.205408857840406503e-15 nan 3.876360686447123784e-17 3.604489963865650145e-17 nan
5.758319246322919935e+04 7.490436813007110034e-16 1.337889676294251539e-15 nan 4.827097933963082559e-17 4.846271789553872837e-17 nan
5.781430152931709745e+04 7.126414674138304667e-16 1.191507328483900844e-15 nan 4.418390201843500768e-17 4.132616505544833491e-17 nan
5.821819139609950071e+04 7.716565483063557993e-16 1.247172990605947889e-15 nan 8.318734630200301634e-17 7.553881993315932863e-17 nan
5.779119933505789959e+04 7.327681536710567272e-16 1.233257731450188898e-15 nan 4.203801550492985543e-17 3.954681214111414433e-17 nan
5.817631041427080345e+04 7.768264357082257071e-16 1.245819843346472035e-15 nan 4.180182977113620388e-17 3.726901704932680719e-17 nan
5.788831842739580316e+04 7.233281278211211191e-16 1.187957854451911150e-15 nan 3.671627218826451837e-17 3.368294777393367383e-17 nan
5.785717963824069739e+04 7.135686383772514143e-16 1.206286106517503754e-15 nan 9.299539016081993207e-17 8.962242746035517557e-17 nan
5.831815903825229907e+04 8.065623561028204508e-16 1.343445255541664078e-15 nan 5.000237883611274876e-17 4.642400040654155563e-17 nan
5.761200148894680024e+04 7.290930055269784432e-16 1.281945619838925110e-15 nan 3.543078521765301986e-17 3.483549765314357021e-17 nan
5.812134434108799906e+04 7.705137007770973084e-16 1.267681051745120984e-15 nan 4.149315758613659314e-17 3.804599690035020215e-17 nan
5.818627152878470224e+04 7.833238193718307304e-16 1.317580498956857190e-15 nan 4.303883753818720212e-17 4.034080519212702665e-17 nan
5.790105893496530189e+04 7.239809935882942635e-16 1.160577437941454732e-15 nan 3.681008250068069257e-17 3.286990204750464293e-17 nan
5.834905507653929817e+04 7.659699621673502809e-16 1.313700789991520617e-15 nan 4.772811771374058752e-17 4.581593201464951635e-17 nan
5.776936043849540147e+04 7.122112154363745503e-16 1.196932518341168345e-15 nan 4.662432148735110567e-17 4.398577459152073321e-17 nan
5.759998783212959825e+04 7.075289006018531269e-16 1.177813848073514106e-15 nan 3.446654609146575627e-17 3.202764891345724064e-17 nan
5.826406513415509835e+04 7.912230843663779507e-16 1.301036728932796755e-15 nan 5.606856243396476614e-17 5.166959708233850753e-17 nan
5.832914814541670057e+04 8.027093249608372025e-16 1.305260065199541006e-15 nan 5.351373203646029624e-17 4.860693126382003604e-17 nan
5.793314919180559809e+04 7.546781451711338153e-16 1.203309821395352804e-15 nan 3.782699352245874975e-17 3.352190402737467665e-17 nan
5.782431106597220059e+04 7.443907151849847486e-16 1.320588033430559244e-15 nan 5.009558442847611957e-17 4.992814233920108310e-17 nan
5.813334483795140113e+04 7.770672352136216872e-16 1.329282716899245424e-15 nan 3.906443236972425937e-17 3.720196848198816436e-17 nan
5.773629143378470326e+04 7.281359480684266180e-16 1.215705266760160934e-15 nan 4.580883228135706775e-17 4.294412556486506326e-17 nan
5.823315209210650210e+04 7.683725385771384247e-16 1.298814877697809836e-15 nan 4.519899312734674033e-17 4.264874386099447195e-17 nan
5.822217595601850189e+04 7.701633334917277942e-16 1.228785649831226749e-15 nan 4.485298946635408842e-17 3.980426981757823539e-17 nan
5.824312646829860023e+04 7.906535285151490035e-16 1.312134711355156169e-15 nan 4.267313733331038199e-17 3.939950719591919738e-17 nan
5.812134624599540257e+04 7.770893205475674799e-16 1.277422036389410050e-15 nan 4.131723068755268066e-17 3.783225987764330677e-17 nan
5.779120120866900106e+04 7.266953834075238260e-16 1.222140089940763408e-15 nan 4.197021759526013604e-17 3.947112435269967690e-17 nan
5.788831655570599833e+04 7.282123410112767140e-16 1.184851078851940470e-15 nan 3.694539489570255963e-17 3.355766783196802499e-17 nan
5.792214886855320219e+04 7.394431368557803589e-16 1.225614746716758293e-15 nan 3.583716474338217242e-17 3.309037808295853788e-17 nan
5.827419074731480214e+04 7.917425504788216655e-16 1.262568553721291565e-15 nan 4.421606987571278195e-17 3.916361292431498834e-17 nan
5.756819252324070112e+04 7.151357807265243189e-16 1.178225410201628367e-15 nan 3.508929882602021164e-17 3.224727933687209994e-17 nan
5.821819527013890183e+04 7.814357882405424868e-16 1.259181070131578337e-15 nan 1.230901681413517442e-16 1.124133251884679217e-16 nan
5.816432464210649778e+04 7.808888593778416371e-16 1.325897526698688070e-15 nan 4.271254752934580334e-17 4.038435518877486552e-17 nan
5.815635017428240099e+04 7.840867312990775846e-16 1.306746010402084289e-15 nan 4.478899597362455879e-17 4.161332421560816323e-17 nan
5.787734625126160245e+04 7.341545681663468367e-16 1.183912226397607054e-15 nan 3.439919526362861743e-17 3.090317940880706052e-17 nan
5.761200336034719658e+04 7.366291041311613827e-16 1.288334368583004038e-15 nan 3.610254729768525115e-17 3.528918645765696629e-17 nan
5.820922448049770173e+04 7.602627170893197582e-16 1.274650536364591332e-15 nan 6.270871154900504044e-17 5.946481432156717692e-17 nan
5.831815716444439749e+04 7.905078214165018129e-16 1.315832551311778123e-15 nan 5.000507366867370144e-17 4.645320891152118415e-17 nan
5.753007655275460274e+04 7.285201657450043045e-16 1.143117183576141801e-15 nan 3.723385547866116737e-17 3.263373756046232893e-17 nan
