5.786715239743059647e+04 7.794905780249935052e-16 1.229192394065681549e-15 nan 2.668817965838480866e-16 2.545433799082619093e-16 nan
5.808928682432870119e+04 1.081954204937397765e-15 1.615263888662425032e-15 nan 7.129123566718780313e-16 7.327460483797537018e-16 nan
5.775718913462960336e+04 7.783082632626403884e-16 1.342160193940249847e-15 nan 2.639921058622157416e-16 2.751724522493854426e-16 nan
5.832915189348380227e+04 8.961842825186069786e-16 1.384927578255938038e-15 nan 4.115980794035006801e-16 3.984704993719009137e-16 nan
5.790106270711810066e+04 7.470987581042266083e-16 1.169512410652414303e-15 nan 1.898259562131028884e-16 1.763529825868858811e-16 nan
5.828426319100690307e+04 8.391927781335493073e-16 1.379990034331760621e-15 nan 2.885594431974536702e-16 2.871013131487149646e-16 nan
5.815634830284719646e+04 8.297937976254900469e-16 1.333861831519426972e-15 nan 2.839870545571271212e-16 2.761105019550433222e-16 nan
5.777932265245370218e+04 7.584974052076267831e-16 1.178011996541392026e-15 nan 2.637761784730587105e-16 2.481224274627141772e-16 nan
5.811034251591440261e+04 8.125655856760154515e-16 1.344687960872390169e-15 nan 2.125148875598276139e-16 2.089993612382735192e-16 nan
5.833911866302080307e+04 8.135265239549207829e-16 1.292024741072974262e-15 nan 2.810719431863391073e-16 2.701988828089755534e-16 nan
5.828426509484949929e+04 8.522922837848532294e-16 1.382151644830337600e-15 nan 2.839911653142641326e-16 2.779088244302134873e-16 nan
5.752032855259259668e+04 nan nan nan nan nan nan
5.782430731930559705e+04 8.279038537536797395e-16 1.365507684695558657e-15 nan 3.771612208041734117e-16 3.892368069888079010e-16 nan
5.823315209210650210e+04 8.183157554571868304e-16 1.328031623368797867e-15 nan 2.851092186684187710e-16 2.802977372211713466e-16 nan
5.820922822435179842e+04 9.216241482739039229e-16 1.355794373777876066e-15 nan 5.405991337595112038e-16 5.259224117225812600e-16 nan
5.788831468282410060e+04 7.596313638802108905e-16 1.198388830147446532e-15 nan 2.308286520595890558e-16 2.183198094092067103e-16 nan
5.827419074731480214e+04 8.289138083530237927e-16 1.282964874657076599e-15 nan 2.493943013786394101e-16 2.312013177926768122e-16 nan
5.824312269599540014e+04 8.323678379011666831e-16 1.339943315370579866e-15 nan 2.447200515734456435e-16 2.356297634415598116e-16 nan
5.750814405184030329e+04 7.485296198176331340e-16 1.252957057746440431e-15 nan 1.794040236578297202e-16 1.777814232293174049e-16 nan
5.756819252324070112e+04 7.377778060279849888e-16 1.190993263965742272e-15 nan 1.847380986267673467e-16 1.768890177246947821e-16 nan
5.753007844962959643e+04 7.785500912239204388e-16 1.183354776189496654e-15 nan 2.431924446897211534e-16 2.220227488686707419e-16 nan
5.814337675952549762e+04 8.153245173608144455e-16 1.329580305941062886e-15 nan 2.251616421858658199e-16 2.188222327682037505e-16 nan
5.822217782984949736e+04 8.052662729859316601e-16 1.248462967124872614e-15 nan 2.417587628706244388e-16 2.244694189154517253e-16 nan
5.828426696519680263e+04 8.342936006766110637e-16 1.351438650136059744e-15 nan 2.876997192457380135e-16 2.820399690244014196e-16 nan
5.827419451822919655e+04 8.130717914426810406e-16 1.247610228753988216e-15 nan 2.530875645427392230e-16 2.331461727611126154e-16 nan
5.780131750628470036e+04 7.767789557716799715e-16 1.179289846226827711e-15 nan 3.224085032100352812e-16 3.021823724716477754e-16 nan
5.832915001937500347e+04 8.908113758799537529e-16 1.382068462304403786e-15 nan 3.999689788145367654e-16 3.873432153033976415e-16 nan
5.782430919329859898e+04 8.296896348626754338e-16 1.377558591324414533e-15 nan 3.737006175172494548e-16 3.875383785714017710e-16 nan
5.758319436125000357e+04 7.693709555124147989e-16 1.337476916843007209e-15 nan 2.678032046856682629e-16 2.820605808370984047e-16 nan
5.826406895916670328e+04 1.033967128987112104e-15 1.485685260878232292e-15 nan 6.690485651362560562e-16 6.571439841137751576e-16 nan
5.826406513415509835e+04 9.121910322641545996e-16 1.371750731135209025e-15 nan 4.573862632418151199e-16 4.378050314928784061e-16 nan
5.758319246322919935e+04 8.341767712901665962e-16 1.391305047474661616e-15 nan 3.702898009802228176e-16 3.848760634536209870e-16 nan
5.826406706221059721e+04 1.043955116225175927e-15 1.510460578714629833e-15 nan 6.586819962806858232e-16 6.454174433808979092e-16 nan
5.763300839271990117e+04 7.602754200248143463e-16 1.256716512073306787e-15 nan 2.010227799532737994e-16 1.976078299941656257e-16 nan
5.815338254519680049e+04 8.637904658196711452e-16 1.341841253462171575e-15 nan 3.502214726423196091e-16 3.348423882626743202e-16 nan
5.819735718868060212e+04 8.243978416771872502e-16 1.419145093487284954e-15 nan 2.447621144977791705e-16 2.521783311772512890e-16 nan
5.761199958975690242e+04 7.550558286325842153e-16 1.301917229731593792e-15 nan 2.018481942183505366e-16 2.071130827351273283e-16 nan
5.785729699114579853e+04 8.789461718934362838e-16 1.391966604088233221e-15 nan 4.845345145542201082e-16 4.990111077717701696e-16 nan
5.781429775741900085e+04 7.608625314617078238e-16 1.211993155813430789e-15 nan 2.759970624926959216e-16 2.673307711060356522e-16 nan
5.755801421140049933e+04 7.509432703190410211e-16 1.209953051541574342e-15 nan 2.195585840015367756e-16 2.115782612527301697e-16 nan
5.762008101782410085e+04 7.912593377772831133e-16 1.286184752232621571e-15 nan 2.826600172050898122e-16 2.790098702822224293e-16 nan
5.813334673453700088e+04 8.061153538024915148e-16 1.347332917373248602e-15 nan 2.062189139193331098e-16 2.046159811807364532e-16 nan
5.822217972678240039e+04 8.046173208050013312e-16 1.243897485583067425e-15 nan 2.440497464045457281e-16 2.261032045994571875e-16 nan
5.831815903825229907e+04 8.703919138303514781e-16 1.380409528079084221e-15 nan 3.309675018312208704e-16 3.206875401194440326e-16 nan
5.818626965681710135e+04 8.233031181849891422e-16 1.338702374110065706e-15 nan 2.574007868745038637e-16 2.513789218369557543e-16 nan
5.817631041427080345e+04 8.107389804004018558e-16 1.264510648012342274e-15 nan 2.357669754639786344e-16 2.197940191606899449e-16 nan
5.763301029209489934e+04 7.577563233487752681e-16 1.254755007492728292e-15 nan 1.985712260478884287e-16 1.954542537152032460e-16 nan
5.825404555556709965e+04 8.320373261367857350e-16 1.379716888124237696e-15 nan 2.482510408210559468e-16 2.464520725657402785e-16 nan
5.763300649296300253e+04 7.573199760057023522e-16 1.254629786586063498e-15 nan 1.971807253874039689e-16 1.941189654557699601e-16 nan
5.755801800879630173e+04 7.426911401425791504e-16 1.196982465512588728e-15 nan 2.128195585916915963e-16 2.048964592485570679e-16 nan
5.787734813106479851e+04 7.538511496393183014e-16 1.186229421678348765e-15 nan 1.890240048949493226e-16 1.764451022657840732e-16 nan
5.812134434108799906e+04 8.105977155703441812e-16 1.290403590517474776e-15 nan 2.551452516521165035e-16 2.440778798365214469e-16 nan
5.834905695135419955e+04 8.251292809172452473e-16 1.347781737887979606e-15 nan 3.322163285381856926e-16 3.337276415967400955e-16 nan
5.820824059042819863e+04 9.689670379172661874e-16 1.435148762520850861e-15 nan 5.874083053834186676e-16 5.810892654740389187e-16 nan
5.758319623273149773e+04 7.677836150262216024e-16 1.349391526988449088e-15 nan 2.812069196421664322e-16 3.008644480116688992e-16 nan
5.791103319438659673e+04 8.033264807515732475e-16 1.274864985918397252e-15 nan 2.592846238199195527e-16 2.477406395930190579e-16 nan
5.756818854954859853e+04 7.455543254558555666e-16 1.209355679795150949e-15 nan 1.823308589012855157e-16 1.752408209052134406e-16 nan
5.830805729326389701e+04 8.308593709180101268e-16 1.365749334927888329e-15 nan 2.415781077743573115e-16 2.373403113724972503e-16 nan
5.823315021841439739e+04 8.410317358841868219e-16 1.350821227538209566e-15 nan 3.498573562585712321e-16 3.469793667781268311e-16 nan
5.819736103619210189e+04 8.188206451395128549e-16 1.405417879860394353e-15 nan 2.361738621009215736e-16 2.421863175663556951e-16 nan
5.825404368166669883e+04 8.344962406242236011e-16 1.384250882825610030e-15 nan 2.461981383917561028e-16 2.443181155029119796e-16 nan
5.834905882418980036e+04 8.233478842606139303e-16 1.325658189918924879e-15 nan 3.342935657100796876e-16 3.313497962437833200e-16 nan
5.815338441898149904e+04 nan nan nan nan nan nan
5.817630854277779872e+04 8.171735318189826707e-16 1.271701221053973699e-15 nan 2.392884656890891005e-16 2.226877644410220212e-16 nan
5.750814784447920101e+04 7.505682759757247002e-16 1.250294669259939408e-15 nan 1.820050418597335975e-16 1.795746992678130749e-16 nan
5.812134624599540257e+04 8.169742492038143879e-16 1.300005446256694104e-15 nan 2.555116930880944988e-16 2.442097072830004200e-16 nan
5.818626778427079989e+04 8.229728973440597616e-16 1.343574855255412820e-15 nan 2.577470620989357535e-16 2.527709901903073514e-16 nan
5.824312459526619932e+04 8.295538116474181096e-16 1.337203799315329103e-15 nan 2.494801777182641856e-16 2.408929737250500676e-16 nan
5.825404742700229690e+04 8.375966010566091351e-16 1.379457568715830667e-15 nan 2.639102670767055056e-16 2.611694261653950293e-16 nan
5.781429965668980003e+04 7.636409549191059089e-16 1.218980776613925199e-15 nan 2.697025808155504888e-16 2.611194819836982146e-16 nan
5.774634164041670010e+04 7.540847820702588959e-16 1.229398846976071551e-15 nan 2.213240523995696006e-16 2.158277304726062607e-16 nan
5.818626413548609708e+04 8.084772917687559857e-16 1.305620436865975553e-15 nan 2.550613829677483632e-16 2.475569409355146659e-16 nan
5.814337488581019716e+04 8.146235623911582592e-16 1.325647491607739362e-15 nan 2.205996223175822701e-16 2.137110441040400200e-16 nan
5.776936043849540147e+04 7.867280044899195120e-16 1.240818503616099527e-15 nan 3.374462401768446953e-16 3.300270501337453012e-16 nan
5.808928869571760151e+04 8.886684323127565558e-16 1.445598016303251685e-15 nan 3.827771670280696797e-16 3.862900196037049839e-16 nan
5.786715617920140357e+04 7.792234534399474292e-16 1.219517638792546991e-15 nan 2.593789022373721185e-16 2.449459440811774229e-16 nan
5.780132125148150226e+04 7.807964445932673954e-16 1.184947874911133285e-15 nan 3.285537813899855801e-16 3.083768657896576213e-16 nan
5.773629143378470326e+04 8.105191192338645653e-16 1.264009639305475291e-15 nan 3.589653266877699745e-16 3.487395223499303160e-16 nan
5.792215074342589651e+04 7.564583320711979647e-16 1.226909863155010416e-15 nan 1.893225564317523407e-16 1.821204863904026968e-16 nan
5.812134814739580179e+04 8.154197021848812278e-16 1.293364613907208673e-15 nan 2.503889287404630244e-16 2.382400962978071248e-16 nan
5.791103132280090358e+04 7.803791883141182791e-16 1.237539670843475569e-15 nan 2.606766892391986130e-16 2.495596545627495557e-16 nan
5.785729509346059785e+04 8.349340302439927106e-16 1.357379436569595836e-15 nan 4.093169879979589930e-16 4.217423974013772388e-16 nan
5.781430152931709745e+04 7.601378129555388345e-16 1.219015348951673558e-15 nan 2.681486648198313405e-16 2.607990691058183123e-16 nan
5.815634642906249792e+04 8.265816782823769683e-16 1.332135355189640028e-15 nan 2.815889919158303955e-16 2.743781521820151200e-16 nan
5.831815526644680358e+04 8.767706474694012963e-16 1.399477357545035572e-15 nan 3.469526516922168490e-16 3.398518156961480147e-16 nan
5.762008289043980039e+04 7.900497370793034740e-16 1.306596845468680356e-15 nan 2.856250176926025875e-16 2.871703875715264812e-16 nan
5.786715427152779739e+04 7.811617108964420521e-16 1.231387830503189004e-15 nan 2.543865128596923363e-16 2.415517221016553536e-16 nan
5.829398925767360197e+04 8.927795650795609249e-16 1.338350050414301401e-15 nan 4.306841802717512083e-16 4.078923433614211496e-16 nan
5.756819065248840343e+04 7.444583804968245662e-16 1.198363148734111391e-15 nan 1.854758490116745462e-16 1.770436716342970344e-16 nan
5.830806103812500078e+04 8.224354156469148970e-16 1.353220829776280404e-15 nan 2.403311256997474766e-16 2.364196114784879158e-16 nan
5.779120120866900106e+04 7.693696336734617401e-16 1.246930168794282016e-15 nan 2.561336377505401217e-16 2.505293702749826287e-16 nan
5.822217595601850189e+04 8.099093794421987155e-16 1.250642809232976966e-15 nan 2.545848253871898003e-16 2.361729090109893241e-16 nan
5.785717963824069739e+04 1.218895057282557245e-15 1.552187284183649047e-15 nan 9.925588655507776624e-16 9.809139324231831707e-16 nan
5.821819139609950071e+04 1.013819575368876538e-15 1.393005523300572479e-15 nan 6.627944156688553038e-16 6.250840205650855789e-16 nan
5.791103509098380164e+04 7.884852728151376871e-16 1.251630378934203871e-15 nan 2.553034450116737097e-16 2.440611278073470224e-16 nan
5.761200336034719658e+04 7.638348809538971522e-16 1.304645412930294679e-15 nan 2.052429833883693862e-16 2.086612922626878480e-16 nan
5.808928495172449766e+04 nan nan nan nan nan nan
5.820824248755790177e+04 9.612615865401091937e-16 1.420279840807757778e-15 nan 5.865166144516876647e-16 5.800376606026399166e-16 nan
5.773628956223379646e+04 8.042221426637462142e-16 1.258858276268554623e-15 nan 3.520880505544800495e-16 3.427531866543685384e-16 nan
5.833911491662039771e+04 8.164161626016806822e-16 1.327488417680925732e-15 nan 2.836804133385037064e-16 2.793499201860091692e-16 nan
5.790106083542820124e+04 7.558569585739492954e-16 1.184477531219936236e-15 nan 1.898121416502280930e-16 1.764282792573318838e-16 nan
5.788831655570599833e+04 7.617412591526406198e-16 1.203609156347641261e-15 nan 2.265424783530138121e-16 2.143106139639239792e-16 nan
5.811034438879630034e+04 8.141877312148231511e-16 1.343863613735988893e-15 nan 2.120459265720152729e-16 2.079499230072877740e-16 nan
5.779119933505789959e+04 7.757403954525493727e-16 1.258235558669091981e-15 nan 2.580526861902060019e-16 2.525787783408983884e-16 nan
5.814337862993060116e+04 8.084630273502115584e-16 1.309318608462079376e-15 nan 2.336328437067916652e-16 2.260863805344504063e-16 nan
5.815635017428240099e+04 8.318935870787298760e-16 1.334281688690976787e-15 nan 2.815332878786622680e-16 2.728628919925786159e-16 nan
5.772434866576390050e+04 7.326138813105470248e-16 1.281654248841494902e-15 nan 2.235554779938873275e-16 2.345306605883815857e-16 nan
5.793314919180559809e+04 7.786646850697436462e-16 1.216400997946459402e-15 nan 1.954749866728945151e-16 1.811093028760454830e-16 nan
5.830805916629629792e+04 8.275086835116359653e-16 1.353936346082345891e-15 nan 2.433519135973537885e-16 2.381417273761991720e-16 nan
5.761013403491899953e+04 7.840236499799155040e-16 1.310228891882748286e-15 nan 2.748944137528584966e-16 2.784822209732966694e-16 nan
5.811034628445599810e+04 8.055137684425397462e-16 1.329418763094845931e-15 nan 2.111187199095890221e-16 2.070890961305300418e-16 nan
5.761013213571759843e+04 7.741635139500188376e-16 1.305885570600923881e-15 nan 2.646191674042458453e-16 2.700027421308411981e-16 nan
5.772434491921299923e+04 7.400407978415451636e-16 1.291994907496506155e-15 nan 2.358290743484606949e-16 2.476492477637155876e-16 nan
5.761200148894680024e+04 7.550632356687687598e-16 1.297592374450476353e-15 nan 1.994974177561392252e-16 2.038992641099072907e-16 nan
5.817630666320599994e+04 8.202791418124390368e-16 1.283247140512737913e-15 nan 2.524727909686332129e-16 2.369659732854190739e-16 nan
5.754723669991899806e+04 7.558730642268994847e-16 1.272088188968136862e-15 nan 1.818072592207919817e-16 1.811656339344057923e-16 nan
5.772434679296299873e+04 7.337023957264927073e-16 1.286184319395579446e-15 nan 2.340686369894803072e-16 2.468312034739263817e-16 nan
5.773628768722219684e+04 8.040247379384782094e-16 1.254047659948340618e-15 nan 3.610578866219451359e-16 3.515599280478457061e-16 nan
5.776936233684029867e+04 7.927175217230738142e-16 1.240729842529903524e-15 nan 3.390048800067060526e-16 3.288793557986703406e-16 nan
5.829398738712960039e+04 9.103271210649774756e-16 1.370581509961218416e-15 nan 4.308404252329479019e-16 4.084398413249479643e-16 nan
5.775719103354169783e+04 7.707633592798568784e-16 1.351691323705973711e-15 nan 2.608528368693895922e-16 2.764758435411644255e-16 nan
5.780131938141200226e+04 7.695085308734711904e-16 1.165766491259266600e-15 nan 3.205240775904589613e-16 2.999162265386963088e-16 nan
5.782431106597220059e+04 8.325852148220260376e-16 1.375649132008139642e-15 nan 3.762846936374861157e-16 3.885236154369511305e-16 nan
5.833911679018520226e+04 8.196816671444199953e-16 1.304602639437926800e-15 nan 2.828329551868568547e-16 2.724513205552158640e-16 nan
5.792214886855320219e+04 7.616729348954807357e-16 1.238216907854793936e-15 nan 1.861536186198523146e-16 1.792966360230091585e-16 nan
5.820922448049770173e+04 9.895126435032406576e-16 1.416761536122928994e-15 nan 6.364496126352541353e-16 6.213009841893929394e-16 nan
5.813334483795140113e+04 8.021068107589158579e-16 1.343946762547097824e-15 nan 2.026521100301352155e-16 2.014573920551905726e-16 nan
5.832914814541670057e+04 8.980268648372535509e-16 1.359801607100149121e-15 nan 4.061699855038066619e-16 3.843437649453244570e-16 nan
5.821819527013890183e+04 1.368009974891190760e-15 1.646734549618938578e-15 nan 1.129584255269054550e-15 1.067161873949266292e-15 nan
5.827419264663189824e+04 8.180635379169918536e-16 1.256639366780283108e-15 nan 2.509228069931399377e-16 2.311661916618078384e-16 nan
5.775719293282410217e+04 7.681357544932840417e-16 1.334248720870537168e-15 nan 2.589831791815021221e-16 2.717963448007293634e-16 nan
5.831815716444439749e+04 8.595876934404866295e-16 1.355913152477271342e-15 nan 3.413044486577879109e-16 3.305186963260555911e-16 nan
5.792214699253469735e+04 7.605519485512878580e-16 1.234878484110972434e-15 nan 1.915653259715243629e-16 1.845315603960653698e-16 nan
5.752033229543980269e+04 nan nan nan nan nan nan
5.813334296329860081e+04 8.101548880691543354e-16 1.366562847905776583e-15 nan 2.023276526719869909e-16 2.023825559651735170e-16 nan
5.753007655275460274e+04 7.705891993784197225e-16 1.165893402508225529e-15 nan 2.538748555791834861e-16 2.316365503376385644e-16 nan
5.819735913929399976e+04 8.115208693065193419e-16 1.402933240190868356e-15 nan 2.370333659705731546e-16 2.450136120909864693e-16 nan
5.834905507653929817e+04 8.352929605873279179e-16 1.355177071416077307e-15 nan 3.365743904170189548e-16 3.358492074857343568e-16 nan
5.754723482777780009e+04 7.554446479132201887e-16 1.265471886895826507e-15 nan 1.843842371610172509e-16 1.829904920182892881e-16 nan
5.816432464210649778e+04 8.148488421992741229e-16 1.345714501100227172e-15 nan 2.366761218406232564e-16 2.336111369557285304e-16 nan
5.790105893496530189e+04 7.483090326409259597e-16 1.173934276331019117e-15 nan 1.928027785811489723e-16 1.796236265722937681e-16 nan
5.759998406383099791e+04 7.326331618278440226e-16 1.197852764754503355e-15 nan 1.811588664153276702e-16 1.755910171895029166e-16 nan
5.779120310692129715e+04 7.659729588960256083e-16 1.244411404538051124e-15 nan 2.561487890231164665e-16 2.512349415044909060e-16 nan
5.785729886380789685e+04 8.882785725978692102e-16 1.399789373246610627e-15 nan 4.991314442332165734e-16 5.140176749684709483e-16 nan
5.793315108984950348e+04 7.677052408090930911e-16 1.219570799458325572e-15 nan 1.874363368198253068e-16 1.763925017151262549e-16 nan
5.759998783212959825e+04 7.296244121639085779e-16 1.190400447290458718e-15 nan 1.815009102956156646e-16 1.755948020031029082e-16 nan
5.821819339841439796e+04 9.617050128106608323e-16 1.355596100949299328e-15 nan 5.825760912583228828e-16 5.485314328339325121e-16 nan
5.824312646829860023e+04 8.257508671361984515e-16 1.332157709728563962e-15 nan 2.419762159233748346e-16 2.334501745843315334e-16 nan
5.787734435098380345e+04 7.596429859375574476e-16 1.200089839979027316e-15 nan 1.967918625982600201e-16 1.847041194583357556e-16 nan
5.777932645429400145e+04 7.469464538692226059e-16 1.163244473195372140e-15 nan 2.507954649938694472e-16 2.358500024936554147e-16 nan
5.785718151214120007e+04 1.542403387057250987e-15 1.824814947440876119e-15 nan 1.361585024644955017e-15 1.345872371734051445e-15 nan
5.759998593644679931e+04 7.298681235547713305e-16 1.192824285594359106e-15 nan 1.830351534637675369e-16 1.774464105491160277e-16 nan
5.816432651253470249e+04 8.130972314533469873e-16 1.341608215211992019e-15 nan 2.391488628864614868e-16 2.360226935505008197e-16 nan
5.750814597651619988e+04 7.596535267626366092e-16 1.261512113766053000e-15 nan 1.747857509076130699e-16 1.715494705713345998e-16 nan
5.816432274166669959e+04 8.145194255822911447e-16 1.349271348310224133e-15 nan 2.328317533605028454e-16 2.302969838672664571e-16 nan
5.829398551293979835e+04 9.007681771251017181e-16 1.360167838301590129e-15 nan 4.200248809744286776e-16 3.983115131140496062e-16 nan
5.793314732129630283e+04 7.801617970033370315e-16 1.230689440026601167e-15 nan 1.981835560343329705e-16 1.855254895276061064e-16 nan
5.788831842739580316e+04 7.565043716189280272e-16 1.206690997907801358e-15 nan 2.245960115958068112e-16 2.144617482174362743e-16 nan
5.818627152878470224e+04 8.244259670559838255e-16 1.341406805220371866e-15 nan 2.606394711086791952e-16 2.549081688960331113e-16 nan
5.754723295498840162e+04 7.523800764322427414e-16 1.273878665552017200e-15 nan 1.826421348562895909e-16 1.831728876501539779e-16 nan
5.774633784363429731e+04 7.487820450596791395e-16 1.218035964964212442e-15 nan 2.191238026016670914e-16 2.131685195144486344e-16 nan
5.755801611182869965e+04 7.413921180786353082e-16 1.192361174551946232e-15 nan 2.157028534876619033e-16 2.074188102742331397e-16 nan
5.823315396350689844e+04 8.175057778435742827e-16 1.332496860522630439e-15 nan 2.630195091135071268e-16 2.580211305722513793e-16 nan
5.753007467814820120e+04 7.754251632085728545e-16 1.170150313831302604e-15 nan 2.657644881331392538e-16 2.426346805802882569e-16 nan
5.752033042518520233e+04 nan nan nan nan nan nan
5.777932455837960151e+04 7.492959973794101845e-16 1.168682260213912925e-15 nan 2.515591159978818304e-16 2.369279757992684024e-16 nan
5.787734625126160245e+04 7.583688946457702312e-16 1.197278855619490902e-15 nan 1.931935688409878459e-16 1.810621572757592212e-16 nan
5.776935856103010155e+04 7.902633408767777144e-16 1.252612246903219078e-15 nan 3.363620744289612690e-16 3.302585350351235721e-16 nan
5.762007914293980139e+04 7.817987413658162519e-16 1.296000045621419211e-15 nan 2.709957033709552934e-16 2.720530763722684028e-16 nan
5.774633974197920179e+04 7.558248729880447077e-16 1.223737895967224945e-15 nan 2.210850522695810390e-16 2.140627026501657900e-16 nan
5.820922635410880321e+04 9.534961814082156291e-16 1.374993803475908888e-15 nan 5.998113903139970354e-16 5.850414757903572437e-16 nan
