5.769015580527779821e+04 3.437301465044392354e-16 nan nan 1.242262837169516365e-16 nan nan
5.769015787849540357e+04 3.345239672276572958e-16 nan nan 1.220185781678041285e-16 nan nan
5.769015995009260223e+04 3.378260408054876102e-16 nan nan 1.162676890467887612e-16 nan nan
5.770204151489579817e+04 3.011781186121467428e-16 nan nan 4.772710338431554494e-17 nan nan
5.770204356266200193e+04 2.990014018338977546e-16 nan nan 6.690633168628966192e-17 nan nan
5.770204560733799735e+04 2.948404952161525070e-16 nan nan 6.302880697347828040e-17 nan nan
5.771409263277779974e+04 3.105745403841348878e-16 nan nan 6.808041545027364552e-17 nan nan
5.771409468028940319e+04 2.819477153141529036e-16 nan nan 6.256398320504843778e-17 nan nan
5.771409672578699974e+04 3.139209780297395754e-16 nan nan 9.089757282761429252e-17 nan nan
5.772705777135420067e+04 3.153050763062432571e-16 nan nan 5.141582046370117282e-17 nan nan
5.772705981797449931e+04 3.166188254227165100e-16 nan nan 4.940344104474679456e-17 nan nan
5.772706186339120177e+04 3.119231777552807807e-16 nan nan 4.421832376925607029e-17 nan nan
5.778533669387730333e+04 3.037725718209394452e-16 nan nan 5.924781557153871176e-17 nan nan
5.778533876707180025e+04 3.091349693531018610e-16 nan nan 6.504026929434225716e-17 nan nan
5.778534083769680001e+04 3.075814786719472824e-16 nan nan 3.985868252000811225e-17 nan nan
5.779933654268520331e+04 3.058902762427305740e-16 nan nan 7.711079088022234082e-17 nan nan
5.791326535005790356e+04 3.000706469951174782e-16 nan nan 9.839568405166563103e-17 nan nan
5.792512302671300131e+04 2.842600625842666611e-16 nan nan 3.947309778306240454e-17 nan nan
5.792512507353010005e+04 2.849066476251176695e-16 nan nan 4.130711029698487092e-17 nan nan
5.792512714874999801e+04 2.867269670120409468e-16 nan nan 4.416862920317663948e-17 nan nan
5.793718679256940231e+04 2.822060655217731850e-16 nan nan 4.680768667199516965e-17 nan nan
5.793718886465280229e+04 2.841426388580485392e-16 nan nan 4.163601523682276117e-17 nan nan
5.793719091001160268e+04 2.831129743545503945e-16 nan nan 4.198338606048640472e-17 nan nan
5.794916242523150140e+04 2.770198658976268159e-16 nan nan 4.998110158108195091e-17 nan nan
5.794916447268520278e+04 2.880090761713095359e-16 nan nan 8.346584014599998563e-17 nan nan
5.794916652253470238e+04 2.769635971079682379e-16 nan nan 5.203988821180249976e-17 nan nan
5.796212665806709992e+04 3.495953989276280971e-16 nan nan 1.277626594679581550e-16 nan nan
5.796212870331019803e+04 4.589344396979964688e-16 nan nan 3.232932041159078440e-16 nan nan
5.796213077392359992e+04 3.630277908688148253e-16 nan nan 1.568857716393931502e-16 nan nan
5.797409376334489934e+04 2.902474333763223592e-16 nan nan 6.101284993349612565e-17 nan nan
5.797409583733799809e+04 2.861977537635845362e-16 nan nan 6.047689301342949501e-17 nan nan
5.798704772202549793e+04 2.730839935880626953e-16 nan nan 5.352660245220797084e-17 nan nan
5.798704976877309673e+04 2.708351400399708095e-16 nan nan 4.423538762395213971e-17 nan nan
5.798705181398150307e+04 2.737652760726984548e-16 nan nan 5.858098543603754300e-17 nan nan
5.800030331545139779e+04 2.912327774357663539e-16 nan nan 1.029008401268741903e-16 nan nan
5.800030539009260247e+04 2.908962465803809021e-16 nan nan 1.020478006816345462e-16 nan nan
5.800030743467590219e+04 2.870706618017523694e-16 nan nan 1.005948800083601458e-16 nan nan
5.801823252953700285e+04 2.684597803801675201e-16 nan nan 7.091132798918153200e-17 nan nan
5.801823457716440316e+04 2.704838908217428454e-16 nan nan 7.653822932078263086e-17 nan nan
5.801823664649309649e+04 2.622496919347751244e-16 nan nan 6.623516887401428343e-17 nan nan
5.804720796659719781e+04 2.781819332044978651e-16 nan nan 4.949289555376168210e-17 nan nan
5.804721003952549654e+04 2.790542034704196102e-16 nan nan 5.541688026218768737e-17 nan nan
5.804721211013889842e+04 2.792551810084225947e-16 nan nan 4.580282433861428038e-17 nan nan
5.805913640646990098e+04 nan nan nan nan nan nan
5.805913845634260360e+04 nan nan nan nan nan nan
5.805914052584490128e+04 nan nan nan nan nan nan
5.807204974729169771e+04 2.859166303779762291e-16 nan nan 7.888235518353987322e-17 nan nan
5.807205179364579817e+04 2.894399207397906411e-16 nan nan 8.202718737791407417e-17 nan nan
5.807205383950230316e+04 2.864435780225225536e-16 nan nan 8.326487056517445959e-17 nan nan
5.808405507223380118e+04 2.759344313499559933e-16 nan nan 4.471842682228149403e-17 nan nan
5.808405711846060149e+04 2.845025157429335012e-16 nan nan 3.626555429239149785e-17 nan nan
5.808405916406249889e+04 2.781920009519345521e-16 nan nan 3.417773665969135121e-17 nan nan
5.779934067106479779e+04 2.983326062841931091e-16 nan nan 7.052441815519492408e-17 nan nan
5.784721799662039848e+04 2.976146152984131881e-16 nan nan 5.300306557695657857e-17 nan nan
5.784722006856479857e+04 2.956927402325389665e-16 nan nan 5.278047680332996376e-17 nan nan
5.784722211534719827e+04 2.963039911028469950e-16 nan nan 5.361444051384938051e-17 nan nan
5.787038074950229930e+04 nan nan nan nan nan nan
5.787234670826390357e+04 3.409756749507105020e-16 nan nan 8.076574855856497222e-17 nan nan
5.787234878104169911e+04 3.427922985399194138e-16 nan nan 8.070736667342394052e-17 nan nan
5.787235082739579957e+04 3.383869317883501598e-16 nan nan 8.348484794992041280e-17 nan nan
5.788733406096060207e+04 3.628548920741556034e-16 nan nan 1.471992600445968370e-16 nan nan
5.788733610844909708e+04 3.742747340450007490e-16 nan nan 1.651782321441953591e-16 nan nan
5.788733815651619807e+04 3.715576772726973633e-16 nan nan 1.685176617968980884e-16 nan nan
5.790129417131940136e+04 2.846688313758559657e-16 nan nan 4.346240815544903178e-17 nan nan
5.790129621952550224e+04 2.880033983698587030e-16 nan nan 4.512170429940534688e-17 nan nan
5.790129829028929817e+04 2.921137832410377777e-16 nan nan 4.375756324227058557e-17 nan nan
5.791326125848379888e+04 3.005455414298988783e-16 nan nan 1.044472483785040054e-16 nan nan
5.779933861689810146e+04 3.051950938972565716e-16 nan nan 6.055951085000485472e-17 nan nan
5.791326330600689835e+04 3.021675353933789873e-16 nan nan 1.006273040091370973e-16 nan nan
5.797409790790510306e+04 2.884695279548428189e-16 nan nan 5.690767187692107045e-17 nan nan
