5.805913640646990098e+04 nan nan nan nan nan nan
5.787235082739579957e+04 6.630416641534376845e-16 nan nan 4.766534046006861463e-16 nan nan
5.793719091001160268e+04 7.816015541433038963e-16 nan nan 5.936529015733033642e-16 nan nan
5.788733610844909708e+04 7.843980575243233828e-16 nan nan 6.390023702295906668e-16 nan nan
5.798705181398150307e+04 7.536197713462776617e-16 nan nan 5.900792513502482984e-16 nan nan
5.796212665806709992e+04 9.850943729926858401e-16 nan nan 8.622769004762841859e-16 nan nan
5.804721211013889842e+04 7.728496302769375027e-16 nan nan 6.692535977573359149e-16 nan nan
5.798704772202549793e+04 7.510213081802230097e-16 nan nan 5.981426228699775531e-16 nan nan
5.805913845634260360e+04 nan nan nan nan nan nan
5.791326125848379888e+04 7.747022108691427299e-16 nan nan 6.328961064382596832e-16 nan nan
5.772705981797449931e+04 8.054625373853406587e-16 nan nan 6.492233693068735888e-16 nan nan
5.807205179364579817e+04 8.107610689942145623e-16 nan nan 6.802918517996109479e-16 nan nan
5.823637937519679690e+04 9.989499659770943564e-16 nan nan 8.769352043004854636e-16 nan nan
5.771409672578699974e+04 5.136845060248599201e-15 nan nan 4.860898993259065970e-15 nan nan
5.800030743467590219e+04 7.413351321464808808e-16 nan nan 6.114810063654670939e-16 nan nan
5.771409263277779974e+04 6.918844330785308901e-15 nan nan 6.534154692056026941e-15 nan nan
5.823637733025460329e+04 1.070386740245739855e-15 nan nan 9.595444200835997327e-16 nan nan
5.801823457716440316e+04 7.848067165547748589e-16 nan nan 6.318153806823588880e-16 nan nan
5.830718434385419823e+04 8.068634571251101535e-16 nan nan 6.918827881907998784e-16 nan nan
5.801823664649309649e+04 8.019486452361660150e-16 nan nan 6.560737176677919476e-16 nan nan
5.808405711846060149e+04 8.005567554629683927e-16 nan nan 6.650946399732579887e-16 nan nan
5.787234670826390357e+04 6.768463428924778360e-16 nan nan 4.837000119859132996e-16 nan nan
5.778534083769680001e+04 8.738654258923342851e-16 nan nan 7.465885814335343350e-16 nan nan
5.770204560733799735e+04 8.876334921627663524e-16 nan nan 7.472721077215580217e-16 nan nan
5.830718638787040254e+04 8.094774217806901622e-16 nan nan 7.033400314842728553e-16 nan nan
5.779933654268520331e+04 9.651913410593389913e-16 nan nan 8.443814107654988575e-16 nan nan
5.771409468028940319e+04 5.559259534402425656e-15 nan nan 5.386868812911526374e-15 nan nan
5.833211913988430024e+04 8.351585369189811782e-16 nan nan 7.272341907749620841e-16 nan nan
5.815129126613429980e+04 nan nan nan nan nan nan
5.800030539009260247e+04 7.212660266246991769e-16 nan nan 6.034787093492673891e-16 nan nan
5.815128922206020070e+04 nan nan nan nan nan nan
5.792512714874999801e+04 6.897044035016674167e-16 nan nan 5.421799673530899134e-16 nan nan
5.823737447606479691e+04 nan nan nan nan nan nan
5.801823252953700285e+04 6.699674738145948690e-16 nan nan 6.252063607147969452e-16 nan nan
5.778533876707180025e+04 8.693691659961657775e-16 nan nan 7.365071015588798088e-16 nan nan
5.796213077392359992e+04 1.108933672157148020e-15 nan nan 9.974862025514655387e-16 nan nan
5.830718226863430027e+04 8.049365789825853286e-16 nan nan 6.951389472011936721e-16 nan nan
5.794916242523150140e+04 8.766560476492211773e-16 nan nan 7.707493875894906124e-16 nan nan
5.812735307304400339e+04 nan nan nan nan nan nan
5.805914052584490128e+04 nan nan nan nan nan nan
5.797409790790510306e+04 7.059689789525289914e-16 nan nan 5.514021750264511464e-16 nan nan
5.779934067106479779e+04 9.519273650155249303e-16 nan nan 8.365466929326948009e-16 nan nan
5.826330454050929984e+04 8.050869659465950110e-16 nan nan 6.901992986201959768e-16 nan nan
5.828924089284719958e+04 8.470817163220527185e-16 nan nan 7.274120626279578184e-16 nan nan
5.818332468002309906e+04 9.668595493878926289e-16 nan nan 8.343848262256321659e-16 nan nan
5.794916447268520278e+04 1.140099761965880396e-15 nan nan 1.059765684022841201e-15 nan nan
5.769015995009260223e+04 8.108365564925468288e-16 nan nan 6.735384430235075022e-16 nan nan
5.827636901283560292e+04 1.283765498430382527e-15 nan nan 1.199128706999514553e-15 nan nan
5.770204356266200193e+04 9.338807369540924434e-16 nan nan 8.103808760205872247e-16 nan nan
5.826330863219909952e+04 7.986397524046119667e-16 nan nan 6.896009561020255002e-16 nan nan
5.778533669387730333e+04 8.332621590709533456e-16 nan nan 7.097285830026090748e-16 nan nan
5.788733815651619807e+04 7.838911158734192015e-16 nan nan 6.378781884173650198e-16 nan nan
5.834408077023149963e+04 8.487293364183097941e-16 nan nan 7.533157180541611423e-16 nan nan
5.823638142131939821e+04 1.828602118464370019e-15 nan nan 1.762553199247229708e-15 nan nan
5.822231867385419901e+04 8.181473117203991216e-16 nan nan 6.782452756517968056e-16 nan nan
5.772706186339120177e+04 7.953993282148173261e-16 nan nan 6.431786410635978666e-16 nan nan
5.796212870331019803e+04 2.050401797194270271e-15 nan nan 1.990308806944007294e-15 nan nan
5.834408286868059804e+04 8.484431909482381765e-16 nan nan 7.478694427140928697e-16 nan nan
5.792512302671300131e+04 7.330716351044936984e-16 nan nan 5.934389855254732854e-16 nan nan
5.834408494111109758e+04 8.267950847682499639e-16 nan nan 7.334321734469608298e-16 nan nan
5.772705777135420067e+04 7.990047024309285303e-16 nan nan 6.463936784426348101e-16 nan nan
5.788733406096060207e+04 7.797029091042466644e-16 nan nan 6.275629549080998206e-16 nan nan
5.832012372127320123e+04 8.170973037332711170e-16 nan nan 7.073348686555534398e-16 nan nan
5.812735719687499659e+04 2.764256195819198889e-15 nan nan 2.730913296031683567e-15 nan nan
5.825034023524310032e+04 8.953409147350633360e-16 nan nan 7.494194546677779913e-16 nan nan
5.818332672513889702e+04 9.723409235626784407e-16 nan nan 8.374871212183391193e-16 nan nan
5.794916652253470238e+04 9.005581676371132143e-16 nan nan 8.073121140283264090e-16 nan nan
5.790129417131940136e+04 7.792759784519752997e-16 nan nan 6.493989270660261759e-16 nan nan
5.784722211534719827e+04 9.665474632808383485e-16 nan nan 8.325172082171954329e-16 nan nan
5.816632990957180300e+04 8.130797169446983679e-16 nan nan 6.799864655035194406e-16 nan nan
5.808405507223380118e+04 8.103953523789824884e-16 nan nan 6.669952727061564268e-16 nan nan
5.797409376334489934e+04 6.896614576301073050e-16 nan nan 5.500981233834330489e-16 nan nan
5.828924293930560088e+04 8.542809254202033081e-16 nan nan 7.212144544103158486e-16 nan nan
5.823737654778939759e+04 nan nan nan nan nan nan
5.812735512291669875e+04 3.105918610788371854e-15 nan nan 3.082584275292687225e-15 nan nan
5.784722006856479857e+04 9.620316238472463140e-16 nan nan 8.259486016991393330e-16 nan nan
5.791326535005790356e+04 7.809425224475625070e-16 nan nan 6.435878689645691414e-16 nan nan
5.822231458113429835e+04 8.055892828140787297e-16 nan nan 6.749686555914696113e-16 nan nan
5.769015787849540357e+04 8.174935877749575102e-16 nan nan 6.740552879187172239e-16 nan nan
5.807205383950230316e+04 8.024503524128238580e-16 nan nan 6.720348776481367437e-16 nan nan
5.793718886465280229e+04 7.510364342625677210e-16 nan nan 5.714460957591944693e-16 nan nan
5.825034440655090293e+04 8.846358411142085141e-16 nan nan 7.343165688280027588e-16 nan nan
5.826330658587960352e+04 8.130516965867742443e-16 nan nan 6.986882045738056167e-16 nan nan
5.800030331545139779e+04 7.300081942925683084e-16 nan nan 6.086323432821766539e-16 nan nan
5.792512507353010005e+04 7.579398815367768409e-16 nan nan 6.272343149571223038e-16 nan nan
5.815128715056709916e+04 nan nan nan nan nan nan
5.784721799662039848e+04 9.424472046455218721e-16 nan nan 8.092017812780071155e-16 nan nan
5.787234878104169911e+04 6.707122548865065764e-16 nan nan 4.838320740442023577e-16 nan nan
5.791326330600689835e+04 7.715055719989350733e-16 nan nan 6.353721725907082672e-16 nan nan
5.833211501591440174e+04 8.442674889709502455e-16 nan nan 7.418772013980127374e-16 nan nan
5.816632579141199676e+04 8.362173834000817986e-16 nan nan 7.120459427163737434e-16 nan nan
5.828924501094909647e+04 8.611861101474074437e-16 nan nan 7.262922617602637326e-16 nan nan
5.827636696190969815e+04 1.427586647989394320e-15 nan nan 1.354468553779643186e-15 nan nan
5.825034235892359720e+04 8.911815486141478326e-16 nan nan 7.432873152785718169e-16 nan nan
5.787038074950229930e+04 1.108580048375976542e-15 nan nan 1.014470427882934597e-15 nan nan
5.769015580527779821e+04 8.064521835344692187e-16 nan nan 6.717513593408184316e-16 nan nan
5.822231662861110090e+04 8.142203364326160576e-16 nan nan 6.739994065652883916e-16 nan nan
5.832012579648150131e+04 8.274138577264152720e-16 nan nan 7.253032108610943207e-16 nan nan
5.823737859165509872e+04 nan nan nan nan nan nan
5.833211709222220088e+04 8.334963703923458856e-16 nan nan 7.228918943601521118e-16 nan nan
5.816632786436339666e+04 8.285137065462656371e-16 nan nan 6.982043716319071747e-16 nan nan
5.807204974729169771e+04 8.102786677461772271e-16 nan nan 6.785835794848243481e-16 nan nan
5.804721003952549654e+04 7.743420269530439875e-16 nan nan 6.612022568853588912e-16 nan nan
5.779933861689810146e+04 9.669262768602286738e-16 nan nan 8.375212117367689173e-16 nan nan
5.797409583733799809e+04 7.057576194611380777e-16 nan nan 5.537248722545756724e-16 nan nan
5.790129621952550224e+04 8.263073034954085563e-16 nan nan 6.974156868499101686e-16 nan nan
5.804720796659719781e+04 7.861632599105160994e-16 nan nan 6.750026357810746924e-16 nan nan
5.798704976877309673e+04 7.639373318578090761e-16 nan nan 6.029392541207616948e-16 nan nan
5.808405916406249889e+04 7.975897645280560277e-16 nan nan 6.691022880309458381e-16 nan nan
5.770204151489579817e+04 8.762707363085230302e-16 nan nan 7.447281433152443714e-16 nan nan
5.827636488775460020e+04 1.019774733561527658e-15 nan nan 9.099334709480076202e-16 nan nan
5.793718679256940231e+04 7.575437763672551903e-16 nan nan 5.836216716465541650e-16 nan nan
5.832012167383100314e+04 8.311201096743772139e-16 nan nan 7.312267911552773667e-16 nan nan
5.818332260702549684e+04 9.706636119688779186e-16 nan nan 8.375433013400864312e-16 nan nan
5.790129829028929817e+04 8.038132940552711630e-16 nan nan 6.829588035791573569e-16 nan nan
