5.769015580527779821e+04 2.906090227257374107e-16 nan 3.868893764925016851e-16
5.769015787849540357e+04 2.874493562592714175e-16 nan 3.860813850935582143e-16
5.769015995009260223e+04 2.841135250050466905e-16 nan 3.801608123106416313e-16
5.770204151489579817e+04 2.843041753611873538e-16 nan 3.380242089964980785e-16
5.770204356266200193e+04 3.027477785122830717e-16 nan 3.543002084403425325e-16
5.770204560733799735e+04 3.032615016790006521e-16 nan 3.494353242858776682e-16
5.771409263277779974e+04 3.092083577717954668e-16 nan 3.609955876134063523e-16
5.771409468028940319e+04 2.837018477337422647e-16 nan 3.670677724495599611e-16
5.771409672578699974e+04 2.935627763372423705e-16 nan 3.502023606715406929e-16
5.772705777135420067e+04 3.207245716267641872e-16 nan 4.219093328882592514e-16
5.772705981797449931e+04 3.199498192887638315e-16 nan 4.189093168401880237e-16
5.772706186339120177e+04 3.119115598821191730e-16 nan 4.068421074729003456e-16
5.778533669387730333e+04 3.175371631667643145e-16 nan 4.040557410745422773e-16
5.778533876707180025e+04 3.201492723865938183e-16 nan 4.098009377982143717e-16
5.778534083769680001e+04 3.063410791861923714e-16 nan 3.851102885567168089e-16
5.779933654268520331e+04 3.121226334166323123e-16 nan 4.353357939061181447e-16
5.791326535005790356e+04 3.037369172382442115e-16 nan 3.862032373670417868e-16
5.792512302671300131e+04 3.022964278397101336e-16 nan 3.839373934800417982e-16
5.792512507353010005e+04 2.935980660715089604e-16 nan 3.752941298852891979e-16
5.792512714874999801e+04 2.931065086648555619e-16 nan 3.735894403383929043e-16
5.793718679256940231e+04 2.839176187671610492e-16 nan nan
5.793718886465280229e+04 2.823731379428518377e-16 nan nan
5.793719091001160268e+04 2.841468625757103488e-16 nan nan
5.794916242523150140e+04 2.722508404175203452e-16 nan 3.569507221078141330e-16
5.794916447268520278e+04 2.717233190638532905e-16 nan 3.562825333613904834e-16
5.794916652253470238e+04 2.698729080896919212e-16 nan 3.496849964406568656e-16
5.796212665806709992e+04 2.867774913143169694e-16 nan 3.693193120774785354e-16
5.796212870331019803e+04 nan nan nan
5.796213077392359992e+04 2.872034074348277540e-16 nan 3.738693330674316632e-16
5.797409376334489934e+04 3.186047914595803896e-16 nan 4.098974004935683177e-16
5.797409583733799809e+04 3.181326157297894495e-16 nan 4.120651424245700031e-16
5.798704772202549793e+04 2.765911359547884453e-16 nan nan
5.798704976877309673e+04 2.764177572497838448e-16 nan nan
5.798705181398150307e+04 2.787974204623590042e-16 nan nan
5.800030331545139779e+04 nan nan nan
5.800030539009260247e+04 nan nan nan
5.800030743467590219e+04 nan nan nan
5.801823252953700285e+04 2.681786325203310665e-16 nan 3.574892093889890789e-16
5.801823457716440316e+04 2.620142892415310047e-16 nan 3.463996866520395836e-16
5.801823664649309649e+04 2.658434538013736949e-16 nan 3.494236341708964427e-16
5.804720796659719781e+04 2.796997058547460681e-16 nan 3.763172208277395470e-16
5.804721003952549654e+04 2.817416498143846454e-16 nan 3.849407636659727155e-16
5.804721211013889842e+04 2.776247960046527087e-16 nan 3.760166312924378664e-16
5.805913640646990098e+04 nan nan nan
5.805913845634260360e+04 nan nan nan
5.805914052584490128e+04 nan nan nan
5.807204974729169771e+04 2.825283583438055383e-16 nan 3.783336035127559188e-16
5.807205179364579817e+04 2.804163793312380301e-16 nan 3.752133967842959515e-16
5.807205383950230316e+04 2.921938148821894657e-16 nan 3.888706066274785076e-16
5.808405507223380118e+04 2.721393312694968872e-16 nan 3.307274166106101355e-16
5.808405711846060149e+04 2.734936940370972079e-16 nan 3.248392172274574436e-16
5.808405916406249889e+04 2.708415711804305956e-16 nan 3.201425523270019116e-16
5.779934067106479779e+04 3.188054596884461170e-16 nan 4.433062380564725762e-16
5.784721799662039848e+04 3.114496569890265158e-16 nan 4.123805280935650379e-16
5.784722006856479857e+04 3.110360797494129961e-16 nan 4.145328344644197358e-16
5.784722211534719827e+04 3.088099314770550195e-16 nan 4.072424455405660384e-16
5.787038074950229930e+04 2.659580953667136615e-16 nan 3.769453760567366078e-16
5.787234670826390357e+04 2.935353042058266988e-16 nan 3.804422872964696538e-16
5.787234878104169911e+04 2.894543579834093816e-16 nan 3.754389168150728408e-16
5.787235082739579957e+04 2.913160051847619210e-16 nan 3.767269395442053087e-16
5.788733406096060207e+04 2.956384460933712151e-16 nan 3.642406992939438523e-16
5.788733610844909708e+04 2.962982697428526624e-16 nan 3.690791734056716564e-16
5.788733815651619807e+04 2.945083001719433154e-16 nan 3.612287704012738005e-16
5.790129417131940136e+04 2.902167720452251885e-16 nan 3.876793583690376095e-16
5.790129621952550224e+04 2.957461226388581380e-16 nan 3.915008100916883698e-16
5.790129829028929817e+04 2.953198599637352360e-16 nan 3.892302871366973711e-16
5.791326125848379888e+04 3.047714194830438796e-16 nan 3.899664732568008075e-16
5.779933861689810146e+04 3.090578657848842838e-16 nan 4.279654293388857160e-16
5.791326330600689835e+04 3.062284929352095063e-16 nan 3.866627791610065387e-16
5.797409790790510306e+04 3.118429228972097290e-16 nan 4.020812497409251015e-16
