5.790129621952550224e+04 4.344460131862615743e-16 nan nan 1.833934339851673798e-16 nan nan
5.770204356266200193e+04 4.688022799267191892e-16 nan nan 2.188844284634140663e-16 nan nan
5.790129417131940136e+04 4.283648171184970974e-16 nan nan 1.684299117303480536e-16 nan nan
5.815129126613429980e+04 2.277433943511341859e-15 nan nan 2.200618236595910353e-15 nan nan
5.812735307304400339e+04 1.186064014126938503e-15 nan nan 1.129353805490669911e-15 nan nan
5.801823252953700285e+04 3.965414479796205438e-16 nan nan 1.605003866327488764e-16 nan nan
5.808405916406249889e+04 4.239920626768105859e-16 nan nan 1.892761582926525333e-16 nan nan
5.778534083769680001e+04 4.768254355145119769e-16 nan nan 2.096490479798728289e-16 nan nan
5.778533876707180025e+04 4.697690395203972359e-16 nan nan 2.001925639940958364e-16 nan nan
5.787235082739579957e+04 4.815690421043710986e-16 nan nan 1.378365865883866290e-16 nan nan
5.794916652253470238e+04 4.311023381336336064e-16 nan nan 2.106034954506394765e-16 nan nan
5.778533669387730333e+04 4.697692193676722531e-16 nan nan 2.030066399401221863e-16 nan nan
5.779933861689810146e+04 4.978905304174591699e-16 nan nan 2.575030447219054164e-16 nan nan
5.804721003952549654e+04 4.262911580905590323e-16 nan nan 1.889222051725769738e-16 nan nan
5.790129829028929817e+04 4.390795695791504044e-16 nan nan 1.802174339040735735e-16 nan nan
5.791326535005790356e+04 4.604515213398095854e-16 nan nan 2.320127912851317603e-16 nan nan
5.804721211013889842e+04 4.229175028492326012e-16 nan nan 1.882373394644378829e-16 nan nan
5.801823457716440316e+04 3.980708138573957003e-16 nan nan 1.663165713846082516e-16 nan nan
5.822231458113429835e+04 4.495140996071520347e-16 nan nan 1.798949568368542565e-16 nan nan
5.827636901283560292e+04 5.272039882771334422e-16 nan nan 3.528560431208760336e-16 nan nan
5.822231867385419901e+04 4.519738222051703640e-16 nan nan 1.780968731927756461e-16 nan nan
5.800030743467590219e+04 4.323065583762728037e-16 nan nan 2.041266680868126331e-16 nan nan
5.805913640646990098e+04 nan nan nan nan nan nan
5.801823664649309649e+04 3.921626799778306982e-16 nan nan 1.696693506240968751e-16 nan nan
5.794916242523150140e+04 4.225954975015197662e-16 nan nan 1.974506253812089167e-16 nan nan
5.788733406096060207e+04 5.146819109488374245e-16 nan nan 2.047871408031048419e-16 nan nan
5.828924089284719958e+04 4.968867365201313852e-16 nan nan 2.094782019503267573e-16 nan nan
5.823637937519679690e+04 5.575471170266979365e-16 nan nan 2.760410333997686903e-16 nan nan
5.818332260702549684e+04 4.719664206489895649e-16 nan nan 2.274668389170411030e-16 nan nan
5.807204974729169771e+04 4.221988274875202219e-16 nan nan 1.758225553915099651e-16 nan nan
5.788733815651619807e+04 5.157713758027953898e-16 nan nan 2.161323385509388111e-16 nan nan
5.770204560733799735e+04 4.629897323665564908e-16 nan nan 2.102824148618963116e-16 nan nan
5.808405711846060149e+04 4.295500504946081843e-16 nan nan 1.899811216586387772e-16 nan nan
5.826330658587960352e+04 4.344259378874258930e-16 nan nan 1.932005843821834976e-16 nan nan
5.797409790790510306e+04 4.312226738081002918e-16 nan nan 1.776841030281980261e-16 nan nan
5.796212870331019803e+04 7.842315763803447075e-16 nan nan 6.204569914302950255e-16 nan nan
5.772705981797449931e+04 4.790886694707152584e-16 nan nan 1.890520813099518563e-16 nan nan
5.798704772202549793e+04 4.097576685628246577e-16 nan nan 1.529597238636047711e-16 nan nan
5.834408286868059804e+04 3.877105838692584005e-16 nan nan 1.941163397713450478e-16 nan nan
5.826330454050929984e+04 4.375139321390531584e-16 nan nan 1.929713086883365860e-16 nan nan
5.818332672513889702e+04 4.683868060881356894e-16 nan nan 2.188811032960834865e-16 nan nan
5.784722006856479857e+04 4.539282161309882904e-16 nan nan 2.013534994718142307e-16 nan nan
5.779933654268520331e+04 4.946866219572213695e-16 nan nan 2.576962584135322459e-16 nan nan
5.808405507223380118e+04 4.199842509669501957e-16 nan nan 1.859338104781917284e-16 nan nan
5.826330863219909952e+04 4.304612820490543327e-16 nan nan 1.890968717767730145e-16 nan nan
5.823737654778939759e+04 nan nan nan nan nan nan
5.832012372127320123e+04 4.194992186220497741e-16 nan nan 1.961835917914342475e-16 nan nan
5.825034440655090293e+04 5.348763373770696307e-16 nan nan 2.158991315795459050e-16 nan nan
5.812735719687499659e+04 8.828828960146984035e-16 nan nan 7.982127955094907433e-16 nan nan
5.823637733025460329e+04 5.838597658796518221e-16 nan nan 3.188989000820732522e-16 nan nan
5.793718679256940231e+04 4.145951967493449586e-16 nan nan 1.434309439965041167e-16 nan nan
5.830718226863430027e+04 4.192823344946857843e-16 nan nan 1.778865744881136735e-16 nan nan
5.833211709222220088e+04 4.072490948656262974e-16 nan nan 1.961180738388389972e-16 nan nan
5.772706186339120177e+04 4.766734010161537138e-16 nan nan 1.911667307446928842e-16 nan nan
5.834408077023149963e+04 3.918518324137169704e-16 nan nan 1.998341513935809451e-16 nan nan
5.793718886465280229e+04 4.177447503004048814e-16 nan nan 1.455664080511478505e-16 nan nan
5.791326330600689835e+04 4.595926455999214772e-16 nan nan 2.260392079554006399e-16 nan nan
5.823737447606479691e+04 1.835654051563017266e-15 nan nan 1.772842315484771600e-15 nan nan
5.800030331545139779e+04 4.319930606328769594e-16 nan nan 2.006704456788175537e-16 nan nan
5.784722211534719827e+04 4.516919817661749494e-16 nan nan 1.986963064807677523e-16 nan nan
5.822231662861110090e+04 4.484353690698539007e-16 nan nan 1.761061082458996900e-16 nan nan
5.798705181398150307e+04 4.037916855974953215e-16 nan nan 1.461444771193010290e-16 nan nan
5.815128922206020070e+04 nan nan nan nan nan nan
5.796213077392359992e+04 5.479021134130589719e-16 nan nan 2.902849145217996763e-16 nan nan
5.828924501094909647e+04 4.965943349685694719e-16 nan nan 2.092536981557215943e-16 nan nan
5.805914052584490128e+04 nan nan nan nan nan nan
5.832012167383100314e+04 4.188381087901708319e-16 nan nan 2.020588718297568349e-16 nan nan
5.815128715056709916e+04 nan nan nan nan nan nan
5.787234878104169911e+04 4.886172334080725251e-16 nan nan 1.377163755202121638e-16 nan nan
5.804720796659719781e+04 4.209708657081765640e-16 nan nan 1.910513172533824115e-16 nan nan
5.792512714874999801e+04 4.223386838112848939e-16 nan nan 1.406844560908111348e-16 nan nan
5.771409468028940319e+04 6.239788189560385863e-16 nan nan 4.870839044918003289e-16 nan nan
5.796212665806709992e+04 5.260376727704864903e-16 nan nan 2.491675545664899308e-16 nan nan
5.769015580527779821e+04 4.855761940123970169e-16 nan nan 1.887152020414454000e-16 nan nan
5.769015787849540357e+04 4.784508738268771130e-16 nan nan 1.898100690501139561e-16 nan nan
5.827636696190969815e+04 5.665083058925040334e-16 nan nan 4.124825762559665285e-16 nan nan
5.791326125848379888e+04 4.563639147602121885e-16 nan nan 2.246391042839074223e-16 nan nan
5.797409583733799809e+04 4.294285442193812852e-16 nan nan 1.798576356216901956e-16 nan nan
5.797409376334489934e+04 4.339636685280172878e-16 nan nan 1.800498719896512300e-16 nan nan
5.792512507353010005e+04 4.314041026814966501e-16 nan nan 1.669414192984733410e-16 nan nan
5.823638142131939821e+04 7.207987976268702486e-16 nan nan 5.289662688709424111e-16 nan nan
5.798704976877309673e+04 4.070294430440196623e-16 nan nan 1.472662547683658441e-16 nan nan
5.827636488775460020e+04 4.812582019117818061e-16 nan nan 2.733629604668101448e-16 nan nan
5.830718434385419823e+04 4.179355425203083928e-16 nan nan 1.789117329487496306e-16 nan nan
5.834408494111109758e+04 3.900003103835734291e-16 nan nan 1.934415023580423544e-16 nan nan
5.807205179364579817e+04 4.273409496937038828e-16 nan nan 1.788319963889308787e-16 nan nan
5.772705777135420067e+04 4.809982632990882340e-16 nan nan 1.929972529371299226e-16 nan nan
5.833211913988430024e+04 4.029632626673174952e-16 nan nan 1.951202714762010859e-16 nan nan
5.828924293930560088e+04 4.947188104890021525e-16 nan nan 2.059768583587664751e-16 nan nan
5.800030539009260247e+04 4.353433125515631881e-16 nan nan 2.017982078368269149e-16 nan nan
5.832012579648150131e+04 4.182974417307379792e-16 nan nan 1.981822046817744921e-16 nan nan
5.792512302671300131e+04 4.257763517059310393e-16 nan nan 1.548006757048689595e-16 nan nan
5.769015995009260223e+04 4.798853334019745327e-16 nan nan 1.871084726015876351e-16 nan nan
5.771409263277779974e+04 5.620270566355518439e-16 nan nan 3.723781899472211910e-16 nan nan
5.823737859165509872e+04 nan nan nan nan nan nan
5.807205383950230316e+04 4.241500991596408559e-16 nan nan 1.767081053882913023e-16 nan nan
5.816632786436339666e+04 4.490386559978977459e-16 nan nan 1.869325647996414283e-16 nan nan
5.788733610844909708e+04 5.174773825604440582e-16 nan nan 2.130202196570711383e-16 nan nan
5.793719091001160268e+04 4.198901351433182087e-16 nan nan 1.487555737162431712e-16 nan nan
5.787038074950229930e+04 nan nan nan nan nan nan
5.784721799662039848e+04 4.544647692182207209e-16 nan nan 1.968294755086222165e-16 nan nan
5.830718638787040254e+04 4.165890464997869928e-16 nan nan 1.800154116220946226e-16 nan nan
5.825034023524310032e+04 5.253058841934171391e-16 nan nan 2.157128308778306516e-16 nan nan
5.816632990957180300e+04 4.435257258718841880e-16 nan nan 1.886946928946546948e-16 nan nan
5.794916447268520278e+04 4.809056518767428429e-16 nan nan 2.966617530506243721e-16 nan nan
5.779934067106479779e+04 4.909386747393084775e-16 nan nan 2.600269737057208030e-16 nan nan
5.770204151489579817e+04 4.720479993753693980e-16 nan nan 2.189492662709687581e-16 nan nan
5.825034235892359720e+04 5.358185219281294541e-16 nan nan 2.182699362753572746e-16 nan nan
5.787234670826390357e+04 4.927423502586693315e-16 nan nan 1.433992761141051803e-16 nan nan
5.771409672578699974e+04 5.743807809562249788e-16 nan nan 3.893798657766842486e-16 nan nan
5.812735512291669875e+04 1.003348735495169030e-15 nan nan 9.339135923298750143e-16 nan nan
5.833211501591440174e+04 4.067777503683306800e-16 nan nan 1.996665334016815796e-16 nan nan
5.805913845634260360e+04 nan nan nan nan nan nan
5.818332468002309906e+04 4.738161416351766020e-16 nan nan 2.222798997589091714e-16 nan nan
5.816632579141199676e+04 4.554788165782088079e-16 nan nan 1.916518741693201492e-16 nan nan
