5.769015580527779821e+04 4.154346761043426260e-16 nan nan 2.876190596654071608e-16 nan nan
5.769015787849540357e+04 4.249888115273544188e-16 nan nan 2.890149764524951985e-16 nan nan
5.769015995009260223e+04 4.334473815759269558e-16 nan nan 3.116841711151756905e-16 nan nan
5.770204151489579817e+04 3.422703672373144177e-16 nan nan 1.875423733776148847e-16 nan nan
5.770204356266200193e+04 4.164602626565478875e-16 nan nan 2.940812808658160165e-16 nan nan
5.770204560733799735e+04 3.686352729145967192e-16 nan nan 2.131343896065701165e-16 nan nan
5.771409263277779974e+04 3.139972486712993674e-15 nan nan 2.916592569101644667e-15 nan nan
5.771409468028940319e+04 1.625468104143878950e-15 nan nan 1.490918465350987150e-15 nan nan
5.771409672578699974e+04 1.784705950086450185e-15 nan nan 1.600666471331596695e-15 nan nan
5.772705777135420067e+04 3.241565708758786253e-16 nan nan 1.393722450303576600e-16 nan nan
5.772705981797449931e+04 3.203397598462345802e-16 nan nan 8.697076427327358493e-17 nan nan
5.772706186339120177e+04 3.150944855692383210e-16 nan nan 8.727347498563150419e-17 nan nan
5.778533669387730333e+04 3.085900563474013866e-16 nan nan 1.434456389765324433e-16 nan nan
5.778533876707180025e+04 3.064432545410733265e-16 nan nan 1.073376949738362011e-16 nan nan
5.778534083769680001e+04 3.018654716652019386e-16 nan nan 8.923500968764679737e-17 nan nan
5.779933654268520331e+04 3.818567276055894799e-16 nan nan 2.366703969764872864e-16 nan nan
5.791326535005790356e+04 3.173379052952826945e-16 nan nan 1.215096525118145378e-16 nan nan
5.792512302671300131e+04 3.038561673804350850e-16 nan nan 1.415318349782851681e-16 nan nan
5.792512507353010005e+04 3.118250543369631817e-16 nan nan 1.612589182473879029e-16 nan nan
5.792512714874999801e+04 2.930002105862055363e-16 nan nan 1.183411379613076972e-16 nan nan
5.793718679256940231e+04 3.496698858517137342e-16 nan nan 1.590880841938062304e-16 nan nan
5.793718886465280229e+04 3.480969107516472208e-16 nan nan 1.604913053177802724e-16 nan nan
5.793719091001160268e+04 3.669348561487402285e-16 nan nan 1.616331733352125687e-16 nan nan
5.794916242523150140e+04 3.102673316076094806e-16 nan nan 1.370208215027742867e-16 nan nan
5.794916447268520278e+04 3.353017620353036097e-16 nan nan 1.965261994986747082e-16 nan nan
5.794916652253470238e+04 3.046770653622211520e-16 nan nan 1.484921353590621778e-16 nan nan
5.796212665806709992e+04 4.044506581402348020e-16 nan nan 2.476763248847235927e-16 nan nan
5.796212870331019803e+04 6.431610723989145616e-16 nan nan 5.431656574403741473e-16 nan nan
5.796213077392359992e+04 4.427599239698902285e-16 nan nan 2.969985146196729164e-16 nan nan
5.797409376334489934e+04 2.905947713402565180e-16 nan nan 9.072166547636809767e-17 nan nan
5.797409583733799809e+04 2.917545601804291292e-16 nan nan 6.914643698939768730e-17 nan nan
5.798704772202549793e+04 3.162436962552489448e-16 nan nan 1.182683513532331217e-16 nan nan
5.798704976877309673e+04 3.440897977739348811e-16 nan nan 1.534322515179788591e-16 nan nan
5.798705181398150307e+04 3.380782424466274797e-16 nan nan 1.457496540194615633e-16 nan nan
5.800030331545139779e+04 2.756679495623493622e-16 nan nan 8.490647517753846100e-17 nan nan
5.800030539009260247e+04 2.799487741578772446e-16 nan nan 1.272046044657201730e-16 nan nan
5.800030743467590219e+04 2.986233470162026979e-16 nan nan 1.337552471155386745e-16 nan nan
5.801823252953700285e+04 2.309492281033298694e-16 nan nan 1.346217773039703891e-16 nan nan
5.801823457716440316e+04 3.355447301385838413e-16 nan nan 1.603728894188497486e-16 nan nan
5.801823664649309649e+04 3.465539789472563006e-16 nan nan 1.843354813991457196e-16 nan nan
5.804720796659719781e+04 2.908243273191874305e-16 nan nan 1.322869375976171343e-16 nan nan
5.804721003952549654e+04 2.935336718748858997e-16 nan nan 1.228928923779133057e-16 nan nan
5.804721211013889842e+04 2.705268851586776442e-16 nan nan 1.009234533000733582e-16 nan nan
5.805913640646990098e+04 nan nan nan nan nan nan
5.805913845634260360e+04 nan nan nan nan nan nan
5.805914052584490128e+04 nan nan nan nan nan nan
5.807204974729169771e+04 3.706108233133524933e-16 nan nan 2.319399428514011358e-16 nan nan
5.807205179364579817e+04 3.741478309053107986e-16 nan nan 2.362757687890701982e-16 nan nan
5.807205383950230316e+04 3.240590402824927758e-16 nan nan 1.557899881761976303e-16 nan nan
5.808405507223380118e+04 3.706498840513992371e-16 nan nan 2.132863071835836113e-16 nan nan
5.808405711846060149e+04 3.219544959651502299e-16 nan nan 1.523310311956858064e-16 nan nan
5.808405916406249889e+04 3.085472153348491818e-16 nan nan 1.286754486550280086e-16 nan nan
5.779934067106479779e+04 3.887907906799400288e-16 nan nan 2.568933172097410591e-16 nan nan
5.784721799662039848e+04 3.533156427295819781e-16 nan nan 1.581479769276072213e-16 nan nan
5.784722006856479857e+04 3.697355389090100847e-16 nan nan 1.760659999752771976e-16 nan nan
5.784722211534719827e+04 3.614133787568818477e-16 nan nan 1.698049437668665763e-16 nan nan
5.787038074950229930e+04 2.701402869029320216e-16 nan nan 1.602037437465252515e-16 nan nan
5.787234670826390357e+04 3.155789343991835043e-16 nan nan 8.134826362830979667e-17 nan nan
5.787234878104169911e+04 3.325450172480119027e-16 nan nan 1.429353364762451232e-16 nan nan
5.787235082739579957e+04 3.355013303975330286e-16 nan nan 1.502585254483969640e-16 nan nan
5.788733406096060207e+04 3.680187700380074043e-16 nan nan 2.113621463135464487e-16 nan nan
5.788733610844909708e+04 3.587893888340278070e-16 nan nan 2.125689240750233319e-16 nan nan
5.788733815651619807e+04 3.769091056388610339e-16 nan nan 2.406344155503584950e-16 nan nan
5.790129417131940136e+04 3.053408611000963026e-16 nan nan 1.188635407717818214e-16 nan nan
5.790129621952550224e+04 3.140569746252510074e-16 nan nan 1.249774873239857017e-16 nan nan
5.790129829028929817e+04 3.096618439128463318e-16 nan nan 1.424813559789044269e-16 nan nan
5.791326125848379888e+04 3.384481912176174940e-16 nan nan 1.721195758867434585e-16 nan nan
5.779933861689810146e+04 4.117421291713315682e-16 nan nan 2.646595384882547481e-16 nan nan
5.791326330600689835e+04 3.223637309603900267e-16 nan nan 1.397250532627599955e-16 nan nan
5.797409790790510306e+04 2.949505215864433042e-16 nan nan 7.328049527566833246e-17 nan nan
