5.805913640646990098e+04 nan nan nan nan
5.787235082739579957e+04 1.130692741737160922e+01 5.845779250097614226e-03 9.938343169997951865e-01 3.199037501072302526e-04
5.793719091001160268e+04 1.001617308713231935e+01 5.195189000164870084e-03 9.944828355350638915e-01 3.219754647712890069e-04
5.788733610844909708e+04 8.322367617805820572e+00 4.015363191678623586e-03 9.957060377829235476e-01 2.785990253976511387e-04
5.798705181398150307e+04 9.287397580454150869e+00 4.816526525839464647e-03 9.948615863869965104e-01 3.218870871640544334e-04
5.796212665806709992e+04 6.456989361417341478e+00 3.374933348669438473e-03 9.962981071396285193e-01 3.269595117020901898e-04
5.804721211013889842e+04 6.748838824966369110e+00 3.173380034068204372e-03 9.965620078205109644e-01 2.646121454207142143e-04
5.798704772202549793e+04 8.876243562325669245e+00 4.541014981794366627e-03 9.951457493819171329e-01 3.132356362884917630e-04
5.805913845634260360e+04 nan nan nan nan
5.791326125848379888e+04 8.251810177920697598e+00 3.590992886950980425e-03 9.961823578304765947e-01 2.266492825723242816e-04
5.772705981797449931e+04 8.585168773352824800e+00 4.056246535889917841e-03 9.956765914376275450e-01 2.671620264825552314e-04
5.807205179364579817e+04 7.577578776438724795e+00 3.640524544702831468e-03 9.960832328101355548e-01 2.762426451615388324e-04
5.823637937519679690e+04 6.376752709992485002e+00 3.194245995850494586e-03 9.965054498884248213e-01 3.003041157247544760e-04
5.771409672578699974e+04 4.024333791298013274e+00 2.002589099091009201e-03 9.977010510129342702e-01 2.963598879747098209e-04
5.800030743467590219e+04 8.011141748900833193e+00 3.806951753536223261e-03 9.959227833563796262e-01 2.702648900841142011e-04
5.771409263277779974e+04 4.124735910261946081e+00 2.054185751499721865e-03 9.976489821608018893e-01 2.968320876984461274e-04
5.823637733025460329e+04 5.778095684926569220e+00 2.786678731407990928e-03 9.969349476569476787e-01 2.783736116442573770e-04
5.801823457716440316e+04 8.613249713716594869e+00 4.376572641600113764e-03 9.953144277545237228e-01 3.089996038761418139e-04
5.830718434385419823e+04 7.011945252193497957e+00 3.762324717333017255e-03 9.958931197440574756e-01 3.445555386095534660e-04
5.801823664649309649e+04 8.217789371517817187e+00 4.052229267364632244e-03 9.956567648800745962e-01 2.910058525607862336e-04
5.808405711846060149e+04 7.831143621978355895e+00 3.576499573576748508e-03 9.961738744972975512e-01 2.496259291256174907e-04
5.787234670826390357e+04 1.144736633721484687e+01 5.932523030171863582e-03 9.937460432604435789e-01 3.214337093846175459e-04
5.778534083769680001e+04 7.110131075806471301e+00 3.585074771147544418e-03 9.961106511624195914e-01 3.042740664329416072e-04
5.770204560733799735e+04 7.494555919184326065e+00 3.514815495034612387e-03 9.962219535417458083e-01 2.632309632195562930e-04
5.830718638787040254e+04 6.657319905417968364e+00 3.513056145052922009e-03 9.961536747577715012e-01 3.332690971756026039e-04
5.779933654268520331e+04 6.472048646037812603e+00 3.142626875858940422e-03 9.965751933953176378e-01 2.821797288232892869e-04
5.771409468028940319e+04 2.992433280816924945e+00 1.512937835748761868e-03 9.981811357809184937e-01 3.059263833327824388e-04
5.833211913988430024e+04 6.598498879951977258e+00 3.341975108665724923e-03 9.963510238530960406e-01 3.070010382383626685e-04
5.815129126613429980e+04 nan nan nan nan
5.800030539009260247e+04 7.649942996774822923e+00 3.615968384877625650e-03 9.961166345918114340e-01 2.673970233109415032e-04
5.815128922206020070e+04 nan nan nan nan
5.792512714874999801e+04 9.191293539402421331e+00 4.785140041307050889e-03 9.948904757164456214e-01 3.243842422473799687e-04
5.823737447606479691e+04 nan nan nan nan
5.801823252953700285e+04 4.497684571053532032e+00 2.256998042220989802e-03 9.974416263544714223e-01 3.013756033076401674e-04
5.778533876707180025e+04 7.330964167487183936e+00 3.723926408795360642e-03 9.959672548108114976e-01 3.088187803931973668e-04
5.796213077392359992e+04 5.677295607981458048e+00 2.943540979601364568e-03 9.967347369357762998e-01 3.217220846223037192e-04
5.830718226863430027e+04 6.822337463642741184e+00 3.662836687305141663e-03 9.959921844926351575e-01 3.449788200597950975e-04
5.794916242523150140e+04 6.333685149817692484e+00 3.149794916980633817e-03 9.965542162465889087e-01 2.959888364304760549e-04
5.812735307304400339e+04 nan nan nan nan
5.805914052584490128e+04 nan nan nan nan
5.797409790790510306e+04 9.346413708364206485e+00 4.577068051170804681e-03 9.951359143976747923e-01 2.870175511544354927e-04
5.779934067106479779e+04 6.346406166118937264e+00 3.068316578070075500e-03 9.966519345630516780e-01 2.797488588781021218e-04
5.826330454050929984e+04 7.018040062502977960e+00 3.620556078862249665e-03 9.960609196077327976e-01 3.185243134049742155e-04
5.828924089284719958e+04 6.974212902507953338e+00 3.634978373029550472e-03 9.960399066491396614e-01 3.251149778308012384e-04
5.818332468002309906e+04 6.843828941325475590e+00 3.289441422619613069e-03 9.964340747460073144e-01 2.764838313730700529e-04
5.794916447268520278e+04 4.634784782242142853e+00 2.275307210076295619e-03 9.974362599816550823e-01 2.884328082686466528e-04
5.769015995009260223e+04 7.834717939209667747e+00 3.700992142954616631e-03 9.960319451102563892e-01 2.670627467888710160e-04
5.827636901283560292e+04 4.467269764823251776e+00 2.174984096366517662e-03 9.975413210023597044e-01 2.836949012737737907e-04
5.770204356266200193e+04 6.694830208376563618e+00 3.070518075744437143e-03 9.966777328399345492e-01 2.517490843209264939e-04
5.826330863219909952e+04 6.826691212116623220e+00 3.509043568577913802e-03 9.961747427038027958e-01 3.162137276194000915e-04
5.778533669387730333e+04 7.189280930633145772e+00 3.742800929481656259e-03 9.959328248995753530e-01 3.243741709431016283e-04
5.788733815651619807e+04 8.350258601205110764e+00 3.925290467126932303e-03 9.958102449830308345e-01 2.644645498420487980e-04
5.834408077023149963e+04 6.064214211086554229e+00 3.115097697387372508e-03 9.965690980361541218e-01 3.158042664585165339e-04
5.823638142131939821e+04 3.228873290081156089e+00 1.691282930337176769e-03 9.979803540479799118e-01 3.283630216828596366e-04
5.822231867385419901e+04 7.885745293906819775e+00 4.144941272949228400e-03 9.955244038068125079e-01 3.306549202382881819e-04
5.772706186339120177e+04 8.506035651424509680e+00 4.076659960001442762e-03 9.956484377893749516e-01 2.749022506235832388e-04
5.796212870331019803e+04 2.892971478805146379e+00 1.508836821144278386e-03 9.981656114839622118e-01 3.255516948935420008e-04
5.834408286868059804e+04 6.260438844264276881e+00 3.210922215039679808e-03 9.964742495084828455e-01 3.148282764774671294e-04
5.792512302671300131e+04 8.477116885056966922e+00 4.388325728502201484e-03 9.952909549780586396e-01 3.207192934391916907e-04
5.834408494111109758e+04 6.080362989716037170e+00 3.131559365901444899e-03 9.965509828345391341e-01 3.174577995595176546e-04
5.772705777135420067e+04 8.494513669338060069e+00 4.036836808393324746e-03 9.956928737604813229e-01 2.702894311252429819e-04
5.788733406096060207e+04 8.619550156344994107e+00 4.128256491198417297e-03 9.955972147416984885e-01 2.745287671031263659e-04
5.832012372127320123e+04 6.758100093722126722e+00 3.537105277459201037e-03 9.961350482993178712e-01 3.278464232229422247e-04
5.812735719687499659e+04 1.831047982265384677e+00 9.190147413969945852e-04 9.987794978198185625e-01 3.014874387843977815e-04
5.825034023524310032e+04 7.642567924062372064e+00 3.963966248538817322e-03 9.957140714682684024e-01 3.219622831928022890e-04
5.818332672513889702e+04 6.896050784102974340e+00 3.357830988085301963e-03 9.963584159998338796e-01 2.837530120806783414e-04
5.794916652253470238e+04 5.776034120279187611e+00 2.893361492171733166e-03 9.968063286342161433e-01 3.003098736121829343e-04
5.790129417131940136e+04 7.753100523015453049e+00 3.973671795392706360e-03 9.957119467819689485e-01 3.143814226383758186e-04
5.784722211534719827e+04 6.895093142411341525e+00 3.580421860940271196e-03 9.960968685704083558e-01 3.227095686513202217e-04
5.816632990957180300e+04 7.662558105529737595e+00 3.901377611378486175e-03 9.957883721457421178e-01 3.102502428794719929e-04
5.808405507223380118e+04 8.065791871296278615e+00 3.752641766595745353e-03 9.959882961163841752e-01 2.590621170199835545e-04
5.797409376334489934e+04 8.838139418236472977e+00 4.323511447204474341e-03 9.953900870798652045e-01 2.864014729303807679e-04
5.828924293930560088e+04 7.420324628195141159e+00 3.925138694752675420e-03 9.957399823003716399e-01 3.348790048758141656e-04
5.823737654778939759e+04 nan nan nan nan
5.812735512291669875e+04 1.439783979339820830e+00 7.389581638150502377e-04 9.989457819268259264e-01 3.152599093589686309e-04
5.784722006856479857e+04 6.981367261500420973e+00 3.657218041960893368e-03 9.960143507225579507e-01 3.284312354811321118e-04
5.791326535005790356e+04 8.033276153049351720e+00 3.434176074320140909e-03 9.963471064724720438e-01 2.187174532078827620e-04
5.822231458113429835e+04 7.614956244852335132e+00 4.056177422460765375e-03 9.956042576874685190e-01 3.395648900707601411e-04
5.769015787849540357e+04 8.021817708512136491e+00 3.797242914189918796e-03 9.959345841783900921e-01 2.681729074199829649e-04
5.807205383950230316e+04 7.626369716365239526e+00 3.724503730534616409e-03 9.959900496964951833e-01 2.854465729701802712e-04
5.793718886465280229e+04 9.972361887466369978e+00 5.228673032049427870e-03 9.944423158106266980e-01 3.290111573238765669e-04
5.825034440655090293e+04 7.853632370639743954e+00 4.051427594523204778e-03 9.956300802467324962e-01 3.184921587443933079e-04
5.826330658587960352e+04 6.954999193286895753e+00 3.543124688963767040e-03 9.961462746172030647e-01 3.106006938332182702e-04
5.800030331545139779e+04 7.739939761613946700e+00 3.647565506602792450e-03 9.960866346284501516e-01 2.657998649469094457e-04
5.792512507353010005e+04 7.928539214106604227e+00 4.156452742622841409e-03 9.955146327311443777e-01 3.289145262327570519e-04
5.815128715056709916e+04 nan nan nan nan
5.784721799662039848e+04 6.978816109656929889e+00 3.682821216837931910e-03 9.959838893995428544e-01 3.332893836193400296e-04
5.787234878104169911e+04 1.122691114771623688e+01 5.827427807328330531e-03 9.938501262252590340e-01 3.224459674126652011e-04
5.791326330600689835e+04 8.051398770429988971e+00 3.458658951026661373e-03 9.963204914971985904e-01 2.208495517746160007e-04
5.833211501591440174e+04 6.347734948497550711e+00 3.210375104682235223e-03 9.964835006650211158e-01 3.061242302966864096e-04
5.816632579141199676e+04 7.197226695221059956e+00 3.538887199316453642e-03 9.961717605981459389e-01 2.893522025376162802e-04
5.828924501094909647e+04 7.447528639532865924e+00 3.936436040650735137e-03 9.957292105531591053e-01 3.343534061901216469e-04
5.827636696190969815e+04 3.891107976795366685e+00 1.877794781080585314e-03 9.978434818340824464e-01 2.787233848369588302e-04
5.825034235892359720e+04 7.733547558873389072e+00 4.026322394244085875e-03 9.956492757806114646e-01 3.244018251445251761e-04
5.787038074950229930e+04 5.148756971871076615e+00 2.718477237071860366e-03 9.969478887396762135e-01 3.336340232519987670e-04
5.769015580527779821e+04 7.764979816823129433e+00 3.691103356902306586e-03 9.960384662700689784e-01 2.704303730286508806e-04
5.822231662861110090e+04 7.922429117020302058e+00 4.158132080925628325e-03 9.955121796052516236e-01 3.296883138227577298e-04
5.832012579648150131e+04 6.415288067527520788e+00 3.317706830216776096e-03 9.963622066341938366e-01 3.200865355894029311e-04
5.823737859165509872e+04 nan nan nan nan
5.833211709222220088e+04 6.707363385238760856e+00 3.439376015855795474e-03 9.962459365782710963e-01 3.146874058730578369e-04
5.816632786436339666e+04 7.466772558951220162e+00 3.753813720661538199e-03 9.959437016532702858e-01 3.024846260683132395e-04
5.807204974729169771e+04 7.627324870431963610e+00 3.652271597069823607e-03 9.960733149747051929e-01 2.744134282248283626e-04
5.804721003952549654e+04 7.123301842118657135e+00 3.365608557314954570e-03 9.963672211116754163e-01 2.671703310095661704e-04
5.779933861689810146e+04 6.744662456933919081e+00 3.283915453443014137e-03 9.964323663359760941e-01 2.837182105809068480e-04
5.797409583733799809e+04 9.238495636798726096e+00 4.506924977935244762e-03 9.952082475609226320e-01 2.848274611420915014e-04
5.790129621952550224e+04 7.427360435343939749e+00 3.853665427639623407e-03 9.958241514909146330e-01 3.221830814457744699e-04
5.804720796659719781e+04 6.977540235212847719e+00 3.290726467378633086e-03 9.964430768820908835e-01 2.661966505304988375e-04
5.798704976877309673e+04 9.096515257448185565e+00 4.606232438063110994e-03 9.950868898755690362e-01 3.068776863679739003e-04
5.808405916406249889e+04 7.583586817655308288e+00 3.444209424997716866e-03 9.963089290015652022e-01 2.468615734369509931e-04
5.770204151489579817e+04 7.247811059596604544e+00 3.416488473054870093e-03 9.963175799493951823e-01 2.659315775498602712e-04
5.827636488775460020e+04 5.913583774541224969e+00 2.955082263621311781e-03 9.967460621623495109e-01 2.988555740292513758e-04
5.793718679256940231e+04 9.676797153889815206e+00 4.983897309884884400e-03 9.946986356718899858e-01 3.174670182252517536e-04
5.832012167383100314e+04 6.313163296043499351e+00 3.256815667816728710e-03 9.964246794978502964e-01 3.185048343330250300e-04
5.818332260702549684e+04 6.847649116016079063e+00 3.309199531399142219e-03 9.964112973688402652e-01 2.795030997606180712e-04
5.790129829028929817e+04 7.254068148762171653e+00 3.721740631863457247e-03 9.959632288248109200e-01 3.150305433255611346e-04
