5.797409855999999854e+04 8.044981038199809973e+02 7.820162068509236564e-01 4.259553072477646751e-02 6.218008306401399121e-01
5.832012644600000203e+04 6.904264185190841090e+02 7.473588582106446276e-01 5.965010920112303466e-02 6.617375624266584877e-01
5.784722276799999963e+04 6.294070038847345359e+02 7.255811078755312060e-01 7.347022344515719006e-02 6.842033193145407033e-01
5.801823729399999866e+04 7.007959475298159759e+02 7.509351784347167991e-01 5.355939212660177501e-02 6.582003868915976552e-01
5.830718705400000181e+04 7.031594139968269701e+02 7.517943127805818415e-01 5.012315505715506103e-02 6.574899091224816194e-01
5.826330928400000266e+04 7.220844497227382135e+02 7.576170302474500851e-01 5.690571554525458708e-02 6.502139455727760087e-01
5.778534149199999956e+04 6.521742181646113750e+02 7.338991874997354836e-01 7.093325138710836197e-02 6.755445628786316270e-01
5.798705247200000304e+04 7.495180181284002856e+02 7.656418583086673779e-01 6.712195338436115211e-02 6.397555690883183210e-01
5.769016059600000153e+04 7.275041134256637179e+02 7.591060164555851753e-01 6.302035391049919111e-02 6.479093229564829581e-01
5.793719157399999676e+04 8.436320813730567352e+02 7.921340695549800026e-01 4.871561972662902945e-02 6.083998719961375423e-01
5.818332739199999924e+04 6.105160918651466773e+02 7.182738604678403638e-01 7.919727185142776127e-02 6.912383478221648669e-01
5.807205449599999702e+04 6.678714615634548863e+02 7.393461349850189990e-01 7.171690594451347878e-02 6.694953159540847354e-01
5.770204628000000230e+04 7.060745611810452829e+02 7.517151724523164491e-01 7.983756750657765300e-02 6.546375045165201412e-01
5.804721275800000149e+04 6.353641398500764126e+02 7.278825622765570103e-01 7.023989605866551300e-02 6.820948119839221890e-01
5.825034506400000100e+04 6.962850915937561922e+02 7.491977426837945764e-01 6.237776353127357648e-02 6.594025758020234385e-01
5.828924566000000050e+04 7.087104872590439300e+02 7.533334048313430342e-01 5.870082788198729279e-02 6.550137357118437365e-01
5.816633058400000300e+04 6.206247737043120196e+02 7.218990628917334451e-01 8.416727888930458645e-02 6.868606934163632438e-01
5.791326602399999683e+04 7.942158205155600399e+02 7.789595434486918935e-01 5.173053959705235100e-02 6.249367815573055873e-01
5.827636968000000343e+04 3.577493910327451658e+02 5.924913798217905647e-01 6.852549792880613388e-02 8.026569759059470899e-01
5.833211980800000310e+04 6.481876230284348139e+02 7.330462496755432156e-01 5.287596515349811399e-02 6.781204377879399559e-01
5.812735783600000286e+04 2.055384383973313049e+02 4.689471970563060532e-01 1.189138226466554399e-01 8.751845686234382971e-01
5.834408559999999852e+04 6.207660730634665924e+02 7.226023190041505062e-01 6.665432297323491129e-02 6.880429418276183817e-01
5.783534901800000080e+04 6.250158645575789933e+02 7.243195065000164190e-01 6.260390618864473955e-02 6.866163436982082313e-01
5.787235149999999703e+04 9.040931519200108823e+02 8.068042934080734696e-01 4.713092886447647900e-02 5.889359113542587121e-01
5.771409744499999942e+04 5.902325203791617696e+02 7.105168111754659455e-01 7.536097141275857614e-02 6.996331789050407313e-01
5.788733880199999840e+04 7.623575518798402300e+02 7.692839211554673984e-01 7.073763479293242173e-02 6.349790828646013630e-01
5.772706253399999696e+04 6.815336625225154421e+02 7.444250799418551390e-01 5.871734554843265064e-02 6.651192176484667096e-01
5.800030809600000066e+04 7.536515792981218738e+02 7.673312035787754892e-01 5.299401600518999222e-02 6.390574765089518383e-01
5.779934133599999768e+04 6.269784998735274257e+02 7.244102081480228161e-01 8.062278775914732964e-02 6.846384567236063479e-01
5.796213143799999671e+04 5.286143635247532302e+02 6.847264509168542457e-01 6.923161662742823019e-02 7.255044249857899308e-01
5.808405983199999901e+04 6.662930030122766993e+02 7.391039672804532445e-01 6.296728677245223837e-02 6.706418167299224020e-01
5.822231934000000183e+04 6.488174543062419843e+02 7.328534296592189579e-01 6.673509896082749360e-02 6.771058094592077303e-01
5.792512778999999864e+04 7.015264909483477140e+02 7.514460350261835675e-01 4.272348214722297699e-02 6.584098727363099091e-01
5.794916718599999876e+04 6.319875619607812496e+02 7.269522371448142728e-01 6.084255130818370938e-02 6.839873016807116457e-01
5.790129893399999855e+04 6.259281169083005807e+02 7.249500171265244042e-01 5.234282079636480567e-02 6.868098002935979496e-01
5.815129193400000077e+04 1.984731252374058670e+02 4.622631414245492176e-01 1.034553199906055598e-01 8.806871095036810093e-01
