5.827636548600000242e+04 1.144975635558507868e-16 1.302708058883865037e-16 nan 3.577667722475468920e-17 5.108467670363677336e-17 nan
5.791326190599999973e+04 1.042280774525392024e-16 1.171908271250605117e-16 nan 2.034494445482325572e-17 2.836305948763548684e-17 nan
5.778533735000000161e+04 1.088972922198282214e-16 1.286858302977557094e-16 nan 2.712460060617582320e-17 4.102635424026025984e-17 nan
5.794916307000000234e+04 9.942341622701382342e-17 1.176828892422062305e-16 nan 2.670757016001648756e-17 3.927611447860095229e-17 nan
5.818332326800000010e+04 9.952170228183812752e-17 1.156167840968341162e-16 nan 2.528475328150899175e-17 3.629077018695384413e-17 nan
5.793718743199999881e+04 1.044628929492156442e-16 3.445273605326071448e-14 nan 2.010262084995693653e-17 3.411374325244678683e-14 nan
5.823737495250000211e+04 1.547519360168648765e-16 2.518697429174968298e-16 nan 1.100414034883327207e-16 2.091165580231137700e-16 nan
5.771409287999999651e+04 1.047922317062824013e-16 1.201328398939033339e-16 nan 3.556691809948868019e-17 4.975304287300379043e-17 nan
5.825034088599999814e+04 1.078537660747186489e-16 1.308174145263166077e-16 nan 2.576897251709718049e-17 4.048743844185488042e-17 nan
5.783534524799999781e+04 1.040925592666208299e-16 1.212572678623568188e-16 nan 2.773296380309787225e-17 4.038807917832244009e-17 nan
5.804720856600000116e+04 9.147712387300447735e-17 1.029426143898723207e-16 nan 2.279788160690377365e-17 3.054494528443839590e-17 nan
5.796212728400000196e+04 1.043936980604625434e-16 1.269185914569961467e-16 nan 3.112683377787480989e-17 4.792324220532927896e-17 nan
5.770204215200000181e+04 1.026107168099434290e-16 1.167491408299796201e-16 nan 2.210183757269417330e-17 3.118836256228866682e-17 nan
5.826330515400000149e+04 1.098397194553574663e-16 1.289383904234527683e-16 nan 2.504820134539675387e-17 3.773366521257378565e-17 nan
5.772705840599999647e+04 1.028308689601400002e-16 1.208155853555700206e-16 nan 2.335284211080488704e-17 3.454472907952459995e-17 nan
5.779933720400000311e+04 1.119045035128989868e-16 1.294135055461518502e-16 nan 2.926948287822943113e-17 4.309971838462002355e-17 nan
5.834408142799999769e+04 9.853229173233901876e-17 1.076328579146272653e-16 nan 2.752252555387227302e-17 3.587554352392898567e-17 nan
5.807205036400000245e+04 9.192772873806145212e-17 1.071085349070452990e-16 nan 2.165243140842590735e-17 3.059332536584602273e-17 nan
5.797409441199999856e+04 1.011598004208631478e-16 1.117493186446126114e-16 nan 2.054020319240438079e-17 2.765542354957386672e-17 nan
5.816632643600000301e+04 9.537628332892240511e-17 1.121161070947088026e-16 nan 2.358255714017311390e-17 3.405498009762791875e-17 nan
5.830718288400000165e+04 1.085778074613387594e-16 1.227120302471378750e-16 nan 2.690075076676170414e-17 3.804804340043104199e-17 nan
5.784721859799999947e+04 1.078155864927453571e-16 1.234975969065770409e-16 nan 2.820702118013712878e-17 4.051480686669041178e-17 nan
5.833211566399999720e+04 9.673386065136569484e-17 1.121893865597867294e-16 nan 2.648181692513006787e-17 3.747587360534860147e-17 nan
5.823637795599999663e+04 1.075532462472176749e-16 1.318745278731708084e-16 nan 3.040363787953273731e-17 4.802206063747353083e-17 nan
5.800030396599999949e+04 9.922406553098170419e-17 1.132442520868864030e-16 nan 2.034149389488168880e-17 2.857750947803315878e-17 nan
5.798704838600000221e+04 9.892938245125348667e-17 1.152766127998679359e-16 nan 2.166219734881230136e-17 3.132198710993990704e-17 nan
5.787234735999999975e+04 1.006167447055122982e-16 1.162095326968489033e-16 nan 1.757643959675926882e-17 2.523830122394106058e-17 nan
5.801823316000000341e+04 9.263987394813223830e-17 1.081235281736224901e-16 nan 1.993247295882677029e-17 2.835340501602916472e-17 nan
5.788733472400000028e+04 1.020792791908074184e-16 1.213148853997858578e-16 nan 2.141152348423553977e-17 3.220441794827787397e-17 nan
5.787038100999999733e+04 1.129423415581840578e-16 1.211035368648207507e-16 nan 2.755580816918635596e-17 3.646607286449076767e-17 nan
5.808405570199999784e+04 9.574854684617410366e-17 1.095606185523639277e-16 nan 2.183237681001116937e-17 3.042221263977386868e-17 nan
5.828924155199999950e+04 1.097518614974063843e-16 1.325364794215792269e-16 nan 2.599756728202573327e-17 4.080831710606175833e-17 nan
5.792512367400000221e+04 1.017976294727667913e-16 1.168376995539056527e-16 nan 2.264876367037478955e-17 3.228061902418748206e-17 nan
5.769015644400000019e+04 1.034961536976607260e-16 1.193018504927632938e-16 nan 2.244082443487839483e-17 3.236327641779400465e-17 nan
5.822231519000000117e+04 1.017835501390177413e-16 1.225315243217209388e-16 nan 2.478474869073989137e-17 3.780670759672426885e-17 nan
5.790129479800000263e+04 9.980062877563495935e-17 1.116681739558362006e-16 nan 2.416618290393185715e-17 3.291807105465380349e-17 nan
5.815128781400000298e+04 1.523130953125894753e-16 nan nan 1.276040611577551922e-16 nan nan
5.832012234599999647e+04 1.018453851329210766e-16 1.211450894828758196e-16 nan 2.581746632797922697e-17 3.862703335976928524e-17 nan
