5.827636548600000242e+04 1.768146271684389035e+02 4.404124108897460865e-01 2.932145589098936189e-02 8.973166445345335251e-01
5.791326190599999973e+04 2.908304411029530456e+02 5.456658744245199699e-01 3.045268526719910676e-02 8.374493342576260213e-01
5.778533735000000161e+04 2.254409919253452017e+02 4.900282973347571680e-01 2.748917065569233056e-02 8.712729843785247397e-01
5.794916307000000234e+04 2.033039773733109712e+02 4.685022303092921669e-01 2.440459314483776551e-02 8.831251757416125336e-01
5.818332326800000010e+04 2.163040036493264040e+02 4.813251670577236019e-01 2.759951680986214365e-02 8.761074992423684149e-01
5.793718743199999881e+04 2.954461635336551808e+02 5.493044855157336315e-01 1.941517553761915385e-02 8.353966920877401447e-01
5.823737495250000211e+04 5.687289753174943741e+01 2.590574149542225202e-01 3.488958733202180557e-02 9.652315641611795005e-01
5.771409287999999651e+04 1.573903994704930369e+02 4.176553487523252395e-01 6.074382767667987210e-02 9.065727753786562149e-01
5.825034088599999814e+04 2.354697448149748311e+02 4.993239160617072847e-01 2.289781434597098000e-02 8.661127622584594565e-01
5.783534524799999781e+04 2.071565190141345454e+02 4.723484257555005672e-01 2.725718348845708461e-02 8.809903578556220749e-01
5.804720856600000116e+04 2.173726666614439296e+02 4.822720100980800728e-01 3.714567513880917549e-02 8.752336300065481911e-01
5.796212728400000196e+04 1.826460500296426801e+02 4.468494992470485316e-01 2.548209300297546095e-02 8.942461562449400825e-01
5.770204215200000181e+04 2.606992852361514679e+02 5.213863180377934503e-01 2.510749106521887111e-02 8.529513006352724691e-01
5.826330515400000149e+04 2.488088396770529300e+02 5.112337665582287194e-01 1.828852396912021561e-02 8.592470924138861932e-01
5.772705840599999647e+04 2.462697539797883621e+02 5.088812495847401252e-01 3.475051598853495100e-02 8.601350332707091706e-01
5.779933720400000311e+04 2.149525075228144431e+02 4.800146477915036014e-01 2.774306212078087724e-02 8.768216810787478055e-01
5.834408142799999769e+04 1.942691050103887846e+02 4.592299916117207892e-01 2.460126513513700638e-02 8.879766846928186519e-01
5.807205036400000245e+04 2.314505467253718791e+02 4.954959886602322006e-01 3.987256731546852395e-02 8.676945911997449024e-01
5.797409441199999856e+04 2.769978702504595844e+02 5.348022285655296137e-01 2.500358392556283060e-02 8.446072442930029345e-01
5.816632643600000301e+04 2.209934375860884472e+02 4.858047671519226118e-01 2.999764795917996690e-02 8.735524422319380644e-01
5.830718288400000165e+04 2.266198258723035792e+02 4.911592596202392635e-01 2.374118029074285749e-02 8.707461961144021823e-01
5.784721859799999947e+04 2.130400493928531773e+02 4.781497507973698768e-01 2.799505434944822221e-02 8.778320413065272554e-01
5.833211566399999720e+04 1.979710076943565582e+02 4.630523889899277878e-01 2.637808029949050698e-02 8.859383059392084148e-01
5.823637795599999663e+04 1.952790264210864848e+02 4.602962587632186131e-01 2.205781995645121271e-02 8.874912995333266164e-01
5.800030396599999949e+04 2.730540421506586313e+02 5.315935846107935348e-01 2.740949677481949870e-02 8.465559522484018551e-01
5.798704838600000221e+04 2.541527636460923532e+02 5.158105983233964853e-01 2.596819941840345161e-02 8.563089858667990439e-01
5.787234735999999975e+04 3.249575392344932538e+02 5.708783284450987816e-01 3.323877973304324718e-02 8.203615773752378493e-01
5.801823316000000341e+04 2.557177640446403473e+02 5.171099604408576633e-01 3.088544040692616996e-02 8.553615483429943822e-01
5.788733472400000028e+04 2.679799099097037356e+02 5.273376731022847430e-01 3.747555288071016677e-02 8.488289353358267064e-01
5.787038100999999733e+04 2.326219431372775261e+02 4.964482046686722327e-01 4.962754972423596977e-02 8.666465752483076823e-01
5.808405570199999784e+04 2.416385907630327665e+02 5.047828170681751825e-01 3.450024585778967146e-02 8.625566883564634857e-01
5.828924155199999950e+04 2.386580094668878758e+02 5.022240489295546340e-01 2.036756231896563393e-02 8.644976385635692040e-01
5.792512367400000221e+04 2.512816423458866382e+02 5.133459083816914736e-01 2.435963256510621788e-02 8.578359905302814781e-01
5.769015644400000019e+04 2.593130891835881471e+02 5.201305690695164907e-01 3.460924439902090394e-02 8.533852537521080528e-01
5.822231519000000117e+04 2.277075990381947861e+02 4.921511206994761412e-01 2.702627765399105708e-02 8.700901417154540685e-01
5.790129479800000263e+04 2.281736837373694300e+02 4.925774497680577846e-01 2.800665185903510046e-02 8.698178449719478067e-01
5.815128781400000298e+04 3.538521799963148595e+01 2.057047195828142216e-01 2.969412743337557226e-02 9.781634971400875456e-01
5.832012234599999647e+04 2.178788008003164975e+02 4.828851479136220815e-01 2.140043267685394490e-02 8.754221583931279804e-01
