5.807205449599999702e+04 7.240688375534021481e-17 6.883761195841088469e-17 nan
5.804721275800000149e+04 7.852265637173798315e-17 7.500247445228349162e-17 nan
5.791326602399999683e+04 8.715633598788394381e-17 8.220140558422051630e-17 nan
5.790129893399999855e+04 8.609603056369929151e-17 8.119096831168762327e-17 nan
5.788733880199999840e+04 8.009817110713516394e-17 nan nan
5.787235149999999703e+04 8.240860774370213017e-17 nan nan
5.784722276799999963e+04 8.690228567668755904e-17 8.135493850639567634e-17 nan
5.783534901800000080e+04 8.523784362321174785e-17 nan nan
5.779934133599999768e+04 8.759413898888695519e-17 nan nan
5.778534149199999956e+04 9.887129593695966050e-17 nan nan
5.772706253399999696e+04 9.221024376755183862e-17 nan nan
5.771409744499999942e+04 8.831222181657686873e-17 8.289683031323104462e-17 nan
5.801823729399999866e+04 7.761597570784638365e-17 7.311718438041884039e-17 nan
5.770204628000000230e+04 8.316867660193915783e-17 9.158538039039998360e-17 nan
5.769016059600000153e+04 8.588482624043435501e-17 8.357525638688692630e-17 nan
5.800030809600000066e+04 8.274600276067782247e-17 7.827409834767739037e-17 nan
5.798705247200000304e+04 8.133624838379535178e-17 7.877844627502760213e-17 nan
5.797409855999999854e+04 8.650345073617159903e-17 8.233536666678892170e-17 nan
5.796213143799999671e+04 8.904661169379064417e-17 8.208986209142398340e-17 nan
5.794916718599999876e+04 8.660457201890782226e-17 nan nan
5.793719157399999676e+04 8.614784707868987395e-17 8.512927452156934283e-17 nan
5.792512778999999864e+04 8.855790346044697634e-17 nan nan
