5.800030743467590219e+04 8.529495038935341057e-16 nan nan 3.885882126587207945e-17 nan nan
5.808405916406249889e+04 7.148352537285067572e-16 7.197321767449881940e-16 nan 3.035086973036631341e-17 3.048534290328270217e-17 nan
5.828924293930560088e+04 7.619364027158202827e-16 7.292309563678572434e-16 nan 3.037735976007850141e-17 2.882610016627171767e-17 nan
5.818332468002309906e+04 7.850695936619355416e-16 7.726927193811335340e-16 nan 3.454267897933646014e-17 3.385585897020963111e-17 nan
5.804721211013889842e+04 7.233788579767688361e-16 7.270503159555605200e-16 nan 3.053521463580592440e-17 3.061787685349491116e-17 nan
5.822231867385419901e+04 8.205256213062022402e-16 nan nan 3.030476778409742552e-17 nan nan
5.816632786436339666e+04 7.996478031512370092e-16 8.160255496754665498e-16 nan 3.105515154888782034e-17 3.174599984503312276e-17 nan
5.825034440655090293e+04 8.278635504726673678e-16 7.892478853136144554e-16 nan 3.184581943892408933e-17 3.010665128971344248e-17 nan
5.827636488775460020e+04 7.576477304122874134e-16 7.579932966699945896e-16 nan 3.589513657760345282e-17 3.582825441109966283e-17 nan
5.770204151489579817e+04 7.925009225659475795e-16 7.925601303252700119e-16 nan 2.954485573246657286e-17 2.949999278893544280e-17 nan
5.772706186339120177e+04 8.596872054243827941e-16 9.041261846902009686e-16 nan 3.054781088334493735e-17 3.240020547765995604e-17 nan
5.771409672578699974e+04 8.040419870807637992e-16 7.835176882249670982e-16 nan 5.408740013876327178e-17 5.242506032664216621e-17 nan
5.793718679256940231e+04 7.741670528385182138e-16 7.607368746896279846e-16 nan 2.489643259248930023e-17 2.435288661993799650e-17 nan
5.791326125848379888e+04 7.973255540027003427e-16 7.807814630611648541e-16 nan 3.178202043611061064e-17 3.097549365766331117e-17 nan
5.816632579141199676e+04 7.900044346327043988e-16 8.046494191775714614e-16 nan 3.098691117309178161e-17 3.159898235746263012e-17 nan
5.804720796659719781e+04 7.340975286656770686e-16 7.407753798042691365e-16 nan 3.053743312111885901e-17 3.076787791529860807e-17 nan
5.807205383950230316e+04 7.476866303688902351e-16 8.256526669036165494e-16 nan 2.675655300373068157e-17 2.992201851907799949e-17 nan
5.807204974729169771e+04 7.527450639387447886e-16 8.444605600672141218e-16 nan 2.694299198931674324e-17 3.069509991928354812e-17 nan
5.769015995009260223e+04 7.528176956805104600e-16 8.012926477697599272e-16 nan 2.630372143355693070e-17 2.819435148524232276e-17 nan
5.791326330600689835e+04 7.837675044828514549e-16 7.682031925126388889e-16 nan 3.156214388561490631e-17 3.078517108248264182e-17 nan
5.833211501591440174e+04 6.644425250987911655e-16 6.670088752360117714e-16 nan 2.782902285048726189e-17 2.783019083983881359e-17 nan
5.805913640646990098e+04 nan nan nan nan nan nan
5.800030331545139779e+04 8.140735468408152898e-16 nan nan 3.734125539640349449e-17 nan nan
5.779933861689810146e+04 8.351525395503657599e-16 8.248119474897122976e-16 nan 3.792885074494530041e-17 3.735987399281753378e-17 nan
5.769015580527779821e+04 7.745481967212250392e-16 8.124209877289331691e-16 nan 2.670958704862837850e-17 2.816708195777111832e-17 nan
5.808405711846060149e+04 7.236858033945166927e-16 7.159414113635331535e-16 nan 3.068865524937971474e-17 3.022006844846227096e-17 nan
5.827636696190969815e+04 7.545364246902884583e-16 7.506102492256562432e-16 nan 4.926808898061701094e-17 4.884979827361301965e-17 nan
5.771409468028940319e+04 7.729747589791463897e-16 8.127569995700890146e-16 nan 6.343255811209116414e-17 6.707200900977597003e-17 nan
5.818332260702549684e+04 7.845632920262977743e-16 7.617604205282125849e-16 nan 3.477681355719814417e-17 3.355642146420878209e-17 nan
5.815129126613429980e+04 nan nan nan nan nan nan
5.815128922206020070e+04 nan nan nan nan nan nan
5.822231458113429835e+04 8.118676231033843736e-16 nan nan 3.077242500559905716e-17 nan nan
5.787234878104169911e+04 8.132828523048407948e-16 7.936467935541421803e-16 nan 2.267179313013439777e-17 2.201386448680971489e-17 nan
5.790129621952550224e+04 7.943951060195064242e-16 7.862126319795804037e-16 nan 2.754540798717993230e-17 2.717601123194927126e-17 nan
5.823737447606479691e+04 nan nan nan nan nan nan
5.801823252953700285e+04 7.158045397552774860e-16 8.185540361755751366e-16 nan 2.678123922350910186e-17 3.114268421176769012e-17 nan
5.796213077392359992e+04 8.367930942978130866e-16 8.350702052311943661e-16 nan 3.952102874935540096e-17 3.940054991639690593e-17 nan
5.798704772202549793e+04 7.584386757037710115e-16 7.142312249565182314e-16 nan 2.397967450300912505e-17 2.233930448273729629e-17 nan
5.787235082739579957e+04 8.134258114816317989e-16 8.032230473464229888e-16 nan 2.231777890298092414e-17 2.196780716562916707e-17 nan
5.788733815651619807e+04 8.390158285053984273e-16 8.043322640663099349e-16 nan 3.239801484766025420e-17 3.083085120142889815e-17 nan
5.823638142131939821e+04 8.552197162256495134e-16 8.489095745778153506e-16 nan 6.655584301735455518e-17 6.597659428602395802e-17 nan
5.833211913988430024e+04 6.672698038700241313e-16 6.747248319314652479e-16 nan 2.780435077737772462e-17 2.803551582186291544e-17 nan
5.828924501094909647e+04 7.486630755373796016e-16 7.083728112841357841e-16 nan 3.026945355150327191e-17 2.834789751846471048e-17 nan
5.830718226863430027e+04 7.170937423190182487e-16 7.014174885533702318e-16 nan 2.787318894067652718e-17 2.709670182087935143e-17 nan
5.830718638787040254e+04 7.157618425722449491e-16 7.074105890986898161e-16 nan 2.774507106287507598e-17 2.729091815841371968e-17 nan
5.779933654268520331e+04 8.396969732004946492e-16 8.347106967658271548e-16 nan 3.876072399798269583e-17 3.847324479952321049e-17 nan
5.808405507223380118e+04 7.255714216884076880e-16 7.255335466153517877e-16 nan 3.036006410191053196e-17 3.026442358440995711e-17 nan
5.787038074950229930e+04 8.166359699274556896e-16 9.269333427257103085e-16 nan 3.595695500633451860e-17 4.166162649712055641e-17 nan
5.805914052584490128e+04 nan nan nan nan nan nan
5.784721799662039848e+04 8.248351844951391649e-16 8.146175867823192493e-16 nan 3.289511799662650761e-17 3.239256623720636595e-17 nan
5.823637733025460329e+04 8.203431084058449019e-16 8.306455217715569809e-16 nan 4.100804236763990160e-17 4.156751169959829487e-17 nan
5.826330658587960352e+04 7.274661092871365503e-16 nan nan 2.824534169419455695e-17 nan nan
5.772705777135420067e+04 8.611875922556352841e-16 9.141392141636292006e-16 nan 3.050349905092209309e-17 3.271065636487120537e-17 nan
5.796212665806709992e+04 8.200182596232837924e-16 8.241782763227855612e-16 nan 3.513164678079831326e-17 3.530216195824671095e-17 nan
5.832012372127320123e+04 6.785845889592765510e-16 nan nan 3.025438809244177875e-17 nan nan
5.812735512291669875e+04 nan nan nan nan nan nan
5.826330863219909952e+04 7.481161118031507716e-16 nan nan 2.853988136745390741e-17 nan nan
5.792512714874999801e+04 8.031143287078160160e-16 nan nan 2.547198260844456824e-17 nan nan
5.784722211534719827e+04 8.112601760440795560e-16 8.104448779235486108e-16 nan 3.251838704024714070e-17 3.244101992249747717e-17 nan
5.779934067106479779e+04 8.531440412145110775e-16 8.363018639992922349e-16 nan 3.841210953452938776e-17 3.752102033132610263e-17 nan
5.771409263277779974e+04 8.377782577358642789e-16 8.002106330353045675e-16 nan 5.216049777825698052e-17 4.942731421184563611e-17 nan
5.788733610844909708e+04 8.709782084526850615e-16 8.224575332491552755e-16 nan 3.313664929538129818e-17 3.099753456805293587e-17 nan
5.823637937519679690e+04 8.272983783255474231e-16 8.407102224900892123e-16 nan 3.754757589408908311e-17 3.822568627856442619e-17 nan
5.801823664649309649e+04 7.155091341809839230e-16 8.105199557712871675e-16 nan 2.769005755505660424e-17 3.184792493965299120e-17 nan
5.826330454050929984e+04 7.390155738695412544e-16 nan nan 2.876380899931421607e-17 nan nan
5.823737654778939759e+04 nan nan nan nan nan nan
5.787234670826390357e+04 8.248716820257160409e-16 8.047237773166640902e-16 nan 2.300164698912186035e-17 2.233032159407312976e-17 nan
5.794916652253470238e+04 7.224420800344840498e-16 nan nan 2.996808079595212744e-17 nan nan
5.805913845634260360e+04 nan nan nan nan nan nan
5.825034023524310032e+04 8.264773080484073874e-16 7.876233868548600346e-16 nan 3.224324383172038396e-17 3.046844631329730668e-17 nan
5.815128715056709916e+04 nan nan nan nan nan nan
5.812735307304400339e+04 nan nan nan nan nan nan
5.807205179364579817e+04 7.388118335015363598e-16 8.221660731939267446e-16 nan 2.650860696515478326e-17 2.989979687587127449e-17 nan
5.832012167383100314e+04 6.813237403737831154e-16 nan nan 3.072489343246105558e-17 nan nan
5.828924089284719958e+04 7.737976000456882692e-16 7.237025603690441576e-16 nan 3.116985721322200935e-17 2.881383554069158745e-17 nan
5.793718886465280229e+04 7.631946204036625302e-16 7.578366840617088314e-16 nan 2.481431816550704795e-17 2.456054004652664962e-17 nan
5.816632990957180300e+04 7.746486035581953046e-16 7.907039885540700071e-16 nan 3.024468410852493121e-17 3.090699562404258605e-17 nan
5.798704976877309673e+04 7.535685272399670943e-16 7.167404852626470954e-16 nan 2.356197297034056558e-17 2.219939974899515186e-17 nan
5.818332672513889702e+04 7.787835483393774451e-16 7.591512180759917179e-16 nan 3.489105183787133719e-17 3.381678041972527210e-17 nan
5.772705981797449931e+04 8.703836086763914835e-16 9.150125283360059848e-16 nan 3.066761447844721217e-17 3.252238715530426724e-17 nan
5.823737859165509872e+04 nan nan nan nan nan nan
5.788733406096060207e+04 8.601972548660541362e-16 8.165483480510306107e-16 nan 3.263798782505906991e-17 3.071407633344217227e-17 nan
5.778533876707180025e+04 8.509065297707375849e-16 8.868077167117913095e-16 nan 3.371123704086010312e-17 3.536667219299941163e-17 nan
5.797409583733799809e+04 8.051736000720063053e-16 7.813187430728317140e-16 nan 2.842228176013786815e-17 2.741579566362737171e-17 nan
5.792512507353010005e+04 8.037291533092060236e-16 nan nan 2.821389707884115364e-17 nan nan
5.832012579648150131e+04 6.921787925564480847e-16 nan nan 3.028452670015731339e-17 nan nan
5.812735719687499659e+04 7.321095961301840113e-16 7.493720241396084587e-16 nan 1.134697022590079753e-16 1.161111063413138056e-16 nan
5.833211709222220088e+04 6.797098770680760507e-16 6.872922238314454173e-16 nan 2.806615472464173600e-17 2.830758279350288770e-17 nan
5.790129417131940136e+04 7.760370333865906405e-16 7.742299051382277357e-16 nan 2.577355261513253794e-17 2.565532106592693616e-17 nan
5.825034235892359720e+04 8.215639490772858283e-16 7.897230858773202945e-16 nan 3.184317762337259894e-17 3.038944497243977055e-17 nan
5.796212870331019803e+04 9.156781627849263598e-16 8.307302131534333598e-16 nan 7.732195870221304673e-17 6.906365195676889913e-17 nan
5.804721003952549654e+04 7.322047227107396386e-16 7.379800421268154503e-16 nan 3.040371610794916468e-17 3.058986864467250634e-17 nan
5.794916447268520278e+04 7.253661564304686885e-16 nan nan 3.733104941021440253e-17 nan nan
5.822231662861110090e+04 8.061725242124788584e-16 nan nan 2.976658166837162948e-17 nan nan
5.791326535005790356e+04 7.912767959700949895e-16 7.797203373171897833e-16 nan 3.186248686058657198e-17 3.127470573606003929e-17 nan
5.769015787849540357e+04 7.624583861651369698e-16 8.154670176569386120e-16 nan 2.636262567238747878e-17 2.842437292493476382e-17 nan
5.800030539009260247e+04 8.225237890157265243e-16 nan nan 3.778849221906294756e-17 nan nan
5.784722006856479857e+04 8.149988379103328457e-16 8.091648840578895776e-16 nan 3.248255663244370672e-17 3.217668515307096946e-17 nan
5.834408494111109758e+04 6.243567939590543897e-16 6.187747906696872150e-16 nan 2.673323732616016272e-17 2.633119009274183376e-17 nan
5.770204560733799735e+04 8.204625854011523879e-16 8.089831460688214369e-16 nan 2.955944705175727205e-17 2.905177878683961218e-17 nan
5.834408077023149963e+04 6.305096950877205633e-16 6.248953076877967343e-16 nan 2.726560279424633820e-17 2.685949067765044691e-17 nan
5.792512302671300131e+04 8.184827863070519302e-16 nan nan 2.712833815232447775e-17 nan nan
5.834408286868059804e+04 6.325141064235464875e-16 6.295579570869188949e-16 nan 2.699276176048668079e-17 2.671906732513136763e-17 nan
5.794916242523150140e+04 7.230382670881092227e-16 nan nan 2.859679291527381254e-17 nan nan
5.801823457716440316e+04 7.025609242499691482e-16 7.983414498067765153e-16 nan 2.731066969574420032e-17 3.150523750681957340e-17 nan
5.790129829028929817e+04 7.900877780290612920e-16 7.831579782336241338e-16 nan 2.729501937070567037e-17 2.697487297753326504e-17 nan
5.798705181398150307e+04 7.591026287652444107e-16 7.226627570587188903e-16 nan 2.375264878750226711e-17 2.240346634591629029e-17 nan
5.770204356266200193e+04 8.273822142665979312e-16 8.107051512731654910e-16 nan 3.102256623918192824e-17 3.027301168529659999e-17 nan
5.778533669387730333e+04 8.446419239933390393e-16 8.887175109694388851e-16 nan 3.347436320066274487e-17 3.550683314045974461e-17 nan
5.830718434385419823e+04 7.208326082364039667e-16 7.038383009380509944e-16 nan 2.787132529586529530e-17 2.704257447097037071e-17 nan
5.778534083769680001e+04 8.287863027762472350e-16 8.660289101152076054e-16 nan 3.384186926614931255e-17 3.559066073156813241e-17 nan
5.797409790790510306e+04 7.976121368015110665e-16 7.839571494087171410e-16 nan 2.811030337131453610e-17 2.751445341024375424e-17 nan
5.793719091001160268e+04 7.757806826957125758e-16 7.650478892386665562e-16 nan 2.538788903393883715e-17 2.493616248930753168e-17 nan
5.827636901283560292e+04 7.771768789766102632e-16 7.820493138427250602e-16 nan 4.425903744894003284e-17 4.449037217082933276e-17 nan
5.797409376334489934e+04 8.014813106681259609e-16 7.852073241558157684e-16 nan 2.855457850797259760e-17 2.784689066685489913e-17 nan
