5.797409855999999854e+04 7.789249497894619138e-17 8.528493268198999066e-17 nan 8.811896440530886596e-18 1.884274658467338243e-17 nan
5.832012644600000203e+04 8.379750053412319391e-17 8.627499503895969058e-17 nan 1.155658155903103892e-17 2.282181525719736240e-17 nan
5.784722276799999963e+04 8.043058512823819075e-17 7.722998774436778645e-17 nan 1.193764614856284880e-17 2.079486530798181484e-17 nan
5.801823729399999866e+04 7.139677964472679032e-17 8.371026041062259772e-17 nan 8.918248486553310683e-18 2.129885962912001697e-17 nan
5.830718705400000181e+04 8.570229084618540488e-17 9.646689830828910390e-17 nan 1.173949723114579142e-17 2.717566512208858137e-17 nan
5.826330928400000266e+04 8.552038790684724555e-17 1.009683936141336828e-16 nan 1.138107566210165526e-17 2.859617550908430730e-17 nan
5.778534149199999956e+04 8.697945884265967258e-17 8.719181190645447222e-17 nan 1.299631501008711156e-17 2.471781789940877762e-17 nan
5.798705247200000304e+04 7.501878649726453686e-17 8.853612999691510927e-17 nan 8.963977064798079271e-18 2.181758687127918905e-17 nan
5.769016059600000153e+04 7.841231811130493376e-17 8.856548866359223287e-17 nan 9.884652557133508701e-18 2.256232188964485568e-17 nan
5.793719157399999676e+04 7.805123034104980705e-17 9.047801177191298170e-17 nan 8.411750160128120242e-18 1.979217378216491308e-17 nan
5.818332739199999924e+04 6.746575698963129068e-17 8.334105640247783622e-17 nan 9.431233501779426139e-18 2.449723885872129845e-17 nan
5.807205449599999702e+04 6.635519877336672232e-17 7.481187827411690654e-17 nan 8.401966497630373387e-18 1.846405353984816598e-17 nan
5.770204628000000230e+04 7.634614383579558982e-17 1.000842372874263224e-16 nan 9.791643596243357640e-18 2.887464769460070356e-17 nan
5.804721275800000149e+04 7.059380212547193853e-17 8.328387428660179950e-17 nan 9.692364093105462403e-18 2.346503707850450523e-17 nan
5.825034506400000100e+04 7.999602810939022354e-17 9.423448340702532820e-17 nan 1.066529849521963363e-17 2.637636667081152130e-17 nan
5.828924566000000050e+04 8.497445327199911702e-17 1.024985577669593458e-16 nan 1.149135286065616455e-17 2.995515411514433791e-17 nan
5.816633058400000300e+04 7.012363292219720302e-17 7.627047262402639383e-17 nan 9.828106786394115094e-18 2.065997834066480041e-17 nan
5.791326602399999683e+04 7.856392543415875435e-17 8.899471107867682278e-17 nan 9.047967123097413858e-18 2.061145549829200311e-17 nan
5.827636968000000343e+04 9.338596164483328923e-17 1.198737816086516889e-16 nan 2.641074966310138683e-17 6.870622121993881703e-17 nan
5.833211980800000310e+04 8.118488928709083416e-17 8.770680808973200812e-17 nan 1.174761534055960457e-17 2.512181304192665024e-17 nan
5.812735783600000286e+04 7.324771609972873891e-17 nan nan 2.923902586527394600e-17 nan nan
5.834408559999999852e+04 7.955425292351043377e-17 9.138480073571979958e-17 nan 1.190459297817887260e-17 2.822153936388532526e-17 nan
5.783534901800000080e+04 7.902304937449211497e-17 8.466054249806405403e-17 nan 1.169976954613022397e-17 2.455461509776018308e-17 nan
5.787235149999999703e+04 7.512826059989516003e-17 8.526709226028884561e-17 nan 7.392301463016546374e-18 1.643942816720847736e-17 nan
5.771409744499999942e+04 7.965838535103487310e-17 8.996065098143735109e-17 nan 1.256148327727316774e-17 2.891686490014150684e-17 nan
5.788733880199999840e+04 7.398321941308808623e-17 9.167871184573344823e-17 nan 8.626376158877573886e-18 2.275938861668305987e-17 nan
5.772706253399999696e+04 8.265198063906024789e-17 8.522597771187729430e-17 nan 1.146656900026282937e-17 2.265578022952990235e-17 nan
5.800030809600000066e+04 7.428505440666024040e-17 8.891243580109232129e-17 nan 8.781531707883167843e-18 2.183530892246281222e-17 nan
5.779934133599999768e+04 7.910126173604132627e-17 8.875719004529486448e-17 nan 1.168188259402780211e-17 2.657257120963372444e-17 nan
5.796213143799999671e+04 7.977461599026375763e-17 1.013683265546781128e-16 nan 1.407905443376632852e-17 3.932564449342906018e-17 nan
5.808405983199999901e+04 6.657310120359552720e-17 8.284119630893804174e-17 nan 8.462615545109595773e-18 2.209827998295796618e-17 nan
5.822231934000000183e+04 7.548852680379697239e-17 8.315400971715664455e-17 nan 1.049864144174795109e-17 2.288661476620534898e-17 nan
5.792512778999999864e+04 7.793161290033960926e-17 8.405223966113036058e-17 nan 1.016689047504481071e-17 2.142108560253530627e-17 nan
5.794916718599999876e+04 7.521232893783651391e-17 9.127770276074553107e-17 nan 1.072447702216045934e-17 2.764534786126658249e-17 nan
5.790129893399999855e+04 7.781014707887241057e-17 8.458941087911410438e-17 nan 1.140703688583901870e-17 2.447589431011025131e-17 nan
5.815129193400000077e+04 8.387249253190410126e-17 nan nan 3.665869460543295256e-17 nan nan
