5.800727823920139781e+04 4.168768285198088700e-16 5.051071192899218085e-16 2.897456093391539893e-16 2.728753348714540905e-16 3.670003292270908853e-16 2.839654828384365458e-16
5.773005960144680284e+04 4.770028819618353770e-16 5.611930173081551443e-16 nan 3.230814017692936346e-16 4.192998598981012149e-16 nan
5.779215325717590167e+04 6.760050439374891815e-16 nan nan 6.743600554286265538e-16 nan nan
5.806711620378470252e+04 4.212579661812870964e-16 4.657994313517350519e-16 nan 2.301174268181196774e-16 2.863346239332330278e-16 nan
5.796536762567130063e+04 nan nan nan nan nan nan
5.812924838425929920e+04 5.840445088491703639e-16 6.672951878600025856e-16 nan 4.835704216204733482e-16 5.751472617973600018e-16 nan
5.781407476171299641e+04 5.280335843975298367e-16 6.502552855716762571e-16 3.891481399055688259e-16 3.737074828631464694e-16 4.995198765124153710e-16 3.833012067629459726e-16
5.829438320649309753e+04 5.122160406135786664e-16 5.696930812463592405e-16 nan 3.325184808122014308e-16 4.087691389079088426e-16 nan
5.829533153267359739e+04 6.442949575213633966e-16 7.855920935563066721e-16 nan 5.171990761278880509e-16 6.887762657811982104e-16 nan
5.833837629008100339e+04 4.729712729471947352e-16 4.885458391344550900e-16 nan 3.109849790085310352e-16 3.459252262685677190e-16 nan
5.792428081768519769e+04 4.810055433248012250e-16 5.551649695627093785e-16 2.987925409542316469e-16 2.885837335724677563e-16 3.748997573983548111e-16 2.909000870769524719e-16
5.794531036168980063e+04 nan nan nan nan nan nan
5.800728031033559819e+04 4.174096126716956087e-16 4.953589030703126390e-16 2.844871415620725715e-16 2.700228947917672159e-16 3.528280008186061593e-16 2.785831551309435212e-16
5.804717539915510133e+04 4.099210133532278906e-16 4.588412632818888999e-16 2.475793523251795389e-16 2.337771290728950653e-16 2.872019179871943938e-16 2.400084949768007879e-16
5.812924633899309993e+04 5.821109480897438669e-16 6.246091095861893741e-16 nan 4.761780864869028463e-16 5.322758887909264923e-16 nan
5.833538045563660125e+04 4.830010296700411486e-16 5.175461866556388792e-16 nan 3.344198339284450691e-16 3.860720059871127578e-16 nan
5.794530624362269737e+04 nan nan nan nan nan nan
5.821201660828699823e+04 6.040054893757401004e-16 6.344597846612562232e-16 nan 4.798424546559826649e-16 5.292187421336271392e-16 nan
5.833538252938660298e+04 nan nan nan nan nan nan
5.784001739725690277e+04 5.537055203759157851e-16 5.930319279775434990e-16 4.068150641190142646e-16 3.907812355724873893e-16 4.525175726198956639e-16 4.006308980847463015e-16
5.806711827559029916e+04 4.023639192475205005e-16 4.517879784284700177e-16 nan 2.205856868841704228e-16 2.751217234367622740e-16 nan
5.779215533016200061e+04 7.314994468658074583e-16 nan nan 6.688137317914806669e-16 nan nan
5.802722786241900030e+04 4.612598377248046057e-16 5.585464804926547947e-16 3.263169014645672683e-16 3.170731092205799110e-16 4.235077722895635730e-16 3.208433085683174932e-16
5.808724157672449655e+04 5.675150220839924354e-16 5.260552177737472435e-16 nan 4.404068335844290114e-16 4.374647247496116538e-16 nan
5.824233037000000331e+04 nan nan nan nan nan nan
5.802722581484950206e+04 4.622035383070458753e-16 5.957114290256411247e-16 3.345726257820422894e-16 3.216528949274935576e-16 4.589551029999238958e-16 3.292140320095851361e-16
5.781407271684030275e+04 5.225893243239541923e-16 5.910126227212054077e-16 3.914054329117448825e-16 3.723341280037313948e-16 4.532097451353240287e-16 3.856785822785264098e-16
5.817206622546300059e+04 5.208317958282458676e-16 6.459976901178314307e-16 nan 3.882779700698294655e-16 5.228903151859497454e-16 nan
5.814908097353010089e+04 nan nan nan nan nan nan
5.824232628091429797e+04 nan nan nan nan nan nan
5.796536967586810351e+04 1.492913763695209220e-15 1.203153625450643078e-15 nan 1.444695051245462364e-15 1.170040745916580484e-15 nan
5.817206415429399931e+04 5.204526564352596660e-16 6.405808331890531349e-16 nan 3.865851106347800798e-16 5.151665057992107460e-16 nan
5.833438367489579832e+04 nan nan nan nan nan nan
5.796537174803239759e+04 1.977720098207631208e-15 nan nan 1.939578007821643260e-15 nan nan
5.814907892689810251e+04 nan nan nan nan nan nan
5.833638176340280188e+04 nan nan nan nan nan nan
5.769027637618059816e+04 nan nan nan nan nan nan
5.804717128001160017e+04 4.139730742326969754e-16 4.605013795933099947e-16 2.536758633778984205e-16 2.370701739330023124e-16 2.922000085904191517e-16 2.460077254308055619e-16
5.821201456310189678e+04 6.074735401735480601e-16 6.296715194693951519e-16 nan 4.830784527032710503e-16 5.247729722981068313e-16 nan
5.808724364856479951e+04 5.604139285629903181e-16 5.090697912073156682e-16 nan 4.333760084799570682e-16 4.183164655561004021e-16 nan
5.821201249052079947e+04 5.963657491377973568e-16 5.849118566115653572e-16 nan 4.706288222730591462e-16 4.822959115463741687e-16 nan
5.790430335493059829e+04 4.711927113898545620e-16 5.191371448123255652e-16 nan 2.671192418303691374e-16 3.311312037682963950e-16 nan
5.829532946312500280e+04 6.322812370912869892e-16 8.372016630491730848e-16 nan 5.070965520560497170e-16 7.342640115838577595e-16 nan
5.819206714510419988e+04 5.147969114548994881e-16 5.261706495064403098e-16 nan 3.848104147853380887e-16 4.152330683653161055e-16 nan
5.829532741466440348e+04 6.521441133447346724e-16 8.419561891107830445e-16 nan 5.281646311384020584e-16 7.473119308089943675e-16 nan
5.787533865168980265e+04 nan nan nan nan nan nan
5.784002148980319907e+04 5.667294606625848238e-16 5.941672344303930773e-16 4.212412841221543845e-16 4.130809973568455761e-16 4.655108775874949146e-16 4.156197873010688787e-16
5.814907685391200357e+04 nan nan nan nan nan nan
5.779215737432870083e+04 7.370794418922646549e-16 nan nan 6.709897090279515273e-16 nan nan
5.794530829116899986e+04 nan nan nan nan nan nan
5.833837217414350016e+04 4.716089917164560858e-16 4.722272940339678160e-16 nan 3.135902089326987021e-16 3.380202730818831982e-16 nan
5.771031584190970170e+04 5.319138292683394976e-16 5.910689080967681054e-16 nan 3.865109768497409843e-16 4.660040297541701784e-16 nan
5.792427877131939749e+04 4.615691446419067292e-16 5.049869661869100618e-16 2.697648349192170308e-16 2.588521866468965367e-16 3.185598949750052505e-16 2.611020855851131335e-16
5.798533858755789697e+04 4.115857242930467977e-16 4.371508846752897665e-16 nan 2.151081698440323559e-16 2.570700658552475858e-16 nan
5.775122158401620254e+04 4.068325341053165925e-16 4.602639904221057442e-16 nan 2.894969444840489549e-16 3.461842088832153041e-16 nan
5.775121951108799840e+04 4.068630685258199384e-16 4.735954196559441149e-16 nan 2.864473775381980050e-16 3.541768110184712478e-16 nan
5.787533659894680022e+04 nan nan nan nan nan nan
5.833637971909720363e+04 5.511303693895017055e-16 5.662102479784615327e-16 nan 4.214347133386746278e-16 4.566387518293446640e-16 nan
5.806712032084490056e+04 4.067638928923882556e-16 4.565852991510847393e-16 nan 2.248375467669849928e-16 2.827242621888530036e-16 nan
5.787533455383100227e+04 nan nan nan nan nan nan
5.790430745078699692e+04 4.775849844608954666e-16 5.098844564115977626e-16 nan 2.685868676774992888e-16 3.263094686924881630e-16 nan
5.819206921809029882e+04 5.138823131692128511e-16 5.499742764964066794e-16 nan 3.879863973364840018e-16 4.376480197359558635e-16 nan
5.771031791396989865e+04 5.335922083005716005e-16 6.245065355981729091e-16 nan 3.970144791538352015e-16 5.126268804987736557e-16 nan
5.812924428798609733e+04 5.732059849657562708e-16 6.129947943331306671e-16 nan 4.663015310645127929e-16 5.167071780554347783e-16 nan
5.798534274004629697e+04 4.127370922534559783e-16 4.626107677975315093e-16 nan 2.170699160187392975e-16 2.757387106960932347e-16 nan
5.833837424369210203e+04 4.704113823553079545e-16 4.789274047211849504e-16 nan 3.104931353720556655e-16 3.420318068629675326e-16 nan
5.775122365315970092e+04 4.112325820431361934e-16 4.561656034461195162e-16 nan 2.964132728280221901e-16 3.472509573016217930e-16 nan
5.792428286165509780e+04 5.257571406508365850e-16 5.935802743892850122e-16 3.731621901780522008e-16 3.617212761778720865e-16 4.435756066942620603e-16 3.669139126756185477e-16
5.773006371857639897e+04 4.651974492775083407e-16 5.028144629668160975e-16 nan 3.090745034848002368e-16 3.631507511077096650e-16 nan
5.790430540251159982e+04 4.740876146591943533e-16 4.923115050517031585e-16 nan 2.673394604203367631e-16 3.124240812956564699e-16 nan
5.833637767010420066e+04 5.508168010765371082e-16 5.596410664922065902e-16 nan 4.200228006632419139e-16 4.511998397875895816e-16 nan
5.824232832606480224e+04 nan nan nan nan nan nan
5.773006167439820274e+04 4.862626416433904921e-16 5.351099443802352183e-16 nan 3.386495596524430913e-16 4.062740830564130776e-16 nan
5.804717335414350237e+04 4.109273695008400125e-16 4.599823293206832847e-16 2.497756616923296729e-16 2.339159989990408667e-16 2.908081295745838578e-16 2.420951032709227740e-16
5.777218087349540292e+04 4.723015322960328374e-16 5.423645298198094514e-16 3.817263998942997875e-16 3.762886247706304067e-16 4.502936779445060558e-16 3.783922552722789502e-16
5.781407066592590127e+04 5.134640665350021555e-16 6.174773249612087666e-16 3.910502703208045997e-16 3.657621174466117819e-16 4.763501344255413471e-16 3.853245946445436924e-16
5.798534066471060214e+04 4.100218619289346811e-16 4.549480302582457330e-16 nan 2.147636933958699992e-16 2.691214505435258619e-16 nan
5.819207126362270355e+04 5.442128857994610217e-16 5.849845287127347679e-16 nan 4.112430550529457752e-16 4.672495803681077680e-16 nan
5.771031376891199761e+04 5.285645357233337067e-16 6.315843041908575930e-16 nan 3.903135253804681887e-16 5.177515398448027603e-16 nan
5.802722991431709670e+04 4.646910673104819544e-16 6.145179063024565452e-16 3.323069347081279038e-16 3.208276875133117824e-16 4.766629711686317550e-16 3.268203389853141431e-16
5.777217672754629893e+04 4.651391772711722094e-16 5.200777223953260249e-16 3.726042220683718064e-16 3.687493557640924914e-16 4.285741869872902733e-16 3.692621887110582850e-16
5.777217880186340335e+04 4.675945649856139754e-16 4.789965226096286195e-16 3.739874853700404000e-16 3.708650146471506125e-16 3.929983425465458786e-16 3.706412528582832337e-16
5.769027842137729749e+04 nan nan nan nan nan nan
5.808724569266199978e+04 5.616504365487672487e-16 5.142800270564157641e-16 nan 4.343661089539167046e-16 4.242151534473501645e-16 nan
5.769027430456019647e+04 nan nan nan nan nan nan
5.817206208312499803e+04 5.143298807076520527e-16 5.620090720678397153e-16 nan 3.773533923993839853e-16 4.379852873806193659e-16 nan
5.800728235692129965e+04 4.225721378926561478e-16 4.845661619811235879e-16 2.905591075180821662e-16 2.760602529713086920e-16 3.489784244159779620e-16 2.847235439625054932e-16
5.784001944450230076e+04 5.674433889845717226e-16 6.242271932309492468e-16 4.237342205111924315e-16 4.112731684234956943e-16 4.883286590044020548e-16 4.179458480528326135e-16
