5.781407131400000071e+04 9.205645062361741930e-17 1.144289937211013640e-16 9.517761947681935937e-17
5.781407131400000071e+04 9.205645062361741930e-17 1.144289937211013640e-16 9.517761947681935937e-17
5.781407131400000071e+04 9.205645062361741930e-17 1.144289937211013640e-16 9.517761947681935937e-17
5.781407131400000071e+04 9.205645062361741930e-17 1.144289937211013640e-16 9.517761947681935937e-17
5.806711679400000139e+04 8.695020578015411222e-17 1.084022909037373725e-16 9.245659009222415094e-17
5.804717194600000221e+04 8.609915901694445356e-17 2.694319800587276478e-16 nan
5.779215390399999887e+04 9.251186173538754097e-17 1.143237646641735699e-16 9.469436575225542409e-17
5.777217733199999930e+04 8.385673582114795118e-17 1.080270365585466663e-16 8.340698614036139599e-17
5.775122012600000016e+04 8.959629278262449978e-17 1.148824657747819124e-16 8.935404160207362586e-17
5.773006016000000091e+04 9.227952134141573352e-17 1.046146541037531488e-16 nan
5.771031441199999972e+04 9.600803488858343284e-17 1.129500792339374231e-16 nan
5.769027495199999976e+04 9.519329612963116355e-17 1.059370691332523054e-16 nan
5.802722648599999957e+04 8.881102631753919672e-17 1.918426754967649788e-16 nan
5.800727888800000073e+04 8.768565530474025315e-17 1.079690456567493282e-16 nan
5.798533924600000319e+04 9.155695194931218559e-17 1.118975255043363593e-16 9.692689510400249356e-17
5.794530697499999951e+04 nan nan nan
5.792427942800000164e+04 9.050006051077613853e-17 1.122654031198132764e-16 8.744732591220478983e-17
5.790430399600000237e+04 9.242858586898237755e-17 1.091448135346126287e-16 9.527608328947873849e-17
5.784001806000000215e+04 nan nan nan
5.781407131400000071e+04 9.205645062361741930e-17 1.144289937211013640e-16 9.517761947681935937e-17
