5.771031441199999972e+04 9.794660412316042235e-17 1.107171128198099102e-16 nan 2.630165063884382062e-17 4.441219741547656977e-17 nan
5.792427942800000164e+04 9.359218032747885159e-17 1.107200765777431726e-16 9.231703272906848661e-17 2.361945925486938417e-17 4.259449190397341047e-17 1.859257653733304021e-17
5.829532805999999982e+04 9.666119334881768333e-17 1.180318914237989964e-16 9.967949389824103248e-17 2.941622126919227855e-17 5.465872489678106224e-17 2.439063797606991386e-17
5.814907750600000145e+04 9.129568927237930259e-17 1.086269854952116513e-16 8.877073958537283537e-17 2.721665825757965151e-17 4.804714394719894576e-17 2.132033168945993295e-17
5.806711679400000139e+04 8.967511370495159458e-17 1.059464224501408887e-16 9.243629527074854382e-17 2.234205429796900801e-17 3.975247925483687585e-17 1.862633719509662293e-17
5.819206780199999776e+04 9.285795198334412215e-17 1.112775722973080072e-16 9.653044453383569528e-17 2.879879649854696192e-17 5.127407252507354875e-17 2.429943317723519108e-17
5.821201311800000258e+04 9.523644094516518419e-17 1.089593628710223029e-16 nan 3.074065275338679520e-17 5.099759862918320131e-17 nan
5.800727888800000073e+04 8.856919120306187653e-17 1.067593881438441688e-16 nan 2.131857008607179904e-17 3.913430043111546434e-17 nan
5.769027495199999976e+04 9.737862228792199893e-17 1.060094821489727142e-16 nan 2.409278729615991454e-17 3.861988852443478389e-17 nan
5.833538066499999695e+04 nan nan nan nan nan nan
5.808724220600000262e+04 8.884824018475355409e-17 1.014266913160280227e-16 nan 2.281436571006552239e-17 3.824072399327027466e-17 nan
5.784001806000000215e+04 nan nan nan nan nan nan
5.773006016000000091e+04 9.371094283044348053e-17 1.002006112931807861e-16 nan 2.619998452024516438e-17 3.989910365995528698e-17 nan
5.804717194600000221e+04 8.472187772952868849e-17 2.272826139610066745e-16 nan 2.260852409375842522e-17 1.357684243739108030e-16 nan
5.812924491400000261e+04 9.322907310378625581e-17 1.116714259557400052e-16 nan 2.754806674039399401e-17 4.948897365114823209e-17 nan
5.802722648599999957e+04 8.653976639379849841e-17 1.812268003783904923e-16 nan 2.257429821205381351e-17 9.556959223854804444e-17 nan
5.794530697499999951e+04 nan nan nan nan nan nan
5.833837271000000328e+04 9.674916614611163762e-17 1.121815391214955540e-16 nan 2.903809622032551511e-17 5.000530499249829550e-17 nan
5.790430399600000237e+04 9.514459793717326790e-17 1.100863537826520951e-16 9.864643888571525874e-17 2.232262621271632285e-17 3.933542404000611177e-17 1.850666373706613616e-17
5.779215390399999887e+04 9.342540895606435723e-17 1.085796881024665341e-16 9.621048468407540782e-17 2.884075237795438406e-17 4.914349419103194996e-17 2.404395961236783394e-17
5.798533924600000319e+04 9.350245563287690424e-17 1.106415862870511027e-16 9.629650029783916394e-17 2.269972058805636075e-17 4.110730225743993604e-17 1.875084184912185152e-17
5.810923072600000160e+04 8.924006298070692258e-17 1.068403822656902849e-16 nan 2.523017906769872963e-17 4.504852335990520769e-17 nan
5.829438354999999865e+04 9.557327207770968737e-17 1.349302662203227637e-16 9.695806245154293014e-17 3.034046727525184498e-17 6.925808148952339283e-17 2.480053226639939972e-17
5.833637822500000038e+04 9.469436512874638364e-17 1.172024363724633255e-16 nan 3.544662329607450163e-17 6.372707817669248793e-17 nan
5.817206272599999647e+04 9.120798392715242289e-17 1.075005098163194361e-16 9.228932091128349298e-17 2.903657739249369015e-17 4.993634696946668722e-17 2.387364063599904853e-17
5.781407131400000071e+04 9.165160838518479246e-17 1.120057703277775655e-16 9.661921848168614332e-17 3.149445856592584626e-17 5.633454129853999555e-17 2.722415589983660546e-17
