5.798534127399999852e+04 7.596402194727214156e-17 7.911537404974727354e-17 7.093392518948140330e-17 9.431226018749583550e-18 1.513010637687957268e-17 7.366063706971463305e-18
5.771031645199999912e+04 7.852939349790656956e-17 7.950285906165765733e-17 nan 1.040762123947961001e-17 1.607193088220828828e-17 nan
5.781407333400000061e+04 7.309285480086522776e-17 8.132058061439066100e-17 7.217311463164247614e-17 1.196028663548351154e-17 2.143689711368177770e-17 1.001609768499741550e-17
5.829533009999999922e+04 7.665664039657637441e-17 7.861931727036813291e-17 7.426797002193989073e-17 1.158024700146502216e-17 1.826762264569675009e-17 9.401756668129056495e-18
5.794530865667000035e+04 nan nan nan nan nan nan
5.773006228399999964e+04 7.670178993190183341e-17 7.948252550702410193e-17 nan 1.058334822905805070e-17 1.694657082582079010e-17 nan
5.800728091799999675e+04 7.412097659294903856e-17 7.994729247852828278e-17 nan 8.880525751764758107e-18 1.500832543855791631e-17 nan
5.812924657499999739e+04 6.787854847283663782e-17 8.184706184381044918e-17 nan 9.684782521015796422e-18 1.952429584262592776e-17 nan
5.804717397000000346e+04 7.133145416717995817e-17 8.249007170587298932e-17 nan 9.751296257701118010e-18 1.849566844171495356e-17 nan
5.784001967000000150e+04 nan nan nan nan nan nan
5.792428145000000222e+04 7.866054530841777365e-17 8.143017443749410772e-17 7.051507803992714086e-17 1.116936095672620827e-17 1.796037416928127257e-17 8.190565615070147289e-18
5.779215594399999827e+04 7.628112924544537136e-17 7.574075536537576747e-17 6.987217624673360263e-17 1.161624028393014076e-17 1.734201944624121044e-17 8.788593115082187311e-18
5.769027698399999645e+04 8.082162606480393525e-17 7.912139456404463617e-17 nan 9.998898794174516104e-18 1.462231236220849516e-17 nan
5.833637994500000059e+04 nan nan nan nan nan nan
5.806711888200000249e+04 7.601132218738037432e-17 8.065044966008882832e-17 7.160027425872123183e-17 9.440986558697408658e-18 1.563106230108386072e-17 7.454076536588921265e-18
5.833837476333000086e+04 7.624407340193078056e-17 8.045486365226052105e-17 nan 1.143594475375561140e-17 1.890731605486917963e-17 nan
5.821201517800000147e+04 nan nan nan nan nan nan
5.790430602399999771e+04 7.720886870419445418e-17 8.108276600200447641e-17 7.295389130488521605e-17 9.116832531855896071e-18 1.484024856041061762e-17 7.219455757235065930e-18
5.810923256599999877e+04 7.192817382611548852e-17 7.522639801009751510e-17 nan 9.785207047731955568e-18 1.570062709264153688e-17 nan
5.777217943399999785e+04 7.436305249414235726e-17 7.553559434559419430e-17 7.288340555033328355e-17 1.179493886750331347e-17 1.821393575519439685e-17 9.760601932019923121e-18
5.819206983999999647e+04 7.718069364941375327e-17 8.060579178087624580e-17 7.232483242751909263e-17 1.178609751607468770e-17 1.919792473513722729e-17 9.155782825859017629e-18
5.817206476600000315e+04 7.383265558913377212e-17 7.966761077969436097e-17 6.806326501780951550e-17 1.146695978404835517e-17 1.955897192758218398e-17 8.798379251708308179e-18
5.802722847999999794e+04 7.134645611376322892e-17 1.253676645838881544e-16 nan 9.199523036082449065e-18 3.564030778690922119e-17 nan
5.808724425399999745e+04 7.248295914689599414e-17 7.588350450391906102e-17 nan 9.242779375151446363e-18 1.483773632937318020e-17 nan
5.775122219000000041e+04 7.551215609867606623e-17 7.937956653152572092e-17 6.990431391550816942e-17 1.115628696787565175e-17 1.827933469393219712e-17 8.579096369321926438e-18
5.814907953999999881e+04 7.401207847902666269e-17 7.726171504364546411e-17 6.638926734670328697e-17 1.092844277886376713e-17 1.762663727958986034e-17 8.110565019058646000e-18
