5.800728031033559819e+04 3.216283732076119882e-16 3.929370818945195387e-16 7.161063063940202786e-17 4.611279012558005130e-17 1.830483696688153454e-16 4.247026052575478905e-17
5.769027842137729749e+04 nan nan nan nan nan nan
5.796536967586810351e+04 4.160557301213784084e-16 5.704403126693964400e-16 nan 1.773546047594121872e-16 4.968086663780742544e-16 nan
5.829532946312500280e+04 3.842785262553055566e-16 5.364290530873693574e-16 nan 7.097419298868581614e-17 3.549551282783926648e-16 nan
5.819207126362270355e+04 3.630304571190947360e-16 4.319597546794564951e-16 nan 6.887886508357894200e-17 2.504086683476605793e-16 nan
5.833637767010420066e+04 3.630339977186024528e-16 4.028315063598335033e-16 nan 6.938074825449981908e-17 2.294698120362344854e-16 nan
5.800728235692129965e+04 3.233154660305726927e-16 3.781370809139164119e-16 7.210454485897469333e-17 4.663627474380173965e-17 1.731162249266073446e-16 4.291814201691693181e-17
5.833438367489579832e+04 nan nan nan nan nan nan
5.794530829116899986e+04 nan nan nan nan nan nan
5.794530624362269737e+04 nan nan nan nan nan nan
5.784001944450230076e+04 3.976506900011395459e-16 4.775137399176034389e-16 9.483521662069942342e-17 7.266147962426527832e-17 2.771726217470718536e-16 6.420093911983368729e-17
5.824232832606480224e+04 nan nan nan nan nan nan
5.779215533016200061e+04 3.054315722489506159e-16 nan nan 7.422137424172554936e-17 nan nan
5.779215325717590167e+04 7.102347829957270782e-17 nan nan 5.313190565511057629e-17 nan nan
5.794531036168980063e+04 nan nan nan nan nan nan
5.800727823920139781e+04 3.184982037901909115e-16 3.931773713140844381e-16 7.175773555474878830e-17 4.599743516819206118e-17 1.847822637833056863e-16 4.281413229640472054e-17
5.814907685391200357e+04 nan nan nan nan nan nan
5.787533455383100227e+04 nan nan nan nan nan nan
5.802722581484950206e+04 3.358273785773628245e-16 4.484319004313438425e-16 7.556703945856334925e-17 5.107349795958607616e-17 2.384509367194137903e-16 4.640489631331714342e-17
5.798534274004629697e+04 3.540738194691791998e-16 4.055034156376330242e-16 nan 4.621375068134583173e-17 1.626534173877363085e-16 nan
5.781407066592590127e+04 3.661811389147475932e-16 4.807901608616266575e-16 8.994687267197013245e-17 6.500158023671124371e-17 2.771107765990523519e-16 6.037523683990932386e-17
5.775122365315970092e+04 2.893074176632755045e-16 3.396529917070485164e-16 nan 4.947093782967627227e-17 1.669141226951114889e-16 nan
5.792428081768519769e+04 3.892059032194722226e-16 4.694123236894062578e-16 8.533124404929383587e-17 5.827069309973102917e-17 2.295421841389271911e-16 5.125718820314376093e-17
5.773005960144680284e+04 3.553235034436727711e-16 4.364392798387713060e-16 nan 5.571925043286934759e-17 2.266142423179119444e-16 nan
5.804717335414350237e+04 3.411995012466461023e-16 3.941826589991216745e-16 7.548218340875860200e-17 4.767065380083879350e-17 1.684208823008720791e-16 4.381458508386325190e-17
5.824233037000000331e+04 nan nan nan nan nan nan
5.775121951108799840e+04 2.931107383299608142e-16 3.628505064132142138e-16 nan 4.927929070714856762e-17 1.811327743630346961e-16 nan
5.798534066471060214e+04 3.522944355318322153e-16 3.999525850681789788e-16 nan 4.600962994914434353e-17 1.594073875625364679e-16 nan
5.790430540251159982e+04 3.955071601966864529e-16 4.231898405199828513e-16 nan 5.601102116047738779e-17 1.852777096320286505e-16 nan
5.806711620378470252e+04 3.560868975601492146e-16 4.033528059065947218e-16 nan 4.789190608245213961e-17 1.664688939355017741e-16 nan
5.817206622546300059e+04 3.526682220491643105e-16 4.686750364861644068e-16 nan 6.220046092426127054e-17 2.752409052139518436e-16 nan
5.806712032084490056e+04 3.421134426010554219e-16 3.934690692306994252e-16 nan 4.622407904514174552e-17 1.621134833091272098e-16 nan
5.771031584190970170e+04 3.702284750049231639e-16 4.339571286652555122e-16 nan 5.939307335795755602e-17 2.368883516507574037e-16 nan
5.792428286165509780e+04 3.873492954369829428e-16 4.742362293211182160e-16 9.010556208180623095e-17 6.679212056771277012e-17 2.632902920937954348e-16 5.911693035441569052e-17
5.787533865168980265e+04 nan nan nan nan nan nan
5.790430745078699692e+04 3.989181850424576408e-16 4.374662778674909677e-16 nan 5.645534929362488916e-17 1.946084652307298844e-16 nan
5.808724569266199978e+04 3.615343927649974365e-16 3.397245764228265468e-16 nan 6.268828346908543841e-17 1.757479388524373578e-16 nan
5.821201456310189678e+04 3.765076941070870095e-16 4.439670509642513408e-16 nan 7.809438633499196216e-17 2.756940194592309339e-16 nan
5.777218087349540292e+04 2.910292622625643578e-16 3.703823247157411129e-16 7.199236526015903500e-17 5.676639160351988438e-17 2.139817273786812172e-16 5.146411496888677805e-17
5.833638176340280188e+04 nan nan nan nan nan nan
5.833837629008100339e+04 3.611092114336296203e-16 3.945954278005840365e-16 nan 5.839259129259961062e-17 1.915535874748809397e-16 nan
5.771031791396989865e+04 3.613474073500743403e-16 4.277215094397268762e-16 nan 5.892198823301049340e-17 2.360584572568208717e-16 nan
5.796537174803239759e+04 4.476133478525983213e-16 nan nan 2.257072678200324603e-16 nan nan
5.769027430456019647e+04 nan nan nan nan nan nan
5.784002148980319907e+04 3.948689214338210504e-16 4.508797888633509112e-16 9.390029133054446516e-17 7.331503194250934397e-17 2.587629391684170025e-16 6.413152781015957525e-17
5.804717128001160017e+04 3.427601353734238732e-16 3.939489715335139565e-16 7.612363456582466785e-17 4.809440279452307860e-17 1.688641956875780485e-16 4.430761842649247184e-17
5.814907892689810251e+04 nan nan nan nan nan nan
5.781407476171299641e+04 3.789966998295192678e-16 5.152814677901962844e-16 9.015003103794642565e-17 6.690526868545109942e-17 3.036497351638818222e-16 6.008800554278047453e-17
5.812924838425929920e+04 3.356908759299853878e-16 4.461380940467282900e-16 nan 7.362559698891828587e-17 2.907760374782149032e-16 nan
5.777217672754629893e+04 2.889941441544317610e-16 3.563664884046745133e-16 7.098665881274520102e-17 5.602899695231750566e-17 2.004796011513042351e-16 5.059410477419084017e-17
5.829533153267359739e+04 3.908980089121791674e-16 4.897305552968870827e-16 nan 7.197322718616667691e-17 3.115988184135304028e-16 nan
5.769027637618059816e+04 nan nan nan nan nan nan
5.829438320649309753e+04 3.947155160028245867e-16 4.640144263788801624e-16 nan 6.327405782134688989e-17 2.405231589499513753e-16 nan
5.812924633899309993e+04 3.429546790901988066e-16 4.209636551079114619e-16 nan 7.423157060341077616e-17 2.653139290198142913e-16 nan
5.833538045563660125e+04 3.534027224008234569e-16 4.008623538253823056e-16 nan 5.865249238286720520e-17 2.046659844711519029e-16 nan
5.814908097353010089e+04 nan nan nan nan nan nan
5.784001739725690277e+04 3.987042597800727507e-16 4.640781948566371217e-16 9.507887881989805690e-17 7.131099177246042110e-17 2.616368797980039484e-16 6.361299634258387389e-17
5.787533659894680022e+04 nan nan nan nan nan nan
5.824232628091429797e+04 nan nan nan nan nan nan
5.833837424369210203e+04 3.581230354771660712e-16 3.819196119101474239e-16 nan 5.806226832563019199e-17 1.829669037683435389e-16 nan
5.798533858755789697e+04 3.539375965657267146e-16 3.838168808685573162e-16 nan 4.626595459449962158e-17 1.493302408291807782e-16 nan
5.779215737432870083e+04 3.144480291246851376e-16 nan nan 7.628006936022965569e-17 nan nan
5.819206921809029882e+04 3.431978226287939507e-16 4.047021313905821721e-16 nan 6.513952860704601193e-17 2.298867101925156121e-16 nan
5.777217880186340335e+04 2.903206915977151707e-16 3.257812316209345418e-16 7.122716412461613394e-17 5.641175280844629628e-17 1.764750391660777977e-16 5.080952682506177563e-17
5.806711827559029916e+04 3.396444335915599726e-16 3.936964608076467048e-16 nan 4.603979817144826967e-17 1.630229692613819339e-16 nan
5.833538252938660298e+04 nan nan nan nan nan nan
5.802722991431709670e+04 3.400678167002878894e-16 4.587645990984402012e-16 7.594136096383529195e-17 5.136863821715571276e-17 2.450311986317367252e-16 4.637591427026734760e-17
5.804717539915510133e+04 3.400859712717139938e-16 3.965183616527147557e-16 7.470223122548702604e-17 4.769671629004288459e-17 1.708111469815612779e-16 4.346222858229609786e-17
5.771031376891199761e+04 3.611992442007705240e-16 4.340944414093428114e-16 nan 5.855829302254198945e-17 2.400123075467256196e-16 nan
5.775122158401620254e+04 2.900519355587452945e-16 3.489477143961742076e-16 nan 4.925337938072348249e-17 1.725255719687124340e-16 nan
5.833837217414350016e+04 3.570777791778252341e-16 3.759352612272639108e-16 nan 5.855184414866050789e-17 1.805170585227849701e-16 nan
5.833637971909720363e+04 3.617835540167710988e-16 4.080745420738360034e-16 nan 6.891932603013580475e-17 2.333446734879582137e-16 nan
5.808724364856479951e+04 3.607965305442585076e-16 3.390599176489758360e-16 nan 6.265085674904622621e-17 1.754942756662404276e-16 nan
5.812924428798609733e+04 3.413435134942203804e-16 4.265562974596251120e-16 nan 7.339898416957097397e-17 2.705068665985353178e-16 nan
5.796536762567130063e+04 nan nan nan nan nan nan
5.819206714510419988e+04 3.481130176678970623e-16 3.866328450995549501e-16 nan 6.516032806554911046e-17 2.122449188362878988e-16 nan
5.802722786241900030e+04 3.388916677529994917e-16 4.244671448998925592e-16 7.516461788214858297e-17 5.120821384604353691e-17 2.180757194609330020e-16 4.590673428809658598e-17
5.821201249052079947e+04 3.742733487836542894e-16 4.138400448423267987e-16 nan 7.694102429245014297e-17 2.484975834986300998e-16 nan
5.773006371857639897e+04 3.518189477252744247e-16 3.976535263598939634e-16 nan 5.380477551849128259e-17 1.928325980946813837e-16 nan
5.817206208312499803e+04 3.549458180549344026e-16 4.237049570668621710e-16 nan 6.202330466254138181e-17 2.355903340936571336e-16 nan
5.817206415429399931e+04 3.539595894676967393e-16 4.697248486597610997e-16 nan 6.216487070787788105e-17 2.751257136231039614e-16 nan
5.808724157672449655e+04 3.634534422037008273e-16 3.417860947632915779e-16 nan 6.311325872261171965e-17 1.773669299131338876e-16 nan
5.773006167439820274e+04 3.535082603879253252e-16 4.044674168952050104e-16 nan 5.657082072307573638e-17 2.056936297472296958e-16 nan
5.829532741466440348e+04 3.892665413004814716e-16 5.098025644378477128e-16 nan 7.207200005143197133e-17 3.308829887663016319e-16 nan
5.781407271684030275e+04 3.725715050587415242e-16 4.585581036671819770e-16 8.969255561599857186e-17 6.589861425453427039e-17 2.576406165740748762e-16 5.995423628462508412e-17
5.821201660828699823e+04 3.750115247043199693e-16 4.477201254972392264e-16 nan 7.784467711610289366e-17 2.792607552957533093e-16 nan
5.792427877131939749e+04 3.860271421756524975e-16 4.377325863993401386e-16 8.313439275462423837e-17 5.454661990187662275e-17 1.951368439420981350e-16 4.808908604437650898e-17
5.790430335493059829e+04 3.922090239714307371e-16 4.499663013573254810e-16 nan 5.619641068369756122e-17 2.064320017398923531e-16 nan
