5.792428286165509780e+04 1.648210253602334279e-16 1.773317825087995597e-16 5.194791117710235470e-17 3.816271694654232356e-17 7.793772681335072279e-17 3.014982300346036834e-17
5.775121951108799840e+04 1.353463515182310109e-16 1.495826962094217736e-16 nan 2.982341015787584776e-17 5.938845463832313527e-17 nan
5.817206622546300059e+04 1.586072251887021445e-16 1.745459386892631218e-16 nan 3.496697954457787846e-17 7.433639550228740983e-17 nan
5.819207126362270355e+04 1.521300566762017848e-16 1.690676437371030455e-16 nan 3.568222512152949021e-17 7.450320442953776813e-17 nan
5.784002148980319907e+04 1.686522647486465076e-16 1.761557095326444056e-16 5.340364460684941204e-17 3.993495830598596968e-17 7.902505215221294783e-17 3.144084354613276085e-17
5.829438320649309753e+04 1.676235855384619543e-16 1.810062168293356501e-16 nan 3.615754607480063332e-17 7.512902281555842948e-17 nan
5.794531036168980063e+04 1.785822084812850161e-16 1.761239797560531847e-16 nan 3.997241595413036678e-17 7.724491737103176931e-17 nan
5.769027430456019647e+04 1.684615888217024667e-16 1.621521505116430687e-16 nan 3.174060731622329716e-17 5.524001132170794610e-17 nan
5.781407066592590127e+04 1.619018277436650764e-16 1.782396948343377740e-16 4.534744423177035036e-17 3.770449823958382016e-17 7.905189071327631105e-17 2.626397383844728801e-17
5.833638176340280188e+04 nan nan nan nan nan nan
5.775122158401620254e+04 1.348840269339191330e-16 1.474921334027167728e-16 nan 2.992399567095861998e-17 5.856538588087701929e-17 nan
5.829532741466440348e+04 1.753383629454177666e-16 1.957678766690735915e-16 nan 4.139041902816247267e-17 9.673302212389686352e-17 nan
5.777217672754629893e+04 1.362132993011719586e-16 1.381935279063082713e-16 4.429484271729497603e-17 3.281513934188701752e-17 5.800296371251452751e-17 2.670912399940322953e-17
5.773006167439820274e+04 1.553822211990311466e-16 1.656060567622602770e-16 nan 3.313344710923516559e-17 6.657057318840058860e-17 nan
5.821201660828699823e+04 1.672360102469346003e-16 1.715698227158183933e-16 nan 4.167312150461539563e-17 7.971496885105237722e-17 nan
5.819206921809029882e+04 1.525786140601473549e-16 1.683049444296638607e-16 nan 3.522598188045358397e-17 7.286197147416580098e-17 nan
5.806711620378470252e+04 1.511634112939675344e-16 1.580549050227968514e-16 nan 2.805642191287033119e-17 5.328788279654289520e-17 nan
5.829533153267359739e+04 1.753263140141004047e-16 1.971672476831744485e-16 nan 4.125551918444046415e-17 9.746732494361949244e-17 nan
5.812924633899309993e+04 1.562795149952813159e-16 1.737136531500780603e-16 nan 3.862105645609716561e-17 8.055915807213186125e-17 nan
5.808724569266199978e+04 1.652089943283333900e-16 1.597206733866385501e-16 nan 3.628237606819462148e-17 6.684071250699261083e-17 nan
5.817206208312499803e+04 1.591546721544088179e-16 1.791720259978653035e-16 nan 3.495577764236209245e-17 7.690716022727512354e-17 nan
5.796536967586810351e+04 1.846577249132509802e-16 2.450327897246806912e-16 nan 9.582305822855361191e-17 1.987716694131090013e-16 nan
5.798534274004629697e+04 1.539898921006274652e-16 1.661731204809217062e-16 nan 2.744879339188197604e-17 5.482408762004651068e-17 nan
5.800728031033559819e+04 1.455277860142099432e-16 1.544901273582662225e-16 4.518399229406083248e-17 2.792723220680685677e-17 5.537261873765886011e-17 2.303881950336953304e-17
5.781407271684030275e+04 1.642808649479646355e-16 1.746620458499183585e-16 4.580698121296067561e-17 3.799810780596686025e-17 7.610771690090135795e-17 2.637424995295819938e-17
5.781407476171299641e+04 1.628071696172472216e-16 1.730629430959755970e-16 4.556896508300561009e-17 3.779913543083719772e-17 7.543447254769699147e-17 2.632612506147131639e-17
5.814908097353010089e+04 1.495303532198733641e-16 1.880680483664040080e-16 nan 3.599491916750482735e-17 9.674760143153328268e-17 nan
5.817206415429399931e+04 1.596108256459666838e-16 1.721654986104980269e-16 nan 3.516155892432054524e-17 7.270592106915976041e-17 nan
5.771031376891199761e+04 1.688891621365395580e-16 1.673221618222501093e-16 nan 3.600102928403724926e-17 6.855872125761541150e-17 nan
5.804717335414350237e+04 1.511225062708454972e-16 1.627903694717400206e-16 5.352329852326055992e-17 2.895678877425663965e-17 5.756903887838989029e-17 2.746356622189652740e-17
5.794530829116899986e+04 1.756104862010838634e-16 1.744763247373535177e-16 nan 3.970707207591881042e-17 7.713156929337129547e-17 nan
5.824232628091429797e+04 nan nan nan nan nan nan
5.773006371857639897e+04 1.529852936355959712e-16 1.576220957909471986e-16 nan 3.150770396725295274e-17 5.996343384183477648e-17 nan
5.821201456310189678e+04 1.672766158086143734e-16 1.746729272389509399e-16 nan 4.165063583231665704e-17 8.174969806195803508e-17 nan
5.819206714510419988e+04 1.528934368043817909e-16 1.671733023769210437e-16 nan 3.513507550066941548e-17 7.177535176198806136e-17 nan
5.833538045563660125e+04 1.526559929318233040e-16 1.624035416571949513e-16 nan 3.393331879948949475e-17 6.694911251895523823e-17 nan
5.806711827559029916e+04 1.523819338125294984e-16 1.613982913367215073e-16 nan 2.800677009261334911e-17 5.433831307728169360e-17 nan
5.833637971909720363e+04 1.566034032795596182e-16 1.688386806612495531e-16 nan 3.857888468928151923e-17 7.770046097502703893e-17 nan
5.796536762567130063e+04 2.320555719995043158e-16 3.329015508149859696e-16 nan 1.769174242704500393e-16 3.103719475712539569e-16 nan
5.777218087349540292e+04 1.348807635810996739e-16 1.398401784243267997e-16 4.379661174425806800e-17 3.268678460334662408e-17 5.953486272277281850e-17 2.652375161881781853e-17
5.771031584190970170e+04 1.699302829485641396e-16 1.646252975747943020e-16 nan 3.621536748735176360e-17 6.678132621534864902e-17 nan
5.802722786241900030e+04 1.482659505175731987e-16 1.562726602205222573e-16 4.825936354623591960e-17 2.973804696373755579e-17 5.937575753508817820e-17 2.549220713960801031e-17
5.800727823920139781e+04 1.457698709249606602e-16 1.522255146205866284e-16 4.563704144141702180e-17 2.808642471425279438e-17 5.439702188044408954e-17 2.335171980391026076e-17
5.775122365315970092e+04 1.356802634608670163e-16 1.508744761951919972e-16 nan 3.011620721583155913e-17 6.054265885785371198e-17 nan
5.833837424369210203e+04 1.545913669233846741e-16 1.615520055674957042e-16 nan 3.302535251288323489e-17 6.307423412677860202e-17 nan
5.802722991431709670e+04 1.462064952803686878e-16 1.609786255736887206e-16 4.756950059403132932e-17 2.975074923343121637e-17 6.312057140709134364e-17 2.541383699995786524e-17
5.773005960144680284e+04 1.569140355245181104e-16 1.639885524004797168e-16 nan 3.300267397563974532e-17 6.465610105542215645e-17 nan
5.792427877131939749e+04 1.623352970599889175e-16 1.694476213086198167e-16 4.873057182874927677e-17 3.116064378233463068e-17 6.102695802047869906e-17 2.463515593033538491e-17
5.787533455383100227e+04 nan nan nan nan nan nan
5.833837629008100339e+04 1.553515499689370409e-16 1.637942626988134504e-16 nan 3.309739493331770338e-17 6.414439186775904927e-17 nan
5.790430335493059829e+04 1.679759174106585595e-16 1.767178534251006420e-16 nan 3.180499162921012860e-17 6.341475451528434109e-17 nan
5.790430540251159982e+04 1.672221540723132475e-16 1.756453082522437927e-16 nan 3.135549178253777120e-17 6.225754687747747720e-17 nan
5.833837217414350016e+04 1.553925329764224949e-16 1.624798633607283569e-16 nan 3.329164424758176353e-17 6.366801422904422291e-17 nan
5.798533858755789697e+04 1.543710029919639318e-16 1.656825162266240080e-16 nan 2.751900606618563011e-17 5.455000714848274128e-17 nan
5.814907685391200357e+04 1.510845260376743700e-16 1.896050584796695613e-16 nan 3.630254729515398342e-17 9.748542512425248804e-17 nan
5.787533659894680022e+04 nan nan nan nan nan nan
5.802722581484950206e+04 1.473408453105889249e-16 1.606550773026845196e-16 4.819931010128805183e-17 2.993907198253311216e-17 6.274572046044758698e-17 2.572221362312373887e-17
5.808724157672449655e+04 1.647681312892891971e-16 2.378527609769631764e-15 nan 3.624884156999488376e-17 2.178157082031582293e-15 nan
5.787533865168980265e+04 nan nan nan nan nan nan
5.824233037000000331e+04 nan nan nan nan nan nan
5.833438367489579832e+04 nan nan nan nan nan nan
5.784001739725690277e+04 1.680912469423655001e-16 1.857860326568952211e-16 5.409167390810937766e-17 3.869304762500473525e-17 8.327766815587986904e-17 3.127740898589592189e-17
5.829532946312500280e+04 1.750800415018284559e-16 1.957134285254334160e-16 nan 4.128938293973058835e-17 9.662626692941463764e-17 nan
5.779215737432870083e+04 1.560507733273963911e-16 1.806257366560329124e-16 nan 4.305354829592826737e-17 1.001660828177771086e-16 nan
5.792428081768519769e+04 1.647007689805052834e-16 1.764902276195582479e-16 4.974937809650645096e-17 3.338524197730092308e-17 6.812062095178040104e-17 2.618766310817404852e-17
5.812924428798609733e+04 1.558320182869360763e-16 1.693545959832861689e-16 nan 3.833291469826419584e-17 7.745205632352921305e-17 nan
5.779215325717590167e+04 1.593988003974358705e-16 1.881312238062579002e-16 nan 4.332092008863866216e-17 1.046518346142419139e-16 nan
5.806712032084490056e+04 1.515462124587972120e-16 1.587775069784443104e-16 nan 2.785938874730534700e-17 5.309475943665307584e-17 nan
5.804717128001160017e+04 1.507173412986076586e-16 1.663521983863508800e-16 5.403284748982130796e-17 2.915300834060304140e-17 6.005097490322001144e-17 2.795104043601530522e-17
5.779215533016200061e+04 1.544200927069431984e-16 1.923996695254556104e-16 nan 4.266118100342164484e-17 1.097879158917504538e-16 nan
5.833538252938660298e+04 nan nan nan nan nan nan
5.812924838425929920e+04 1.538362242793806812e-16 1.690558781314001345e-16 nan 3.870831046170154051e-17 7.899737734573150093e-17 nan
5.784001944450230076e+04 1.689708269801178963e-16 1.793922617122553616e-16 5.416585921471209880e-17 3.943582626897041536e-17 8.002197679772629747e-17 3.159989904873489283e-17
5.824232832606480224e+04 nan nan nan nan nan nan
5.814907892689810251e+04 1.496609795298626859e-16 1.889879490945054327e-16 nan 3.598894978510388462e-17 9.726359829704593604e-17 nan
5.798534066471060214e+04 1.513238536159536813e-16 1.612287691540998251e-16 nan 2.707740911260211723e-17 5.279741362810506480e-17 nan
5.800728235692129965e+04 1.475418895237713593e-16 1.547707349174593528e-16 4.562465665890547914e-17 2.818085579510164203e-17 5.510767599238411271e-17 2.315677094302703274e-17
5.777217880186340335e+04 1.360961893863245209e-16 1.424504835248987025e-16 4.400034306662466271e-17 3.285994264929658897e-17 6.080612280154141941e-17 2.656473435236156718e-17
5.769027842137729749e+04 1.681808021750474430e-16 1.645648639110937960e-16 nan 3.166791753317640583e-17 5.644012421205062429e-17 nan
5.796537174803239759e+04 2.003256983978558974e-16 2.984906950310988866e-16 nan 1.217978224470424359e-16 2.614971799795416064e-16 nan
5.790430745078699692e+04 1.687441407813114085e-16 1.759694821825025882e-16 nan 3.154764842328500433e-17 6.213569249671591927e-17 nan
5.769027637618059816e+04 1.682148679087073679e-16 1.636175539663183125e-16 nan 3.167760133872513181e-17 5.597510835142368155e-17 nan
5.771031791396989865e+04 1.704137337784029718e-16 1.660669280868253598e-16 nan 3.627998866231385488e-17 6.756553941647539344e-17 nan
5.833637767010420066e+04 1.568007484797070090e-16 1.664420461969397858e-16 nan 3.870797934836520073e-17 7.620292718784634813e-17 nan
5.804717539915510133e+04 1.501143259407608530e-16 1.668125557470158538e-16 5.295934564608345642e-17 2.891136691613496537e-17 6.007800662997942907e-17 2.727829031375237457e-17
5.821201249052079947e+04 1.673180661756370193e-16 1.763606638882533947e-16 nan 4.140075607140469313e-17 8.242034608173685931e-17 nan
5.808724364856479951e+04 1.634596636159874801e-16 1.557733960756604036e-16 nan 3.604866004488999666e-17 6.473012106178965449e-17 nan
5.794530624362269737e+04 1.735076522876479991e-16 1.830462677010584264e-16 nan 4.104150986252260591e-17 8.645052102106842075e-17 nan
