5.829532741466440348e+04 2.864078021732604246e-16 3.158938951833583228e-16 2.110879259252191487e-14 2.842170843227658157e-16 2.894005842298543486e-16 2.109573580708420194e-14
5.808724157672449655e+04 2.472879617329610513e-16 2.361847311348214367e-16 nan 2.443175953501708526e-16 2.062971406557051699e-16 nan
5.829532946312500280e+04 2.850263020560925800e-16 3.053636353403755165e-16 3.990069366517048197e-14 2.827847506951245226e-16 2.789410369274630597e-16 3.988561268883163428e-14
5.775121951108799840e+04 1.938358596528345835e-16 2.348631939495558270e-16 nan 1.915170515701495520e-16 2.050627168114334917e-16 nan
5.796537174803239759e+04 1.347918611813429183e-15 1.488172292825073272e-15 nan 1.347430512525185955e-15 1.481309654160748501e-15 nan
5.779215325717590167e+04 2.742713512485382121e-16 3.029345685411471917e-16 nan 2.726301352454504517e-16 2.819433374069722886e-16 nan
5.817206415429399931e+04 2.313565978616515049e-16 2.759417519959689930e-16 nan 2.288658960589184717e-16 2.443051702421712278e-16 nan
5.784002148980319907e+04 2.734531727264171875e-16 3.071934258530424241e-16 2.730651111899186382e-16 2.711820477761417232e-16 2.789794603977769464e-16 2.724899969651309742e-16
5.798533858755789697e+04 1.458349519209109562e-16 1.988243187450863637e-16 nan 1.419310539322945913e-16 1.525616149797693299e-16 nan
5.819206921809029882e+04 2.148287635070185230e-16 2.631573046690788285e-16 nan 2.122211805220676389e-16 2.297742315633677092e-16 nan
5.796536967586810351e+04 9.878586291091773367e-16 1.020450187070895375e-15 nan 9.871741268510274754e-16 1.011465431712227999e-15 nan
5.814908097353010089e+04 2.704252255876218574e-16 3.291722176822479982e-16 nan 2.684269435899829313e-16 3.024297685009374901e-16 nan
5.812924428798609733e+04 2.358940518535347333e-16 2.864005165861708416e-16 nan 2.334941781994382075e-16 2.549360132009300167e-16 nan
5.775122365315970092e+04 1.992171354145006360e-16 2.365466695564951771e-16 nan 1.969757836008097557e-16 2.079843403502451817e-16 nan
5.771031791396989865e+04 2.621902640067096154e-16 2.450373064902139889e-16 nan 2.588401737752877741e-16 2.124714101851028063e-16 nan
5.787533455383100227e+04 nan nan nan nan nan nan
5.769027842137729749e+04 nan nan nan nan nan nan
5.779215533016200061e+04 2.800993839078013869e-16 3.017001575009529172e-16 nan 2.784882609491024998e-16 2.815325290613887410e-16 nan
5.821201456310189678e+04 2.994921451408158817e-16 2.949870138924937521e-16 nan 2.969540077218612049e-16 2.672185339999761164e-16 nan
5.833837217414350016e+04 2.135911271298743813e-16 2.663128701570246451e-16 nan 2.108434404720705741e-16 2.319125753044944279e-16 nan
5.773005960144680284e+04 2.283888915085053819e-16 2.579351553323917106e-16 nan 2.252876012478131755e-16 2.221268004289295160e-16 nan
5.781407271684030275e+04 2.303992505287440241e-16 2.704026564425752262e-16 2.286911444601052388e-16 2.283669413613067056e-16 2.439454296369833045e-16 2.281796594360619798e-16
5.794530829116899986e+04 3.101548292520798309e-16 2.551262598047874934e-16 nan 3.065798284326982287e-16 2.240135884280537952e-16 nan
5.829533153267359739e+04 2.800499691527565251e-16 2.977990911865073402e-16 2.712581704994308543e-13 2.777942336794696234e-16 2.713854591678286462e-16 2.712407061777282920e-13
5.781407476171299641e+04 2.290222493205812304e-16 2.669751798925805951e-16 2.286676796618552165e-16 2.269366786510096435e-16 2.401217548996481902e-16 2.281394725508152560e-16
5.802722786241900030e+04 1.785861507245789344e-16 2.227265855334579139e-16 1.783887118625445873e-16 1.756684481635301223e-16 1.867580141648051908e-16 1.776425262425279115e-16
5.802722581484950206e+04 1.787871430171974871e-16 2.264337526811997014e-16 1.773292181570490342e-16 1.759144025633422312e-16 1.904146716748849148e-16 1.765999105441475667e-16
5.800728235692129965e+04 1.599319206743775323e-16 1.978518351056380306e-16 1.600513038162812464e-16 1.566492536411900514e-16 1.596349142705128539e-16 1.592057566633554993e-16
5.794531036168980063e+04 3.066213460305928295e-16 2.475624122602193016e-16 nan 3.033803348967511239e-16 2.193886439310631996e-16 nan
5.812924838425929920e+04 2.393604127537185059e-16 2.851804141297234287e-16 nan 2.370672577786346700e-16 2.555672994625638293e-16 nan
5.806711620378470252e+04 1.594268986228291391e-16 2.089547262513364885e-16 nan 1.560066011519723381e-16 1.673700219940014593e-16 nan
5.769027637618059816e+04 nan nan nan nan nan nan
5.808724364856479951e+04 2.456069214631526556e-16 2.426174011821730102e-16 nan 2.425778783737583889e-16 2.113899490647005558e-16 nan
5.790430540251159982e+04 1.653008634678510893e-16 2.065585538949289703e-16 5.527788464201352011e-16 1.614665623956474742e-16 1.630222538058515719e-16 5.495251153563899720e-16
5.833638176340280188e+04 nan nan nan nan nan nan
5.773006371857639897e+04 2.053805926393620048e-16 2.458347857349188621e-16 nan 2.023005728165521557e-16 2.087080971716450206e-16 nan
5.821201249052079947e+04 2.922997061134928864e-16 2.840151892428084646e-16 nan 2.897848131277790765e-16 2.567651482238498577e-16 nan
5.808724569266199978e+04 2.475631436646796636e-16 2.411958495984045825e-16 nan 2.446561677324795920e-16 2.113232781143060801e-16 nan
5.773006167439820274e+04 2.251245749088760760e-16 2.538969010378810314e-16 nan 2.221177619424196097e-16 2.190043751792090177e-16 nan
5.794530624362269737e+04 6.326621903819805607e-16 2.721132931685829841e-16 nan 6.267329573000280892e-16 2.436963033332183281e-16 nan
5.804717539915510133e+04 1.599027921502980200e-16 2.102218013659448908e-16 1.576855838659575102e-16 1.565422932398741537e-16 1.690406129297141743e-16 1.568318182346403697e-16
5.781407066592590127e+04 2.239919233890823464e-16 2.614386677761898246e-16 2.283198809057760101e-16 2.220013455689713639e-16 2.355763990862101824e-16 2.278055299513908487e-16
5.833637767010420066e+04 2.762703101138508651e-16 3.298763386134551454e-16 nan 2.742134873386966171e-16 3.024350524694973059e-16 nan
5.812924633899309993e+04 2.327165022009513619e-16 2.833484620150394163e-16 nan 2.302862720477488252e-16 2.516111628443445378e-16 nan
5.817206622546300059e+04 2.321399109087094638e-16 2.790630109108804240e-16 nan 2.296811675472880734e-16 2.475365235165931270e-16 nan
5.804717335414350237e+04 1.561353692932819772e-16 2.023837876624495892e-16 1.553356882029788641e-16 1.527781021296295448e-16 1.619142411920657620e-16 1.544748160643053419e-16
5.819206714510419988e+04 2.104461929127290606e-16 2.522274268029589820e-16 nan 2.079267965325766997e-16 2.204103746763371475e-16 nan
5.800728031033559819e+04 1.575330963681121030e-16 1.991810980414561185e-16 1.580342086033295647e-16 1.542855624736988092e-16 1.605792544157813224e-16 1.571957046620014317e-16
5.833438367489579832e+04 nan nan nan nan nan nan
5.779215737432870083e+04 2.821763284532813619e-16 3.094766948220799222e-16 nan 2.805372468019443032e-16 2.887849922110893266e-16 nan
5.784001944450230076e+04 2.740807280049330289e-16 3.085409367151414883e-16 2.732634686044097972e-16 2.717720952538206741e-16 2.798445936255182803e-16 2.726796870303769357e-16
5.790430335493059829e+04 1.672420764598153839e-16 2.096124448769414180e-16 5.001561066330217854e-16 1.633858663567701376e-16 1.657452388589320774e-16 4.972221049011924473e-16
5.787533659894680022e+04 nan nan nan nan nan nan
5.824233037000000331e+04 nan nan nan nan nan nan
5.821201660828699823e+04 3.014631225849915304e-16 2.957615092871569581e-16 nan 2.989866836349925686e-16 2.686937515234048411e-16 nan
5.787533865168980265e+04 nan nan nan nan nan nan
5.814907685391200357e+04 2.674406221625575489e-16 3.124802612345940924e-16 nan 2.654325323129790196e-16 2.865575510604413721e-16 nan
5.806712032084490056e+04 1.535596003925783527e-16 2.063396879903336024e-16 nan 1.499903729173096421e-16 1.627484587886707143e-16 nan
5.829438320649309753e+04 2.301704636449826615e-16 2.712318837206460692e-16 2.697799130711303982e-15 2.274950624878127404e-16 2.379384497964154220e-16 2.690599430298459688e-15
5.792428081768519769e+04 1.878216719012200925e-16 2.416122053097019526e-16 1.866817692770005101e-16 1.846787240848859578e-16 2.019898637750772269e-16 1.858811954046037329e-16
5.784001739725690277e+04 2.623926975263055208e-16 2.972878004189941974e-16 2.660396462890381571e-16 2.599897157349948324e-16 2.675174841299128145e-16 2.654212221334918793e-16
5.824232628091429797e+04 nan nan nan nan nan nan
5.798534274004629697e+04 1.480646563265501587e-16 2.009338653169804463e-16 nan 1.442116669622363075e-16 1.551273804725322889e-16 nan
5.777217672754629893e+04 2.348152548318779184e-16 2.607170705887588516e-16 2.361054500857165270e-16 2.330840587499223384e-16 2.387657000970566315e-16 2.356651020717731544e-16
5.824232832606480224e+04 nan nan nan nan nan nan
5.790430745078699692e+04 1.632686208051716304e-16 2.079713523921746538e-16 5.949031675301865365e-16 1.592920122824277284e-16 1.626105305410942857e-16 5.912325329298254408e-16
5.802722991431709670e+04 1.788283396460138711e-16 2.212877585752953651e-16 1.781505067561136850e-16 1.759486327395870697e-16 1.857640877818659561e-16 1.774164418887211817e-16
5.833637971909720363e+04 2.708961217627571551e-16 3.125800901604068054e-16 nan 2.687124164978853803e-16 2.845088266331852174e-16 nan
5.792427877131939749e+04 1.692601360108783015e-16 2.205343509941343820e-16 1.687626910310905699e-16 1.656922075697430776e-16 1.773954823933264647e-16 1.678459880660819891e-16
5.771031376891199761e+04 2.607727953836051460e-16 2.471843523583219230e-16 nan 2.573939383452280329e-16 2.140013299968806306e-16 nan
5.833837629008100339e+04 2.031154657576227413e-16 2.522674359456898782e-16 nan 2.001779521593626919e-16 2.152096906329547816e-16 nan
5.798534066471060214e+04 1.472167802290899321e-16 2.028279490312531790e-16 nan 1.433506086023646975e-16 1.562064491855753929e-16 nan
5.817206208312499803e+04 2.258687987814409678e-16 2.665325502909238639e-16 nan 2.233413650420362255e-16 2.347446999366103780e-16 nan
5.833538252938660298e+04 nan nan nan nan nan nan
5.777217880186340335e+04 2.400994069329031348e-16 2.748060566738877441e-16 2.405413535742957411e-16 2.383193341658286171e-16 2.516851395773573087e-16 2.400900974951309085e-16
5.777218087349540292e+04 2.419622685265724315e-16 2.698290117556540904e-16 2.418597576279294683e-16 2.401932082751316966e-16 2.473750018565292667e-16 2.414123571618241866e-16
5.833837424369210203e+04 2.080735362791117541e-16 2.654260155456246515e-16 nan 2.052818851375020161e-16 2.300100435324284708e-16 nan
5.819207126362270355e+04 2.162390851327863741e-16 2.648917834183015665e-16 nan 2.137431356025129289e-16 2.324334208899221102e-16 nan
5.814907892689810251e+04 2.681186508680965625e-16 3.145363928292911882e-16 nan 2.661431618808814455e-16 2.890615877198410069e-16 nan
5.771031584190970170e+04 2.619865997349430455e-16 2.448777695031592840e-16 nan 2.585664882357062448e-16 2.116813569814790127e-16 nan
5.804717128001160017e+04 1.574361242391294159e-16 2.054184074674570312e-16 1.562985489295033373e-16 1.540726184904021254e-16 1.645588801197262925e-16 1.554380241947581792e-16
5.769027430456019647e+04 2.025498752982420842e-16 2.018392159818134333e-16 nan 1.977703687324734727e-16 1.586084009978231281e-16 nan
5.833538045563660125e+04 2.209047907080081357e-16 2.602524662058843722e-16 nan 2.184984797797893335e-16 2.298660242536974521e-16 nan
5.806711827559029916e+04 1.532735870226169220e-16 2.021243717034083519e-16 nan 1.497246742801220638e-16 1.594559055874528382e-16 nan
5.775122158401620254e+04 1.945440702615868764e-16 2.302463020396015663e-16 nan 1.922040814580185552e-16 2.007672244774790844e-16 nan
5.792428286165509780e+04 2.401594770252733551e-16 2.836622071242356780e-16 2.377099256784302243e-16 2.376503862613458962e-16 2.519595755865194967e-16 2.370783784433055182e-16
5.800727823920139781e+04 1.591677807347681078e-16 1.991769155886450271e-16 1.598988093800767512e-16 1.558919657888618628e-16 1.606066928557302822e-16 1.590518101393336771e-16
5.796536762567130063e+04 nan nan nan nan nan nan
