5.779215325717590167e+04 1.402269845653138406e-16 nan nan
5.792428081768519769e+04 1.644523347568641831e-16 nan 5.870505020648688134e-17
5.769027430456019647e+04 nan nan nan
5.769027637618059816e+04 nan nan nan
5.769027842137729749e+04 nan nan nan
5.771031376891199761e+04 1.462241095208748888e-16 nan nan
5.771031584190970170e+04 1.824053046978672072e-16 nan nan
5.771031791396989865e+04 1.758109571228402432e-16 nan nan
5.773005960144680284e+04 1.495031611841390003e-16 nan nan
5.773006167439820274e+04 1.478545231349309705e-16 nan nan
5.773006371857639897e+04 1.462148032266978144e-16 nan nan
5.775121951108799840e+04 1.314429059390865634e-16 nan nan
5.775122158401620254e+04 1.321719076655697632e-16 nan nan
5.775122365315970092e+04 1.283886579589183740e-16 nan nan
5.777217672754629893e+04 1.268621331726850049e-16 nan 5.407581510884177417e-17
5.777217880186340335e+04 1.292023268365830500e-16 nan 5.444360953712088806e-17
5.777218087349540292e+04 1.354805659267843415e-16 nan 7.037066881647564498e-17
5.779215533016200061e+04 1.329481538016870372e-16 nan nan
5.779215737432870083e+04 1.336350081428173107e-16 nan nan
5.781407066592590127e+04 1.630362924162016821e-16 nan 7.249772763976811671e-17
5.781407271684030275e+04 1.621284939677768451e-16 nan 6.545166560116882456e-17
5.781407476171299641e+04 1.673059037857833953e-16 nan 7.191519082825263398e-17
5.784001739725690277e+04 1.716496724773427546e-16 nan 7.292209247288976215e-17
5.784001944450230076e+04 1.660855009705086021e-16 nan 6.520392947567485962e-17
5.784002148980319907e+04 1.672612516304402527e-16 nan 6.815432967578927851e-17
5.787533455383100227e+04 nan nan nan
5.787533659894680022e+04 nan nan nan
5.787533865168980265e+04 nan nan nan
5.790430335493059829e+04 1.672638980507863016e-16 2.176354991759314625e-16 nan
5.790430540251159982e+04 1.671780216924966579e-16 2.079119455222721465e-16 nan
5.790430745078699692e+04 1.669838864426449055e-16 2.071809347112715842e-16 nan
5.792427877131939749e+04 1.644136200305700683e-16 2.217371146048584699e-16 6.003878526336491812e-17
5.792428286165509780e+04 1.657363656236048953e-16 nan 6.298570951146606848e-17
5.794530624362269737e+04 nan nan nan
5.794530829116899986e+04 nan nan nan
5.794531036168980063e+04 nan nan nan
5.796536762567130063e+04 nan nan nan
5.796536967586810351e+04 2.395441189594794903e-16 nan nan
5.796537174803239759e+04 2.555684993494250343e-16 nan nan
5.798533858755789697e+04 1.494560640482866351e-16 1.835332024793493340e-16 nan
5.798534066471060214e+04 1.495359526582633202e-16 1.969442523341264639e-16 nan
5.798534274004629697e+04 1.498900163389009292e-16 1.917121860968387247e-16 nan
5.800727823920139781e+04 1.511204740775364202e-16 nan 8.445792134419672239e-17
5.800728031033559819e+04 1.508902007351661618e-16 nan 8.320983775770296526e-17
5.800728235692129965e+04 1.507164391721433945e-16 nan 8.114854601537483271e-17
5.802722581484950206e+04 1.460980059575886502e-16 nan 5.915126512357745574e-17
5.802722786241900030e+04 1.446945654055572191e-16 nan 4.939230174681532748e-17
5.802722991431709670e+04 1.492587188929265264e-16 nan 6.031968833111159919e-17
5.804717128001160017e+04 1.490168550973744785e-16 1.913792951331630187e-16 5.648597267227496206e-17
5.804717335414350237e+04 1.511460237722389028e-16 1.967614008256974907e-16 6.062552022735041949e-17
5.804717539915510133e+04 1.497163497332075245e-16 1.973572405356672908e-16 5.866961590948070336e-17
5.806711620378470252e+04 1.527766008812603905e-16 1.905907913771831747e-16 nan
5.806711827559029916e+04 1.425784042537015749e-16 1.878552026760461051e-16 nan
5.806712032084490056e+04 1.452522937537977241e-16 1.998344942388986803e-16 nan
5.808724157672449655e+04 1.666013782964265338e-16 nan nan
5.808724364856479951e+04 1.599803451996200691e-16 nan nan
5.808724569266199978e+04 1.672272668601622233e-16 nan nan
