5.800728031033559819e+04 4.252334975603910082e-17 1.267879094595083437e-16 3.094594102566376026e-17 2.820626900132569193e-17 4.677350870782047941e-17 2.633115533481872939e-17
5.817206208312499803e+04 4.954684452738388531e-17 1.418581226927041198e-16 nan 3.632548524782239384e-17 6.472403539369031154e-17 nan
5.833438367489579832e+04 nan nan nan nan nan nan
5.814907892689810251e+04 4.862062636691201482e-17 1.417791284687462554e-16 nan 3.617370565667392024e-17 6.873703769010122902e-17 nan
5.833637767010420066e+04 5.385654312984605411e-17 1.549407745955499713e-16 nan 4.205091706423471055e-17 8.157944482207323651e-17 nan
5.777217672754629893e+04 4.478659960981003085e-17 1.191911671500116357e-16 3.537896077720350447e-17 3.458054433040222322e-17 5.694034574039522028e-17 3.230986908044348595e-17
5.829533153267359739e+04 5.331893317455137104e-17 1.393279803140144224e-16 1.856023625100894299e-13 3.980652808241570093e-17 6.616687112600890841e-17 1.855768374405089269e-13
5.792428286165509780e+04 5.183718810941588263e-17 1.478774120129921066e-16 3.896943235420124103e-17 3.857752916148305316e-17 6.990786052230791322e-17 3.491082091946619906e-17
5.806711827559029916e+04 4.376270927881133679e-17 1.338048869942894828e-16 nan 2.898034390635638333e-17 4.975612498749952668e-17 nan
5.833837629008100339e+04 4.966257599700563389e-17 1.467120352766171580e-16 nan 3.580072004078185658e-17 6.481337052435018282e-17 nan
5.775122158401620254e+04 4.414981522964914018e-17 1.251456951520268167e-16 nan 3.231439060213790479e-17 5.436509759545238925e-17 nan
5.817206622546300059e+04 4.968379648715325840e-17 1.453823050207272333e-16 nan 3.651000030893894070e-17 6.733632770781662568e-17 nan
5.833538045563660125e+04 4.811607726109330564e-17 1.369735146261881462e-16 nan 3.546570173175245884e-17 6.219957113201830396e-17 nan
5.814907685391200357e+04 4.901573348037533941e-17 1.425339546295256493e-16 nan 3.650321843350193716e-17 6.918991711838496132e-17 nan
5.787533659894680022e+04 nan nan nan nan nan nan
5.787533865168980265e+04 nan nan nan nan nan nan
5.819207126362270355e+04 4.847194024400001884e-17 1.431798183268204727e-16 nan 3.572555204818688349e-17 6.601589657169403595e-17 nan
5.779215737432870083e+04 4.801568635123451571e-17 1.284661042061772397e-16 nan 3.719102902073322291e-17 6.422216921182679913e-17 nan
5.819206921809029882e+04 4.893960291445524670e-17 1.439895873918877707e-16 nan 3.579827601505530039e-17 6.540207769733191204e-17 nan
5.794530829116899986e+04 7.027649303616603615e-17 1.356067993399875260e-16 nan 5.228726964470572564e-17 5.900748584433323983e-17 nan
5.781407066592590127e+04 4.603460504590893354e-17 1.288043766463963615e-16 3.654632900061356498e-17 3.509131733956593473e-17 6.112798247204921620e-17 3.318170615003644439e-17
5.794531036168980063e+04 6.714087837278406458e-17 1.273104038904553709e-16 nan 5.030780564804343928e-17 5.524643029701501761e-17 nan
5.784001944450230076e+04 5.467812262251224415e-17 1.495931907581085173e-16 4.177292448458496628e-17 4.158753886033865347e-17 7.411888877719597952e-17 3.776593260156417194e-17
5.771031791396989865e+04 6.041762238120196060e-17 1.346186239464087715e-16 nan 4.364390122698229513e-17 5.677140554268294569e-17 nan
5.802722786241900030e+04 4.375828736719237152e-17 1.318760227035246704e-16 3.193063770621920877e-17 2.968464523740568448e-17 5.160144683523315927e-17 2.745724374687100516e-17
5.833837217414350016e+04 4.976642332038576170e-17 1.466178319582604475e-16 nan 3.620060347001471792e-17 6.601277468211151811e-17 nan
5.775121951108799840e+04 4.382992697997732242e-17 1.273011253717332109e-16 nan 3.205468848452718937e-17 5.563788704479375682e-17 nan
5.790430540251159982e+04 4.705449556663540437e-17 1.364629396613438780e-16 1.340124398889696635e-16 3.100323953526276962e-17 5.031851497998320880e-17 1.198863353467480321e-16
5.771031584190970170e+04 6.101379552104858031e-17 1.358187954419328225e-16 nan 4.407191443258054228e-17 5.736392674822342584e-17 nan
5.777217880186340335e+04 4.570218220162597534e-17 1.260618512236223977e-16 3.583308539377081739e-17 3.517199575944900740e-17 6.098057914900889156e-17 3.266683554775989771e-17
5.779215325717590167e+04 4.727660173805016277e-17 1.278319952904184118e-16 nan 3.657175959879133331e-17 6.374724865357214793e-17 nan
5.784001739725690277e+04 5.390555086100981287e-17 1.483647648330262385e-16 4.175585323392408394e-17 4.062675210327662404e-17 7.209487832844731452e-17 3.761493108504802204e-17
5.821201249052079947e+04 6.024725838312218428e-17 1.390337342548241963e-16 nan 4.653871364950040038e-17 6.777973799468651325e-17 nan
5.821201456310189678e+04 6.113602165338067859e-17 1.434278632980836367e-16 nan 4.715666278088732535e-17 7.042697294460320956e-17 nan
5.777218087349540292e+04 4.587204825277487731e-17 1.229722773768938318e-16 3.591950083824986929e-17 3.537347483469166938e-17 5.923577434071977694e-17 3.277185333569662465e-17
5.796536762567130063e+04 nan nan nan nan nan nan
5.773005960144680284e+04 5.426682075319487462e-17 1.459911347780312055e-16 nan 3.921613629833020283e-17 6.421201247606022330e-17 nan
5.802722581484950206e+04 4.361443465960409526e-17 1.334849401021555147e-16 3.166729115150563716e-17 2.971957993718402985e-17 5.295027922343333932e-17 2.728908428080475744e-17
5.812924633899309993e+04 5.021235158259007060e-17 1.481449603145700662e-16 nan 3.736411310947986171e-17 7.048940067982240337e-17 nan
5.802722991431709670e+04 4.362711049569824884e-17 1.307369843410912390e-16 3.179842933808962921e-17 2.969294651232615480e-17 5.130480765730753590e-17 2.738851772848146812e-17
5.796537174803239759e+04 1.507655642546974718e-16 3.757860571125748377e-16 nan 1.463374776872977539e-16 3.476157060574450684e-16 nan
5.829532946312500280e+04 5.376087408001961494e-17 1.415748272596265579e-16 2.496156947701653747e-14 4.021758252034191950e-17 6.785708516781106664e-17 2.493745567129162832e-14
5.833538252938660298e+04 nan nan nan nan nan nan
5.812924838425929920e+04 4.992338045795850080e-17 1.440669322995531085e-16 nan 3.741418759509798174e-17 6.886259458945215760e-17 nan
5.800727823920139781e+04 4.298525141756920631e-17 1.267562693512453954e-16 3.133697239954632682e-17 2.855966408969292383e-17 4.679976395767538937e-17 2.668060918724427082e-17
5.833637971909720363e+04 5.453291040955322606e-17 1.510706654374018371e-16 nan 4.237324995521137964e-17 7.785438730863649142e-17 nan
5.784002148980319907e+04 5.437288343025962629e-17 1.481686665628192847e-16 4.170219298285957652e-17 4.146656260697840876e-17 7.359138663940262354e-17 3.775336271743386875e-17
5.792428081768519769e+04 4.742862674534540568e-17 1.457898429156124794e-16 3.466932636681026653e-17 3.284395421993471889e-17 6.064755238767385541e-17 3.006157040777530089e-17
5.798534066471060214e+04 4.418218808953596719e-17 1.389742411657557628e-16 nan 2.878684334947702346e-17 5.074561622976666609e-17 nan
5.824232628091429797e+04 nan nan nan nan nan nan
5.824233037000000331e+04 nan nan nan nan nan nan
5.792427877131939749e+04 4.626250933430551629e-17 1.418172312484506629e-16 3.332719388361260448e-17 3.074302810102652786e-17 5.427600099614451418e-17 2.832192927715024296e-17
5.808724364856479951e+04 5.522196266909900795e-17 1.311864701367028278e-16 nan 3.963246606929785950e-17 5.506720581356235717e-17 nan
5.771031376891199761e+04 6.047755968538556356e-17 1.365738244007793534e-16 nan 4.366604985783379146e-17 5.786946259544556506e-17 nan
5.779215533016200061e+04 4.775312331704841332e-17 1.252605074142963719e-16 nan 3.715383435742183424e-17 6.267196024769682229e-17 nan
5.773006371857639897e+04 5.033292489366430465e-17 1.437218901000062648e-16 nan 3.574545086246380432e-17 6.148422270463880842e-17 nan
5.781407476171299641e+04 4.749773428992803466e-17 1.327142140930392427e-16 3.675609242219437105e-17 3.612617051349030204e-17 6.321212794823485332e-17 3.331248330545552092e-17
5.798534274004629697e+04 4.423130029744690044e-17 1.370473529837989138e-16 nan 2.881441238218260751e-17 4.971984413605223295e-17 nan
5.821201660828699823e+04 6.074533227202652326e-17 1.419188642104321067e-16 nan 4.693631968099355067e-17 6.973109600947947866e-17 nan
5.794530624362269737e+04 1.542351222774732676e-16 1.363537197179305389e-16 nan 1.277545520561225615e-16 6.272623709533939967e-17 nan
5.817206415429399931e+04 4.973836168978768162e-17 1.444073956781320393e-16 nan 3.643662482060965674e-17 6.629224418430863227e-17 nan
5.833638176340280188e+04 nan nan nan nan nan nan
5.790430335493059829e+04 4.759906822599448516e-17 1.382831190303042260e-16 1.186304889017326399e-16 3.147539487511622418e-17 5.153957863491834915e-17 1.055788023096203279e-16
5.829438320649309753e+04 5.111783831071829980e-17 1.461842904037624874e-16 9.063015570458993890e-16 3.726384998021913166e-17 6.646666762914173845e-17 8.846398459031490439e-16
5.769027637618059816e+04 nan nan nan nan nan nan
5.796536967586810351e+04 1.209330563098570317e-16 2.730687407377786590e-16 nan 1.152080280495603072e-16 2.372978559192949854e-16 nan
5.800728235692129965e+04 4.307765750750199163e-17 1.256265529915039400e-16 3.124263549499798791e-17 2.857365906005298006e-17 4.604332759491381845e-17 2.657358414164903223e-17
5.804717335414350237e+04 4.353406522086425035e-17 1.311902852867014536e-16 3.163513577339771727e-17 2.929351089638187652e-17 4.967811334792299051e-17 2.709381080633010475e-17
5.814908097353010089e+04 4.901428834990190085e-17 1.494166391858533997e-16 nan 3.640909053232495369e-17 7.372074367012910984e-17 nan
5.808724569266199978e+04 5.438466320436486791e-17 1.279507242101138528e-16 nan 3.907456845899342399e-17 5.341795424174131960e-17 nan
5.833837424369210203e+04 4.922509894785237510e-17 1.482342161296817266e-16 nan 3.562535939941640015e-17 6.653595440770859510e-17 nan
5.790430745078699692e+04 4.751116312475968170e-17 1.395428772715666092e-16 1.504723507504532926e-16 3.121879656280342149e-17 5.159763390169716676e-17 1.352333449912979715e-16
5.787533455383100227e+04 nan nan nan nan nan nan
5.775122365315970092e+04 4.400118620871121347e-17 1.254754392723124253e-16 nan 3.237432115376672375e-17 5.520185516118692047e-17 nan
5.806711620378470252e+04 4.414493529743855584e-17 1.351839154352616907e-16 nan 2.949404873719056066e-17 5.123804867390582542e-17 nan
5.804717539915510133e+04 4.407004226052588225e-17 1.352771577175311509e-16 3.168211505694587725e-17 2.964380643881416406e-17 5.178254966921250052e-17 2.711516671748327293e-17
5.824232832606480224e+04 nan nan nan nan nan nan
5.808724157672449655e+04 5.502284227258988815e-17 1.264105172718208222e-16 nan 3.958869221636035388e-17 5.248715936704156160e-17 nan
5.829532741466440348e+04 5.345330545906187080e-17 1.450022018076084633e-16 1.180077533774892238e-14 4.008962134663359552e-17 7.063556942165070368e-17 1.177740392022832960e-14
5.819206714510419988e+04 4.767422693109556300e-17 1.371470660145085580e-16 nan 3.491109448750610671e-17 6.141153108097257726e-17 nan
5.812924428798609733e+04 5.020160405863417664e-17 1.485045490469020175e-16 nan 3.733267473959963444e-17 7.085701104042556898e-17 nan
5.781407271684030275e+04 4.710486883604129529e-17 1.328059111947321871e-16 3.626209980872957460e-17 3.586800706161665744e-17 6.347587004393159197e-17 3.288247722454571080e-17
5.806712032084490056e+04 4.397072322170807484e-17 1.368836476979279391e-16 nan 2.915451244293621573e-17 5.145995535588695921e-17 nan
5.769027430456019647e+04 5.969603759840906650e-17 1.342994140093295573e-16 nan 4.062368361185097781e-17 4.953673750038889786e-17 nan
5.798533858755789697e+04 4.417200585922259664e-17 1.368093532201050871e-16 nan 2.877076589499674857e-17 4.960580378636305266e-17 nan
5.804717128001160017e+04 4.380737837448826307e-17 1.330102108867388738e-16 3.177075467819544971e-17 2.951821392117068582e-17 5.074070456671826704e-17 2.722358942027960764e-17
5.773006167439820274e+04 5.319222398325123209e-17 1.430054335220233787e-16 nan 3.853100874220117712e-17 6.284770487311407245e-17 nan
5.769027842137729749e+04 nan nan nan nan nan nan
