5.792428286165509780e+04 2.409440429353550996e+02 8.663852483650439362e-01 4.840656509026495802e-01 1.227071596592283209e-01
5.775121951108799840e+04 2.460214506540619368e+02 8.776130314048706804e-01 4.632386980358323969e-01 1.233096741963922577e-01
5.817206622546300059e+04 2.516935054474620017e+02 8.563901115891666693e-01 5.034117654355283467e-01 1.147718222970218332e-01
5.819207126362270355e+04 2.340806842125701337e+02 8.613547176031883801e-01 4.924250176570220128e-01 1.248425105811834801e-01
5.784002148980319907e+04 2.358716182007674718e+02 8.550505210674141932e-01 5.039674624768771816e-01 1.220876864673941659e-01
5.829438320649309753e+04 2.609851630655889494e+02 8.766026065098927456e-01 4.670314031206581062e-01 1.159721464801424379e-01
5.794531036168980063e+04 2.520616387934060185e+02 8.190974039971158360e-01 5.639928632995011570e-01 1.048403210240021616e-01
5.769027430456019647e+04 3.025034722804988974e+02 9.078234429406285555e-01 4.053903803162974273e-01 1.073090676244614905e-01
5.781407066592590127e+04 2.386739761380817413e+02 8.664220626543986947e-01 4.836996711958320150e-01 1.238847748141034266e-01
5.833638176340280188e+04 nan nan nan nan
5.775122158401620254e+04 2.441049167246058005e+02 8.769888683695454823e-01 4.642084031592241811e-01 1.241011006891837715e-01
5.829532741466440348e+04 2.360548241167449817e+02 7.802330458152455517e-01 6.171857884076396017e-01 1.015780330854329921e-01
5.777217672754629893e+04 2.230385591484075007e+02 8.512799952232307232e-01 5.088658812888100513e-01 1.279761094614892958e-01
5.773006167439820274e+04 2.601742111686236854e+02 8.668436598995596931e-01 4.854289082562491253e-01 1.137578319109617403e-01
5.821201660828699823e+04 2.226137802614040311e+02 8.452051371033872940e-01 5.192803823787665030e-01 1.263968381353189618e-01
5.819206921809029882e+04 2.383211689006900826e+02 8.651320853505589659e-01 4.860504401202071501e-01 1.236990079020285765e-01
5.806711620378470252e+04 3.014401227934448571e+02 9.091208364072619341e-01 4.022887640797918052e-01 1.079956253989688281e-01
5.829533153267359739e+04 2.368972106068202095e+02 7.814225847693636595e-01 6.156876459165592230e-01 1.015256946693423035e-01
5.812924633899309993e+04 2.222592414045444968e+02 8.579166819211385686e-01 4.969563942494134579e-01 1.304350761721907725e-01
5.808724569266199978e+04 2.530435298989216335e+02 8.123219947465037949e-01 5.740932219990866336e-01 1.027129461449170084e-01
5.817206208312499803e+04 2.529111257831945068e+02 8.578247706497981184e-01 5.010019780400865042e-01 1.146022724885587957e-01
5.796536967586810351e+04 9.172843417346926742e+01 6.680240432322118727e-01 7.190445628712168746e-01 1.916214869711343194e-01
5.798534274004629697e+04 3.157184458642242930e+02 9.158090502090383556e-01 3.877440590603488668e-01 1.046342592969621843e-01
5.800728031033559819e+04 2.875167554111874324e+02 8.700764372898878163e-01 4.818832595190892243e-01 1.037088109477406206e-01
5.781407271684030275e+04 2.411159803142826661e+02 8.678348038807013332e-01 4.813795749367014709e-01 1.230303133666872384e-01
5.781407476171299641e+04 2.397345165133790204e+02 8.673440264602115812e-01 4.821177641198207131e-01 1.235993579428813216e-01
5.814908097353010089e+04 2.228920452681149413e+02 7.334606598938816502e-01 6.730512648951749721e-01 9.506553114056102982e-02
5.817206415429399931e+04 2.522045458562706131e+02 8.569541451453511760e-01 5.024696552187269960e-01 1.146901857290933552e-01
5.771031376891199761e+04 2.631242076471381210e+02 8.358498156390935518e-01 5.389040288774765708e-01 1.045826627874677089e-01
5.804717335414350237e+04 2.913001590295035612e+02 9.031102235330310535e-01 4.150057778244946594e-01 1.102820407972439631e-01
5.794530829116899986e+04 2.484022002343155009e+02 8.157619744745466805e-01 5.686808376256753395e-01 1.055201683032644527e-01
5.824232628091429797e+04 nan nan nan nan
5.773006371857639897e+04 2.693896565160132468e+02 8.727758485781771380e-01 4.752450752306038306e-01 1.113752064316858997e-01
5.821201456310189678e+04 2.228179945314322765e+02 8.453946375210410480e-01 5.189862338045323487e-01 1.263376269052682022e-01
5.819206714510419988e+04 2.396463552400698802e+02 8.667040128004148691e-01 4.833023743643479198e-01 1.234624199076053974e-01
5.833538045563660125e+04 2.482601327462735412e+02 8.682502853592549696e-01 4.814937667212585981e-01 1.196043250979937633e-01
5.806711827559029916e+04 3.050230271182118145e+02 9.106081931412984831e-01 3.991582709468290968e-01 1.070765768909213572e-01
5.833637971909720363e+04 2.227742193085411770e+02 8.480721483952778916e-01 5.143956762857243570e-01 1.271641432746271894e-01
5.796536762567130063e+04 4.600433947530990508e+01 5.083239782345773117e-01 8.322640719872291815e-01 2.212312085376056392e-01
5.777218087349540292e+04 2.211334035442207551e+02 8.465914718417228979e-01 5.167065028306544461e-01 1.276607603666076451e-01
5.771031584190970170e+04 2.635370908325738242e+02 8.369715108455715313e-01 5.371375573240838586e-01 1.046992576134042063e-01
5.802722786241900030e+04 2.745004155112974900e+02 8.487801720550813833e-01 5.185422158585920593e-01 1.033740291301823155e-01
5.800727823920139781e+04 2.863376074426394098e+02 8.688645580625731224e-01 4.840355235943670786e-01 1.038459996410848185e-01
5.775122365315970092e+04 2.441672905052037947e+02 8.762756609142297037e-01 4.656154671828863223e-01 1.238676826674021264e-01
5.833837424369210203e+04 2.602880394089850142e+02 8.884779381140340826e-01 4.430999194054430212e-01 1.194546562823078639e-01
5.802722991431709670e+04 2.695833547789200111e+02 8.449618540485391849e-01 5.245549806408629223e-01 1.043146082182116324e-01
5.773005960144680284e+04 2.645398670552528415e+02 8.693411900521863522e-01 4.812315091298839942e-01 1.125261298509045160e-01
5.792427877131939749e+04 2.941274492450045273e+02 8.957219258671949014e-01 4.314376053495562191e-01 1.074421900884572623e-01
5.787533455383100227e+04 nan nan nan nan
5.833837629008100339e+04 2.612806019409733267e+02 8.889261937526302670e-01 4.422899676382998635e-01 1.191209745887479438e-01
5.790430335493059829e+04 3.005500494418191124e+02 9.023639297898977674e-01 4.175548157839799046e-01 1.067113584851176328e-01
5.790430540251159982e+04 3.034362777095579986e+02 9.039521291137143644e-01 4.142704107532819702e-01 1.060687279318922316e-01
5.833837217414350016e+04 2.597642407527619071e+02 8.891588561519219169e-01 4.416169585865271086e-01 1.198790657929551112e-01
5.798533858755789697e+04 3.158420945028274787e+02 9.161180020970234317e-01 3.870055282225877691e-01 1.046638780043719907e-01
5.814907685391200357e+04 2.238515411710988872e+02 7.372837234457765287e-01 6.687782028457964767e-01 9.564740738921542751e-02
5.787533659894680022e+04 nan nan nan nan
5.802722581484950206e+04 2.703771510944931720e+02 8.459209057935483944e-01 5.230209235959145664e-01 1.042445903742687252e-01
5.808724157672449655e+04 2.524632243151288264e+02 8.127980033194420750e-01 5.733550705745336096e-01 1.030697280795864895e-01
5.787533865168980265e+04 nan nan nan nan
5.824233037000000331e+04 nan nan nan nan
5.833438367489579832e+04 nan nan nan nan
5.784001739725690277e+04 2.431354538210079568e+02 8.603932413195399809e-01 4.953195608097473168e-01 1.199249889343107639e-01
5.829532946312500280e+04 2.362395264667937909e+02 7.805790114364234977e-01 6.167464258469615990e-01 1.015886465602051786e-01
5.779215737432870083e+04 1.931501961325514287e+02 7.106441214022576336e-01 6.959734630015969037e-01 1.029848120548756962e-01
5.792428081768519769e+04 2.782881950803053428e+02 8.896450936514916918e-01 4.426993444539060185e-01 1.120218628746663531e-01
5.812924428798609733e+04 2.232356024237017209e+02 8.573568998921876627e-01 4.981147524563120377e-01 1.296951795273985075e-01
5.779215325717590167e+04 1.972976850981939663e+02 7.171351125283447203e-01 6.893301683827055548e-01 1.026700995247854936e-01
5.806712032084490056e+04 3.046661932358069862e+02 9.106518459934840326e-01 3.990222366112004537e-01 1.072122664551731497e-01
5.804717128001160017e+04 2.882263883934077739e+02 9.012757811112269701e-01 4.187835709996688416e-01 1.110057973401076814e-01
5.779215533016200061e+04 1.924900129571102241e+02 7.103897132142806825e-01 6.961917787259507273e-01 1.032640430824254690e-01
5.833538252938660298e+04 nan nan nan nan
5.812924838425929920e+04 2.172017863514243459e+02 8.523299554784482535e-01 5.061406357815390056e-01 1.317395301523648088e-01
5.784001944450230076e+04 2.397527692536077666e+02 8.584798614318255305e-01 4.983500368822794124e-01 1.210767040161922631e-01
5.824232832606480224e+04 nan nan nan nan
5.814907892689810251e+04 2.232347506276728950e+02 7.354730402921958454e-01 6.707983242659232292e-01 9.544116075039779656e-02
5.798534066471060214e+04 3.134752810945117290e+02 9.149796347496392812e-01 3.895470039075689672e-01 1.051922037988226033e-01
5.800728235692129965e+04 2.896827504873519956e+02 8.719097593590703354e-01 4.786319153750964173e-01 1.033676018817051290e-01
5.777217880186340335e+04 2.224000267900593713e+02 8.489905665888750619e-01 5.127567056982502702e-01 1.276541366528280708e-01
5.769027842137729749e+04 3.026065827009650206e+02 9.078291895755625784e-01 4.053868291766630216e-01 1.072738611436558354e-01
5.796537174803239759e+04 7.234745663534950211e+01 6.110854289085081437e-01 7.650113309939090556e-01 2.033033743611560307e-01
5.790430745078699692e+04 3.049197902858773546e+02 9.046579510311213435e-01 4.128168914041345783e-01 1.057175756797333471e-01
5.769027637618059816e+04 3.025778637137013902e+02 9.076605274093445530e-01 4.057721678740033866e-01 1.072441828810411640e-01
5.771031791396989865e+04 2.639830108695223885e+02 8.371159474210005946e-01 5.369398619107941251e-01 1.045584777273368821e-01
5.833637767010420066e+04 2.223330980282645442e+02 8.483025764698239879e-01 5.139359266303981100e-01 1.274856936021163123e-01
5.804717539915510133e+04 2.893535180183238253e+02 9.017712770486079332e-01 4.177980128555486838e-01 1.106950059581626733e-01
5.821201249052079947e+04 2.243853302978422448e+02 8.468563692170879564e-01 5.167070319345206109e-01 1.258893683591647827e-01
5.808724364856479951e+04 2.513869227409889504e+02 8.115139281191149356e-01 5.751505557907102828e-01 1.031842170214083837e-01
5.794530624362269737e+04 2.357907030239480264e+02 8.043834309022400708e-01 5.841960541137584118e-01 1.080845338050547694e-01
