5.806711888200000249e+04 5.077732410123077216e+02 3.493684638407737464e-01 4.201793328400366470e-03 6.464297428308258819e-01
5.804717397000000346e+04 4.909495176048766325e+02 3.390360798986415403e-01 9.767939705931405134e-03 6.511959803954271431e-01
5.779215594399999827e+04 3.803811174429205266e+02 2.648504633509972117e-01 7.315085438965762688e-02 6.619986822593451059e-01
5.777217943399999785e+04 3.693699292719627465e+02 2.661612909305896002e-01 2.481580175597040278e-02 7.090229073134399762e-01
5.775122219000000041e+04 4.048908955699052967e+02 2.823211763142587372e-01 5.377611907358469112e-02 6.639027046121566134e-01
5.773006228399999964e+04 4.740616678123902261e+02 3.313907575608617817e-01 1.334549386106066802e-03 6.672746930530321086e-01
5.771031645199999912e+04 4.665119628502328055e+02 3.228395602911591777e-01 2.321506094607807616e-02 6.539453787627627079e-01
5.769027698399999645e+04 4.939009242663418604e+02 3.281010444278066873e-01 6.929899541775982885e-02 6.025999601544334006e-01
5.802722847999999794e+04 nan nan nan nan
5.800728091799999675e+04 5.270526565309075977e+02 3.586228434146166988e-01 9.167046594862556658e-03 6.322101099905208521e-01
5.798534127399999852e+04 5.236832814195522587e+02 3.525083467693385653e-01 2.877053213112829369e-02 6.187211210995331445e-01
5.794530865667000035e+04 nan nan nan nan
5.792428145000000222e+04 4.429120701374395708e+02 3.124848304232263341e-01 7.816534305618284134e-03 6.796986352711554824e-01
5.790430602399999771e+04 5.390976331060991242e+02 3.662571741459134667e-01 3.466519683935830216e-03 6.302763061701506242e-01
5.784001967000000150e+04 nan nan nan nan
5.781407333400000061e+04 3.478359986837987208e+02 2.515520750734824840e-01 3.428005763022216185e-02 7.141678672962953334e-01
