5.771031441199999972e+04 2.126568448381670464e+02 4.777796486759690042e-01 2.737689990399604437e-02 8.780530238332501236e-01
5.792427942800000164e+04 2.241439044330061563e+02 4.888010217942674873e-01 2.846019272888459031e-02 8.719309482537679346e-01
5.829532805999999982e+04 1.837153472244341685e+02 4.479764306621565328e-01 3.031771325172968531e-02 8.935311711598985518e-01
5.814907750600000145e+04 1.843821333585252660e+02 4.487074243567031329e-01 2.900918716122246818e-02 8.932077666407848282e-01
5.806711679400000139e+04 2.240594896982610749e+02 4.887093567440910502e-01 2.995290978562541867e-02 8.719323298434065173e-01
5.819206780199999776e+04 1.772288273257815661e+02 4.408329508338120761e-01 3.439311576822209199e-02 8.969299989669804463e-01
5.821201311800000258e+04 1.707028921046835706e+02 4.335066717822159132e-01 3.358101087443399885e-02 9.005244478796550212e-01
5.800727888800000073e+04 2.317529824023523304e+02 4.958731640052086442e-01 2.984279818442939908e-02 8.678820268999624110e-01
5.769027495199999976e+04 2.323357694808593124e+02 4.964593656089551499e-01 2.308081480609806141e-02 8.677530606612923192e-01
5.833538066499999695e+04 nan nan nan nan
5.808724220600000262e+04 2.160583321476100878e+02 4.810983822346055483e-01 2.612167812263641725e-02 8.762773559457659456e-01
5.784001806000000215e+04 nan nan nan nan
5.773006016000000091e+04 2.000781194068828199e+02 4.651490477457915218e-01 3.438113305626873395e-02 8.845644697086529895e-01
5.804717194600000221e+04 2.038932319625035063e+02 4.691051717245117714e-01 2.307108072291156123e-02 8.828409047476183380e-01
5.812924491400000261e+04 1.875953284579309184e+02 4.521003356002287754e-01 3.611995865989155868e-02 8.912354543758725933e-01
5.802722648599999957e+04 2.105195936795427656e+02 4.757313918234180039e-01 1.930936930118173911e-02 8.793786392055155110e-01
5.794530697499999951e+04 nan nan nan nan
5.833837271000000328e+04 1.867149963758018316e+02 4.511835524788110896e-01 3.330275984028129022e-02 8.918095806614888543e-01
5.790430399600000237e+04 2.441933243001963092e+02 5.070893775175056017e-01 3.058082218252055132e-02 8.613507859888152041e-01
5.779215390399999887e+04 1.785553435618669198e+02 4.423684903613610553e-01 2.519392892067102291e-02 8.964794390731728457e-01
5.798533924600000319e+04 2.338203841055471059e+02 4.978409773083190548e-01 1.949610658513992872e-02 8.670491699671469821e-01
5.810923072600000160e+04 1.943250563484784834e+02 4.592825086588827044e-01 2.550367699474517802e-02 8.879240618992993994e-01
5.829438354999999865e+04 1.742584180434105008e+02 4.374392572630070863e-01 4.281899940347620032e-02 8.982279384962782443e-01
5.833637822500000038e+04 1.426961400312761725e+02 3.997699716502790546e-01 3.009874913550818903e-02 9.161211901638411925e-01
5.817206272599999647e+04 1.708958853530209012e+02 4.337551926135151392e-01 2.976120442018318282e-02 9.005391183020715618e-01
5.781407131400000071e+04 1.564771353992927629e+02 4.168918476128027906e-01 2.772855936299966143e-02 9.085330562998994441e-01
