5.386998493056000007e+04 nan nan nan nan
5.386998309490999964e+04 nan nan nan nan
5.798534345249999751e+04 6.454292716453446701e+02 7.318401363273068227e-01 6.056932862530763767e-02 6.787793244422728467e-01
5.386998401156999898e+04 nan nan nan nan
5.781407543499999883e+04 nan nan nan nan
5.790430812000000151e+04 6.408245864920597796e+02 7.303855746643355129e-01 5.343327372841130685e-02 6.809418459611021879e-01
5.386998676156999863e+04 nan nan nan nan
5.769027908200000093e+04 6.340499242514783873e+02 7.276932702069528469e-01 6.135367440607602391e-02 6.831531534966254204e-01
5.800728301600000123e+04 nan nan nan nan
5.829533190666999872e+04 5.114994915487218918e+02 6.753474911805734671e-01 1.091317933928171308e-01 7.293805713254041256e-01
5.779215804000000207e+04 nan nan nan nan
5.386998584953999671e+04 nan nan nan nan
5.386998767824000242e+04 nan nan nan nan
