5.800728031033559819e+04 2.292820318753500430e+02 8.371273037762664293e-01 5.335963091152842175e-01 1.203862789973364350e-01
5.769027842137729749e+04 nan nan nan nan
5.796536967586810351e+04 7.148442083979118422e+01 6.212148466410094549e-01 7.542401204723964137e-01 2.126357330802423617e-01
5.829532946312500280e+04 1.812077077589449061e+02 7.264037744697309229e-01 6.776301883344680865e-01 1.146947439681597625e-01
5.819207126362270355e+04 1.756854519842901823e+02 8.220789784430320157e-01 5.488436886383711855e-01 1.515148792821598978e-01
5.833637767010420066e+04 1.741320606286747648e+02 8.113027078208757681e-01 5.653504720244227899e-01 1.488850565512778445e-01
5.800728235692129965e+04 2.280910730737739414e+02 8.368360692737536466e-01 5.339299242390199707e-01 1.209306791702080414e-01
5.833438367489579832e+04 nan nan nan nan
5.794530829116899986e+04 nan nan nan nan
5.794530624362269737e+04 nan nan nan nan
5.784001944450230076e+04 1.868806837635534919e+02 8.343307537707098653e-01 5.313819214147186276e-01 1.467155305548826505e-01
5.824232832606480224e+04 nan nan nan nan
5.779215533016200061e+04 1.270945970497442374e+02 6.131914126660089615e-01 7.812922597022233795e-01 1.165276635055293719e-01
5.779215325717590167e+04 2.424497721012628304e+01 2.963497427642403093e-01 9.443624046207581557e-01 1.426761322102196028e-01
5.794531036168980063e+04 nan nan nan nan
5.800727823920139781e+04 2.270792566256946259e+02 8.352380340878651221e-01 5.364093249967989419e-01 1.210060431115608237e-01
5.814907685391200357e+04 nan nan nan nan
5.787533455383100227e+04 nan nan nan nan
5.802722581484950206e+04 2.169011047531331826e+02 8.087648191769520878e-01 5.760126360429359549e-01 1.187809344151667668e-01
5.798534274004629697e+04 2.594044455653860837e+02 8.944197633867175812e-01 4.304164306575023469e-01 1.214700913118260256e-01
5.781407066592590127e+04 1.890585343847600370e+02 8.387193186667620814e-01 5.244725925892784746e-01 1.465551231374830621e-01
5.775122365315970092e+04 1.874498984935400756e+02 8.374298686346073328e-01 5.263047012302398686e-01 1.473586664623848519e-01
5.792428081768519769e+04 2.295243079545689397e+02 8.738401486490744441e-01 4.682224636293896292e-01 1.310386170630176983e-01
5.773005960144680284e+04 2.132936635643228271e+02 8.299121209950102163e-01 5.432023352507112657e-01 1.271892071039728567e-01
5.804717335414350237e+04 2.396931977661416227e+02 8.812140934050745056e-01 4.551685684032362178e-01 1.276060183612869048e-01
5.824233037000000331e+04 nan nan nan nan
5.775121951108799840e+04 1.913480096804949824e+02 8.422109441725363910e-01 5.190008506890860795e-01 1.460097342645676477e-01
5.798534066471060214e+04 2.589634496404249830e+02 8.942263205303395690e-01 4.307746655869055252e-01 1.216243197689513000e-01
5.790430540251159982e+04 2.441545558461739631e+02 8.827289284049307794e-01 4.527557785096878451e-01 1.257053856569757821e-01
5.806711620378470252e+04 2.516950247103301024e+02 8.889859756964341164e-01 4.409179309250293444e-01 1.236742220668886338e-01
5.817206622546300059e+04 1.880235018886260718e+02 8.069745826046459403e-01 5.746147938263673760e-01 1.364179670935557753e-01
5.806712032084490056e+04 2.483888111326862713e+02 8.872787290576490404e-01 4.440175106570884433e-01 1.248395257589731688e-01
5.771031584190970170e+04 2.091099503687597405e+02 7.825139360139659050e-01 6.118570271637481239e-01 1.153382774896142965e-01
5.792428286165509780e+04 1.975360537826873326e+02 8.465831999419489717e-01 5.127125449991813966e-01 1.429081235497562941e-01
5.787533865168980265e+04 nan nan nan nan
5.790430745078699692e+04 2.448231913155185566e+02 8.831086078723173749e-01 4.520801716748796273e-01 1.254699369579364843e-01
5.808724569266199978e+04 1.913523713865951663e+02 7.586519525266578468e-01 6.406337695374466623e-01 1.184718880398692858e-01
5.821201456310189678e+04 1.609506568120104077e+02 8.025872150677351158e-01 5.753300077440254290e-01 1.576361138796462391e-01
5.777218087349540292e+04 1.625370838491947154e+02 7.906028565700322641e-01 5.932990696539806041e-01 1.514705817346262418e-01
5.833638176340280188e+04 nan nan nan nan
5.833837629008100339e+04 2.081030217505555413e+02 8.581621901671843133e-01 4.940938496971507554e-01 1.393876718325930131e-01
5.771031791396989865e+04 2.043002204728128390e+02 7.756535897279495106e-01 6.204088933223917968e-01 1.159927317922588158e-01
5.796537174803239759e+04 5.787254699255876744e+01 5.715124924929850803e-01 7.899084808909876410e-01 2.223017380520173336e-01
5.769027430456019647e+04 nan nan nan nan
5.784002148980319907e+04 1.833914604855378059e+02 8.297305683881566196e-01 5.382227807624609950e-01 1.478628491223891450e-01
5.804717128001160017e+04 2.388447190826954909e+02 8.805400639364824311e-01 4.563990803148316733e-01 1.278635025740771647e-01
5.814907892689810251e+04 nan nan nan nan
5.781407476171299641e+04 1.916567207336185845e+02 8.397802873150838066e-01 5.232237629321607741e-01 1.449343400995961595e-01
5.812924838425929920e+04 1.476734311574010974e+02 7.888489592082239543e-01 5.917506002007912880e-01 1.659775488375017649e-01
5.777217672754629893e+04 1.635656684088108079e+02 7.994611521461576498e-01 5.806665193521097779e-01 1.539099071296066157e-01
5.829533153267359739e+04 1.826335510155206521e+02 7.291681475676876634e-01 6.746593730971732761e-01 1.146670958245469552e-01
5.769027637618059816e+04 nan nan nan nan
5.829438320649309753e+04 2.142215636688443112e+02 8.571239509632836429e-01 4.970836714233665687e-01 1.350790742097272568e-01
5.812924633899309993e+04 1.505482925719460923e+02 7.947533542951044083e-01 5.840018024424761256e-01 1.652543511700056422e-01
5.833538045563660125e+04 2.011545407229773161e+02 8.390879877314735280e-01 5.262366539415339606e-01 1.378634574249637534e-01
5.814908097353010089e+04 nan nan nan nan
5.784001739725690277e+04 1.913067574114227227e+02 8.387211370431852941e-01 5.249477375716927741e-01 1.448334460521722156e-01
5.787533659894680022e+04 nan nan nan nan
5.824232628091429797e+04 nan nan nan nan
5.833837424369210203e+04 2.071479198775662383e+02 8.574876695759626744e-01 4.951443976963519900e-01 1.398103070417247018e-01
5.798533858755789697e+04 2.589788632808731563e+02 8.942988998513334842e-01 4.306204370660482450e-01 1.216368238065276969e-01
5.779215737432870083e+04 1.281420816738587121e+02 6.168550980755844737e-01 7.783380191060609299e-01 1.169603180237398649e-01
5.819206921809029882e+04 1.734460553866753969e+02 8.200438311430241489e-01 5.515497278177269314e-01 1.527121892596091379e-01
5.777217880186340335e+04 1.632478355243935368e+02 7.963183042241067655e-01 5.852079258564051312e-01 1.529994832425500273e-01
5.806711827559029916e+04 2.471773219931502865e+02 8.865924134892889663e-01 4.452689925679920169e-01 1.252574013810084652e-01
5.833538252938660298e+04 nan nan nan nan
5.802722991431709670e+04 2.190380201166933034e+02 8.101452614286842602e-01 5.742255598757080026e-01 1.180239881129188512e-01
5.804717539915510133e+04 2.385668951650560530e+02 8.802160803988323678e-01 4.570082932555332711e-01 1.279182227166274777e-01
5.771031376891199761e+04 2.055667154350948920e+02 7.782416731679785427e-01 6.171487700378190944e-01 1.160486698997984928e-01
5.775122158401620254e+04 1.889660950295334771e+02 8.399798189863296738e-01 5.223073273036757946e-01 1.470678739241969568e-01
5.833837217414350016e+04 2.045579590203611815e+02 8.554664168689840587e-01 4.983176785191819613e-01 1.409138065790377925e-01
5.833637971909720363e+04 1.745993942567758950e+02 8.119773536662400204e-01 5.644210240437455006e-01 1.487336032999243551e-01
5.808724364856479951e+04 1.909651994976248091e+02 7.581983660194330232e-01 6.411523622970088931e-01 1.185701736796688499e-01
5.812924428798609733e+04 1.513379407904792231e+02 7.890021826509577840e-01 5.926420476927565240e-01 1.620214772138598158e-01
5.796536762567130063e+04 nan nan nan nan
5.819206714510419988e+04 1.766117913096360894e+02 8.242708236232283436e-01 5.455435802083226093e-01 1.515249531165419883e-01
5.802722786241900030e+04 2.188079549921399405e+02 8.103749332772953728e-01 5.738620581796544107e-01 1.182150823610497725e-01
5.821201249052079947e+04 1.622822625044358631e+02 8.043672433307644809e-01 5.730032737546231214e-01 1.570368941457740974e-01
5.773006371857639897e+04 2.185354864359457281e+02 8.349370506790954050e-01 5.358107350482120834e-01 1.256462399373278749e-01
5.817206208312499803e+04 1.902064422353021484e+02 8.108683083540367820e-01 5.691694864168949097e-01 1.361568295716052146e-01
5.817206415429399931e+04 1.890305541829783920e+02 8.081687691947043728e-01 5.730112631124898437e-01 1.360931035892179175e-01
5.808724157672449655e+04 1.913008724645592622e+02 7.588260401065139993e-01 6.404115866975960136e-01 1.185581733991157294e-01
5.773006167439820274e+04 2.085340123563571524e+02 8.256959850225196185e-01 5.492207696796134186e-01 1.287737802125261122e-01
5.829532741466440348e+04 1.813358986362541145e+02 7.264815164862501451e-01 6.775564108741783942e-01 1.146381973302950802e-01
5.781407271684030275e+04 1.905099201189148346e+02 8.389773435940813817e-01 5.243458668090222874e-01 1.455281034581072108e-01
5.821201660828699823e+04 1.606615458781925270e+02 8.021460603782792909e-01 5.759147742875859732e-01 1.577462220685017791e-01
5.792427877131939749e+04 2.434109693457363619e+02 8.845255506102236431e-01 4.489835017835239195e-01 1.266031810180335282e-01
5.790430335493059829e+04 2.407273836641213336e+02 8.806638585165794675e-01 4.564293634887549023e-01 1.268991900996233602e-01
