5.796536762567130063e+04 nan nan nan nan
5.794530829116899986e+04 nan nan nan nan
5.819207126362270355e+04 7.296204874134049589e+01 6.110171490655109672e-01 7.655307501176638052e-01 2.015458115966248798e-01
5.781407066592590127e+04 6.326439898473706336e+01 5.828313095665091925e-01 7.845887692460944418e-01 2.114902545317079163e-01
5.833438367489579832e+04 nan nan nan nan
5.806711827559029916e+04 9.151950429913809160e+01 6.714209603446659180e-01 7.152281021132492755e-01 1.940171537708098026e-01
5.769027842137729749e+04 8.923723929904861052e+01 6.644812874132056679e-01 7.214454839227897320e-01 1.948872299692836207e-01
5.804717539915510133e+04 8.296895882027949654e+01 6.509914715475665359e-01 7.319385722895003221e-01 2.011865561292351112e-01
5.790430335493059829e+04 9.241792881577937635e+01 6.661222648386316836e-01 7.214695718135610836e-01 1.891105106370580546e-01
5.817206622546300059e+04 7.346332535758429572e+01 6.055833453394068311e-01 7.711076264579290740e-01 1.966261433938822911e-01
5.802722786241900030e+04 8.754820228989611053e+01 6.567001366283542474e-01 7.287663505525411312e-01 1.940220009551275326e-01
5.769027430456019647e+04 8.817568053494402136e+01 6.617370093537703335e-01 7.237691233802743263e-01 1.956077362807450426e-01
5.814907892689810251e+04 7.257988901221709455e+01 5.959162926529816273e-01 7.795795273218507626e-01 1.927161973767795577e-01
5.824232832606480224e+04 nan nan nan nan
5.779215325717590167e+04 6.858439386940315785e+01 5.810280030187675582e-01 7.904536912873114662e-01 1.938799155103154703e-01
5.777217672754629893e+04 6.532868816777072141e+01 5.814022665330161876e-01 7.876770793232438228e-01 2.038043747790410087e-01
5.812924428798609733e+04 6.630245338272723643e+01 5.790781755990570545e-01 7.905594665985623548e-01 1.992089262966502683e-01
5.833637971909720363e+04 6.392322035527614332e+01 5.831597503238342695e-01 7.848662083964647040e-01 2.095465115901495035e-01
5.792428286165509780e+04 6.759408118847828462e+01 5.898484206901044580e-01 7.816495072028546431e-01 2.027384731592015987e-01
5.790430540251159982e+04 9.272525900934824961e+01 6.677988496729665435e-01 7.198330111429488420e-01 1.894337151732450042e-01
5.800728031033559819e+04 2.347395716418721534e+01 3.797999066531086987e-01 8.928429877635865042e-01 2.420401415213644936e-01
5.833638176340280188e+04 nan nan nan nan
5.784001944450230076e+04 7.110625330120377896e+01 5.885835586481473758e-01 7.853306384236390381e-01 1.918988870270032510e-01
5.787533865168980265e+04 nan nan nan nan
5.808724364856479951e+04 8.228661224143499453e+01 6.330057786881704285e-01 7.500107862192308961e-01 1.918006900461879660e-01
5.777217880186340335e+04 6.396126609253894912e+01 5.759691698095968926e-01 7.915335972398624964e-01 2.042892064436274135e-01
5.817206415429399931e+04 7.375081380123270947e+01 6.063297696875481479e-01 7.705930948878261244e-01 1.963427933534782621e-01
5.773006371857639897e+04 8.303696508127029574e+01 6.488391652151530575e-01 7.342545505586008936e-01 1.996947487213684980e-01
5.814907685391200357e+04 7.181395615982881964e+01 5.942986752111742987e-01 7.805660369659146447e-01 1.937156332812853821e-01
5.787533455383100227e+04 nan nan nan nan
5.833837217414350016e+04 7.503239988375902669e+01 6.273818176248286971e-01 7.507988552743229960e-01 2.066231686731487271e-01
5.790430745078699692e+04 9.403640220086380452e+01 6.714923071153715561e-01 7.165391295826507578e-01 1.888643885485370988e-01
5.794531036168980063e+04 nan nan nan nan
5.779215533016200061e+04 6.677167710036476933e+01 5.746959118850256676e-01 7.948378835094743744e-01 1.948264555978420909e-01
5.824233037000000331e+04 nan nan nan nan
5.800728235692129965e+04 9.331792100019900715e+01 6.759797492635976068e-01 7.112329165798223496e-01 1.928707260288174963e-01
5.800727823920139781e+04 9.342840287901449869e+01 6.760417180427827910e-01 7.112262610760093917e-01 1.926779723310444448e-01
5.794530624362269737e+04 6.895377658027062751e+01 6.002115168515974597e-01 7.729155828363595271e-01 2.057854145643840671e-01
5.798534066471060214e+04 9.195879788737428839e+01 6.796180220790534188e-01 7.063859658217132020e-01 1.978337973033948149e-01
5.787533659894680022e+04 nan nan nan nan
5.824232628091429797e+04 nan nan nan nan
5.808724569266199978e+04 8.204506820861770677e+01 6.319336519972463817e-01 7.509364091817160025e-01 1.917142896048540379e-01
5.821201456310189678e+04 6.951292238123029676e+01 5.882193728471896144e-01 7.845766706576142724e-01 1.960546282725110223e-01
5.821201249052079947e+04 7.007220591568479051e+01 5.897316451611144261e-01 7.835813944257445929e-01 1.954911379202939892e-01
5.769027637618059816e+04 8.881389389485028119e+01 6.632987454007696071e-01 7.224700831384803790e-01 1.951198434799551740e-01
5.806712032084490056e+04 9.141651436680126608e+01 6.715440830177880072e-01 7.150338057630561961e-01 1.943069766626983330e-01
5.819206714510419988e+04 7.542470066088918657e+01 6.206579352339220979e-01 7.578363177358881098e-01 2.011662072806332802e-01
5.784001739725690277e+04 6.813261649650506513e+01 5.778845800602691041e-01 7.929548835596572642e-01 1.930594850491859082e-01
5.829533153267359739e+04 7.131495290662044795e+01 5.889187889734482928e-01 7.851631799249476629e-01 1.915553206888064852e-01
5.775122365315970092e+04 7.161769902503951357e+01 6.125967807296333056e-01 7.629727964681947139e-01 2.063920930878708482e-01
5.804717335414350237e+04 8.568266796928719486e+01 6.589941206202944990e-01 7.251710767096962718e-01 1.996338109929885196e-01
5.819206921809029882e+04 7.484323451937055438e+01 6.188132825711102347e-01 7.592479593469606547e-01 2.015258235091557104e-01
5.798534274004629697e+04 9.156638179780537712e+01 6.783579011088172184e-01 7.075649237071329756e-01 1.979455398400256083e-01
5.833538045563660125e+04 7.136569043033958337e+01 6.071290609151884787e-01 7.681187586559569125e-01 2.034401041905779528e-01
5.802722991431709670e+04 8.557228976499850148e+01 6.503788806544309464e-01 7.342340319042662822e-01 1.946989933006702256e-01
5.814908097353010089e+04 7.496127953715667047e+01 6.040367700305337983e-01 7.735537047529774668e-01 1.917139700544111258e-01
5.796536967586810351e+04 nan nan nan nan
5.781407271684030275e+04 6.493702994767029679e+01 5.879630917576812443e-01 7.812366632889492513e-01 2.096870970372226861e-01
5.792427877131939749e+04 8.662815737339279565e+01 6.475744516626695813e-01 7.377614459553177850e-01 1.906708640975635083e-01
5.771031584190970170e+04 7.884502225202601267e+01 6.159053159182468207e-01 7.646888263400288821e-01 1.895036693427175067e-01
5.775122158401620254e+04 3.832946109832660397e+01 4.740275821268957190e-01 8.496937460660182184e-01 2.309077505828380505e-01
5.833837424369210203e+04 7.871383818382234665e+01 6.382035505653944618e-01 7.423992136929057351e-01 2.038127462988499339e-01
5.802722581484950206e+04 8.648840107338224925e+01 6.540112041265754295e-01 7.309750198642603891e-01 1.947944178136301330e-01
5.833837629008100339e+04 7.974650281922654926e+01 6.408172102872208287e-01 7.404157438244709510e-01 2.028246269479109798e-01
5.812924633899309993e+04 6.926897340926747404e+01 5.906416700669813169e-01 7.821714825215662081e-01 1.983688219214462811e-01
5.817206208312499803e+04 7.340965589554666337e+01 6.056184974211767935e-01 7.710375172384746900e-01 1.967927401914133789e-01
5.775121951108799840e+04 7.347417896471188214e+01 6.185854598803794957e-01 7.584680681445761241e-01 2.051297599803941496e-01
5.829532946312500280e+04 7.040767224843432359e+01 5.857125908978441098e-01 7.874697957467453602e-01 1.919168612975777621e-01
5.798533858755789697e+04 9.302633002783210259e+01 6.816844673303790181e-01 7.046941975840882444e-01 1.967546057702730944e-01
5.792428081768519769e+04 7.921620523971184014e+01 6.263689103089706833e-01 7.547225991263195599e-01 1.950789239419923327e-01
5.777218087349540292e+04 6.354888567305514613e+01 5.741249163360558905e-01 7.928694707667069963e-01 2.043002270391264252e-01
5.771031791396989865e+04 7.660943723179691744e+01 6.090873523649291688e-01 7.698253038753191113e-01 1.907396096838656907e-01
5.773006167439820274e+04 7.765000136706147771e+01 6.322462017757402020e-01 7.477638109919338971e-01 2.027659323233791666e-01
5.833538252938660298e+04 nan nan nan nan
5.804717128001160017e+04 8.630071897643634316e+01 6.607470163665254415e-01 7.236773139064199833e-01 1.992599450464731803e-01
5.833637767010420066e+04 6.276909385865822344e+01 5.788258557304488683e-01 7.878832709671576007e-01 2.102393399628294801e-01
5.781407476171299641e+04 6.410601398505637860e+01 5.847628622316785041e-01 7.835244995367766085e-01 2.100993897665070498e-01
5.773005960144680284e+04 7.837143438216405400e+01 6.342645192742443205e-01 7.462104943605321061e-01 2.021841183080963777e-01
5.808724157672449655e+04 8.314241837564894411e+01 6.358987527357394809e-01 7.476198475018602796e-01 1.915654976513937457e-01
5.796537174803239759e+04 nan nan nan nan
5.821201660828699823e+04 nan nan nan nan
5.779215737432870083e+04 6.967783442919987635e+01 5.855782646134419789e-01 7.870990208131021237e-01 1.938381475545142285e-01
5.771031376891199761e+04 7.820395392363556653e+01 6.126353629120451227e-01 7.674269629068289911e-01 1.890337766464700309e-01
5.812924838425929920e+04 6.941077337741796782e+01 5.890630218221936110e-01 7.837298528350656879e-01 1.969067649849347568e-01
5.829438320649309753e+04 7.543221907188095088e+01 6.125267798209403924e-01 7.657872401407428420e-01 1.959103030466070594e-01
5.829532741466440348e+04 7.040587925916085510e+01 5.856030549536368479e-01 7.875675529087999838e-01 1.918499716815519063e-01
5.806711620378470252e+04 8.722291990857993937e+01 6.588967185158439710e-01 7.262363911782634407e-01 1.960505507705221362e-01
5.784002148980319907e+04 6.963427246320227937e+01 5.835156310295026572e-01 7.889337832369064385e-01 1.925954153445588179e-01
