5.813911386907409906e+04 1.759562682409040519e+02 8.192113781774207348e-01 5.534656560598166797e-01 1.502281113071976260e-01
5.813910974958330189e+04 1.736124544323323846e+02 8.165902933273657682e-01 5.570400318575055021e-01 1.512834946440479444e-01
5.786702471924770362e+04 1.578860154916377212e+02 7.873572339156087452e-01 5.967833910248185880e-01 1.546550044378772748e-01
5.775616238341439748e+04 2.025558063688879997e+02 8.481035588583828444e-01 5.110356273528618987e-01 1.398675839063949211e-01
5.785706177908559766e+04 7.872610097151800801e+01 5.293028020538037559e-01 8.367741895846524391e-01 1.401695379993091184e-01
5.836238239525460085e+04 nan nan nan nan
5.814908759394680237e+04 1.177845147583854839e+02 5.634727546114955965e-01 8.192834409583510391e-01 1.061748472189975451e-01
5.777933906694439793e+04 1.480563989863755410e+02 7.803623728039569274e-01 6.039775008284287150e-01 1.620053875796223231e-01
5.807827990872690134e+04 1.986617637540491046e+02 8.427453306754206785e-01 5.195690875615281978e-01 1.408128931428397346e-01
5.820611346878470067e+04 1.354113001967872094e+02 6.635230401737579609e-01 7.371141274715281577e-01 1.280622436179424117e-01
5.823302077569440007e+04 1.427104704791230176e+02 7.037221044577243179e-01 6.972039139099356353e-01 1.366817549135908305e-01
5.815920321423609857e+04 1.680184976317304688e+02 8.082056842045025613e-01 5.686438336816926897e-01 1.531266222291842172e-01
5.824302416109949991e+04 1.583791643581916730e+02 7.867387368746713294e-01 5.977853341858695435e-01 1.539313292774902309e-01
5.775616031265049969e+04 2.018967694420026362e+02 8.475234381078495804e-01 5.119247769281292104e-01 1.401322397770589367e-01
5.818424864034719940e+04 1.156456637392604563e+02 6.391983595880853519e-01 7.563469487897857002e-01 1.391572856744552888e-01
5.819407280440969771e+04 1.687041198367961101e+02 8.088767600478197206e-01 5.677882362930878335e-01 1.527576701240452306e-01
5.805733670298609650e+04 1.965256697669769324e+02 8.343756604815203426e-01 5.332434742733600519e-01 1.395301198340441473e-01
5.777934316069439956e+04 1.439002232393769134e+02 7.718481928296232475e-01 6.145400655974111448e-01 1.630670874246986646e-01
5.776736949430560344e+04 1.083289143473845115e+02 5.369771796303012268e-01 8.370566692862783098e-01 1.048410270821937273e-01
5.819407485182870005e+04 1.676841383903571909e+02 8.076279379767596911e-01 5.694409463308796049e-01 1.532126706287689211e-01
5.799333766741900035e+04 2.060789194483803328e+02 8.451272440436136124e-01 5.168404867007033721e-01 1.365131960003372336e-01
5.811916852386570099e+04 1.532444103597958076e+02 6.897667541547056747e-01 7.136297834607037149e-01 1.222880084910655807e-01
5.780026545491899742e+04 1.549779972197419795e+02 7.305888711874347630e-01 6.692064418341873155e-01 1.356563286570014182e-01
5.772425540484950034e+04 1.929888255989053789e+02 8.360786256152756835e-01 5.297342919541832007e-01 1.426678370098588278e-01
5.824302004283559654e+04 1.573062712746562397e+02 7.853119283970275699e-01 5.995329601235996897e-01 1.544195740273111572e-01
5.824302208936340321e+04 1.584637014433074853e+02 7.876167837792406035e-01 5.965604569804530133e-01 1.541928113645973653e-01
5.800324404768519889e+04 1.420430945817362840e+02 6.203074012818643457e-01 7.770676836655806552e-01 1.066983735468787914e-01
5.770036679471070238e+04 1.942998316968134134e+02 8.020096672524852366e-01 5.829051663669446715e-01 1.303919501207130016e-01
5.770036472405090171e+04 1.965817381696530504e+02 8.177051995046044075e-01 5.598300497974758594e-01 1.339720942841851059e-01
5.821603222688660026e+04 1.700007221353275781e+02 8.011010544333613259e-01 5.797652677420839229e-01 1.486920808439588515e-01
5.772425333556709666e+04 1.926655024384284900e+02 8.355178316715904385e-01 5.306055097176951563e-01 1.427156123766024631e-01
5.818424454739579960e+04 1.198288952498308504e+02 6.516493818741937449e-01 7.455668035164638718e-01 1.395823219366391366e-01
5.787699459777779703e+04 2.170803577740248329e+02 8.220454734321220869e-01 5.560641925916580686e-01 1.226126148776938846e-01
5.821603429883100034e+04 1.712267389366606949e+02 8.030753517408628639e-01 5.771139295979473838e-01 1.483559627730038077e-01
5.815920730226849992e+04 1.702979436939978086e+02 8.111315071774599650e-01 5.647203783925176523e-01 1.521728369067019415e-01
5.777934111552080140e+04 1.464023533582580683e+02 7.779826051804037412e-01 6.068169883416474342e-01 1.628379829667664924e-01
5.769028271791669977e+04 2.147130710782627716e+02 8.540506446568119081e-01 5.026864664283197115e-01 1.338051300626923457e-01
5.821603015518520260e+04 1.691500991800923828e+02 7.996069529679529220e-01 5.817753846265187878e-01 1.488829157693117300e-01
5.834532505753469741e+04 1.529638212264328558e+02 7.897743695879784198e-01 5.919964797194143813e-01 1.606132408667862166e-01
5.781423105940969981e+04 1.565768476640998301e+02 7.894308987520942678e-01 5.934827938672536662e-01 1.567706269649380701e-01
5.786702062585650128e+04 1.591397853434337435e+02 7.891152814405643090e-01 5.945950869387376381e-01 1.541225330225732271e-01
5.806736886258100276e+04 1.636922229416215657e+02 6.912809627699423309e-01 7.133784685421568073e-01 1.149860475549461525e-01
5.808827510299770074e+04 1.566133627495125893e+02 7.208423401225783067e-01 6.806677137679381095e-01 1.306819961606546510e-01
5.834532710738429887e+04 1.537546302579625603e+02 7.907925017006374180e-01 5.907481460149326402e-01 1.601993983570706437e-01
5.797234465217590332e+04 1.399233187633432465e+02 6.126302117910261691e-01 7.832766040033768418e-01 1.056502968373479873e-01
5.797234258017360116e+04 1.397266913071164538e+02 6.108339094487308385e-01 7.847414976566267075e-01 1.051794510501668084e-01
5.780026341004629649e+04 1.541459121025199011e+02 7.304145830354609181e-01 6.692611068288675247e-01 1.363235407966397472e-01
5.769028067156249745e+04 2.162694195548459390e+02 8.555120519217273012e-01 5.003308661078140762e-01 1.332972371674683298e-01
5.799333562310189882e+04 2.030397960130721629e+02 8.425803967502463188e-01 5.206637423756026450e-01 1.377227010613341907e-01
5.822308663465279824e+04 1.563787811132604872e+02 7.818194408107802529e-01 6.041983454029521416e-01 1.539568815696581439e-01
5.819407690168979752e+04 1.678329603077334582e+02 8.068790679938573351e-01 5.706140981499763232e-01 1.527930647177851153e-01
5.805733465548609820e+04 1.990350796701159197e+02 8.377938408107239443e-01 5.280224398708160960e-01 1.389020636725236957e-01
5.772425128922449949e+04 1.920586754313895881e+02 8.340908776595129526e-01 5.328559044937656308e-01 1.426779340028238585e-01
5.812913696190970222e+04 1.751070695556015835e+02 8.182405394943909061e-01 5.547993675087239396e-01 1.505990748306514637e-01
5.807828195469910133e+04 1.993678739008474849e+02 8.436950593849975588e-01 5.180749760551907057e-01 1.406306010609320034e-01
5.797234669783560093e+04 1.372072479602072690e+02 6.095073290573708169e-01 7.855745884479483632e-01 1.066460585778339215e-01
5.774518851109949901e+04 3.350131131519484740e+01 4.455890701377762109e-01 8.642668318907714697e-01 2.334378372656007172e-01
5.800324814269680064e+04 1.462331614564722315e+02 6.309163817482126291e-01 7.684068814550820692e-01 1.072165275236000581e-01
5.823302282015050150e+04 1.428014373051733230e+02 7.033808555923330985e-01 6.975911611140643842e-01 1.364622435757551766e-01
5.811916645289349981e+04 1.494131663626664590e+02 6.833547417785108546e-01 7.196332564950695954e-01 1.231026930457891772e-01
5.808827098557870340e+04 1.464627057241550574e+02 6.936431100223920954e-01 7.086020161062303035e-01 1.293924985795127380e-01
5.799333355103009671e+04 2.044549502724600814e+02 8.436557356538367802e-01 5.190794195325841853e-01 1.371187657328449550e-01
5.775615824108800007e+04 2.032987253263245577e+02 8.495312674420900656e-01 5.086701311451057306e-01 1.398260466403060120e-01
5.822308867880790058e+04 1.586366681032961310e+02 7.848620015214344825e-01 6.004982935654182841e-01 1.529491353123256514e-01
5.834532915144680010e+04 1.518122883698115402e+02 7.881348664171486940e-01 5.940292751446432096e-01 1.611603319950452584e-01
5.820611551256939856e+04 1.359422684556960235e+02 6.636599691475498775e-01 7.370684714880954003e-01 1.276147079661111849e-01
5.808827305770829844e+04 1.523611838552046436e+02 7.073409913286493600e-01 6.949379631273270297e-01 1.293443055980632583e-01
5.818424659505789896e+04 1.191941402311574052e+02 6.478684923304652843e-01 7.490181332701540962e-01 1.387020283843865553e-01
5.785706593056709971e+04 nan nan nan nan
5.773521590384260344e+04 1.528037208615033933e+02 6.465824257150614152e-01 7.551939252160869698e-01 1.077650317735128482e-01
5.771433425815970259e+04 2.024493814218390071e+02 8.388809408473796303e-01 5.268142882274468031e-01 1.369141073900847216e-01
5.812913901069440180e+04 1.753300543852165845e+02 8.180777416443448802e-01 5.551075375222972452e-01 1.503476983928242472e-01
5.812914105657410255e+04 1.739803077558460984e+02 8.169533844110498100e-01 5.565578041611587423e-01 1.510979097361734858e-01
5.779009090420140274e+04 1.523079527534717670e+02 7.395399102307885775e-01 6.580852129288681240e-01 1.414375257850738477e-01
5.833431718686340173e+04 1.222342939470734393e+02 6.823299050093624141e-01 7.154850128788512453e-01 1.500236550536761804e-01
5.822308456289349851e+04 1.580572764930746814e+02 7.833849998311684937e-01 6.024280611575756339e-01 1.529325772013415963e-01
5.811916440634259925e+04 1.485497337090881445e+02 6.813699010135788603e-01 7.215133061247565038e-01 1.230999881302561605e-01
5.781422898768520099e+04 1.553673916503327632e+02 7.874378356871791773e-01 5.960131037819353939e-01 1.571942589553297076e-01
5.800324609627309837e+04 1.446223467097157709e+02 6.263394415969910645e-01 7.721938680828889234e-01 1.068435023534674011e-01
5.779009295081019809e+04 1.561937168633457134e+02 7.442453673061447672e-01 6.531374023062384016e-01 1.396795151480708930e-01
5.798228209060189693e+04 1.706010172926020516e+02 7.964403464614288053e-01 5.867156213181576874e-01 1.464498351984299951e-01
5.785706384946760227e+04 nan nan nan nan
5.814908554775459925e+04 1.158590417758100983e+02 5.743752179290690929e-01 8.108723514234885688e-01 1.121567596084895729e-01
5.773522000270830176e+04 1.436814490317071318e+02 6.105817093533465467e-01 7.853312275434914946e-01 1.021999963218124946e-01
5.781422693438659917e+04 1.556259925681845857e+02 7.875364613880134756e-01 5.959412708678251125e-01 1.569723659147926054e-01
5.787699252589119715e+04 2.186909582934873413e+02 8.235371696558752008e-01 5.539544095130397583e-01 1.221517186790658793e-01
5.833431304446759896e+04 1.181173029135295565e+02 6.733260669690021016e-01 7.237236207441808400e-01 1.511824338902762466e-01
5.776737363773149991e+04 9.647663839207449143e+01 4.897918571635062057e-01 8.663206556887614873e-01 9.794109547742489708e-02
5.833431511633100308e+04 1.201802274667975183e+02 6.779003759053700007e-01 7.195601272025116124e-01 1.506130926834163553e-01
5.805733874700230081e+04 1.977306501642964633e+02 8.353622488653027478e-01 5.318333367329878270e-01 1.390079677937939573e-01
5.771433632986110024e+04 2.018302274656689974e+02 8.383818709724256690e-01 5.275414873825640116e-01 1.371707604227918598e-01
5.770036267664349725e+04 2.000723241147393878e+02 8.296606778311963470e-01 5.415714515934085815e-01 1.355120750327735712e-01
5.813911182128469954e+04 1.765090707991847694e+02 8.195460842739114016e-01 5.530643694232583174e-01 1.498800154315187150e-01
5.817304748624999775e+04 1.492356439358489126e+02 7.491884190014791445e-01 6.455781373532935019e-01 1.481404111156582881e-01
5.784601728746529989e+04 1.551371120879499585e+02 7.340714842949538355e-01 6.651476998557698250e-01 1.368122557433433806e-01
5.774519262672449986e+04 7.983128892024468826e+01 6.367348377784800562e-01 7.446840671082691765e-01 2.000359631523783432e-01
5.814908350254630204e+04 1.196139515507935016e+02 5.866850068626919823e-01 8.018442608952660589e-01 1.133423309794163308e-01
5.815920525725690095e+04 1.705433121529929394e+02 8.125770398197091904e-01 5.625509133016324270e-01 1.524959812629115841e-01
5.798228416128469689e+04 1.727114693418514548e+02 7.992729290968952904e-01 5.830410686121207942e-01 1.456911017341334103e-01
5.820611141873840097e+04 1.375652177551114903e+02 6.684847760301602104e-01 7.326370480331968471e-01 1.279494433950754406e-01
5.784601314594910218e+04 1.545391549356776864e+02 7.333122740910114068e-01 6.659341568117297383e-01 1.370576793139287597e-01
5.804736515063660045e+04 1.882033518859545325e+02 8.202196832828543283e-01 5.544506701999031284e-01 1.407981728228459017e-01
5.787699664407409728e+04 2.187817816975303913e+02 8.235310695538078374e-01 5.539750559983673828e-01 1.220992006983135370e-01
5.774519055625000328e+04 nan nan nan nan
5.804736309597219952e+04 1.853954139770609970e+02 8.164487525903036946e-01 5.597815366249646596e-01 1.416194395114253046e-01
5.817304953537040274e+04 1.469572129249076227e+02 7.447096243992603615e-01 6.506247559828851612e-01 1.486438772009248122e-01
5.771433220953700220e+04 2.003171445507990143e+02 8.372632881451517184e-01 5.291415533486459877e-01 1.378383213919497363e-01
5.823301870378469903e+04 1.457750850817464823e+02 7.085745317303859814e-01 6.924727437528875873e-01 1.356599872564198395e-01
5.786702267342589766e+04 1.584935933431075910e+02 7.878201450554781493e-01 5.962788004591986768e-01 1.542433504813237877e-01
5.784601524319440068e+04 1.534573923581161523e+02 7.322355573384307093e-01 6.670023616048520454e-01 1.376188147849996268e-01
5.776737156701389904e+04 1.003155617612865598e+02 5.111650346218669094e-01 8.533375488151000443e-01 1.025930561113300998e-01
5.807827786126160208e+04 1.983407070013923885e+02 8.423678318041830648e-01 5.201533804224964808e-01 1.409145016546158868e-01
5.780026133701390063e+04 1.552245770392677855e+02 7.330973223639541958e-01 6.663113829763729346e-01 1.363724930435532001e-01
5.773521795435190143e+04 1.472987767651222271e+02 6.223994269615913399e-01 7.758149180122621003e-01 1.035865160506407590e-01
5.804736722247690341e+04 1.889271538143757425e+02 8.195740211256027363e-01 5.555967735987669132e-01 1.400380272020795847e-01
5.779009500322920212e+04 1.540816621656479697e+02 7.392149779067139770e-01 6.588238664614328721e-01 1.396865398640275702e-01
5.806736681638890150e+04 1.718998795387100813e+02 7.308986113438890042e-01 6.714193857384626041e-01 1.224059981788473833e-01
5.806736476865739678e+04 1.767653685682840319e+02 7.571006771339788832e-01 6.406910536978823734e-01 1.277244627891139517e-01
5.769028476307870005e+04 2.137783714281732728e+02 8.531481848633261089e-01 5.041365641246133844e-01 1.341062987970413345e-01
5.817305160604169942e+04 1.446642252104430497e+02 7.408216686745991986e-01 6.548699953128167550e-01 1.494273885911599209e-01
5.798228620649310324e+04 1.706843822025631425e+02 7.966446430915073984e-01 5.864373033186985884e-01 1.464534120800786987e-01
