5.777933906694439793e+04 4.566528879531019669e+01 5.159015008195059204e-01 8.253145881984101928e-01 2.295680116198032250e-01
5.780026341004629649e+04 4.938504914521170264e+01 5.197263378239640463e-01 8.267236124731168756e-01 2.154358427734121284e-01
5.806736476865739678e+04 5.957107011078098679e+01 5.610574911861742065e-01 8.011832938702007079e-01 2.081341423389538869e-01
5.811916645289349981e+04 5.478891970049679827e+01 5.446273878802957435e-01 8.111161371561688149e-01 2.132407569287382010e-01
5.812913696190970222e+04 5.207480612973571255e+01 5.387750195965919087e-01 8.133359236982269369e-01 2.195589977218976308e-01
5.798228416128469689e+04 6.053483113003046867e+01 5.555232514535792809e-01 8.068911832603354872e-01 2.007997397189026645e-01
5.817304748624999775e+04 2.591126716498997951e+01 3.984227110277301920e-01 8.848909490228470398e-01 2.413034431473346508e-01
5.798228209060189693e+04 6.000029721418115969e+01 5.547181159563193686e-01 8.071450142849451170e-01 2.020018260928038434e-01
5.834532710738429887e+04 5.345147716149022443e+01 5.496412231772329626e-01 8.051926212497376723e-01 2.226193353444654854e-01
5.769028476307870005e+04 6.702050996268619087e+01 5.979142788202650438e-01 7.735340102881118618e-01 2.101039031299365145e-01
5.805733874700230081e+04 6.148725655586024175e+01 5.758069293456352655e-01 7.895170426395041741e-01 2.123893111701293246e-01
5.771433220953700220e+04 6.131702505251524116e+01 5.814239932763949348e-01 7.840854964101809932e-01 2.171544942241134535e-01
5.776736949430560344e+04 4.362306053905428627e+01 4.696787459902527218e-01 8.600746948352282484e-01 1.991818136003202788e-01
5.800324609627309837e+04 6.225592628958256824e+01 5.630901582484290069e-01 8.016779814201817622e-01 2.006038080142592550e-01
5.824302004283559654e+04 5.625484299635112961e+01 5.544698816380115858e-01 8.038824503574959479e-01 2.152583479532385879e-01
5.799333355103009671e+04 6.694887298892588490e+01 5.991483778827411122e-01 7.722801869588780121e-01 2.111978553661011393e-01
5.822308663465279824e+04 5.156890825292344971e+01 5.307769867053230284e-01 8.197400286921787682e-01 2.151791712591232530e-01
5.815920730226849992e+04 5.249433873998914635e+01 5.429785421775520371e-01 8.100850017625087496e-01 2.212161672531568202e-01
5.807827786126160208e+04 6.154281871748459309e+01 5.823074575637806616e-01 7.834680433508771635e-01 2.170157826370098242e-01
5.821603015518520260e+04 5.712502541313724436e+01 5.539616649805092496e-01 8.052054138673195860e-01 2.115909147642698329e-01
5.771433425815970259e+04 6.081190660183939656e+01 5.795393505965058534e-01 7.853725413798846589e-01 2.175410590134237432e-01
5.781422898768520099e+04 4.533777737247991979e+01 5.047514831949138081e-01 8.344068272185972690e-01 2.213395285608261431e-01
5.834532915144680010e+04 5.410473827271472658e+01 5.523045170818140503e-01 8.035207183776386097e-01 2.220679525481057959e-01
5.815920321423609857e+04 4.936424787479540299e+01 5.286780625341104267e-01 8.190017220818480714e-01 2.230149892319946425e-01
5.806736681638890150e+04 6.219336204377945876e+01 5.645410350778654607e-01 8.003457560669392512e-01 2.018417460756122273e-01
5.785706177908559766e+04 2.878577455656036932e+01 3.992415389984248497e-01 8.905269098194993349e-01 2.181009317391886526e-01
5.774519055625000328e+04 nan nan nan nan
5.818424864034719940e+04 4.693614889552221570e+01 5.012128718354401657e-01 8.392513340334847305e-01 2.108147419643296994e-01
5.805733465548609820e+04 6.168372166587368355e+01 5.777425242263557470e-01 7.878994320051717626e-01 2.131385951593161576e-01
5.804736309597219952e+04 5.486960789499719482e+01 5.427303398307361526e-01 8.128555766331320154e-01 2.114464229151964691e-01
5.823302077569440007e+04 4.925780734490012946e+01 5.164701128942967845e-01 8.293154712926651406e-01 2.132943308238106073e-01
5.808827098557870340e+04 4.976860457870228771e+01 5.197324891115957524e-01 8.271493215447635050e-01 2.137805875890097240e-01
5.824302208936340321e+04 1.645208396261799777e+01 3.200346375998137649e-01 9.151230510013379504e-01 2.452093641408465974e-01
5.780026545491899742e+04 4.849858492540279542e+01 5.155185885768104326e-01 8.292499434852550477e-01 2.158358544391419664e-01
5.777934316069439956e+04 4.644091812751239701e+01 5.167836908922780470e-01 8.256084976293601718e-01 2.265065682710875328e-01
5.833431718686340173e+04 4.281780710980509497e+01 4.801734185027953239e-01 8.511451611830376240e-01 2.120976255360730589e-01
5.774518851109949901e+04 nan nan nan nan
5.770036267664349725e+04 6.917037242577967504e+01 6.074172615751809445e-01 7.660965135092254741e-01 2.100961740001884015e-01
5.812913901069440180e+04 5.203041835091779888e+01 5.383328619664787817e-01 8.136753723259582127e-01 2.193857748287095788e-01
5.814908554775459925e+04 3.991405110467488271e+01 4.617855463842647779e-01 8.616675920159924118e-01 2.104354295738895819e-01
5.833431304446759896e+04 4.201110601563954106e+01 4.761841030222921378e-01 8.532600828204548460e-01 2.125933467775647789e-01
5.775616031265049969e+04 6.153399244009110447e+01 5.841232241854293905e-01 7.817290788555973924e-01 2.184026241573062410e-01
5.776737363773149991e+04 4.444862320777448872e+01 4.626436625594921859e-01 8.660173709963304711e-01 1.896701205412781588e-01
5.773522000270830176e+04 5.043504926706673075e+01 5.007026430775095571e-01 8.431862166817593041e-01 1.957903654756724676e-01
5.779009500322920212e+04 5.059548776849631935e+01 5.323015503405859050e-01 8.173121666533937901e-01 2.205807828106143287e-01
5.812914105657410255e+04 5.133539389986916035e+01 5.356222614474551724e-01 8.152636997655616780e-01 2.201224497557720261e-01
5.787699664407409728e+04 7.594946977309953695e+01 6.209236385899885580e-01 7.579412210766562907e-01 1.999473441508951010e-01
5.772425128922449949e+04 5.679554260801826615e+01 5.614104774739882009e-01 7.981484712495686695e-01 2.185801766501364596e-01
5.819407690168979752e+04 5.238967836592767213e+01 5.465470544931976260e-01 8.067525056804077943e-01 2.245811920067957435e-01
5.822308456289349851e+04 5.126993437188009040e+01 5.293221805411988390e-01 8.206618288655981308e-01 2.152491389764015217e-01
5.800324814269680064e+04 6.676597578251060838e+01 5.801253477985054419e-01 7.899592640650768827e-01 1.985420407858880243e-01
5.773521795435190143e+04 4.988435200460376961e+01 5.002725635727688358e-01 8.430165536770316548e-01 1.976118730310261751e-01
5.770036472405090171e+04 6.696193570335569234e+01 5.972066077671346340e-01 7.741655749603183478e-01 2.097902051708600835e-01
5.820611346878470067e+04 5.086501725732730250e+01 5.202914654329450217e-01 8.278617853800210868e-01 2.096226497901470809e-01
5.821603222688660026e+04 5.608553755364193449e+01 5.503819157813640839e-01 8.073555911989304112e-01 2.127362125747782884e-01
5.797234465217590332e+04 6.283901205919775634e+01 5.581074873100270173e-01 8.064720101344166059e-01 1.952406962655109934e-01
5.806736886258100276e+04 5.689443007233182925e+01 5.354528588783384890e-01 8.209094351644425913e-01 1.984891311306749284e-01
5.784601314594910218e+04 4.687697968087034184e+01 5.030924853989521273e-01 8.376578730386784466e-01 2.126669670433628812e-01
5.797234669783560093e+04 6.206285054145485702e+01 5.558327350769791675e-01 8.078396292016256641e-01 1.960742311172598284e-01
5.775616238341439748e+04 6.323813328378056298e+01 5.900766602197956567e-01 7.776737290399349245e-01 2.168711742601436288e-01
5.805733670298609650e+04 6.123665332812795015e+01 5.752840203081599491e-01 7.897683794073080410e-01 2.128713293669088624e-01
5.814908759394680237e+04 4.112968257787123605e+01 4.591832827593408384e-01 8.650888717328348854e-01 2.019206696660002243e-01
5.799333562310189882e+04 6.735375610988943151e+01 6.011545696925234550e-01 7.706815636600106156e-01 2.113364870824677999e-01
5.819407280440969771e+04 5.283752974598775154e+01 5.486176983968227283e-01 8.054052236193066650e-01 2.243681055152612902e-01
5.820611551256939856e+04 4.924917012937855532e+01 5.126622171933562511e-01 8.324628699543781263e-01 2.101975766028530701e-01
5.784601524319440068e+04 4.694818246161614894e+01 5.037273096616345924e-01 8.372219669777352102e-01 2.128806602558907801e-01
5.822308867880790058e+04 5.185631277136199913e+01 5.314809165655468570e-01 8.194476085328074033e-01 2.145545436398610673e-01
5.833431511633100308e+04 4.330543792479883081e+01 4.837196230818722187e-01 8.489544724146882437e-01 2.128183028139963850e-01
5.781423105940969981e+04 4.487580175085084022e+01 5.024778540185860232e-01 8.357068005580780001e-01 2.216080994049118846e-01
5.811916852386570099e+04 2.725901013827455799e+01 4.017743753162154596e-01 8.855352094092386883e-01 2.332482459436740208e-01
5.776737156701389904e+04 4.558374354983364185e+01 4.738414655879825133e-01 8.589732680603181514e-01 1.940082221123879680e-01
5.769028067156249745e+04 6.784204080224930067e+01 5.920980968202921302e-01 7.797376517870914236e-01 2.035412442905381591e-01
5.771433632986110024e+04 6.080152422148246671e+01 5.803204659187680692e-01 7.846222911498235142e-01 2.181651142291671230e-01
5.813911386907409906e+04 4.343617353728325980e+01 5.030743702976765430e-01 8.332150687766520791e-01 2.294969000076357568e-01
5.786702267342589766e+04 4.935254721300179881e+01 5.274713009390419316e-01 8.200411725809290120e-01 2.220506743015418782e-01
5.814908350254630204e+04 4.119605036470228043e+01 4.702322982922350625e-01 8.568464222930233243e-01 2.114137986188420748e-01
5.800324404768519889e+04 6.116985026532006486e+01 5.580893379223540451e-01 8.051794105120867462e-01 2.005552487091701308e-01
5.821603429883100034e+04 5.760304623754564801e+01 5.562511163442536155e-01 8.036302269868432768e-01 2.115730461066502033e-01
5.808827510299770074e+04 5.312631243608264953e+01 5.371020911459418734e-01 8.159516804365553044e-01 2.138789350997845895e-01
5.769028271791669977e+04 6.693458324772096546e+01 5.975373259336522747e-01 7.738240009744776771e-01 2.101084473121245799e-01
5.799333766741900035e+04 6.650610051580953552e+01 5.986026421134694742e-01 7.724240443399600364e-01 2.122168056028387595e-01
5.777934111552080140e+04 4.573790368831481601e+01 5.156896090106009023e-01 8.256005195804817509e-01 2.290153034775890550e-01
5.775615824108800007e+04 6.052951199701417551e+01 5.816503143706033274e-01 7.830813668756574364e-01 2.201510496107846881e-01
5.787699459777779703e+04 7.526099925293793547e+01 6.185544682254634496e-01 7.597989749671792969e-01 2.002395752021509934e-01
5.779009295081019809e+04 5.197247283822373731e+01 5.393192223849260225e-01 8.127378234826536652e-01 2.204359468117605692e-01
5.770036679471070238e+04 6.662385359636415672e+01 5.932173399067549591e-01 7.776950176998291830e-01 2.080472231941971062e-01
5.807827990872690134e+04 6.211236452574149780e+01 5.843414670777485886e-01 7.820866537755825076e-01 2.165306348753834320e-01
5.815920525725690095e+04 5.018962558759349690e+01 5.340032935649422496e-01 8.153276368689462705e-01 2.237885766063443249e-01
5.824302416109949991e+04 5.391123317727944908e+01 5.448645355782129052e-01 8.099855168968390640e-01 2.169011302102842875e-01
5.811916440634259925e+04 5.433021663805168799e+01 5.415476861792388741e-01 8.133391263050809838e-01 2.126160135436657161e-01
5.786702471924770362e+04 5.020391475084498722e+01 5.318838347216698903e-01 8.172127531919056720e-01 2.219524777565612117e-01
5.772425333556709666e+04 5.562547107181228512e+01 5.573578101847820321e-01 8.006038840983786820e-01 2.199674798523966746e-01
5.798228620649310324e+04 6.079523272410378354e+01 5.575353243389221669e-01 8.053546908721236353e-01 2.013906254137940999e-01
5.780026133701390063e+04 4.898535824274306805e+01 5.183187737342284107e-01 8.274548436530255735e-01 2.160188198046472108e-01
5.786702062585650128e+04 4.908517716159399669e+01 5.272088229746041410e-01 8.199419989442356949e-01 2.230380580642315758e-01
5.772425540484950034e+04 5.680837241155661843e+01 5.613390579014236881e-01 7.982274379188245561e-01 2.184752146763816461e-01
5.836238239525460085e+04 nan nan nan nan
5.779009090420140274e+04 5.054625609991023794e+01 5.324720443585790886e-01 8.171048430456269163e-01 2.209370893444026485e-01
5.808827305770829844e+04 5.226510888101225305e+01 5.316722364150073821e-01 8.197212884925768606e-01 2.130296744999017888e-01
5.774519262672449986e+04 1.814828059507178182e+01 3.404409446485620050e-01 9.059945506503053192e-01 2.515429136325372794e-01
5.797234258017360116e+04 6.364610323258067837e+01 5.604474240578256605e-01 8.050548418322212019e-01 1.943846354767909124e-01
5.818424454739579960e+04 4.866554268650583737e+01 5.099669525523211622e-01 8.340435731801875141e-01 2.104875895185366885e-01
5.804736515063660045e+04 5.648509388156773525e+01 5.495171151920680286e-01 8.085122218535399918e-01 2.105681059050485693e-01
5.834532505753469741e+04 5.367601176322119017e+01 5.504484198358228220e-01 8.047183322898278091e-01 2.223397013061854111e-01
5.773521590384260344e+04 5.079627139495752886e+01 5.119732990291316899e-01 8.346097861947486818e-01 2.032482370629160873e-01
5.820611141873840097e+04 5.021275074112416092e+01 5.182964411205694955e-01 8.288339649456595293e-01 2.107203304719534320e-01
5.823301870378469903e+04 4.764633208173762569e+01 5.079161085808301390e-01 8.345894166408837078e-01 2.132644655706523173e-01
5.807828195469910133e+04 6.136664856346338581e+01 5.820573199162027977e-01 7.835330050457317563e-01 2.174518483158337234e-01
5.785706384946760227e+04 nan nan nan nan
5.784601728746529989e+04 4.656632903624446840e+01 5.022787649043786162e-01 8.379613136731606238e-01 2.133937185422358496e-01
5.818424659505789896e+04 4.734968492821993635e+01 5.034700603555630760e-01 8.378877957507296914e-01 2.108600010849603912e-01
5.813911182128469954e+04 4.483053371057560810e+01 5.087214542306518483e-01 8.303621556096958400e-01 2.273789184086110471e-01
5.813910974958330189e+04 4.861057953265639497e+01 5.267705216207739793e-01 8.197311743425040875e-01 2.248413204071634253e-01
5.817305160604169942e+04 2.267045703732157591e+01 3.739284706154281657e-01 8.950768749020334702e-01 2.429297982521208821e-01
5.823302282015050150e+04 4.802125795293997612e+01 5.109004985600833493e-01 8.325531397196810346e-01 2.140933210400542130e-01
5.781422693438659917e+04 4.622306622806533483e+01 5.094096784503790998e-01 8.316279888401002518e-01 2.211259091080269579e-01
5.819407485182870005e+04 5.354995321962398691e+01 5.516092613625107610e-01 8.035166184626403307e-01 2.238040809133489961e-01
5.817304953537040274e+04 2.517578461155984115e+01 3.924615771143301624e-01 8.876396123709779928e-01 2.409768226175135752e-01
5.804736722247690341e+04 5.537344279455007978e+01 5.439591929362984635e-01 8.122867555867143707e-01 2.104723808923634476e-01
5.785706593056709971e+04 nan nan nan nan
5.787699252589119715e+04 7.654984699238168844e+01 6.231149841850864846e-01 7.561844504962889069e-01 1.997818643211763945e-01
