5.798228270599999814e+04 9.528490085526203680e-17 7.706304585655884815e-17 7.680111209605780274e-17 3.788887264695785082e-17 2.109776173142238127e-17 2.253822113331276881e-17
5.820611208800000168e+04 9.051701049370815191e-17 7.143525759355397214e-17 6.867727127115140647e-17 4.494383282713358845e-17 2.598873666041503084e-17 2.622313606815980519e-17
5.777933970399999816e+04 2.691547909907862925e-16 1.504356747168748626e-16 1.467563242188286283e-16 2.045686743427231951e-16 6.849153138276103795e-17 7.345986492063662564e-17
5.808827164800000173e+04 1.113666298892312958e-16 7.852689891895197431e-17 8.289650657180922570e-17 5.764965648885148757e-17 2.702175654829802068e-17 3.095142545773852334e-17
5.785706242599999678e+04 1.697426130677557621e-16 9.682714312317840604e-17 1.013139642614001861e-16 1.316991458691520126e-16 5.416410544267932609e-17 6.042819623384048723e-17
5.772425191600000107e+04 1.085609198905130853e-16 8.316946395900528398e-17 8.239330081691722764e-17 4.629412370672111205e-17 2.306600658991828052e-17 2.460570961108322568e-17
5.815920385399999941e+04 9.711005682268915808e-17 7.049272799546432048e-17 6.968794556846383480e-17 4.794140750860682525e-17 2.435216113934211722e-17 2.544149467123865469e-17
5.779009156000000075e+04 1.087448737678631049e-16 8.175473332979186104e-17 8.492177691171019241e-17 5.106633554322648493e-17 2.537747112419622355e-17 2.867963596541370368e-17
5.799333421800000360e+04 9.868333746525683887e-17 7.823980852931717271e-17 7.890956008515094248e-17 3.807581709186927868e-17 2.030466279251928730e-17 2.207631531495828520e-17
5.804736375599999883e+04 2.067989877955748045e-16 7.485956496417119693e-17 7.523547985462226951e-17 1.269908714145242482e-16 2.157579009093606168e-17 2.321928486008588628e-17
5.797234323600000062e+04 9.700322658349031599e-17 7.780571839142775764e-17 7.686551382197007187e-17 3.731567892449805071e-17 2.032437383835449328e-17 2.150167929338342231e-17
5.821603080600000249e+04 9.194626661899812129e-17 6.776189255861957107e-17 6.781220948275029710e-17 4.564347777886981496e-17 2.421144652309384146e-17 2.558039321071511258e-17
5.781422753399999783e+04 1.167806974003945212e-16 8.416935971173731934e-17 8.523935269906765549e-17 6.358189598429225199e-17 3.054538774762007621e-17 3.331327550107958559e-17
5.834532570200000191e+04 9.559118398372973646e-17 7.349326954796352457e-17 7.420824445853148033e-17 4.780134362573628812e-17 2.624643969864068024e-17 2.821251615476263181e-17
5.818424520199999824e+04 1.010369547457016814e-16 7.236282003257448663e-17 7.344468775116862623e-17 5.568612871320801355e-17 2.839886999490730191e-17 3.058133361804547614e-17
5.780026200399999652e+04 1.183285447657419931e-16 8.600186734783528997e-17 8.712494807998044295e-17 6.063614739430831847e-17 2.860749999945888892e-17 3.137268644676635407e-17
5.823301937599999656e+04 9.129456314559086431e-17 7.183411384752100613e-17 7.198254302465647260e-17 4.621108654667443172e-17 2.667583721686098735e-17 2.831766685379044354e-17
5.773521652000000176e+04 1.067857561471875049e-16 8.250364559099254546e-17 8.275973915796526998e-17 4.705271874142468031e-17 2.401088456432698278e-17 2.599117826914292499e-17
5.807827851999999984e+04 9.744269876853447821e-17 7.468665611051544866e-17 7.459350791957988529e-17 4.178596560011708620e-17 2.186892053093934274e-17 2.333606176212487068e-17
5.787699316600000020e+04 9.892568679564258950e-17 8.095058681067864276e-17 8.115425818012555794e-17 3.249480136266000884e-17 1.772933941989783579e-17 1.922191983012899803e-17
5.806736539400000038e+04 1.013722134784718496e-16 7.540418179783064481e-17 7.601579527517155154e-17 4.450225284211632525e-17 2.217972409067966868e-17 2.396776735003254928e-17
5.824302070600000297e+04 9.021388413525299910e-17 7.269110904248006741e-17 7.366846313509437764e-17 4.266244563013460610e-17 2.500285799992522168e-17 2.700740958956068593e-17
5.833431364600000234e+04 1.078101933781864954e-16 7.634467983875030512e-17 7.270742121891460127e-17 6.013783419939721805e-17 2.957401022141231861e-17 2.956750680237439391e-17
5.819407346600000164e+04 9.300363964864585714e-17 7.131483344732962507e-17 7.180711403033225330e-17 4.512947061182059561e-17 2.479085309054302589e-17 2.651418724576819335e-17
5.813911041999999725e+04 9.975291346616831396e-17 6.931063571036788457e-17 6.844646777081007219e-17 5.300365156299677940e-17 2.588698723001176679e-17 2.691774599284274700e-17
5.783618264400000044e+04 1.186722806007102057e-16 8.512020797936851418e-17 8.701842885776802018e-17 6.747828188089554230e-17 3.261589579867708978e-17 3.595677491155061446e-17
5.784601378799999657e+04 1.126286105683365863e-16 8.015529026997922856e-17 8.019381958887746507e-17 5.922597390228861233e-17 2.808715986229453349e-17 3.007251273884277387e-17
5.805733528600000136e+04 1.005130358168056260e-16 7.536777804021115736e-17 7.448338195982658229e-17 4.154564070883020909e-17 2.075397694351944153e-17 2.189113190282120688e-17
5.770036333400000149e+04 1.081439023071898277e-16 8.441267799355860165e-17 8.418589844023023993e-17 4.287122203834021656e-17 2.163394640902546018e-17 2.334289324084823961e-17
5.822308523599999899e+04 9.938284238338733253e-17 7.180327924428567841e-17 7.414031206224061096e-17 4.865355779716151758e-17 2.426690953245941284e-17 2.681968272001154613e-17
5.810919342799999868e+04 1.009340191334203076e-16 7.338898589639565610e-17 7.300294412710959688e-17 5.098268419734327523e-17 2.567978258052367752e-17 2.710717561666729140e-17
5.814908415999999852e+04 1.163577013412244679e-16 5.520754094234305773e-17 5.701115732647685722e-17 7.509344729236723577e-17 2.454027733415446519e-17 2.636240134765846306e-17
5.800324470599999768e+04 9.742852998114921309e-17 7.875487844454777650e-17 7.832986053837575911e-17 3.779981150082833582e-17 2.076536397446057073e-17 2.218025649410137521e-17
5.775615890400000353e+04 1.068397154626756759e-16 8.420651920985214421e-17 8.433629216461127016e-17 4.473094190054884886e-17 2.316075359048502174e-17 2.509482073271216739e-17
5.776737014600000111e+04 1.071947703548066733e-16 8.270046397073794485e-17 8.364316097712258473e-17 5.666321005451972441e-17 3.029450488627046327e-17 3.292245422373165897e-17
5.812913762200000201e+04 9.263748455852321104e-17 6.968269948736691262e-17 7.044968227506750376e-17 4.245196001862036812e-17 2.252698733368188495e-17 2.421862457800955156e-17
5.769028132999999798e+04 1.107486960026078342e-16 8.314882363700344805e-17 8.424970186785138465e-17 4.470555796602439491e-17 2.133976798141303316e-17 2.347897164291789984e-17
5.817304813200000353e+04 9.230596540739686256e-17 6.960382140737701274e-17 7.082044064006351304e-17 4.625311236664493146e-17 2.521861138519493599e-17 2.723615662586145126e-17
5.786702128400000220e+04 1.157415249432036713e-16 8.189047828813667990e-17 8.412227338418353815e-17 6.046791941314527476e-17 2.806964880984444366e-17 3.117104960189111850e-17
5.811916502999999648e+04 9.546547691737081828e-17 6.968817057831775168e-17 6.891799551352809649e-17 4.556226778908804994e-17 2.325948452028150064e-17 2.431210990971248738e-17
5.771433286999999837e+04 1.153530858615879667e-16 8.773917915983719875e-17 8.458346137151402986e-17 5.063117226773484649e-17 2.449381909794155240e-17 2.532047535161416270e-17
