5.833431511633100308e+04 2.351203645715227997e-16 4.526199314140790837e-16 3.330232736959552262e-16 4.098749014978043188e-17 2.997560388304703569e-17 3.048899694114757606e-17
5.823302282015050150e+04 2.232846257585028327e-16 4.249965799671212911e-16 3.129023801465924262e-16 3.471624416590947571e-17 2.537817192762787071e-17 2.581750045478696770e-17
5.834532710738429887e+04 2.354703674787684903e-16 4.467363388111463898e-16 3.307972811984968173e-16 3.376957698114670801e-17 2.433728450599357388e-17 2.496494706113351437e-17
5.800324404768519889e+04 2.411562760912726444e-16 4.634093160274224965e-16 4.184245581210218443e-16 3.302776353736754077e-17 2.381444566571737576e-17 3.044370338518849500e-17
5.804736722247690341e+04 2.298708038310367021e-16 4.308332251007110641e-16 3.442768925606666702e-16 2.869326190320812100e-17 2.049500622201550103e-17 2.285363263580859572e-17
5.800324609627309837e+04 2.351148942844359525e-16 4.550181091056226292e-16 4.147046221522240334e-16 3.209044649366723373e-17 2.347738261603826642e-17 3.030259419048387071e-17
5.821603015518520260e+04 2.183574281667607994e-16 4.165480645497021100e-16 3.054221193593580262e-16 3.162769861545262691e-17 2.332180791183917104e-17 2.362860173734254602e-17
5.770036679471070238e+04 2.300724123198389296e-16 4.807713086334975521e-16 3.869863599997252474e-16 2.735978896274998092e-17 2.192732136162430001e-17 2.472252090085643419e-17
5.772425540484950034e+04 2.446620520307816790e-16 4.551712845609908441e-16 3.682922581115851271e-16 3.107377211097852375e-17 2.171719455002138099e-17 2.459514143500489333e-17
5.799333766741900035e+04 2.303729176475658509e-16 4.398620927482563810e-16 3.265350390292652731e-16 2.635536712031730862e-17 1.921378889973565815e-17 1.978048356349360387e-17
5.804736515063660045e+04 2.297834801597334600e-16 4.363062231504971416e-16 3.485371844388126878e-16 2.826347830455672743e-17 2.047824451447160710e-17 2.283738648246148617e-17
5.813911386907409906e+04 2.020470394456031645e-16 3.838911839426178395e-16 2.805531596485632222e-16 2.848907151798279432e-17 2.129714413312805601e-17 2.147720334046456599e-17
5.814908350254630204e+04 2.055854313726060567e-16 3.775286867257439501e-16 2.941091302653085355e-16 3.541817658413635883e-17 2.547214506553483215e-17 2.744108617622113103e-17
5.797234669783560093e+04 2.384550206512775905e-16 4.638759188207769962e-16 4.224260967237542188e-16 3.325419327612454986e-17 2.435014539970568483e-17 3.141774476937803044e-17
5.823302077569440007e+04 2.226897560589931289e-16 4.264077383534659744e-16 3.126964131097633368e-16 3.439167357632838002e-17 2.531833614277463762e-17 2.564840198891044184e-17
5.781422693438659917e+04 2.995578510752376510e-16 4.949410308960018476e-16 nan 5.454179313138274617e-17 3.162240748005324598e-17 nan
5.779009500322920212e+04 2.303749929820366339e-16 4.769453557355814740e-16 3.441993285431166666e-16 3.318850133852377832e-17 2.636441434439344046e-17 2.631451926486597582e-17
5.834532505753469741e+04 2.330340529265989896e-16 4.447743361953808837e-16 3.290209238432339925e-16 3.368219905875015387e-17 2.449403883442100823e-17 2.509492994396540841e-17
5.812914105657410255e+04 2.156546538823905459e-16 4.072686398353950091e-16 3.329913292295545304e-16 2.913291611927243925e-17 2.131117324541765400e-17 2.432098885115367477e-17
5.817304953537040274e+04 2.105603934838518565e-16 5.000177876104260232e-16 3.316147202913053454e-16 3.070252523184084581e-17 2.889865272020795274e-17 2.630462464655579829e-17
5.784601524319440068e+04 2.401148766116803798e-16 5.531088145970838150e-16 3.664949332469519446e-16 3.807847393845313073e-17 3.357658013430886414e-17 3.055298320257285652e-17
5.824302416109949991e+04 2.279244206363528983e-16 4.374745224346375110e-16 3.228139094074858835e-16 3.192975265269951907e-17 2.346129568195777663e-17 2.396426380011181125e-17
5.775616238341439748e+04 2.346949818942321467e-16 4.442205106207229490e-16 3.436826041821238241e-16 2.865665284312861418e-17 2.061768122187538424e-17 2.221249753732816919e-17
5.811916440634259925e+04 2.001971771443242813e-16 3.933862001837704356e-16 2.832480565792064691e-16 2.944771531986721632e-17 2.284279504514626080e-17 2.265828119596506113e-17
5.775616031265049969e+04 2.347919376952754285e-16 4.442504400918974542e-16 3.484062532421521647e-16 2.858564133012192294e-17 2.055802236323626041e-17 2.248317640884581952e-17
5.815920730226849992e+04 2.113484082752538815e-16 4.055392253905934039e-16 2.995456274451723967e-16 2.971871725756054469e-17 2.222572915872778744e-17 2.269481112277303849e-17
5.821603222688660026e+04 2.189037124116723679e-16 4.235163701891720891e-16 3.091722726599534681e-16 3.132157811313907789e-17 2.343003153935297815e-17 2.363367211346200483e-17
5.815920525725690095e+04 2.139769373370163201e-16 4.116703523213584815e-16 3.001817720557946972e-16 2.992932454392478696e-17 2.238566062866543333e-17 2.254795590155628236e-17
5.813910974958330189e+04 2.053477917408663339e-16 3.840121303286054464e-16 2.813513923058131832e-16 2.923831063383732280e-17 2.141620940195376547e-17 2.165534406303916834e-17
5.805733670298609650e+04 2.285699951371101247e-16 4.331212910321751313e-16 3.475249665279882898e-16 2.736729249476896990e-17 1.981549298064631706e-17 2.220670565305160067e-17
5.780026545491899742e+04 2.396584768433621530e-16 4.717280471132223186e-16 3.472067070326992872e-16 3.618013143969600555e-17 2.692946131471880417e-17 2.745262382648352543e-17
5.780026133701390063e+04 2.340716551786621773e-16 4.564084384583533312e-16 3.346236795675867628e-16 3.592751768509440546e-17 2.663931252834116590e-17 2.701982430903571335e-17
5.808827305770829844e+04 2.224860540688937303e-16 4.963410941066468703e-16 3.524572023856962468e-16 3.052976818510731701e-17 2.645540790378089221e-17 2.595767134115757759e-17
5.812913901069440180e+04 2.182642190626274507e-16 4.132965776680209688e-16 3.369705165122341150e-16 2.919834391636068952e-17 2.136178221926799561e-17 2.431634344879155977e-17
5.807827990872690134e+04 2.183566168981855884e-16 4.177018182498381072e-16 3.067017707343869643e-16 2.695112179456316660e-17 1.992831208207064422e-17 2.024458560353754802e-17
5.784601314594910218e+04 2.307913416855182277e-16 5.573611191001525226e-16 3.624216080371701365e-16 3.651809079396546863e-17 3.423600121120965242e-17 3.051275377400864784e-17
5.776736949430560344e+04 2.525443879315992676e-16 5.448457087933359279e-16 3.757637728966944610e-16 4.993362813519752342e-17 4.027563807549142330e-17 3.823821693575297060e-17
5.797234258017360116e+04 2.375751481468558281e-16 4.670194180064241974e-16 4.167325519431639949e-16 3.330291862062880054e-17 2.468268837752913401e-17 3.113581282390157421e-17
5.821603429883100034e+04 2.147374876593831320e-16 4.163531454191066890e-16 3.062232111482294863e-16 3.070749351427536890e-17 2.312794113499347577e-17 2.351195354045631219e-17
5.814908554775459925e+04 2.072641846040372100e-16 3.749607461886440718e-16 2.922209512284888673e-16 3.650484352552344632e-17 2.580028127894596291e-17 2.779575861932214900e-17
5.786702062585650128e+04 2.491203070681374930e-16 4.630297931373488187e-16 3.442697943611184725e-16 3.697500815458893781e-17 2.568147286462420188e-17 2.647631091829018560e-17
5.814908759394680237e+04 2.061088444622035159e-16 3.799929578168310907e-16 2.955431414102127122e-16 3.649255575709681523e-17 2.633957049768808384e-17 2.831370413119759124e-17
5.769028271791669977e+04 2.516966444739565267e-16 5.716278378070383477e-16 3.950048254179684628e-16 2.937532334499245719e-17 2.536814983021334112e-17 2.423260452984177616e-17
5.833431718686340173e+04 2.274064645198170408e-16 4.570113192469238607e-16 3.331122450308226626e-16 3.927913357285585040e-17 3.034547895527322784e-17 3.055542035340126329e-17
5.817304748624999775e+04 2.067113600003668322e-16 4.984761076350802787e-16 3.311951652049864633e-16 2.979437343420911970e-17 2.862390787821829104e-17 2.610668553188755744e-17
5.774519055625000328e+04 nan nan nan nan nan nan
5.776737363773149991e+04 2.530502941348888214e-16 5.361510829738259969e-16 3.735085345175931134e-16 5.532822409222531111e-17 4.379087684532260408e-17 4.199041171495960250e-17
5.784601728746529989e+04 2.422234226389579910e-16 5.597726793288465421e-16 3.684588760864862240e-16 3.837248831327883470e-17 3.387022316683406334e-17 3.059929877534995623e-17
5.834532915144680010e+04 2.332518660507892543e-16 4.480065724585391299e-16 3.299046410402804891e-16 3.342742481625176017e-17 2.446639794324552127e-17 2.494622280499257056e-17
5.781422898768520099e+04 3.011240293543741118e-16 4.973390313535004129e-16 nan 5.477669441682769487e-17 3.168693973437328247e-17 nan
5.806736886258100276e+04 2.307559599919208458e-16 5.552895198622643773e-16 3.573835940129659890e-16 3.484440858467377706e-17 3.238812733623714060e-17 2.854184441544455181e-17
5.822308867880790058e+04 2.181522562232547980e-16 4.685176869637079916e-16 3.306800501235822316e-16 3.154323473090119813e-17 2.642238429983651502e-17 2.572845816643940078e-17
5.770036472405090171e+04 2.265163531367951929e-16 4.840235281293543938e-16 3.925466027993705531e-16 2.617828006872314552e-17 2.159734987300160498e-17 2.456942555747636885e-17
5.799333355103009671e+04 2.307243205266702543e-16 4.400924413980427379e-16 3.235045326955543323e-16 2.656529396927702758e-17 1.933681177365608221e-17 1.969254225717466409e-17
5.780026341004629649e+04 2.365043610859421762e-16 4.569706211447183227e-16 3.360787006506570279e-16 3.651806464174228039e-17 2.674056793040000208e-17 2.721489180439089062e-17
5.798228209060189693e+04 2.481234959325868150e-16 4.718113018397232557e-16 4.303839664039687177e-16 3.230060546523681828e-17 2.297135820217561431e-17 2.977127417236433134e-17
5.785706593056709971e+04 nan nan nan nan nan nan
5.798228416128469689e+04 2.588229713130775552e-16 4.902988057353054517e-16 4.488856410430551398e-16 3.329697913920274695e-17 2.332728904779949339e-17 3.041819327267149058e-17
5.772425128922449949e+04 2.510517134918897843e-16 4.626760385679174724e-16 3.732982669796921841e-16 3.157893131855691350e-17 2.171453319781440657e-17 2.452919968185623995e-17
5.824302004283559654e+04 2.262954494522519455e-16 4.368475943382397997e-16 3.230482990590265015e-16 3.173154693551097960e-17 2.350040317941736125e-17 2.405991242424706490e-17
5.836238239525460085e+04 nan nan nan nan nan nan
5.781423105940969981e+04 2.951414024305753035e-16 5.122311312426654044e-16 nan 5.253121330439747514e-17 3.227117731834702945e-17 nan
5.820611551256939856e+04 2.075071203134165028e-16 4.139801528059091125e-16 3.027613374036338552e-16 3.407293771068921028e-17 2.667321671216798267e-17 2.690584554179594838e-17
5.808827510299770074e+04 2.190129017126442691e-16 4.875522650289490167e-16 3.439186377323311468e-16 2.929143049327049507e-17 2.542480989974158007e-17 2.476111208499672134e-17
5.785706384946760227e+04 nan nan nan nan nan nan
5.773521795435190143e+04 2.359714529458823287e-16 4.299695509084780000e-16 3.145468829906390141e-16 3.885477931957027071e-17 2.661215872516611843e-17 2.686642991444342010e-17
5.819407280440969771e+04 2.181893865185988932e-16 4.481135124820435112e-16 3.165965141407037196e-16 3.043057917374948779e-17 2.431148504940083803e-17 2.369209876544861815e-17
5.787699252589119715e+04 2.356787826999411233e-16 5.485773982855351733e-16 3.719015237847641734e-16 2.525534572839086146e-17 2.269066104783913023e-17 2.120770507199948647e-17
5.771433425815970259e+04 2.458388212676471955e-16 4.567707510632159681e-16 3.651049088086516211e-16 3.073271626810197265e-17 2.142479383771319886e-17 2.394267034381126103e-17
5.822308663465279824e+04 2.202954918950908312e-16 4.543415896068041272e-16 3.224712394162621246e-16 3.279961763034837372e-17 2.625084753105424264e-17 2.570251664760008065e-17
5.818424454739579960e+04 2.187155613289593981e-16 4.224344150581596942e-16 3.143167143027249065e-16 3.875180696364171383e-17 2.898344170484030029e-17 2.978862073476168234e-17
5.824302208936340321e+04 2.284414897361596015e-16 4.364078360714484541e-16 3.221390318262155314e-16 3.207364678730952473e-17 2.343624383209285937e-17 2.394659974913476737e-17
5.776737156701389904e+04 2.568437175576074252e-16 5.376268193391175792e-16 3.756264872010621887e-16 5.298088723420730844e-17 4.114821252394527075e-17 3.960762116622327488e-17
5.769028476307870005e+04 2.466765824047585263e-16 5.640409611169863321e-16 3.850511705019922302e-16 2.888796628583723198e-17 2.524235834804071931e-17 2.378172515468339818e-17
5.805733465548609820e+04 2.309765312001122802e-16 4.365329981220062414e-16 3.488487160498925365e-16 2.761040664855076352e-17 1.988865858931380304e-17 2.219497079204876471e-17
5.770036267664349725e+04 2.290342134955913984e-16 4.829001174851159659e-16 3.938580659732809138e-16 2.611802896205999871e-17 2.120465664475176041e-17 2.427990929219424258e-17
5.804736309597219952e+04 2.312136824280025798e-16 4.357655368972663326e-16 3.506414485333111009e-16 2.884547505224897351e-17 2.069748075303742185e-17 2.326358764619188393e-17
5.820611346878470067e+04 2.064803209606318629e-16 4.140668527944603939e-16 2.981914200801779593e-16 3.391202578343340470e-17 2.672713535887512955e-17 2.651498042618650906e-17
5.779009090420140274e+04 4.429982390148509491e-16 8.774416029542362881e-16 6.328191659431063343e-16 8.398037981874817925e-17 5.200214208105527268e-17 5.267341706588168601e-17
5.773521590384260344e+04 2.373468930047659806e-16 4.279906698397664314e-16 3.173050264577797807e-16 3.736845251541099447e-17 2.527944332016386095e-17 2.590255028899995002e-17
5.811916645289349981e+04 1.911147920355833247e-16 3.749967867822100055e-16 2.719439078081385101e-16 2.841257709419851217e-17 2.224504569585510070e-17 2.221777511894037088e-17
5.785706177908559766e+04 2.379475086578958607e-16 4.664736554176137903e-16 3.420530683167865778e-16 6.585397825896387702e-17 4.989404133640127403e-17 5.034128699341183486e-17
5.815920321423609857e+04 2.130998014339975788e-16 4.091926193853835500e-16 2.975086749356157057e-16 3.040127095569392815e-17 2.271005612324719407e-17 2.279581522610971643e-17
5.774518851109949901e+04 nan nan nan nan nan nan
5.797234465217590332e+04 2.449408266906496074e-16 4.628883445189966148e-16 4.192049826386370564e-16 3.462052984862865407e-17 2.438806648661012984e-17 3.126722687542516607e-17
5.807827786126160208e+04 2.162248393112676636e-16 4.217035082001369192e-16 3.088700181513855479e-16 2.639852479462032091e-17 1.997088418337388278e-17 2.023680402458335985e-17
5.787699664407409728e+04 2.426179704275591660e-16 5.584713885287616195e-16 3.751620512752915134e-16 2.604513290990630785e-17 2.297186657844226269e-17 2.125833548037199510e-17
5.773522000270830176e+04 2.408233842782764514e-16 4.294154013437422879e-16 3.180266043158626308e-16 4.033372117475056037e-17 2.682435634543211110e-17 2.743934095318008999e-17
5.818424659505789896e+04 2.129326172555804592e-16 4.054736767198773940e-16 3.036785580847555702e-16 3.889035065792825630e-17 2.887607491063631272e-17 2.985632514415418819e-17
5.779009295081019809e+04 2.353019990399390046e-16 4.878918985476698776e-16 3.508246908342513136e-16 3.333909966873784788e-17 2.639722808943738114e-17 2.625707004195802425e-17
5.820611141873840097e+04 2.079280682143631851e-16 4.134655901812654416e-16 3.015620977300654951e-16 3.402523724397004326e-17 2.652983304367329614e-17 2.668323532302881218e-17
5.818424864034719940e+04 2.162284984645977807e-16 4.125998583418375645e-16 3.081978438298220764e-16 3.942442715691146161e-17 2.921585207827421240e-17 3.013240996830216340e-17
5.777934111552080140e+04 2.439914844117025678e-16 4.675202471354704394e-16 3.784289309044198706e-16 4.239362144273781042e-17 3.065644833316327855e-17 3.468475554061134354e-17
5.800324814269680064e+04 2.354864475262159238e-16 4.622252348403479526e-16 4.186794124095252357e-16 3.177674285245305903e-17 2.359684566689202249e-17 3.027243899334480603e-17
5.798228620649310324e+04 2.397685356010646452e-16 4.639552687091324823e-16 4.188834362041495674e-16 3.132983178883231186e-17 2.289938610162558923e-17 2.931002683257506381e-17
5.771433632986110024e+04 2.441658596690053904e-16 4.573391705645484093e-16 3.687782934094106951e-16 3.055836857226799420e-17 2.152612041597945864e-17 2.429152473252963408e-17
5.769028067156249745e+04 2.496936617779085302e-16 5.800010620487765554e-16 3.969881837029019467e-16 2.878938080032316745e-17 2.553316507740381393e-17 2.413727346442509572e-17
5.772425333556709666e+04 2.398545302831474869e-16 4.482067865883830950e-16 3.670325712986573851e-16 3.029552433660224374e-17 2.137769172889013347e-17 2.452389400903564284e-17
5.777933906694439793e+04 2.481179961407761853e-16 4.653709916772972829e-16 3.764609333880014307e-16 4.269847884603360824e-17 3.003716697474204646e-17 3.396106167697378868e-17
5.806736681638890150e+04 2.232528327462864784e-16 5.439701902979673650e-16 3.584646550714714006e-16 3.124358086908812057e-17 2.973097897595881622e-17 2.689478424911407835e-17
5.833431304446759896e+04 2.322562492856607000e-16 4.438599722805449441e-16 3.272990870538083702e-16 4.128784292661922699e-17 3.007010805786887993e-17 3.064158293803091388e-17
5.787699459777779703e+04 2.386457543196624112e-16 5.511545088707053515e-16 3.710082845955822241e-16 2.563436529618714824e-17 2.277224591549920001e-17 2.111816287191762853e-17
5.819407690168979752e+04 2.159241600399523847e-16 4.489906672372608065e-16 3.184071662401868646e-16 2.997496031455419744e-17 2.432277361238509154e-17 2.380092089384593232e-17
5.771433220953700220e+04 2.403381718554773791e-16 4.504727813259234183e-16 3.636432676409604525e-16 3.029647756705679457e-17 2.143556677741572430e-17 2.420646135704639322e-17
5.774519262672449986e+04 2.599861602017170696e-16 4.799296674657383424e-16 3.520542316976747661e-16 8.272510675314302519e-17 5.827639764134782843e-17 5.878306348029367653e-17
5.806736476865739678e+04 2.292710369689187095e-16 5.443782296549752215e-16 3.644134353952248472e-16 3.149261920906450552e-17 2.899814389629090030e-17 2.669588689508396327e-17
5.819407485182870005e+04 2.153452264580057690e-16 4.511101408606165039e-16 3.211487837993626992e-16 2.978009310366460550e-17 2.437295655678860984e-17 2.395323950534469108e-17
5.805733874700230081e+04 2.312124999919111757e-16 4.370126810144379353e-16 3.507034779581075259e-16 2.760396472134179910e-17 1.987880597414235004e-17 2.228752166045689864e-17
5.799333562310189882e+04 2.244455316919113442e-16 4.311933127424166176e-16 3.189334132108421816e-16 2.605315980054086544e-17 1.922911108563306496e-17 1.970773874411753921e-17
5.822308456289349851e+04 2.232356872199538778e-16 4.689712046093555729e-16 3.318415143514024663e-16 3.236737020117060113e-17 2.633593761673991502e-17 2.571670011250581818e-17
5.775615824108800007e+04 2.355593433946795411e-16 4.501839043148877514e-16 3.499656965485377347e-16 2.842927197454614408e-17 2.065491999808834854e-17 2.237949543210240456e-17
5.817305160604169942e+04 2.087284064406669734e-16 5.047468570496595646e-16 3.329149984260860774e-16 3.027417855072030261e-17 2.911329254784578089e-17 2.634339828936051460e-17
5.811916852386570099e+04 1.964937514179012823e-16 3.848812386077092913e-16 2.788060627955167687e-16 2.902779450642938827e-17 2.254104107856287065e-17 2.249737633853348944e-17
5.813911182128469954e+04 2.037692546555449624e-16 3.836388734567714416e-16 2.801209536829910288e-16 2.900276757320724488e-17 2.143396696436448208e-17 2.159334064111961390e-17
5.808827098557870340e+04 3.327398030315340295e-16 4.910743516420956371e-16 3.514172241947253701e-16 5.572661019534498681e-17 2.733275246518120417e-17 2.703382843064905085e-17
5.823301870378469903e+04 2.297206459008330998e-16 4.360438442584825617e-16 3.218919910713010912e-16 3.528927575043880365e-17 2.553019702792897618e-17 2.606351136631109200e-17
5.812913696190970222e+04 2.178293209728502678e-16 4.137292935812679759e-16 3.409943957322932602e-16 2.936836472921007922e-17 2.156294889296214796e-17 2.483664190087795125e-17
5.786702267342589766e+04 2.436737161224357631e-16 4.641052376902321621e-16 3.407987402962126512e-16 3.599557908049014593e-17 2.581266581593289348e-17 2.625035537098591228e-17
5.807828195469910133e+04 2.196585862959969380e-16 4.151115530445062809e-16 3.026054580135693344e-16 2.732163906958597716e-17 1.991502850416798194e-17 2.006984527934862469e-17
5.777934316069439956e+04 2.465379661868305135e-16 4.781415653400789513e-16 3.787695023398444537e-16 4.295043837844028426e-17 3.137207991838893756e-17 3.467773181656253887e-17
5.786702471924770362e+04 2.459195845384513745e-16 4.624083818507170365e-16 3.430849126247920746e-16 3.629763259342750916e-17 2.561338576486562619e-17 2.634458315362006543e-17
