5.769028067156249745e+04 nan nan nan nan
5.769028271791669977e+04 nan nan nan nan
5.769028476307870005e+04 nan nan nan nan
5.770036267664349725e+04 nan nan nan nan
5.770036472405090171e+04 nan nan nan nan
5.770036679471070238e+04 nan nan nan nan
5.771433220953700220e+04 nan nan nan nan
5.771433425815970259e+04 nan nan nan nan
5.771433632986110024e+04 nan nan nan nan
5.772425128922449949e+04 nan nan nan nan
5.772425333556709666e+04 nan nan nan nan
5.772425540484950034e+04 nan nan nan nan
5.773521590384260344e+04 nan nan nan nan
5.773521795435190143e+04 nan nan nan nan
5.773522000270830176e+04 nan nan nan nan
5.774518851109949901e+04 nan nan nan nan
5.774519055625000328e+04 nan nan nan nan
5.774519262672449986e+04 nan nan nan nan
5.775615824108800007e+04 nan nan nan nan
5.775616031265049969e+04 nan nan nan nan
5.775616238341439748e+04 nan nan nan nan
5.776736949430560344e+04 nan nan nan nan
5.776737156701389904e+04 nan nan nan nan
5.776737363773149991e+04 nan nan nan nan
5.777933906694439793e+04 nan nan nan nan
5.777934111552080140e+04 nan nan nan nan
5.777934316069439956e+04 nan nan nan nan
5.779009090420140274e+04 nan nan nan nan
5.779009295081019809e+04 nan nan nan nan
5.779009500322920212e+04 nan nan nan nan
5.780026133701390063e+04 nan nan nan nan
5.797234465217590332e+04 nan nan nan nan
5.797234669783560093e+04 nan nan nan nan
5.798228209060189693e+04 nan nan nan nan
5.798228416128469689e+04 nan nan nan nan
5.798228620649310324e+04 nan nan nan nan
5.799333355103009671e+04 nan nan nan nan
5.799333562310189882e+04 nan nan nan nan
5.799333766741900035e+04 nan nan nan nan
5.800324404768519889e+04 nan nan nan nan
5.800324609627309837e+04 nan nan nan nan
5.800324814269680064e+04 nan nan nan nan
5.804736309597219952e+04 nan nan nan nan
5.804736515063660045e+04 nan nan nan nan
5.804736722247690341e+04 nan nan nan nan
5.805733465548609820e+04 nan nan nan nan
5.805733670298609650e+04 nan nan nan nan
5.805733874700230081e+04 nan nan nan nan
5.806736476865739678e+04 nan nan nan nan
5.806736681638890150e+04 nan nan nan nan
5.806736886258100276e+04 nan nan nan nan
5.807827786126160208e+04 nan nan nan nan
5.807827990872690134e+04 nan nan nan nan
5.807828195469910133e+04 nan nan nan nan
5.808827098557870340e+04 nan nan nan nan
5.808827305770829844e+04 nan nan nan nan
5.808827510299770074e+04 nan nan nan nan
5.780026545491899742e+04 nan nan nan nan
5.781422693438659917e+04 nan nan nan nan
5.781422898768520099e+04 nan nan nan nan
5.781423105940969981e+04 nan nan nan nan
5.784601314594910218e+04 nan nan nan nan
5.784601524319440068e+04 nan nan nan nan
5.784601728746529989e+04 nan nan nan nan
5.785706177908559766e+04 nan nan nan nan
5.785706384946760227e+04 nan nan nan nan
5.785706593056709971e+04 nan nan nan nan
5.786702062585650128e+04 nan nan nan nan
5.786702267342589766e+04 nan nan nan nan
5.786702471924770362e+04 nan nan nan nan
5.787699252589119715e+04 nan nan nan nan
5.787699459777779703e+04 nan nan nan nan
5.787699664407409728e+04 nan nan nan nan
5.780026341004629649e+04 nan nan nan nan
5.797234258017360116e+04 nan nan nan nan
