5.799333834000000206e+04 7.238011506144955547e+02 7.584684188888736189e-01 4.534281666021432178e-02 6.501305149933589433e-01
5.775616262000000279e+04 6.360960944116318387e+02 7.245109841573025289e-01 1.394327744445415518e-01 6.750128408009098413e-01
5.798228687999999966e+04 6.687569953704301042e+02 7.398784297472792426e-01 6.521809138607412293e-02 6.695718854243045692e-01
5.805733940499999881e+04 6.844271703491417611e+02 7.435295947597341248e-01 1.030513439347074817e-01 6.607148872468943113e-01
5.800324879199999850e+04 6.884855124825627399e+02 7.469117307772410452e-01 5.297872638722642136e-02 6.628092644024626834e-01
5.786702537666999706e+04 5.643600736402943312e+02 6.986851276422570978e-01 1.059481423102663494e-01 7.075408705880716909e-01
5.797234735399999772e+04 7.168022983529231169e+02 7.560408630011901110e-01 5.412290060598240471e-02 6.522828566675739070e-01
5.771433697399999801e+04 6.887249237784099023e+02 7.470569480074374935e-01 5.053367842010739880e-02 6.628365287000604900e-01
5.769028515000000334e+04 7.148074059796573465e+02 7.551728519284118812e-01 6.184156385824061963e-02 6.526021641780511695e-01
5.770036745599999995e+04 7.348804472783069741e+02 7.613793230124059619e-01 6.284598864814147645e-02 6.452533674456942814e-01
5.773522038667000015e+04 6.579772798494458357e+02 7.345209834419120787e-01 1.030115477665705104e-01 6.707216605345780458e-01
5.824302474249999796e+04 5.156645721853108171e+02 6.779188423767766869e-01 9.471970195857361274e-02 7.290090679898364456e-01
5.787699702332999732e+04 8.263651384387975440e+02 7.868658013884771707e-01 7.226708206194196182e-02 6.128781930004708611e-01
