5.833431511633100308e+04 1.131864950401932362e+02 6.732030450470365412e-01 7.224437367345105665e-01 1.577108347339364336e-01
5.823302282015050150e+04 1.253231068460741113e+02 6.954206988121020006e-01 7.023444329334398439e-01 1.519945696105369781e-01
5.834532710738429887e+04 1.389702982002205260e+02 7.641003499493741469e-01 6.235121217998403909e-01 1.654789689836906608e-01
5.800324404768519889e+04 1.466421048613759694e+02 6.973076363135966016e-01 7.047728981662508829e-01 1.306033014478886478e-01
5.804736722247690341e+04 1.590535231452029734e+02 7.793475070347906097e-01 6.082710245773189639e-01 1.504121801527910918e-01
5.800324609627309837e+04 1.458459313326802942e+02 6.969960261947627522e-01 7.049704822987117314e-01 1.311989274202764733e-01
5.821603015518520260e+04 1.341397251053849402e+02 7.394273603069810852e-01 6.538137217302455451e-01 1.605453085789035894e-01
5.770036679471070238e+04 1.670632857784430030e+02 7.643203073184908769e-01 6.299559175697008184e-01 1.377316584503505137e-01
5.772425540484950034e+04 1.594953350724157701e+02 7.916717483799816657e-01 5.910160201168148664e-01 1.547769581761561097e-01
5.799333766741900035e+04 1.741527029719957511e+02 8.096078254360866699e-01 5.679421390148522431e-01 1.482460647838079459e-01
5.804736515063660045e+04 1.614772699600622445e+02 7.852292307755356360e-01 6.006622484958350494e-01 1.503991966986133744e-01
5.813911386907409906e+04 1.348731566357880070e+02 7.556375681488395335e-01 6.334085090215616498e-01 1.667498914578066094e-01
5.814908350254630204e+04 1.092628162530980518e+02 6.216415412222419112e-01 7.708148077637326789e-01 1.393065912259562056e-01
5.797234669783560093e+04 1.433144314264911827e+02 6.815383196111535202e-01 7.205612110917130053e-01 1.276599387891470538e-01
5.823302077569440007e+04 1.260985136222238197e+02 6.977203662476096913e-01 7.000456059691151367e-01 1.520606460812120864e-01
5.781422693438659917e+04 1.187556010681189491e+02 7.178070813683855578e-01 6.749432780652855346e-01 1.708934326762922562e-01
5.779009500322920212e+04 1.372004057047492438e+02 7.353126013574365905e-01 6.597132571183113026e-01 1.552217660874541105e-01
5.834532505753469741e+04 1.373800638347074994e+02 7.614177587306917294e-01 6.265888007827816741e-01 1.662211521531653802e-01
5.812914105657410255e+04 1.437441114995168618e+02 7.655685365679861798e-01 6.229870511197443950e-01 1.605987233893126642e-01
5.817304953537040274e+04 1.317006666140602249e+02 7.339937165191375845e-01 6.597667951570663769e-01 1.611241760835333270e-01
5.784601524319440068e+04 1.258749717661473682e+02 6.925848750753598182e-01 7.055474654382152266e-01 1.500965183825345162e-01
5.824302416109949991e+04 1.408256453235073025e+02 7.563385361048533539e-01 6.343127311426975945e-01 1.599980559665001023e-01
5.775616238341439748e+04 1.638800936218805759e+02 8.031667727111637678e-01 5.752261507877385327e-01 1.550419641989083941e-01
5.811916440634259925e+04 1.282154467121413006e+02 6.937116743840496813e-01 7.049173595459737873e-01 1.478364942563582529e-01
5.775616031265049969e+04 1.643921048112273979e+02 8.043340422278065782e-01 5.736018357642715948e-01 1.550086530530945528e-01
5.815920730226849992e+04 1.370568907560613638e+02 7.571978562901832133e-01 6.320615371811116878e-01 1.647714163494425343e-01
5.821603222688660026e+04 1.359628423071660279e+02 7.423883209080428536e-01 6.506666604944432164e-01 1.596636398819280545e-01
5.815920525725690095e+04 1.383532116067042352e+02 7.617733936192120359e-01 6.264249410430925424e-01 1.652062045233986531e-01
5.813910974958330189e+04 1.341303661489442334e+02 7.531338348385167025e-01 6.364321271640609456e-01 1.665640247318077583e-01
5.805733670298609650e+04 1.657606707116271139e+02 7.945968367598255089e-01 5.883086498174817658e-01 1.500293290034011295e-01
5.780026545491899742e+04 1.324297931620534712e+02 7.163837665276190370e-01 6.808048016058041441e-01 1.526404964817118792e-01
5.780026133701390063e+04 1.291108046597225041e+02 7.113865808441054428e-01 6.856336960110236411e-01 1.543877180646070213e-01
5.808827305770829844e+04 1.424978504807575064e+02 7.188078504652916090e-01 6.803811041487675126e-01 1.428174612110537367e-01
5.812913901069440180e+04 1.457598783867755117e+02 7.703142235708534402e-01 6.171747877001970695e-01 1.603473678974798589e-01
5.807827990872690134e+04 1.584767178769826899e+02 7.930198465433547783e-01 5.888029981491003095e-01 1.563027586416338155e-01
5.784601314594910218e+04 1.244153269259414287e+02 6.880159104005715287e-01 7.100534824988204985e-01 1.498604651900213858e-01
5.776736949430560344e+04 1.017130675152162951e+02 5.668166672812356977e-01 8.143953541922662742e-01 1.244149217829038367e-01
5.797234258017360116e+04 1.423559127866022607e+02 6.779375682943294956e-01 7.240370807437788159e-01 1.271650864160361605e-01
5.821603429883100034e+04 1.352326820071651241e+02 7.416337643563526427e-01 6.513950106155003139e-01 1.601995621462755370e-01
5.814908554775459925e+04 1.069981685311743860e+02 6.119835901995981375e-01 7.787606648479444837e-01 1.378691851430112747e-01
5.786702062585650128e+04 1.366888040249301639e+02 7.524808500323320049e-01 6.380833580279118289e-01 1.631631041088728584e-01
5.814908759394680237e+04 1.060911730246784828e+02 5.905742675632560390e-01 7.965265614392235127e-01 1.294892714240457599e-01
5.769028271791669977e+04 1.755387365793063736e+02 8.098817989403178652e-01 5.678300492451343606e-01 1.471750893305752428e-01
5.833431718686340173e+04 1.129555700446930473e+02 6.720009856336784937e-01 7.236145825073727611e-01 1.574693979478088146e-01
5.817304748624999775e+04 1.325650649977382045e+02 7.366394829008713341e-01 6.567855617557468717e-01 1.612296439887062338e-01
5.774519055625000328e+04 nan nan nan nan
5.776737363773149991e+04 9.143010412360526118e+01 5.166214625194147647e-01 8.484586166944406704e-01 1.149793034474335396e-01
5.784601728746529989e+04 1.264008673310056992e+02 6.905487373330090328e-01 7.078574207232052329e-01 1.485944591661410574e-01
5.834532915144680010e+04 1.386383459088011989e+02 7.628085264452707515e-01 6.251353232729847109e-01 1.653147893528461032e-01
5.781422898768520099e+04 1.191341714935443576e+02 7.175551773304428282e-01 6.753784324167125819e-01 1.702308447744435849e-01
5.806736886258100276e+04 1.303871403788438670e+02 6.473213728837348135e-01 7.516330525766444781e-01 1.265811774405347367e-01
5.822308867880790058e+04 1.343367646052455768e+02 7.390195678707323079e-01 6.543756435823373518e-01 1.601330552707902755e-01
5.770036472405090171e+04 1.712887163084017459e+02 7.842266840067178002e-01 6.041425227862727843e-01 1.414224884990549491e-01
5.799333355103009671e+04 1.730837373309377938e+02 8.069166642214316010e-01 5.717785065234267661e-01 1.481716453293169811e-01
5.780026341004629649e+04 1.287686743773086846e+02 7.098228549760886574e-01 6.873129683913072885e-01 1.541181301298601980e-01
5.798228209060189693e+04 1.561898720657283945e+02 7.621929638896202119e-01 6.305547574823143764e-01 1.465011386084628386e-01
5.785706593056709971e+04 nan nan nan nan
5.798228416128469689e+04 1.604497348868649169e+02 7.668702825169784187e-01 6.253543432695468640e-01 1.443672925085301428e-01
5.772425128922449949e+04 1.624737138932295863e+02 7.969951599632788541e-01 5.840255331018701090e-01 1.539899077218503665e-01
5.824302004283559654e+04 1.403637266009894518e+02 7.557387944320748119e-01 6.349585542841974517e-01 1.602701124092568707e-01
5.836238239525460085e+04 nan nan nan nan
5.781423105940969981e+04 1.208390330001248572e+02 7.209246301210803232e-01 6.719882943420599775e-01 1.694090019805104541e-01
5.820611551256939856e+04 1.154006833474966811e+02 6.521705143081238942e-01 7.440424641226437430e-01 1.451703545817175089e-01
5.808827510299770074e+04 1.456463276878777151e+02 7.307738552785844055e-01 6.671672475439940353e-01 1.444210380998745269e-01
5.785706384946760227e+04 nan nan nan nan
5.773521795435190143e+04 1.200922105827519601e+02 6.216649142653042359e-01 7.729593411147642756e-01 1.267540585343980286e-01
5.819407280440969771e+04 1.396219533134589028e+02 7.665538692436044688e-01 6.204166137079801802e-01 1.657660730752287259e-01
5.787699252589119715e+04 1.874013678200142294e+02 8.027760882426410172e-01 5.806924811443863188e-01 1.354503395648012087e-01
5.771433425815970259e+04 1.623623489112020764e+02 7.951718413188459955e-01 5.866624749260481719e-01 1.533912751340172631e-01
5.822308663465279824e+04 1.307131263578452263e+02 7.334498244862479588e-01 6.601322824901162400e-01 1.621009703101168875e-01
5.818424454739579960e+04 1.084507119869204246e+02 6.493500489310052304e-01 7.449111211243290009e-01 1.531402480688744405e-01
5.824302208936340321e+04 1.406054171901053849e+02 7.562941588285662098e-01 6.343071331231083798e-01 1.602298542436303430e-01
5.776737156701389904e+04 9.791898952386092958e+01 5.475140133208514781e-01 8.280628278949159204e-01 1.205834079629925643e-01
5.769028476307870005e+04 1.737694407440723694e+02 8.073369223197004452e-01 5.712965711052898632e-01 1.477407245910628275e-01
5.805733465548609820e+04 1.665891805850470746e+02 7.963662557982280621e-01 5.859318673821934942e-01 1.499487692911376790e-01
5.770036267664349725e+04 1.743301851857145834e+02 7.980820433830139171e-01 5.851114354451942834e-01 1.439085130937622359e-01
5.804736309597219952e+04 1.594322101526111339e+02 7.790051456187225831e-01 6.088300616521128417e-01 1.499231107209189340e-01
5.820611346878470067e+04 1.151932546365310799e+02 6.522271813938440577e-01 7.439367944521904086e-01 1.454570373383189952e-01
5.779009090420140274e+04 1.373758770589489018e+02 7.346983290647509657e-01 6.605045680335777103e-01 1.547645982653645391e-01
5.773521590384260344e+04 1.261569006116839660e+02 6.484978413114791396e-01 7.498069328528443878e-01 1.313016117957491180e-01
5.811916645289349981e+04 1.250890745299141145e+02 6.902871259358150935e-01 7.078078705776150725e-01 1.500390019816660037e-01
5.785706177908559766e+04 6.896617885140604187e+01 5.241873078123171492e-01 8.370192495549637623e-01 1.569281434380728479e-01
5.815920321423609857e+04 1.353119848273101127e+02 7.498859215824386082e-01 6.409970232668857903e-01 1.636884869972478895e-01
5.774518851109949901e+04 nan nan nan nan
5.797234465217590332e+04 1.427261637455679590e+02 6.791925994188320326e-01 7.228352423359041268e-01 1.273052447147594024e-01
5.807827786126160208e+04 1.597985574988132100e+02 7.945688268452096858e-01 5.868935563843545866e-01 1.556159788721957482e-01
5.787699664407409728e+04 1.888119466745564523e+02 8.038605818667884373e-01 5.793415350487236548e-01 1.348018942306700441e-01
5.773522000270830176e+04 1.188665238617726914e+02 6.121822961728745627e-01 7.809040577458884469e-01 1.241840925743429858e-01
5.818424659505789896e+04 1.040766181259681105e+02 6.379372227671158413e-01 7.545297052614425848e-01 1.540163098060060576e-01
5.779009295081019809e+04 1.405898189306838901e+02 7.438523133422110245e-01 6.501176793228519157e-01 1.550185116923480655e-01
5.820611141873840097e+04 1.159053842940668773e+02 6.550130321851936888e-01 7.414175739348108918e-01 1.458009215614831933e-01
5.818424864034719940e+04 1.047983354353668659e+02 6.386822338382281972e-01 7.540425023695035422e-01 1.533131070709477239e-01
5.777934111552080140e+04 1.152054144856892322e+02 7.208923826676910673e-01 6.698842770178040640e-01 1.776773142976710573e-01
5.800324814269680064e+04 1.476619359130672819e+02 7.016906284219700529e-01 7.002720029701623439e-01 1.313369096672280245e-01
5.798228620649310324e+04 1.537816190248727253e+02 7.580935137815885128e-01 6.353161824159377913e-01 1.471990921260163676e-01
5.771433632986110024e+04 1.618091780123491787e+02 7.949195920733451715e-01 5.868925415656113254e-01 1.538180314287100336e-01
5.769028067156249745e+04 1.772594252236591501e+02 8.110559390290753567e-01 5.664122071873707309e-01 1.461693378065165583e-01
5.772425333556709666e+04 1.593625039102715846e+02 7.921827681004622868e-01 5.902445141268899409e-01 1.551060136416403945e-01
5.777933906694439793e+04 1.170637677759096675e+02 7.251819040384848147e-01 6.654337592789464351e-01 1.769438274340393580e-01
5.806736681638890150e+04 1.396438842104032005e+02 6.925289174929483149e-01 7.085932136147828908e-01 1.352751124749848044e-01
5.833431304446759896e+04 1.103987927209347788e+02 6.661916601663012694e-01 7.287772361599912374e-01 1.583427042205351465e-01
5.787699459777779703e+04 1.876912934994313105e+02 8.026405523713786572e-01 5.809391832842530912e-01 1.351954474603086209e-01
5.819407690168979752e+04 1.398410451843753890e+02 7.658734403573660421e-01 6.214037707934682020e-01 1.652126720286032635e-01
5.771433220953700220e+04 1.597871184516079666e+02 7.914777106430713749e-01 5.913695371261923350e-01 1.544186002862207585e-01
5.774519262672449986e+04 6.101881043089497325e+01 5.710278722225842207e-01 7.934888243528951390e-01 2.104819583052395249e-01
5.806736476865739678e+04 1.437650932831483601e+02 7.192298772071398227e-01 6.801635481936104677e-01 1.417248441215606669e-01
5.819407485182870005e+04 1.402928901946116298e+02 7.675841953930444550e-01 6.192347602728134337e-01 1.654170929882518293e-01
5.805733874700230081e+04 1.668489126725030758e+02 7.953254577513642065e-01 5.875029192306264747e-01 1.493242651014058120e-01
5.799333562310189882e+04 1.701995045136860369e+02 8.041107035402125236e-01 5.753389519233114147e-01 1.496364489415930865e-01
5.822308456289349851e+04 1.349417095976816086e+02 7.403584106423588551e-01 6.528947579825102876e-01 1.599933085790773979e-01
5.775615824108800007e+04 1.660523559671914882e+02 8.076109642324427185e-01 5.690595724946464484e-01 1.547117752588811346e-01
5.817305160604169942e+04 1.320728760286877730e+02 7.339235165916490056e-01 6.599630801340965469e-01 1.606393620930552102e-01
5.811916852386570099e+04 1.269560069599736494e+02 6.944289395639486884e-01 7.038357079095801661e-01 1.496119786899083315e-01
5.813911182128469954e+04 1.338866914420216290e+02 7.536236738043142758e-01 6.357154973671147458e-01 1.670843041370752291e-01
5.808827098557870340e+04 1.360135401505646371e+02 6.993608027251101422e-01 7.005945443378847060e-01 1.416395144572352716e-01
5.823301870378469903e+04 1.281345550375538096e+02 7.013078863642322469e-01 6.966417032978148294e-01 1.511872539258933557e-01
5.812913696190970222e+04 1.444691386768380994e+02 7.648180996820043154e-01 6.241950983903379324e-01 1.594796336347811816e-01
5.786702267342589766e+04 1.363110640928045996e+02 7.510617403578864204e-01 6.397950316294142015e-01 1.629987106479674486e-01
5.807828195469910133e+04 1.575050746507402550e+02 7.919355683670510349e-01 5.901187514769353770e-01 1.568372236124408181e-01
5.777934316069439956e+04 1.153018602024856420e+02 7.179936089918130815e-01 6.734037516568149861e-01 1.761038463561717393e-01
5.786702471924770362e+04 1.368603917583155010e+02 7.528642704152941345e-01 6.376407600135104436e-01 1.631246501956087058e-01
