5.829501364218749950e+04 1.771956571429307985e+02 6.824073931151120043e-01 7.240285417582895677e-01 1.005127879486065051e-01
5.762211056755790196e+04 2.873117338658681774e+02 8.591752809236081756e-01 5.021572495381322332e-01 9.826460902144303067e-02
5.779737818663189682e+04 nan nan nan nan
5.787416473508100171e+04 -3.210145494071924190e+02 nan 2.442160301907141839e+00 6.402773468407932933e-01
5.776233661642359948e+04 2.537576360226833572e+02 8.851598985901756311e-01 4.500520233176630303e-01 1.180895009537569623e-01
5.818032737877310137e+04 1.729603595101353051e+02 6.895421456295911522e-01 7.165734532534623336e-01 1.051385537895016403e-01
5.781429067579859839e+04 2.180598163819316255e+02 8.598561168302857327e-01 4.937928110456120678e-01 1.296769760181596121e-01
5.772435256502310222e+04 2.527814585533663774e+02 8.528252416455469609e-01 5.104700566647075721e-01 1.100428482953095394e-01
5.825811143167819682e+04 2.175727983370390177e+02 8.577124106750413368e-01 4.975999949745529283e-01 1.293200122770406801e-01
5.834610190532410343e+04 2.602944775136107296e+02 8.784814797051333501e-01 4.641252633806527972e-01 1.133932524752649385e-01
5.777931014269679872e+04 2.308285359404129906e+02 8.722513202348540773e-01 4.725317562334144794e-01 1.260609919821308045e-01
5.785731494004630076e+04 nan nan nan nan
5.763899686405090324e+04 2.786750111630840365e+02 8.688770001999075454e-01 4.840635662672309603e-01 1.036109180359869597e-01
5.816236355307869962e+04 2.918476743465199092e+02 9.068728024622555450e-01 4.073892228830774953e-01 1.077763482076519591e-01
5.825811517805560288e+04 4.293257069022641303e+01 4.959574209768030650e-01 8.402446990709064867e-01 2.191234406933218470e-01
5.824115808377310168e+04 nan nan nan nan
5.812830973863429972e+04 2.931971282806792374e+02 8.882804035958823397e-01 4.476204316575158604e-01 1.029265454111598227e-01
5.772435446303240315e+04 2.457167178102659477e+02 8.406742074099664563e-01 5.302509226998147751e-01 1.100037998053693955e-01
5.787416286068290356e+04 1.451684835380619631e+02 7.780915230791957127e-01 6.075619645025388538e-01 1.595056143278766603e-01
5.777930633918980311e+04 2.307003495875111128e+02 8.735945736415886564e-01 4.699204797001075296e-01 1.265198152954384592e-01
5.829500984716440144e+04 1.806751095539265464e+02 7.105372608655230460e-01 6.954964132307360769e-01 1.068716057000216185e-01
5.774235484249999718e+04 2.803984863644560050e+02 8.595125121128084356e-01 5.010832034091521336e-01 1.007663871673081801e-01
5.762210869700230251e+04 2.872382760516394455e+02 8.637782243329521492e-01 4.939813844440698043e-01 9.934571450713071405e-02
5.819728157092590118e+04 nan nan nan nan
5.827823077649310289e+04 nan nan nan nan
5.831222155851849675e+04 1.189097541613562754e+02 7.252952034813646698e-01 6.673218091195781687e-01 1.691995002365533907e-01
5.789423558028940170e+04 3.371493763283482394e+02 9.224441896483799308e-01 3.738708706323782271e-01 9.652610567370510652e-02
5.814531585123840341e+04 2.579727490350426820e+02 8.885854575340782491e-01 4.435230004086032629e-01 1.170608079909874616e-01
5.808932699960649916e+04 1.915673054037434042e+02 7.456833681616337195e-01 6.569873610060272817e-01 1.110131610461443097e-01
5.811127042116899975e+04 2.381060441585659646e+02 8.639284954880246392e-01 4.891366473992563857e-01 1.198870086990815181e-01
5.776233281542819896e+04 2.513798880487890983e+02 8.829810707420953086e-01 4.541735803158690188e-01 1.186203509276870655e-01
5.819728531929400197e+04 nan nan nan nan
5.808933077104169934e+04 nan nan nan nan
5.793314529261569987e+04 5.212703301408676992e+00 1.860240400603535016e-01 9.491733400990057801e-01 2.538996395525628946e-01
5.832915594150459947e+04 2.348242159871306285e+02 8.113180385282738882e-01 5.746908132795685020e-01 1.072077865208605485e-01
5.785731306495369790e+04 1.561958864178864133e+02 6.517036690708657432e-01 7.513102603812645830e-01 1.039962516892210809e-01
5.831222345422449871e+04 1.889933259099229588e+02 8.273198746299377238e-01 5.443861235264790821e-01 1.385119978706425281e-01
5.762210679391199665e+04 2.926796707815233276e+02 8.685414999701429606e-01 4.857141552149575880e-01 9.857698642905547703e-02
5.791107826843750081e+04 nan nan nan nan
5.781429257291669637e+04 2.171907035231879490e+02 8.590930569887561541e-01 4.950436747108829527e-01 1.299649166600699290e-01
5.812831161589120165e+04 2.934554019439003127e+02 8.865633101987511200e-01 4.511228167829035574e-01 1.024387679899171205e-01
5.779737440935189807e+04 nan nan nan nan
5.774235671541670308e+04 2.775957970575486797e+02 8.452721696047341693e-01 5.251901772265915591e-01 9.843900160204192840e-02
5.811126665515050263e+04 2.319349917690503560e+02 8.585413587685262193e-01 4.981296407151107331e-01 1.215466837265731931e-01
5.816235977996529982e+04 2.899468124850783965e+02 9.036009737072641101e-01 4.146150679790915894e-01 1.077015585772913703e-01
5.831221968119210214e+04 2.453305774794664842e+02 8.739723516924654545e-01 4.711611356825414765e-01 1.190777590462608754e-01
5.827822700097219786e+04 nan nan nan nan
5.821423765626159729e+04 nan nan nan nan
5.763900063818290073e+04 2.785479856849386806e+02 8.702682813197469835e-01 4.814759765084241083e-01 1.039903965471476177e-01
5.818032550637730310e+04 1.968710157696858403e+02 6.924596498685929857e-01 7.154175433330278722e-01 9.315241271808756551e-02
5.781428874980319961e+04 2.247093236972260684e+02 8.643785841108766466e-01 4.864958995910905193e-01 1.271668314126431776e-01
5.772435069240740268e+04 2.547724895690521123e+02 8.593872404621835104e-01 4.991608133557027260e-01 1.108695329694612264e-01
5.760399803968750348e+04 3.305408730223010139e+02 9.174441300802116395e-01 3.857605021570404413e-01 9.739149427394494518e-02
5.791107639989579911e+04 nan nan nan nan
5.777930824155089795e+04 2.289216530443922011e+02 8.710558709979138170e-01 4.745448786489074311e-01 1.267628800089332375e-01
5.821423224140050297e+04 1.411306621831628831e+02 7.223548139528220835e-01 6.769106069108817847e-01 1.414056328818818487e-01
5.814531395318290015e+04 2.591579441872347047e+02 8.896400329147332586e-01 4.414723727280107646e-01 1.168022086836230933e-01
5.829501174524310045e+04 nan nan nan nan
5.760399613927079918e+04 3.253017472476898888e+02 9.151850411695233722e-01 3.908188260309505280e-01 9.847327373113753946e-02
5.822336092531250324e+04 2.782355810125106359e+02 8.951057843002026004e-01 4.320370909308874352e-01 1.101344041264813584e-01
5.827822887842589989e+04 nan nan nan nan
5.824115995513890084e+04 nan nan nan nan
5.789423368216439849e+04 3.378489524500639618e+02 9.223305903646308312e-01 3.742086438381244662e-01 9.630250751908457640e-02
5.789423747824069869e+04 3.392426121330116189e+02 9.231363189763635013e-01 3.722754668182495230e-01 9.607451999372178253e-02
5.834610380108800018e+04 2.576599525150629120e+02 8.760484986159918774e-01 4.685738789058921938e-01 1.139190417785928139e-01
5.818032924921299855e+04 1.744939667087634234e+02 6.743948403845798634e-01 7.316107313801074596e-01 9.968619258513856940e-02
5.825811330550930143e+04 2.106831099426337062e+02 8.510837355219995626e-01 5.082972868639606956e-01 1.314927499775376263e-01
5.776233471810189803e+04 2.517240166293714196e+02 8.832769081514052489e-01 4.536196052821878100e-01 1.185375772914486758e-01
5.811126852650460205e+04 2.341004231941350042e+02 8.612737765719182814e-01 4.934779001185723435e-01 1.211901146303168836e-01
5.785731683766200149e+04 1.642142505312213530e+02 6.646619314879530505e-01 7.400256367491965248e-01 1.028910772839412985e-01
5.832915406979170075e+04 2.346669033387678098e+02 8.123807427471031462e-01 5.731214409280929178e-01 1.075608793296684573e-01
5.760399990884259751e+04 3.244505581176019859e+02 9.152614262487147601e-01 3.905705246867213765e-01 9.874809804298895211e-02
5.793314342170140299e+04 -4.426430878515521528e+01 nan 1.120966021747400232e+00 2.988508659045917004e-01
5.821423388826390146e+04 nan nan nan nan
5.787416660774310003e+04 nan nan nan nan
5.819728344704859774e+04 nan nan nan nan
5.763899876207180205e+04 2.807575851913169913e+02 8.734677322511809061e-01 4.756598209978464276e-01 1.039319748887507361e-01
5.821423575971060200e+04 nan nan nan nan
5.822336279716440185e+04 2.768167763717337380e+02 8.946108291916865518e-01 4.329483824011035042e-01 1.105765005289594538e-01
5.814531772142359841e+04 2.607304199757708716e+02 8.914215290364125854e-01 4.379277073358812111e-01 1.165632048200589965e-01
5.793314154677079932e+04 8.317027501336554662e-01 7.465131410762507191e-02 9.637188864008743305e-01 2.562676126557222878e-01
5.816236165597219951e+04 2.930834906645193314e+02 9.081538425040645013e-01 4.045656802620196113e-01 1.076253162561290888e-01
5.822335902607640310e+04 2.831546936523964746e+02 8.985064878724694504e-01 4.252002903703428482e-01 1.090449646707995074e-01
5.834610000579860207e+04 2.570902602350709572e+02 8.751732611361139336e-01 4.702006496266752933e-01 1.139434600274707166e-01
5.774235861133100116e+04 2.682217986427160668e+02 8.218199068150054964e-01 5.615491970843772274e-01 9.630441327616900971e-02
5.808932889887729834e+04 7.211829622248565386e+01 4.909250690147144436e-01 8.617752888137534262e-01 1.278120815997841331e-01
5.832915781324070122e+04 2.334098186343294117e+02 8.082982024613951655e-01 5.789585708157504174e-01 1.070560095308103060e-01
5.791107452853010182e+04 nan nan nan nan
5.779737630797449674e+04 3.829483988241592129e+01 4.254995604534942966e-01 8.867099211564631878e-01 1.808193567530366752e-01
5.812831348924770282e+04 2.951368934062887774e+02 8.901103637919652867e-01 4.440293261987248719e-01 1.026717962521449951e-01
5.824116185208329989e+04 nan nan nan nan
