5.821423224140050297e+04 1.862857611824294679e+02 7.675010120295795435e-01 6.295363642295711548e-01 1.209386730793083481e-01
5.825811517805560288e+04 nan nan nan nan
5.760399990884259751e+04 4.234053549163913317e+02 9.458546256742864644e-01 3.143697530170260768e-01 8.081265667313082546e-02
5.808932699960649916e+04 2.064284980670117591e+02 7.086073070839907784e-01 6.994432666202001769e-01 9.303118362591279722e-02
5.814531772142359841e+04 3.539273739026327235e+02 9.308303971968461266e-01 3.532537895394767813e-01 9.362975932021154468e-02
5.811126665515050263e+04 3.145310873144479160e+02 9.134873547729622789e-01 3.940115841987775758e-01 1.014678480459000748e-01
5.781429067579859839e+04 3.182493005752389195e+02 9.187131043568251831e-01 3.816773198459181837e-01 1.014330094115413333e-01
5.832915781324070122e+04 2.626140902153993011e+02 8.005496606507470636e-01 5.919533601959752200e-01 9.333520335151014591e-02
5.825811330550930143e+04 3.007190139371269311e+02 9.106486361037966493e-01 3.994936825636456468e-01 1.054697072814376607e-01
5.777930824155089795e+04 3.259130949964647925e+02 9.220881446607512855e-01 3.738957387187215597e-01 9.977690135534807159e-02
5.762211056755790196e+04 3.175256832965068838e+02 8.595779103173993851e-01 5.031950247247513053e-01 8.899765832104802876e-02
5.819728531929400197e+04 nan nan nan nan
5.814531395318290015e+04 3.525461815452315477e+02 9.306423275993079836e-01 3.536617588896230346e-01 9.395859928522187765e-02
5.824116185208329989e+04 nan nan nan nan
5.781429257291669637e+04 3.172537699986692701e+02 9.181659406858829753e-01 3.829394476588756091e-01 1.016301372188541802e-01
5.776233471810189803e+04 3.616939195085349184e+02 9.327856087748180869e-01 3.484912720051915325e-01 9.200457270590288450e-02
5.785731306495369790e+04 2.548822969046806293e+02 7.378760492747752364e-01 6.699733505315508264e-01 8.169850356143221193e-02
5.774235671541670308e+04 3.633707039161620287e+02 8.843060430172005049e-01 4.595957027912993542e-01 8.230803277343330671e-02
5.827822887842589989e+04 nan nan nan nan
5.824115995513890084e+04 nan nan nan nan
5.829500984716440144e+04 2.436385318821097314e+02 7.526967496645804445e-01 6.523326336116973545e-01 8.893670878553365522e-02
5.760399803968750348e+04 4.294328991250122840e+02 9.468365191698586703e-01 3.116497405386539077e-01 7.984388009419197962e-02
5.811126852650460205e+04 3.168104185597135256e+02 9.143388195766305460e-01 3.921715495744344526e-01 1.009257089130464469e-01
5.787416286068290356e+04 nan nan nan nan
5.789423558028940170e+04 4.153517118582586249e+02 9.444203037752568752e-01 3.183158191227650757e-01 8.212995259498716283e-02
5.793314529261569987e+04 nan nan nan nan
5.777930633918980311e+04 3.290226336560538130e+02 9.234841277023213557e-01 3.706071140886663673e-01 9.913340944783927133e-02
5.822335902607640310e+04 3.464434416830405326e+02 9.250471701621365561e-01 3.679179623026418988e-01 9.446748641778764111e-02
5.816236355307869962e+04 3.569928851645514669e+02 9.324832018393078847e-01 3.489944045473177825e-01 9.315569699259451664e-02
5.787416473508100171e+04 nan nan nan nan
5.774235861133100116e+04 3.556908498366861977e+02 8.684098296529026983e-01 4.891716347523755171e-01 8.108933046896614483e-02
5.832915594150459947e+04 2.643104415631565871e+02 8.039599591801599443e-01 5.872826445588632538e-01 9.352796071220284557e-02
5.763899876207180205e+04 3.880982610988428405e+02 9.170582771161979174e-01 3.900453281339661959e-01 8.287797278853628602e-02
5.822336092531250324e+04 3.368275072184302417e+02 9.212394893851176825e-01 3.768704940005100368e-01 9.636614524437137064e-02
5.834610380108800018e+04 3.073047386159753387e+02 9.041460707628111715e-01 4.149321688558202381e-01 1.017407390024995806e-01
5.812830973863429972e+04 3.536895404216851944e+02 9.082653603388104457e-01 4.087743451690192820e-01 8.920521251726502843e-02
5.821423575971060200e+04 nan nan nan nan
5.824115808377310168e+04 nan nan nan nan
5.776233281542819896e+04 3.589128609728538208e+02 9.320871460714587053e-01 3.502038562909035035e-01 9.257867555405642490e-02
5.777931014269679872e+04 3.299165865836910143e+02 9.234147401062707816e-01 3.708556423968017990e-01 9.884993807243272479e-02
5.763899686405090324e+04 3.867858295492856087e+02 9.158970508130699351e-01 3.927494129817266644e-01 8.294872461002476827e-02
5.834610000579860207e+04 3.065757021325597975e+02 9.028600596129602307e-01 4.177347152494476079e-01 1.016927747243865504e-01
5.816236165597219951e+04 3.560537256049989878e+02 9.323215913794127285e-01 3.493689632972526438e-01 9.336904054536614150e-02
5.821423388826390146e+04 nan nan nan nan
5.818032550637730310e+04 2.610269420083793648e+02 7.229861610494385804e-01 6.866041553907680228e-01 7.658815006987171325e-02
5.829501364218749950e+04 2.514571332106609702e+02 7.338225827296699366e-01 6.743857584929751070e-01 8.190400367388177283e-02
5.762210679391199665e+04 3.261525122210043719e+02 8.706469063660069452e-01 4.838105266388635917e-01 8.888947490410176178e-02
5.818032737877310137e+04 2.300344082604761411e+02 7.252532950158785408e-01 6.829053164585390245e-01 8.745276908865548537e-02
5.812831161589120165e+04 3.566852584616772788e+02 9.095039566310447743e-01 4.061222982621867650e-01 8.869741668568714710e-02
5.811127042116899975e+04 3.230191609101914310e+02 9.167008602634219017e-01 3.869879837318317417e-01 9.949790570395788958e-02
5.779737440935189807e+04 2.821562978218746025e+02 7.683551712171581283e-01 6.350011507131131383e-01 8.002418045112281997e-02
5.812831348924770282e+04 3.556889953370473449e+02 9.094083139612508804e-01 4.062862058524134845e-01 8.892714676748270097e-02
5.808933077104169934e+04 2.275821932591837182e+01 2.613859035664613528e-01 9.583809541251810948e-01 1.148187971843114830e-01
5.808932889887729834e+04 6.473246677096902602e+01 4.302479057439770882e-01 8.960606656057454877e-01 1.093710343606117408e-01
5.781428874980319961e+04 3.226655378691212377e+02 9.202087827604227277e-01 3.783404701825488492e-01 1.003707365352523861e-01
5.834610190532410343e+04 3.102186523899833901e+02 9.051425744423460262e-01 4.129339328739028425e-01 1.010073611830995255e-01
5.832915406979170075e+04 2.664270946390483914e+02 8.068138038287931968e-01 5.833691395225694132e-01 9.344481261156645235e-02
5.827822700097219786e+04 nan nan nan nan
5.822336279716440185e+04 3.399105623454656211e+02 9.225255975169023293e-01 3.738672966109122253e-01 9.575889750268859468e-02
5.821423765626159729e+04 nan nan nan nan
5.772435256502310222e+04 3.439576604358371696e+02 9.002742296298790192e-01 4.258923661495130908e-01 9.012216109202414449e-02
5.787416660774310003e+04 nan nan nan nan
5.789423747824069869e+04 4.185858574776204364e+02 9.449080876187623268e-01 3.170070601076644956e-01 8.157959177728772715e-02
5.789423368216439849e+04 4.177500588364404734e+02 9.455279870206100279e-01 3.150831433748401689e-01 8.185009787277584825e-02
5.791107452853010182e+04 nan nan nan nan
5.819728157092590118e+04 nan nan nan nan
5.819728344704859774e+04 nan nan nan nan
5.791107639989579911e+04 nan nan nan nan
5.793314342170140299e+04 nan nan nan nan
5.827823077649310289e+04 nan nan nan nan
5.825811143167819682e+04 3.080543849559316527e+02 9.138834850360441076e-01 3.925113310829677626e-01 1.036910350505372835e-01
5.776233661642359948e+04 3.620690223978950826e+02 9.330213300606413629e-01 3.478725977714557382e-01 9.195571418683456955e-02
5.793314154677079932e+04 nan nan nan nan
5.760399613927079918e+04 4.265264391305963159e+02 9.461589951517153096e-01 3.135911495281400452e-01 8.027295205183618276e-02
5.785731683766200149e+04 2.765015343642994594e+02 7.577967339367808197e-01 6.476377737339105156e-01 7.943188319391727981e-02
5.831222345422449871e+04 2.140374341624551846e+02 8.539141782269604741e-01 5.038392131027648047e-01 1.302943727217773795e-01
5.785731494004630076e+04 2.726844444405818422e+02 7.546223806996167349e-01 6.512801081158017258e-01 7.987041579904424760e-02
5.814531585123840341e+04 3.529033784488894980e+02 9.306052554084119910e-01 3.537865263017807016e-01 9.385601959152016505e-02
5.763900063818290073e+04 3.875013709901568859e+02 9.164054523717030110e-01 3.915746537919314041e-01 8.288749828015980203e-02
5.779737630797449674e+04 3.316975461613895959e+02 8.678778855714419649e-01 4.891271075332077611e-01 8.684842204807619037e-02
5.762210869700230251e+04 3.175279410328562335e+02 8.634596572609115617e-01 4.963596541137862972e-01 8.980263944290038658e-02
5.779737818663189682e+04 3.252770936095682259e+02 8.624435959012105579e-01 4.985401756312237143e-01 8.745705900942488120e-02
5.829501174524310045e+04 2.230586420237536345e+02 6.905654977640436343e-01 7.186330523371184942e-01 8.176692110220926124e-02
5.791107826843750081e+04 nan nan nan nan
5.774235484249999718e+04 3.651717780504674238e+02 8.927052615580846062e-01 4.428440590414232658e-01 8.346529433380089902e-02
5.816235977996529982e+04 3.473429571398611984e+02 9.282401706560732269e-01 3.596790633777397495e-01 9.487442726096448342e-02
5.772435446303240315e+04 3.380442510449171891e+02 8.893573551800065813e-01 4.483696562865138735e-01 8.948824564565428796e-02
5.831221968119210214e+04 2.773109627877199728e+02 8.972170406927663100e-01 4.274053850635565754e-01 1.110235052103282355e-01
5.818032924921299855e+04 2.613570704282112729e+02 7.365231104807984375e-01 6.717381236346267048e-01 7.938262393950384910e-02
5.772435069240740268e+04 3.468702233438865505e+02 9.068913236453790550e-01 4.114906422142203257e-01 9.068394823154204976e-02
5.831222155851849675e+04 1.363129907896038446e+02 7.591555514166762331e-01 6.305044102418591034e-01 1.617004558398265901e-01
