5.781429309400000056e+04 1.802985041666094332e+02 4.433382832688938513e-01 9.113825365804080481e-02 8.917090250234953608e-01
5.827823131399999693e+04 1.113092198926785699e+02 3.558047821124207255e-01 8.881555091598269946e-02 9.303304546995240232e-01
5.812831402199999866e+04 2.039071947016131787e+02 4.668044938339085403e-01 1.340453295948930701e-01 8.741426737954537396e-01
5.787416714399999910e+04 nan nan nan nan
5.825811571399999957e+04 nan nan nan nan
5.772435499800000252e+04 2.055806314551109324e+02 4.697923522570621180e-01 9.015058692187767619e-02 8.781617262431888893e-01
5.763900117599999794e+04 2.308969301849315343e+02 4.940112241351486411e-01 9.203905045281902952e-02 8.645702537216021222e-01
5.816236409399999684e+04 nan nan nan nan
5.785731736400000227e+04 1.696968552193836217e+02 4.315777106065852298e-01 8.752611349846985134e-02 8.978195025523958428e-01
5.808933132399999886e+04 nan nan nan nan
5.791107882000000245e+04 2.183298515518146985e+02 4.827758893068360146e-01 6.646200491913024921e-02 8.732183247081586330e-01
5.762211112000000139e+04 1.988534787485077686e+02 4.619528504686066794e-01 1.265956310688316766e-01 8.778229378059184684e-01
5.811127095600000030e+04 1.861205463644777751e+02 4.495030091363025337e-01 9.691802384975874152e-02 8.880055976346471480e-01
5.776233715400000074e+04 2.018226652804200683e+02 4.663359886912612495e-01 7.527196257454858708e-02 8.813993858073193577e-01
5.829501416600000084e+04 nan nan nan nan
5.789423801400000229e+04 2.420654081742465280e+02 5.046708379086096707e-01 6.769297025804686674e-02 8.606538253806027550e-01
5.774235913799999980e+04 nan nan nan nan
5.814531827199999680e+04 1.989003873069026724e+02 4.621688672178741464e-01 1.214437588705739313e-01 8.784368796936595780e-01
5.821423797332999675e+04 nan nan nan nan
5.779737872999999672e+04 nan nan nan nan
5.793314577999999892e+04 nan nan nan nan
