5.776233334800000011e+04 6.438374167372093672e-16 3.143608844966306496e-17 3.306705228778123203e-17 6.302848348760827466e-16 2.957036188583156111e-17 3.141902251194584196e-17
5.772435122399999818e+04 1.381803108425008607e-16 4.484564398712134717e-16 3.227591125965906484e-16 4.273350194470375378e-17 3.899445139871573815e-16 2.594558539423092378e-16
5.834610049399999843e+04 nan nan nan nan nan nan
5.779737491600000067e+04 nan nan nan nan nan nan
5.822335956799999985e+04 5.873307481257555157e-16 4.625249483039448664e-17 3.911576023921670827e-17 5.724419285638391180e-16 4.362066773292655636e-17 3.695072574132730278e-17
5.819728211200000078e+04 nan nan nan nan nan nan
5.787416336400000000e+04 nan nan nan nan nan nan
5.829501039799999853e+04 nan nan nan nan nan nan
5.831222017000000051e+04 nan nan nan nan nan nan
5.818032602200000110e+04 nan nan nan nan nan nan
5.816236032200000045e+04 1.401694710985067962e-16 6.898301614056195573e-16 3.174704434861671747e-16 4.878354755409826588e-17 6.374525047814071136e-16 2.620251107699247752e-16
5.785731361199999810e+04 1.408267459086058067e-16 5.630292084392151755e-16 3.819003715454890384e-16 5.064115171611777227e-17 5.132040028217505341e-16 3.273782950736356967e-16
5.774235536999999749e+04 1.382284362643554594e-16 4.203671163991731946e-16 2.541921985433688740e-16 4.288886191095321147e-17 3.623994937798158601e-16 1.934265281655904222e-16
5.793314209799999662e+04 1.384757102338570435e-16 4.945083501626289257e-16 4.403040743551818732e-16 4.367924230912184382e-17 4.368594214079508271e-16 3.760616254701251514e-16
5.789423420800000167e+04 1.361671956523123998e-16 3.794580125494823060e-16 2.337980176724519306e-16 3.569116215175634328e-17 3.102902701236117526e-16 1.629990480315919020e-16
5.791107501800000318e+04 1.372010438960454435e-16 7.086153048818887106e-16 4.196548036151651313e-16 3.945225380244363922e-17 6.428934640558944708e-16 3.487865930410075790e-16
5.814531448600000294e+04 1.382226419707432822e-16 3.955091965316113508e-16 2.744133687432364948e-16 4.287018354637778559e-17 3.378436584162801990e-16 2.128287601437969930e-16
5.808932750600000145e+04 6.401216352154193137e-16 4.429674525743081633e-17 3.972468752215963450e-17 6.264886764777079460e-16 4.201714129683478894e-17 3.782387949697406924e-17
5.824115859600000113e+04 nan nan nan nan nan nan
5.827822748600000341e+04 1.464313438851736084e-16 5.223241942864454423e-16 4.065969047487865598e-16 6.461031152955235833e-17 4.838071731702017129e-16 3.637713193306638000e-16
5.811126715800000238e+04 1.389577008503123452e-16 4.363403322184687028e-16 3.047342953519850909e-16 4.518402936362286640e-17 3.812236716564042170e-16 2.452726255957020120e-16
5.781428928599999927e+04 1.408533223133219136e-16 4.249081513907070228e-16 2.776092235262219342e-16 5.071501050604628954e-17 3.760674483364001100e-16 2.251624161604497951e-16
5.812831027200000244e+04 1.384746896496269640e-16 4.554958839890259958e-16 2.726114321965738181e-16 4.367600665684013418e-17 3.982128678252009489e-16 2.121805631599305890e-16
5.762210733800000162e+04 1.372334223217588393e-16 2.957440957888506025e-16 2.891624216836231893e-16 3.956470758226392403e-17 2.353296513162406341e-16 2.220837746762973985e-16
5.763899739399999817e+04 4.542413441273621808e-16 3.966276805099151128e-17 2.927033421211735667e-17 4.348189883141725607e-16 3.613812071563796682e-17 2.657898308535494784e-17
5.825811196200000268e+04 nan nan nan nan nan nan
