5.776023708057869953e+04 3.459697886280084964e-16 nan nan 7.996403367219282236e-17 nan nan
5.815520337379629927e+04 3.191957470845170847e-16 nan nan 8.327061620803692149e-17 nan nan
5.789424359745370020e+04 nan nan nan nan nan nan
5.829309485172449786e+04 nan nan nan nan nan nan
5.772534344415509986e+04 nan nan nan nan nan nan
5.822328337531250145e+04 3.473590735062116162e-16 nan nan 9.493212400804114371e-17 nan nan
5.779518914180559659e+04 nan nan nan nan nan nan
5.808426144380790356e+04 nan nan nan nan nan nan
5.799836290603010275e+04 nan nan nan nan nan nan
5.785730677471060335e+04 nan nan nan nan nan nan
5.776023295896990021e+04 3.386903397615017845e-16 nan nan 8.094646480079165192e-17 nan nan
5.829309692121529952e+04 nan nan nan nan nan nan
5.796997749270829809e+04 nan nan nan nan nan nan
5.819004626157409803e+04 3.256136757072772641e-16 nan nan 7.890454133618199980e-17 nan nan
5.811930644726850005e+04 3.349863320990728990e-16 nan nan 1.097116140720042378e-16 nan nan
5.769026796417820151e+04 nan nan nan nan nan nan
5.815520542019679851e+04 3.180781473791176881e-16 nan nan 8.251258826980716442e-17 nan nan
5.822328544714119926e+04 3.531562314628233735e-16 nan nan 1.124557936021503088e-16 nan nan
5.833099891310190287e+04 3.801434086938358920e-16 nan nan 9.591047499167390866e-17 nan nan
5.793406095960649691e+04 nan nan nan nan nan nan
5.796997542196760332e+04 nan nan nan nan nan nan
5.779519118917820015e+04 nan nan nan nan nan nan
5.772534139481480088e+04 nan nan nan nan nan nan
5.776023500879629864e+04 3.496074816817759020e-16 nan nan 8.119464584790394743e-17 nan nan
5.808425937061339937e+04 nan nan nan nan nan nan
5.779519323778939724e+04 nan nan nan nan nan nan
5.769027205685179797e+04 nan nan nan nan nan nan
5.825821530924770195e+04 nan nan nan nan nan nan
5.796997334898149711e+04 nan nan nan nan nan nan
5.785730882337960065e+04 nan nan nan nan nan nan
5.815520746534720092e+04 3.196479281645148373e-16 nan nan 8.319347350229880247e-17 nan nan
5.769027001153939636e+04 nan nan nan nan nan nan
5.825821738341439777e+04 nan nan nan nan nan nan
5.789424154899310088e+04 nan nan nan nan nan nan
5.819004216946759698e+04 3.305232693091901641e-16 nan nan 7.943072392435084117e-17 nan nan
5.819004421696760255e+04 3.332336107970670644e-16 nan nan 7.988206415427785409e-17 nan nan
5.829309280777780077e+04 nan nan nan nan nan nan
5.811930230320600094e+04 3.286469573879526930e-16 nan nan 9.127617073034027017e-17 nan nan
5.804735114936339960e+04 3.743394821237598705e-16 nan nan 7.795478387951107009e-17 nan nan
5.772534551715279667e+04 nan nan nan nan nan nan
5.808426351349540346e+04 nan nan nan nan nan nan
5.833099686678239959e+04 3.666310361360216435e-16 nan nan 9.312247346481398432e-17 nan nan
5.825821323640050105e+04 nan nan nan nan nan nan
5.822328063300930080e+04 3.422367797930649262e-16 nan nan 1.068116849257535051e-16 nan nan
5.793405684351849777e+04 nan nan nan nan nan nan
5.789423947715279792e+04 nan nan nan nan nan nan
5.799836497891200270e+04 nan nan nan nan nan nan
5.793405891446759779e+04 nan nan nan nan nan nan
5.833099478917819943e+04 3.679429843631890013e-16 nan nan 9.339700160747364709e-17 nan nan
5.799836085780090070e+04 nan nan nan nan nan nan
5.811930437520830310e+04 3.287456520745869478e-16 nan nan 1.014806984941616693e-16 nan nan
5.804734705898149696e+04 3.751269164312054488e-16 nan nan 7.811201509107536783e-17 nan nan
5.804734910642360046e+04 3.721727351029906146e-16 nan nan 7.782421869834811700e-17 nan nan
5.785731089268520009e+04 nan nan nan nan nan nan
