5.779519118917820015e+04 2.879214616443990735e+02 7.745891385313757871e-01 6.271161632564811184e-01 8.207913408224852547e-02
5.825821738341439777e+04 2.916248505802800537e+02 9.086037117813076103e-01 4.025000191373400704e-01 1.115034956029245516e-01
5.769027001153939636e+04 3.975389385600798846e+02 9.417197548538936980e-01 3.247202280532538454e-01 8.786738195124058071e-02
5.833099891310190287e+04 2.845402104698649737e+02 9.029741593783634501e-01 4.146064065918326214e-01 1.128680428994235652e-01
5.793405891446759779e+04 3.530296605776617298e+02 9.153079499711588296e-01 3.917577198946550765e-01 9.347323479229656396e-02
5.804734705898149696e+04 3.617541403046724326e+02 9.333050453463662688e-01 3.463333815129037707e-01 9.484134742218114367e-02
5.789424154899310088e+04 2.910777372044736921e+02 9.063036778970665619e-01 4.077495771724682916e-01 1.111482152169961102e-01
5.799836085780090070e+04 1.905685148883534339e+02 8.347099156649758767e-01 5.315273307027675864e-01 1.440071297073839962e-01
5.789423947715279792e+04 2.979516872268376915e+02 9.100075863215388861e-01 3.998772203208248444e-01 1.094732912894167409e-01
5.769026796417820151e+04 3.955157888106844553e+02 9.413097280658987431e-01 3.258062408296518164e-01 8.823995288391113523e-02
5.804735114936339960e+04 3.638408416626253938e+02 9.331148219976319602e-01 3.470042853060338328e-01 9.425897807411261209e-02
5.808425937061339937e+04 3.616034695741025189e+02 9.342380438375145202e-01 3.437453230781037372e-01 9.507065955690241488e-02
5.799836497891200270e+04 1.912703088513950718e+02 8.358321747123077516e-01 5.297994800138452476e-01 1.438648209005703449e-01
5.776023500879629864e+04 3.630065846553382585e+02 9.344082071322618033e-01 3.433745372266568396e-01 9.473768853128809730e-02
5.808426144380790356e+04 3.615478396506339323e+02 9.340874599812117873e-01 3.441587321864986171e-01 9.505463779127247548e-02
5.822328063300930080e+04 2.479245558572965251e+02 8.851754354908574207e-01 4.482955748357917436e-01 1.244810266113578340e-01
5.829309485172449786e+04 2.649262550819628359e+02 8.233004203183637015e-01 5.585881159313762501e-01 1.007756649387196307e-01
5.822328337531250145e+04 2.760685409233181531e+02 9.001630811664432796e-01 4.199298990334382475e-01 1.156084218502334837e-01
5.785730882337960065e+04 2.203147644591293215e+02 7.632608478391160745e-01 6.376404169654215082e-01 1.041517009370336033e-01
5.808426351349540346e+04 3.644473135188434298e+02 9.350823557892126159e-01 3.416004312434937629e-01 9.449938235753460591e-02
5.785730677471060335e+04 2.321116980993008383e+02 7.747815026968325469e-01 6.239688473825326653e-01 1.018651097037239217e-01
5.793405684351849777e+04 3.563212250776638257e+02 9.165226877788926751e-01 3.890552335015566299e-01 9.285573795734919367e-02
5.829309280777780077e+04 2.645912064215979740e+02 8.240701587918984883e-01 5.573946290581349716e-01 1.010920416543233946e-01
5.811930437520830310e+04 2.459907704185715716e+02 7.668844072756008101e-01 6.348390552696882017e-01 9.416835870843265344e-02
5.825821530924770195e+04 2.894712102542133607e+02 9.075193251625006674e-01 4.047840012569989820e-01 1.120651006467815319e-01
5.772534344415509986e+04 4.037585648500959223e+02 9.427658647626285804e-01 3.219853508719598967e-01 8.670615930966958651e-02
5.822328544714119926e+04 2.417567776780045961e+02 8.754477471862960325e-01 4.669042826324855677e-01 1.248664598916904289e-01
5.776023295896990021e+04 3.528124268430409529e+02 9.287779832596548824e-01 3.579064312155128547e-01 9.630391636223285812e-02
5.779518914180559659e+04 2.870541428474607528e+02 7.745850173159170016e-01 6.270888601791742012e-01 8.232625576864886774e-02
5.811930644726850005e+04 2.301520734229528955e+02 7.493304840797093691e-01 6.551868315505181561e-01 9.609391963938949954e-02
5.799836290603010275e+04 2.042032722525612485e+02 8.482861664146675862e-01 5.110239144044497195e-01 1.387989148958328756e-01
5.819004421696760255e+04 3.270485264082298045e+02 9.198030741039530112e-01 3.789198555232650145e-01 1.018923351344257627e-01
5.815520542019679851e+04 3.060980961472271247e+02 8.940946225606134501e-01 4.359053404663109643e-01 1.028656408191964827e-01
5.769027205685179797e+04 3.993465609569628327e+02 9.421045743694903551e-01 3.236904648639995496e-01 8.754115551104722781e-02
5.796997749270829809e+04 3.195124624572089829e+02 8.374447943464374822e-01 5.396404382102998332e-01 8.645469258663038281e-02
5.825821323640050105e+04 2.853923949530271216e+02 9.058704889403730309e-01 4.081325427353067470e-01 1.132540720121905375e-01
5.796997334898149711e+04 3.177996298814167062e+02 8.334161742732105749e-01 5.458998215104297058e-01 8.608638298062276650e-02
5.772534139481480088e+04 4.020395707407355985e+02 9.430486546835330497e-01 3.210416622499152606e-01 8.712913404475969292e-02
5.815520337379629927e+04 3.062150483925889262e+02 8.940362431758960282e-01 4.360374962568218105e-01 1.028129259675664292e-01
5.796997542196760332e+04 3.205968937334090469e+02 8.379706797951135266e-01 5.388529854800746532e-01 8.627050389864321378e-02
5.793406095960649691e+04 3.526340725084384644e+02 9.147149777614976829e-01 3.931441464648024464e-01 9.345688609858984752e-02
5.804734910642360046e+04 3.630054048398981763e+02 9.329961357935380173e-01 3.472708645193189336e-01 9.445187796084716925e-02
5.829309692121529952e+04 2.641335893411616667e+02 8.223366644375753598e-01 5.599940933360154638e-01 1.008415874054781058e-01
5.772534551715279667e+04 4.036540953604155106e+02 9.417618060384541634e-01 3.249536013478667718e-01 8.654396373081531257e-02
5.833099478917819943e+04 2.858738645654037214e+02 9.034913713324398410e-01 4.135864968656067786e-01 1.124702251187522928e-01
5.833099686678239959e+04 2.857938593837129702e+02 9.035774844192523414e-01 4.133839243442408717e-01 1.125231564804804185e-01
5.819004216946759698e+04 3.257798261303837535e+02 9.222324199958878976e-01 3.727107702690858337e-01 1.028301766698521552e-01
5.815520746534720092e+04 3.088713907268742105e+02 8.952124571120243512e-01 4.337630810794124714e-01 1.021970944985574614e-01
5.776023708057869953e+04 3.647468217428179287e+02 9.349415814936120617e-01 3.420148144207408314e-01 9.439335734557757762e-02
5.779519323778939724e+04 2.969399392546835088e+02 7.806274238950063893e-01 6.197475476783599335e-01 8.083193805486235672e-02
5.785731089268520009e+04 2.249978095628156325e+02 7.673150394778374128e-01 6.329329850281263381e-01 1.030702025539425720e-01
5.819004626157409803e+04 3.276731559298987690e+02 9.239556488043947358e-01 3.684771579952744736e-01 1.026184343974090030e-01
5.811930230320600094e+04 2.690806049493978094e+02 7.911018865783806531e-01 6.047853134333918135e-01 9.161075104702982863e-02
5.789424359745370020e+04 2.977839511442300591e+02 9.093625398259940207e-01 4.013674709496274917e-01 1.093797258394686028e-01
