5.776023708057869953e+04 1.437795637385891041e+02 7.776379805554827218e-01 6.064943663947551800e-01 1.656615668434154032e-01
5.815520337379629927e+04 1.251572677353410938e+02 7.402459442834299352e-01 6.498441180674747741e-01 1.724487291488085994e-01
5.789424359745370020e+04 1.527421404985444155e+02 7.792797985857193854e-01 6.067943740719495826e-01 1.566000737893554762e-01
5.829309485172449786e+04 1.285071385439419203e+02 7.364371233347086765e-01 6.557652915906343472e-01 1.662294971403973642e-01
5.772534344415509986e+04 1.580921880645627766e+02 7.975403240087129975e-01 5.820784503689787615e-01 1.584743171498950443e-01
5.822328337531250145e+04 1.194951926691460358e+02 7.267620258034241942e-01 6.644593688984700153e-01 1.740996982569180396e-01
5.779518914180559659e+04 1.339808751887626670e+02 7.426146479519386556e-01 6.497993415301819287e-01 1.621243362181018777e-01
5.808426144380790356e+04 1.546514692538956126e+02 7.893266385261330509e-01 5.931137895419089645e-01 1.586804662467044824e-01
5.799836290603010275e+04 8.222354754515062325e+01 6.347390030952473339e-01 7.482360938616259283e-01 1.930003777000133813e-01
5.785730677471060335e+04 1.195917494503896847e+02 7.177089987055710329e-01 6.753605817369588982e-01 1.696522260772410362e-01
5.776023295896990021e+04 1.383953411000584595e+02 7.675454512304547006e-01 6.186770975489532809e-01 1.676682118466128191e-01
5.829309692121529952e+04 1.290382720106817942e+02 7.368976653725568537e-01 6.553685781354217088e-01 1.657523983574022974e-01
5.796997749270829809e+04 1.637029728712011263e+02 7.729428928348801575e-01 6.179771478426889786e-01 1.437481448932896866e-01
5.819004626157409803e+04 1.360261153860594163e+02 7.683847881397053436e-01 6.167307854391682609e-01 1.709618543625643361e-01
5.811930644726850005e+04 9.686692320978035298e+01 6.494742484506632607e-01 7.407863495785713681e-01 1.715190510628498144e-01
5.769026796417820151e+04 1.653107986526637774e+02 7.985934802158828338e-01 5.823729095238924236e-01 1.519547551390234008e-01
5.815520542019679851e+04 1.259373049719089011e+02 7.437379603607267020e-01 6.456968159305570554e-01 1.730013532190037839e-01
5.822328544714119926e+04 1.006233144009926690e+02 6.829271961094923737e-01 7.073054333154579210e-01 1.825636021129607989e-01
5.833099891310190287e+04 1.313694723432148521e+02 7.453239491002985329e-01 6.455628433201241467e-01 1.665557751084375815e-01
5.793406095960649691e+04 1.608066955641012612e+02 7.885694575542783191e-01 5.957840725980603214e-01 1.523139831106132547e-01
5.796997542196760332e+04 1.625757720201130780e+02 7.711886690177438552e-01 6.200859039003432382e-01 1.440885441759168495e-01
5.779519118917820015e+04 1.341025600820318004e+02 7.425129130294678692e-01 6.499633274556070317e-01 1.619328470302713596e-01
5.772534139481480088e+04 1.567909048749284295e+02 7.952906687730669777e-01 5.850358219532496573e-01 1.588893929561492335e-01
5.776023500879629864e+04 1.430771123079831568e+02 7.729072327440481560e-01 6.128366638804972899e-01 1.644555653535635931e-01
5.808425937061339937e+04 1.540950640555512337e+02 7.881004587916197179e-01 5.947211429297597496e-01 1.587590281047314700e-01
5.779519323778939724e+04 1.375345416110025099e+02 7.482823576745988303e-01 6.437077767935862616e-01 1.603552658580390811e-01
5.769027205685179797e+04 1.673203901960636131e+02 8.018609619002408095e-01 5.780215576619998075e-01 1.513607500589766730e-01
5.825821530924770195e+04 1.359895361822790392e+02 7.585438027919351178e-01 6.299501726269379764e-01 1.666555707236963557e-01
5.796997334898149711e+04 1.589576534993170469e+02 7.649536044441566096e-01 6.275527548721392401e-01 1.449949064632324591e-01
5.785730882337960065e+04 1.135537268689142394e+02 7.050539502528996305e-01 6.878717746507656550e-01 1.724278077097424755e-01
5.815520746534720092e+04 1.255044676618488211e+02 7.417993326293839118e-01 6.480049938099817775e-01 1.726941750839507683e-01
5.769027001153939636e+04 1.642150740262581223e+02 7.973029820403744194e-01 5.840029316437922446e-01 1.524746885911958671e-01
5.825821738341439777e+04 1.385163802303470959e+02 7.626827835990811488e-01 6.252646566405021256e-01 1.654058063001176138e-01
5.789424154899310088e+04 1.504487369881927634e+02 7.758668097089232996e-01 6.108957907161637335e-01 1.575976728171157304e-01
5.819004216946759698e+04 1.373884102229616531e+02 7.694234185566072304e-01 6.157768876513047829e-01 1.697245639591870858e-01
5.819004421696760255e+04 1.378290200538586134e+02 7.693589580808404271e-01 6.160144787938524047e-01 1.691536447644620134e-01
5.829309280777780077e+04 1.283936784482318956e+02 7.364495417332533878e-01 6.557126667846677748e-01 1.663820035310928924e-01
5.811930230320600094e+04 1.166707676544414767e+02 6.985884012912061403e-01 6.962968299292456864e-01 1.647573070060320277e-01
5.804735114936339960e+04 1.617232675525940806e+02 7.931943686789219017e-01 5.893746777978196016e-01 1.532324465208426134e-01
5.772534551715279667e+04 1.585968527517690632e+02 7.975690070737028181e-01 5.821731310981815843e-01 1.579814051805061570e-01
5.808426351349540346e+04 1.540838289838922890e+02 7.875816785212782500e-01 5.954605814431581656e-01 1.585616460717467480e-01
5.833099686678239959e+04 1.300412749973784798e+02 7.426645000907035055e-01 6.484912937480205031e-01 1.670583198707681905e-01
5.825821323640050105e+04 1.328022106309784363e+02 7.538256199150962233e-01 6.350917502822508443e-01 1.685390265874584237e-01
5.822328063300930080e+04 1.028095849086688958e+02 6.932968285704709244e-01 6.967271620722392811e-01 1.841487690018333845e-01
5.793405684351849777e+04 1.631144496758245452e+02 7.908930080593952194e-01 5.930207299109173658e-01 1.510452372591876147e-01
5.789423947715279792e+04 1.538106178185265946e+02 7.813095241295623383e-01 6.042503044217074626e-01 1.563233735265163460e-01
5.799836497891200270e+04 7.605744397025168269e+01 6.160456737227142376e-01 7.627976561307586723e-01 1.965387078642477914e-01
5.793405891446759779e+04 1.603967228649582069e+02 7.873556920708537632e-01 5.974076935597509852e-01 1.522335765829783694e-01
5.833099478917819943e+04 1.301763685316344947e+02 7.435984080209230296e-01 6.473565220343602267e-01 1.673049340824283582e-01
5.799836085780090070e+04 7.423192710042978604e+01 6.101705199903347809e-01 7.672458359378142578e-01 1.975493957743464368e-01
5.811930437520830310e+04 1.035462057378592817e+02 6.659352382421853678e-01 7.266865606514871789e-01 1.686917337507568559e-01
5.804734705898149696e+04 1.617761017794931035e+02 7.937883069191095098e-01 5.885277522160297092e-01 1.534118922054001910e-01
5.804734910642360046e+04 1.609383239587290859e+02 7.925148566315448617e-01 5.901623196276467587e-01 1.537160971076141913e-01
5.785731089268520009e+04 1.159654714760491885e+02 7.107209896655573012e-01 6.822319714566618121e-01 1.715669314616531382e-01
