5.779518978999999672e+04 nan nan nan nan nan nan
5.829309342800000013e+04 nan nan nan nan nan nan
5.819004283800000121e+04 1.725684302664839915e-16 nan nan 2.238642464157631906e-17 nan nan
5.793405749600000127e+04 nan nan nan nan nan nan
5.776023359799999889e+04 1.824150239140267610e-16 nan nan 2.191936524059115995e-17 nan nan
5.789424013199999899e+04 2.141890598214969313e-16 nan nan 2.391784821973466178e-17 nan nan
5.811930293399999937e+04 1.694414681539357928e-16 nan nan 2.549319365928511626e-17 nan nan
5.825821383200000128e+04 nan nan nan nan nan nan
5.822328125200000068e+04 1.853053752174305681e-16 nan nan 3.079682478551174071e-17 nan nan
5.799836151599999721e+04 nan nan nan nan nan nan
5.772534206399999675e+04 2.028205500862545787e-16 nan nan 2.242652030506011976e-17 nan nan
5.833099545599999692e+04 1.861826266585234976e-16 nan nan 2.570323736521370337e-17 nan nan
5.815520402599999943e+04 1.652835946096580549e-16 nan nan 2.403068157348191427e-17 nan nan
5.804734770600000047e+04 nan nan nan nan nan nan
5.769026857600000221e+04 2.063902278104085034e-16 nan nan 2.240925412088398274e-17 nan nan
5.808425998200000322e+04 1.835979930576708518e-16 nan nan 2.102130227674200726e-17 nan nan
5.785730742800000007e+04 2.083208403476452299e-16 nan nan 3.145388054762567731e-17 nan nan
5.796997401399999944e+04 nan nan nan nan nan nan
