5.772005320310190291e+04 2.486413839688684106e+02 8.737460500450481282e-01 4.711071617687423441e-01 1.209375134558170889e-01
5.804715215998839994e+04 2.568350901687597911e+02 8.830397752670539058e-01 4.538068019528523900e-01 1.195832003152428741e-01
5.769012950792819902e+04 2.655988433176260628e+02 8.874940529099291098e-01 4.457694920853799703e-01 1.168069603039567500e-01
5.813907299202550348e+04 2.223398935493659394e+02 8.452239890571161540e-01 5.192103950997053463e-01 1.265581840213572951e-01
5.798629316011570336e+04 2.568253724550179982e+02 8.817085048266405378e-01 4.564810355030876066e-01 1.192274160686149775e-01
5.790336738542820240e+04 2.176431778658307223e+02 8.301373029143086502e-01 5.434318902317347710e-01 1.247150311282527874e-01
5.790336326498840208e+04 2.129008148854318563e+02 8.248102551283174044e-01 5.512229939161719106e-01 1.258620435764956635e-01
5.795635555313660007e+04 2.593062532617019542e+02 8.823821692681044215e-01 4.554278951726276059e-01 1.182672383052240372e-01
5.804715420538189937e+04 2.565960861803654893e+02 8.830700951791859987e-01 4.537162610510183103e-01 1.197028047211412261e-01
5.807707163976850279e+04 2.601966102968015093e+02 8.831563972354200542e-01 4.539761877075651486e-01 1.180694669110460143e-01
5.832837900120369886e+04 1.902331195090229699e+02 7.330934045367983876e-01 6.709634847462544460e-01 1.112747157345676807e-01
5.798629727987269871e+04 2.571905683760442685e+02 8.814906828443835884e-01 4.569609854819549621e-01 1.189993017034252920e-01
5.807706958856480196e+04 2.607277353338795365e+02 8.833667251162600209e-01 4.536147452786636336e-01 1.178850788825590579e-01
5.790137636001159990e+04 nan nan nan nan
5.832838309780089912e+04 1.815554130870065990e+02 7.246452635122341279e-01 6.796404437987555447e-01 1.139215046526135949e-01
5.775007654446759989e+04 2.400467424421233886e+02 8.714521497402883954e-01 4.743873192222144430e-01 1.246106820228139456e-01
5.801933590918980190e+04 2.590260301294394480e+02 8.762537397700074226e-01 4.674904788282451262e-01 1.167563092257285079e-01
5.813906887530090171e+04 2.251852871043682285e+02 8.469754459264391411e-01 5.166120475424169634e-01 1.254774335557645171e-01
5.795635350421300245e+04 2.606944741151910989e+02 8.831660404214911608e-01 4.540153458477133031e-01 1.178465560846244375e-01
5.801933386259259714e+04 2.548892860430975702e+02 8.719064851167478425e-01 4.753717226517971683e-01 1.174768339478942381e-01
5.804715008822920208e+04 2.533392843607113321e+02 8.805024500014880795e-01 4.584605967156009099e-01 1.205376157079269817e-01
5.769013157868060080e+04 2.666712176361940578e+02 8.883435920784786832e-01 4.441389560752791454e-01 1.165600708195853735e-01
5.795635760148149711e+04 2.587258552479817695e+02 8.815996450226945003e-01 4.569265530418772925e-01 1.183224028708332737e-01
5.835829630697920220e+04 1.298778548701118893e+02 5.378699156475069687e-01 8.384498498626046237e-01 8.773712501968312927e-02
5.835829835310189810e+04 nan nan nan nan
5.807706754312499834e+04 2.606328610614086756e+02 8.829515351361794107e-01 4.544399881337820024e-01 1.178171625258071925e-01
5.790336533910880098e+04 2.216959817515924556e+02 8.335964165767382195e-01 5.384006254795649093e-01 1.234576071112431367e-01
5.813907094716429856e+04 2.246032748038188345e+02 8.471008481712515303e-01 5.163182046097114508e-01 1.258398371587891029e-01
5.772005528525460250e+04 2.481551203509217203e+02 8.733367165735728133e-01 4.718338880194274387e-01 1.210609829836252205e-01
5.832838104989579733e+04 1.912107591190892322e+02 7.340868038850724142e-01 6.699210619742184125e-01 1.110060137340987824e-01
5.801933795322920196e+04 2.556374274279731367e+02 8.733730562599192337e-01 4.726593002860459136e-01 1.175274029846367918e-01
5.790137224186339881e+04 nan nan nan nan
5.825840077131940052e+04 1.121262460686566413e+02 6.866667471638184805e-01 7.078518559478687022e-01 1.656337174932040746e-01
5.835830040656249912e+04 1.262600888121502436e+02 5.304304149081719988e-01 8.431723994968675084e-01 8.777174754463766548e-02
5.775007449572919722e+04 2.395608039514962968e+02 8.714361311735335791e-01 4.743514884778269880e-01 1.248588589735385862e-01
5.825839663001160079e+04 1.066440731720333162e+02 6.746249091267778608e-01 7.187667661865905222e-01 1.680939255635308938e-01
5.790137429052079824e+04 nan nan nan nan
5.769012746266199974e+04 2.653685913431494896e+02 8.874349097317469903e-01 4.458647451079409407e-01 1.168927288552925187e-01
5.825839870071759651e+04 8.128913676627423968e+01 6.116913887858892451e-01 7.700416836953308808e-01 1.812993388207751744e-01
5.775007861512729869e+04 2.394301585771805492e+02 8.713051710226872304e-01 4.745839504180467405e-01 1.248894429274415158e-01
5.772005735943290347e+04 2.478307295921756861e+02 8.729738615318198836e-01 4.724900943724300029e-01 1.211187343153609514e-01
5.798629520776619756e+04 2.571501279005464085e+02 8.819882456716554575e-01 4.559599067191710264e-01 1.191524148378056425e-01
