5.798629520776619756e+04 2.629782400933605117e-16 nan nan 2.612578237454577158e-16 nan nan
5.798629316011570336e+04 2.219688255806365090e-16 nan nan 2.202864009597739395e-16 nan nan
5.813906887530090171e+04 2.580131399259114187e-16 nan nan 2.568440461486497242e-16 nan nan
5.832838309780089912e+04 nan nan nan nan nan nan
5.804715420538189937e+04 2.856837641721667552e-16 nan nan 2.840090482028623245e-16 nan nan
5.804715008822920208e+04 3.061957132598751072e-16 nan nan 3.045476082507840935e-16 nan nan
5.790336533910880098e+04 2.679622910104933009e-16 nan nan 2.667938653032656797e-16 nan nan
5.769012746266199974e+04 2.276222111228175130e-16 nan nan 2.258287232898573319e-16 nan nan
5.772005320310190291e+04 2.956164771018297083e-16 nan nan 2.939242695854653994e-16 nan nan
5.801933795322920196e+04 2.959985675064723959e-16 nan nan 2.943941410429716212e-16 nan nan
5.775007654446759989e+04 2.761853846102827940e-16 nan nan 2.747027244943458881e-16 nan nan
5.775007861512729869e+04 2.990196358673905215e-16 nan nan 2.975412410681523979e-16 nan nan
5.804715215998839994e+04 3.036807389052163717e-16 nan nan 3.020408469271218333e-16 nan nan
5.832837900120369886e+04 nan nan nan nan nan nan
5.835829630697920220e+04 nan nan nan nan nan nan
5.772005528525460250e+04 3.058508969640450573e-16 nan nan 3.041695914592587608e-16 nan nan
5.795635555313660007e+04 2.661349245911681996e-16 nan nan 2.644314270023190232e-16 nan nan
5.813907094716429856e+04 4.221145440786751395e-16 nan nan 4.209551689465998882e-16 nan nan
5.801933590918980190e+04 2.836911830379831348e-16 nan nan 2.820697080547147805e-16 nan nan
5.790336326498840208e+04 2.822006545121806048e-16 nan nan 2.811017207991208382e-16 nan nan
5.790137224186339881e+04 nan nan nan nan nan nan
5.835829835310189810e+04 nan nan nan nan nan nan
5.790336738542820240e+04 nan nan nan nan nan nan
5.769013157868060080e+04 2.285258289419150666e-16 nan nan 2.267163251964568697e-16 nan nan
5.832838104989579733e+04 nan nan nan nan nan nan
5.801933386259259714e+04 2.830647328278024169e-16 nan nan 2.814810916649770658e-16 nan nan
5.795635760148149711e+04 2.596809234347745769e-16 nan nan 2.579892175706158407e-16 nan nan
5.807707163976850279e+04 2.375597896687099220e-16 nan nan 2.358664225722969109e-16 nan nan
5.807706754312499834e+04 2.510811116242724203e-16 nan nan 2.493855835627793475e-16 nan nan
5.790137429052079824e+04 nan nan nan nan nan nan
5.775007449572919722e+04 3.039080072400096938e-16 nan nan 3.024289831429184345e-16 nan nan
5.790137636001159990e+04 nan nan nan nan nan nan
5.772005735943290347e+04 2.893364516707413619e-16 nan nan 2.876261684427050042e-16 nan nan
5.798629727987269871e+04 2.523999499357659934e-16 nan nan 2.506876287569160619e-16 nan nan
5.825839663001160079e+04 nan nan nan nan nan nan
5.795635350421300245e+04 2.309710152985206439e-16 nan nan 2.292848700653764640e-16 nan nan
5.825840077131940052e+04 nan nan nan nan nan nan
5.835830040656249912e+04 nan nan nan nan nan nan
5.769012950792819902e+04 2.398930345556673750e-16 nan nan 2.380792845533463597e-16 nan nan
5.807706958856480196e+04 2.375322314125879095e-16 nan nan 2.358330197846512545e-16 nan nan
5.813907299202550348e+04 4.110713975292074634e-16 nan nan 4.098999632763236094e-16 nan nan
5.825839870071759651e+04 nan nan nan nan nan nan
