5.798629520776619756e+04 8.810737967472349230e-17 nan nan 8.662367227923219231e-17 nan nan
5.795635760148149711e+04 8.902824560751621388e-17 nan nan 8.759459223548591180e-17 nan nan
5.804715420538189937e+04 9.982471398706304572e-17 nan nan 9.843078816141301584e-17 nan nan
5.772005735943290347e+04 1.144168509316498011e-16 nan nan 1.130855919540212169e-16 nan nan
5.790137224186339881e+04 nan nan nan nan nan nan
5.772005528525460250e+04 1.122016830380809109e-16 nan nan 1.108726297812705620e-16 nan nan
5.775007654446759989e+04 1.108280080644314022e-16 nan nan 1.095920430656123559e-16 nan nan
5.804715008822920208e+04 1.107631725402642198e-16 nan nan 1.093444784476059246e-16 nan nan
5.769012950792819902e+04 9.531138612079600888e-17 nan nan 9.387634005921651171e-17 nan nan
5.790137636001159990e+04 nan nan nan nan nan nan
5.801933386259259714e+04 1.036818208039433915e-16 nan nan 1.023086964340800567e-16 nan nan
5.769013157868060080e+04 9.625118781175543286e-17 nan nan 9.480332407028695720e-17 nan nan
5.835829630697920220e+04 1.508229313143485113e-16 nan nan 1.501539821138378521e-16 nan nan
5.790336738542820240e+04 1.153018623639962186e-16 nan nan 1.141666536590147310e-16 nan nan
5.804715215998839994e+04 1.057177823275154645e-16 nan nan 1.043161496464272569e-16 nan nan
5.813907094716429856e+04 1.300554342080492950e-16 nan nan 1.288681415493585150e-16 nan nan
5.801933795322920196e+04 9.684732206188344103e-17 nan nan 9.548128353119307485e-17 nan nan
5.813906887530090171e+04 1.251441170243486962e-16 nan nan 1.239639189059981623e-16 nan nan
5.772005320310190291e+04 1.214830627691283235e-16 nan nan 1.201365272631209704e-16 nan nan
5.825839663001160079e+04 3.490590500273386349e-16 nan nan 3.485437754075257904e-16 nan nan
5.832838104989579733e+04 1.543125843727614740e-16 nan nan 1.533254154766277925e-16 nan nan
5.798629316011570336e+04 8.665087956087550100e-17 nan nan 8.517442949750504767e-17 nan nan
5.825839870071759651e+04 4.848390392463768023e-16 nan nan 4.844561244439875575e-16 nan nan
5.807706958856480196e+04 1.131416245307248196e-16 nan nan 1.117287251069570165e-16 nan nan
5.790336533910880098e+04 1.163765722851293819e-16 nan nan 1.151944079287466903e-16 nan nan
5.835829835310189810e+04 nan nan nan nan nan nan
5.813907299202550348e+04 1.160041521786533721e-16 nan nan 1.148417664187192146e-16 nan nan
5.775007861512729869e+04 1.078286341231213039e-16 nan nan 1.066034826113115384e-16 nan nan
5.790336326498840208e+04 1.238879002959651164e-16 nan nan 1.227663220281722026e-16 nan nan
5.801933590918980190e+04 9.571921204416429320e-17 nan nan 9.434241683440967175e-17 nan nan
5.790137429052079824e+04 nan nan nan nan nan nan
5.825840077131940052e+04 2.910919424815616663e-16 nan nan 2.905340681549198344e-16 nan nan
5.832838309780089912e+04 1.517415809233530003e-16 nan nan 1.508296009565601124e-16 nan nan
5.795635350421300245e+04 8.874413422402523218e-17 nan nan 8.730020109095294268e-17 nan nan
5.807706754312499834e+04 1.205195371820856961e-16 nan nan 1.191080683665065412e-16 nan nan
5.832837900120369886e+04 1.484114809221090617e-16 nan nan 1.474279051834441249e-16 nan nan
5.775007449572919722e+04 1.182705851212241963e-16 nan nan 1.170352169007421810e-16 nan nan
5.835830040656249912e+04 nan nan nan nan nan nan
5.795635555313660007e+04 8.907432044324999425e-17 nan nan 8.763660866998027878e-17 nan nan
5.798629727987269871e+04 8.383683876655496078e-17 nan nan 8.237798193354119571e-17 nan nan
5.807707163976850279e+04 1.171467995042819516e-16 nan nan 1.157370848879371468e-16 nan nan
5.769012746266199974e+04 9.638635451743066317e-17 nan nan 9.495203011028445456e-17 nan nan
