5.810911600400000316e+04 2.131016401363626462e-16 nan nan 1.652089192745614888e-16 nan nan
5.807706818000000203e+04 2.126413766396911624e-16 nan nan 1.628682447341061660e-16 nan nan
5.790336390599999868e+04 1.581205557960816620e-16 nan nan 1.112621731774669767e-16 nan nan
5.775007514999999694e+04 1.639850321027473584e-16 nan nan 1.181679001532970360e-16 nan nan
5.835829691599999933e+04 2.187583658245574306e-16 nan nan 1.726403422282777914e-16 nan nan
5.795635416799999803e+04 1.447051888254872016e-16 nan nan 9.406609426548873294e-17 nan nan
5.813906954199999745e+04 1.952845913539707103e-16 nan nan 1.475736975236524655e-16 nan nan
5.804715073400000256e+04 3.910060469688804521e-16 nan nan 3.369074468126123950e-16 nan nan
5.801933452599999873e+04 1.713538843468267492e-16 nan nan 1.164075353121811299e-16 nan nan
5.769012807600000087e+04 1.991877275182348929e-16 nan nan 1.426796516382936047e-16 nan nan
5.798629377999999997e+04 1.669484057822626481e-16 nan nan 1.119931487072222144e-16 nan nan
5.772005383399999846e+04 1.866188478549807994e-16 nan nan 1.352491193944148673e-16 nan nan
