5.772005320310190291e+04 nan nan nan nan nan nan
5.798629520776619756e+04 2.086609360832738301e-16 nan nan 2.082588489073932725e-16 nan nan
5.769013157868060080e+04 2.677231705030558212e-16 nan nan 2.673270489312252979e-16 nan nan
5.798629727987269871e+04 1.844064290877054616e-16 nan nan 1.840203926041076586e-16 nan nan
5.813907299202550348e+04 1.483294327969897767e-16 nan nan 1.480392868876084287e-16 nan nan
5.832838104989579733e+04 3.275846053557964822e-16 nan nan 3.272775040325844922e-16 nan nan
5.790137429052079824e+04 nan nan nan nan nan nan
5.807706958856480196e+04 2.534746957906734094e-16 nan nan 2.530865139290069096e-16 nan nan
5.772005735943290347e+04 2.777136840082964873e-16 nan nan 2.773842419780001962e-16 nan nan
5.790137224186339881e+04 nan nan nan nan nan nan
5.807706754312499834e+04 2.421936243024015108e-16 nan nan 2.418212123243871197e-16 nan nan
5.801933795322920196e+04 3.243638883153954243e-16 nan nan 3.239734562496053088e-16 nan nan
5.825840077131940052e+04 nan nan nan nan nan nan
5.769012950792819902e+04 3.324034331108364568e-16 nan nan 3.319948836865200722e-16 nan nan
5.769012746266199974e+04 3.095615526666378552e-16 nan nan 3.091449199389882472e-16 nan nan
5.813906887530090171e+04 1.956222977941211601e-16 nan nan 1.953207186255328661e-16 nan nan
5.790336738542820240e+04 nan nan nan nan nan nan
5.795635350421300245e+04 2.246222458707327648e-16 nan nan 2.242394734131805201e-16 nan nan
5.775007449572919722e+04 nan nan nan nan nan nan
5.825839870071759651e+04 nan nan nan nan nan nan
5.832837900120369886e+04 nan nan nan nan nan nan
5.801933590918980190e+04 2.858681906832124908e-16 nan nan 2.854698241913971250e-16 nan nan
5.775007861512729869e+04 nan nan nan nan nan nan
5.835830040656249912e+04 nan nan nan nan nan nan
5.798629316011570336e+04 2.161606449664237905e-16 nan nan 2.157588813911734715e-16 nan nan
5.790336326498840208e+04 nan nan nan nan nan nan
5.801933386259259714e+04 2.921714246751775119e-16 nan nan 2.917759239549157161e-16 nan nan
5.795635555313660007e+04 2.082258142500745549e-16 nan nan 2.078495471706031396e-16 nan nan
5.775007654446759989e+04 2.734978634863097795e-16 nan nan 2.731588277333216852e-16 nan nan
5.772005528525460250e+04 nan nan nan nan nan nan
5.835829630697920220e+04 nan nan nan nan nan nan
5.807707163976850279e+04 nan nan nan nan nan nan
5.804715420538189937e+04 2.608375163805148850e-16 nan nan 2.604741569510029629e-16 nan nan
5.825839663001160079e+04 nan nan nan nan nan nan
5.804715008822920208e+04 2.439956538014399575e-16 nan nan 2.436404786707874823e-16 nan nan
5.813907094716429856e+04 1.705050313806037780e-16 nan nan 1.702017769875648900e-16 nan nan
5.832838309780089912e+04 4.090962984152703999e-16 nan nan 4.088243556240951367e-16 nan nan
5.835829835310189810e+04 nan nan nan nan nan nan
5.790336533910880098e+04 nan nan nan nan nan nan
5.790137636001159990e+04 nan nan nan nan nan nan
5.795635760148149711e+04 2.163765641465710317e-16 nan nan 2.159920751317353648e-16 nan nan
5.804715215998839994e+04 2.608830851179998827e-16 nan nan 2.605153710729649560e-16 nan nan
