5.772005320310190291e+04 1.076332662810486179e-16 nan nan 1.060302529949786248e-16 nan nan
5.804715215998839994e+04 9.901354488790302147e-17 nan nan 9.733649047731034712e-17 nan nan
5.769012950792819902e+04 8.863564860125265015e-17 nan nan 8.690534137634717155e-17 nan nan
5.813907299202550348e+04 1.274957477469563108e-16 nan nan 1.261299161827683736e-16 nan nan
5.798629316011570336e+04 8.576370830116661548e-17 nan nan 8.412711123801036274e-17 nan nan
5.790336738542820240e+04 1.076921026282409110e-16 nan nan 1.064171591402049369e-16 nan nan
5.790336326498840208e+04 1.038548069835735012e-16 nan nan 1.026261798431223756e-16 nan nan
5.795635555313660007e+04 8.930376108540257450e-17 nan nan 8.763661838432147887e-17 nan nan
5.804715420538189937e+04 9.926218919062091861e-17 nan nan 9.758616679007943075e-17 nan nan
5.807707163976850279e+04 9.646964583211357676e-17 nan nan 9.477388792045499843e-17 nan nan
5.832837900120369886e+04 1.942613042963905403e-16 nan nan 1.932473235451366175e-16 nan nan
5.798629727987269871e+04 9.482870135043332504e-17 nan nan 9.316526796109867274e-17 nan nan
5.807706958856480196e+04 9.608107095347071558e-17 nan nan 9.438162433764838098e-17 nan nan
5.790137636001159990e+04 nan nan nan nan nan nan
5.832838309780089912e+04 2.157882578306675357e-16 nan nan 2.148264783190910168e-16 nan nan
5.775007654446759989e+04 9.612887956318910518e-17 nan nan 9.461872435944165888e-17 nan nan
5.801933590918980190e+04 8.872928270741209923e-17 nan nan 8.708727640383083322e-17 nan nan
5.813906887530090171e+04 1.341025345313675768e-16 nan nan 1.327052615896988700e-16 nan nan
5.795635350421300245e+04 8.635616518026323390e-17 nan nan 8.468471271689091316e-17 nan nan
5.801933386259259714e+04 9.707180731204959998e-17 nan nan 9.545301593311673357e-17 nan nan
5.804715008822920208e+04 1.008013223129253239e-16 nan nan 9.915496557346477683e-17 nan nan
5.769013157868060080e+04 9.266733684520619911e-17 nan nan 9.091389468910573474e-17 nan nan
5.795635760148149711e+04 9.000515843582755695e-17 nan nan 8.834307172552941973e-17 nan nan
5.835829630697920220e+04 nan nan nan nan nan nan
5.835829835310189810e+04 nan nan nan nan nan nan
5.807706754312499834e+04 1.016530520957221254e-16 nan nan 9.994211416970959099e-17 nan nan
5.790336533910880098e+04 1.046477598060168906e-16 nan nan 1.033436113312792697e-16 nan nan
5.813907094716429856e+04 1.251238555403414897e-16 nan nan 1.237408006321345260e-16 nan nan
5.772005528525460250e+04 1.027439146986339254e-16 nan nan 1.011557638033253450e-16 nan nan
5.832838104989579733e+04 1.596725515829514392e-16 nan nan 1.586645922563922189e-16 nan nan
5.801933795322920196e+04 9.379715742673791798e-17 nan nan 9.217590585848426366e-17 nan nan
5.790137224186339881e+04 nan nan nan nan nan nan
5.825840077131940052e+04 nan nan nan nan nan nan
5.835830040656249912e+04 nan nan nan nan nan nan
5.775007449572919722e+04 9.350570036711213787e-17 nan nan 9.200499353362293976e-17 nan nan
5.825839663001160079e+04 nan nan nan nan nan nan
5.790137429052079824e+04 nan nan nan nan nan nan
5.769012746266199974e+04 9.141673910709515488e-17 nan nan 8.968014920344753572e-17 nan nan
5.825839870071759651e+04 nan nan nan nan nan nan
5.775007861512729869e+04 9.968972805044013205e-17 nan nan 9.817664212866027070e-17 nan nan
5.772005735943290347e+04 1.106245578426285614e-16 nan nan 1.090242532386660118e-16 nan nan
5.798629520776619756e+04 9.147367122455216318e-17 nan nan 8.981757470814768571e-17 nan nan
