5.810911600400000316e+04 1.939725214273484823e+02 4.588858538825703048e-01 2.960103318249357462e-02 8.880019999645233364e-01
5.807706818000000203e+04 2.020412556997182776e+02 4.671687971640140491e-01 3.187792031237947354e-02 8.835932962358225007e-01
5.790336390599999868e+04 2.015521344131694548e+02 4.666820730204739864e-01 3.067842765390669385e-02 8.838929102544024197e-01
5.775007514999999694e+04 1.948496883156601598e+02 4.598207208523117373e-01 2.671013205277488617e-02 8.876099782678109618e-01
5.835829691599999933e+04 1.857010273081048410e+02 4.501410574801958386e-01 2.729660019263550202e-02 8.925401525917667778e-01
5.795635416799999803e+04 2.260173782761899872e+02 4.905553421253208146e-01 2.917590855666572433e-02 8.709214790508972293e-01
5.813906954199999745e+04 1.962489309845874175e+02 4.611409463450949486e-01 4.164143504403133855e-02 8.863492643937964655e-01
5.804715073400000256e+04 2.033596453896779508e+02 4.685929711765481342e-01 1.825965643065342869e-02 8.832254595011226339e-01
5.801933452599999873e+04 2.360405343063397083e+02 4.998313535403878793e-01 2.452878250457747947e-02 8.657753501034936017e-01
5.769012807600000087e+04 2.344265641538958107e+02 4.983526775210135873e-01 2.595386220566814339e-02 8.665858329353451905e-01
5.798629377999999997e+04 2.378392019844924903e+02 5.014410731087318718e-01 2.697656560411721208e-02 8.647711345250661541e-01
5.772005383399999846e+04 2.144651112855573274e+02 4.794881180266855059e-01 3.405168081933233198e-02 8.768874658156573521e-01
