5.798629520776619756e+04 2.097860763931469990e+02 8.578795645358703315e-01 4.949236284625942450e-01 1.381783439659257096e-01
5.798629316011570336e+04 2.083177780420043916e+02 8.565395447587982325e-01 4.970888782977991305e-01 1.387178984018511696e-01
5.813906887530090171e+04 1.635376539460035872e+02 7.979381566868817277e-01 5.829051173425187082e-01 1.533503253307474390e-01
5.832838309780089912e+04 1.246236523112554977e+02 6.360378112987329358e-01 7.609915390936916602e-01 1.278584374459961204e-01
5.804715420538189937e+04 2.050232096507047004e+02 8.546596357599158811e-01 4.998646670792066815e-01 1.403289763681105917e-01
5.804715008822920208e+04 2.027212784719000354e+02 8.512440359653673516e-01 5.055310813883733267e-01 1.407903298657061375e-01
5.790336533910880098e+04 1.634434399828000153e+02 7.967355577116225218e-01 5.846457232654758140e-01 1.529765646932189083e-01
5.769012746266199974e+04 2.174963704762742509e+02 8.631704816227603327e-01 4.865499951336385021e-01 1.349289512691329851e-01
5.772005320310190291e+04 2.074331127816640503e+02 8.530157154750952486e-01 5.032637992043955677e-01 1.381656164277829391e-01
5.801933795322920196e+04 1.996786869109426164e+02 8.474837709146781917e-01 5.115655205238275327e-01 1.416756021600856785e-01
5.775007654446759989e+04 1.901848411970681241e+02 8.370386838524490614e-01 5.275519811054695252e-01 1.451039247100301965e-01
5.775007861512729869e+04 1.892682084536676825e+02 8.359229687270635090e-01 5.292318298155364031e-01 1.454182267277103480e-01
5.804715215998839994e+04 2.035277986986491783e+02 8.475993877674263821e-01 5.120984074533392327e-01 1.390341646504118789e-01
5.832837900120369886e+04 1.340803811322138017e+02 6.484830044713071340e-01 7.511381225869849798e-01 1.235366897256281044e-01
5.835829630697920220e+04 nan nan nan nan
5.772005528525460250e+04 2.063170725465702446e+02 8.518650507783059878e-01 5.051069426182532851e-01 1.385384848383822143e-01
5.795635555313660007e+04 2.085061908350302815e+02 8.561816972806515214e-01 4.977721220976319416e-01 1.384767695465304871e-01
5.813907094716429856e+04 1.601246625252797173e+02 7.922036563045524726e-01 5.904078704797640631e-01 1.543758835221636094e-01
5.801933590918980190e+04 2.012190836997631607e+02 8.496198807345149984e-01 5.081143416381466160e-01 1.413006513866840175e-01
5.790336326498840208e+04 1.562284835668623657e+02 7.866433761662795510e-01 5.973711409584665510e-01 1.560125593780741782e-01
5.790137224186339881e+04 nan nan nan nan
5.835829835310189810e+04 nan nan nan nan
5.790336738542820240e+04 1.621443247256877669e+02 7.949162392308338765e-01 5.869806564149171457e-01 1.534988000012397213e-01
5.769013157868060080e+04 2.188429783773268014e+02 8.639779780167301526e-01 4.852753954215828225e-01 1.343497082265118214e-01
5.832838104989579733e+04 1.362894381782485880e+02 6.524963785678868922e-01 7.477357953253721545e-01 1.230433108499840444e-01
5.801933386259259714e+04 1.996664368715437377e+02 8.429966398234549629e-01 5.193303476595284573e-01 1.401879283183728175e-01
5.795635760148149711e+04 2.080707992081866280e+02 8.548918921335157961e-01 5.000194739834337154e-01 1.383487564154712302e-01
5.807707163976850279e+04 2.090130213843667377e+02 8.557811802996306838e-01 4.985893334392577647e-01 1.380117677068426751e-01
5.807706754312499834e+04 2.086741278473280090e+02 8.554729706316461790e-01 4.990835054012431882e-01 1.381363498687940283e-01
5.790137429052079824e+04 nan nan nan nan
5.775007449572919722e+04 1.891816301956804693e+02 8.359184766569836000e-01 5.292210644455802582e-01 1.454832132259766819e-01
5.790137636001159990e+04 nan nan nan nan
5.772005735943290347e+04 2.091233738845428718e+02 8.543935386901015949e-01 5.011064152716478981e-01 1.374919692862262566e-01
5.798629727987269871e+04 2.095713531801417844e+02 8.575081204549963587e-01 4.955608313252026775e-01 1.382001657380100557e-01
5.825839663001160079e+04 7.427864118031465068e+01 6.170248209035561482e-01 7.606067181284126288e-01 2.018855882099064303e-01
5.795635350421300245e+04 2.086255910365661066e+02 8.556314111512173248e-01 4.987887434033848044e-01 1.382196719191908230e-01
5.825840077131940052e+04 7.832651278952634755e+01 6.298798287507123561e-01 7.506304499549693032e-01 1.995127287502572455e-01
5.835830040656249912e+04 nan nan nan nan
5.769012950792819902e+04 2.185639670120407061e+02 8.640768583599321984e-01 4.850432352915651224e-01 1.345520075833916696e-01
5.807706958856480196e+04 2.094496120173202200e+02 8.562958385023613506e-01 4.977387298707138807e-01 1.378897884189632106e-01
5.813907299202550348e+04 1.609007502781777816e+02 7.958481219295763243e-01 5.853083526231762646e-01 1.550480543918878462e-01
5.825839870071759651e+04 nan nan nan nan
