5.772836871799999790e+04 7.324717449960697877e+02 7.614423723055743221e-01 3.117619013532356084e-02 6.474824776210590382e-01
5.805533338399999775e+04 6.812271552150887146e+02 7.445892641223925690e-01 4.913576492061633855e-02 6.657120281017459007e-01
5.812830580000000191e+04 5.765602838756780102e+02 7.061351021932761318e-01 3.056042545208445885e-02 7.074173293372724158e-01
5.770831986999999936e+04 7.225238921184359242e+02 7.581810769201902112e-01 4.047820825888057139e-02 6.507864236877498598e-01
5.824201617999999871e+04 5.186724222222660501e+02 6.808287290895408406e-01 4.567891760307313254e-02 7.310168795130057573e-01
5.776723754200000258e+04 6.640973450527644673e+02 7.387000976870209401e-01 5.071029483233298329e-02 6.721239704661660097e-01
5.787606424400000105e+04 9.073521117908286442e+02 8.078791231256375882e-01 3.367776789195758153e-02 5.883851887731083030e-01
5.784025652200000332e+04 6.515626965540768651e+02 7.346454474814180235e-01 3.487213904167912187e-02 6.775544261633044130e-01
5.828804495799999859e+04 5.147206032257499828e+02 6.790203493243207600e-01 4.528574004627369809e-02 7.327213433167745205e-01
5.778525117199999659e+04 6.982842435498665736e+02 7.506790334532633668e-01 2.694583110522006872e-02 6.601173463254267348e-01
5.793602058399999805e+04 7.842033584181057222e+02 7.763143620496564257e-01 4.655263168917288252e-02 6.286245809370225590e-01
5.811019231800000125e+04 5.896619504657412563e+02 7.110219207601428115e-01 5.116066024951283764e-02 7.013062205922537817e-01
5.822421791400000075e+04 5.717292672291376903e+02 7.037992670879003043e-01 4.934577841597163894e-02 7.086829938689485076e-01
5.789414114200000040e+04 8.256350259457951779e+02 7.875795833152762215e-01 4.546320794665414944e-02 6.145335602456021284e-01
5.814629890600000363e+04 5.616064216457239127e+02 6.998949913032824766e-01 3.318109634250522577e-02 7.134746078131215530e-01
5.774727047399999719e+04 7.187941837355923553e+02 7.571372739821341513e-01 3.413626082813552703e-02 6.523632914592726317e-01
5.831100303800000256e+04 4.796712965304932368e+02 6.615262302858662125e-01 7.393297680458500720e-02 7.462686926198793813e-01
5.816420699800000148e+04 5.049381443524329143e+02 6.744104933470795871e-01 4.777138264622598357e-02 7.368095964789116437e-01
5.809135674200000358e+04 5.787296260803246923e+02 7.069284295605098301e-01 3.635613131820447652e-02 7.063500741096334634e-01
5.782131304800000362e+04 6.552972800170623486e+02 7.358862213261752050e-01 3.918224833326867940e-02 6.759705767841035495e-01
5.769030042400000093e+04 7.235306918399694496e+02 7.580395594923102776e-01 5.784591931211856969e-02 6.496382653936265683e-01
5.791304985999999917e+04 7.767119303288641277e+02 7.741807231620921881e-01 4.718133660623567011e-02 6.312037146280662370e-01
5.780319536399999924e+04 6.416763395697955730e+02 7.311686827912872166e-01 3.088992419074832949e-02 6.814970065148810985e-01
5.785804433399999834e+04 6.518833617180376905e+02 7.346665313393624386e-01 3.979915517208897774e-02 6.772600054464886776e-01
5.818315589400000317e+04 5.038337449565229917e+02 6.741348765674870513e-01 3.408782059244917090e-02 7.378212443963619860e-01
5.773335102599999664e+04 7.227785443644877432e+02 7.583395408467761278e-01 3.664174918106280487e-02 6.508291043010082655e-01
5.807325161600000138e+04 6.670692239078427974e+02 7.396011842370826539e-01 5.538112478220998114e-02 6.707630127645399787e-01
