5.776723550599999726e+04 2.165243179679395951e+02 4.813921125778359844e-01 4.280465673916544062e-02 8.754595337931333487e-01
5.807324955400000181e+04 2.124029520175968742e+02 4.774761645285929279e-01 3.401249802022803664e-02 8.779861401443009861e-01
5.793601855600000272e+04 2.614659121323653039e+02 5.219694169491515545e-01 3.226588981344869628e-02 8.523537059955269557e-01
5.816420495800000208e+04 1.634828801731605949e+02 4.251687002251111069e-01 3.408894822407231018e-02 9.044719564242255094e-01
5.824201418500000000e+04 1.573386307067325163e+02 4.178575592153067619e-01 3.722994217709906656e-02 9.077494101414311789e-01
5.828804289799999970e+04 1.570857841904620216e+02 4.175338859752200094e-01 3.949723490053499986e-02 9.078025239542155678e-01
5.785804231799999980e+04 2.131140931650462278e+02 4.782328006630023332e-01 2.654285485691581029e-02 8.778319117154865792e-01
5.805533135400000174e+04 2.194066196491092455e+02 4.842596802694908442e-01 3.351022032931397915e-02 8.742823498154194128e-01
5.809135471400000097e+04 2.002159061656180086e+02 4.653105251851091806e-01 3.198134958613773476e-02 8.845695611033692618e-01
5.772836670400000003e+04 2.567662223066632805e+02 5.180095229196398643e-01 3.037872623600285787e-02 8.548352280743026776e-01
5.787606222600000183e+04 3.201066654715782533e+02 5.674637802065229941e-01 2.974736792139003050e-02 8.228608340755272366e-01
5.784025448199999664e+04 2.092648845341194601e+02 4.744446655482758013e-01 2.696630655232212792e-02 8.798721939257490021e-01
5.822421582800000033e+04 1.775596181601381716e+02 4.412405138753297540e-01 2.915409880603244894e-02 8.969151840825546618e-01
5.778524914400000125e+04 2.370752044782200585e+02 5.006861678384415537e-01 3.433317588104426582e-02 8.649477408313043236e-01
5.780319331000000238e+04 2.163362621788909053e+02 4.812817986479264731e-01 3.617854726563544954e-02 8.758190127006635350e-01
5.770831785400000081e+04 2.528655577475706480e+02 5.146659173628179706e-01 3.038374611315176194e-02 8.568522751777114532e-01
5.773334898999999859e+04 2.500372080489891857e+02 5.122448923645138708e-01 2.711338946089946952e-02 8.584113433304625396e-01
5.782131099600000016e+04 2.157571553680923557e+02 4.807564251324525917e-01 3.244895637270774763e-02 8.762535734159299095e-01
5.818315384800000174e+04 1.697578042687750326e+02 4.324681343959179691e-01 2.831935515820721561e-02 9.012043757414505141e-01
5.789413910999999644e+04 2.793105045777268174e+02 5.366681397817449906e-01 2.339228671731093806e-02 8.434690917071807625e-01
5.811019029600000067e+04 1.867092385212303896e+02 4.511698036838805992e-01 3.419605662505228322e-02 8.917827302404689460e-01
5.791304783999999927e+04 2.625194691260369382e+02 5.228374603980791013e-01 3.387816902954304821e-02 8.517589210966286517e-01
5.769029830599999696e+04 2.427248832970770138e+02 5.057288919102265190e-01 3.654211293466726879e-02 8.619181874572111601e-01
5.826014285599999857e+04 1.291095282184382711e+02 3.818217989994219241e-01 3.287439655913261538e-02 9.236511180417192879e-01
5.814629688599999645e+04 1.826988965342426354e+02 4.468148446532255735e-01 3.729285709412629574e-02 8.938488336442974580e-01
5.831100102399999741e+04 1.590094614090046434e+02 4.198802901747766270e-01 3.438145845643938991e-02 9.069280331080044055e-01
5.812830374599999777e+04 1.849511972757655087e+02 4.493565273451009534e-01 2.371571727238298496e-02 8.930376677870917046e-01
5.774726845399999729e+04 2.459075000502338355e+02 5.086232638039450693e-01 2.814810010064993859e-02 8.605289419758909153e-01
