5.826538098899309989e+04 4.358107125507250707e-17 3.863119751061680307e-17 4.416466229500997425e-17 4.358107125507250707e-17 3.863119751061680307e-17 4.416466229500997425e-17
5.790136867042820086e+04 nan nan nan nan nan nan
5.809008093148149783e+04 nan nan 5.883481871368765438e-17 nan nan 5.883481871368765438e-17
5.796536356960650301e+04 nan nan 4.448434444390747513e-16 nan nan 4.448434444390747513e-16
5.809007905913190189e+04 nan nan 5.870010354804191106e-17 nan nan 5.870010354804191106e-17
5.833222372849540261e+04 4.362304643912892808e-17 nan 4.573665132227280200e-17 4.362304643912892808e-17 nan 4.573665132227280200e-17
5.826538286181710282e+04 nan nan nan nan nan nan
5.822230268997690291e+04 nan nan 4.759913808393534071e-17 nan nan 4.759913808393534071e-17
5.769016214704859885e+04 4.086697729775075727e-17 nan 4.284715866492815765e-17 4.086697729775075727e-17 nan 4.284715866492815765e-17
5.794425958180559974e+04 nan nan nan nan nan nan
5.798614793914349866e+04 3.490344771288467803e-17 nan 3.767826129484890728e-17 3.490344771288467803e-17 nan 3.767826129484890728e-17
5.785730467506939749e+04 nan nan nan nan nan nan
5.769016591982640239e+04 4.090664803926176642e-17 nan 4.261923722779936448e-17 4.090664803926176642e-17 nan 4.261923722779936448e-17
5.782038083650459885e+04 nan nan 1.084893311689263596e-16 nan nan 1.084893311689263596e-16
5.801029286637729820e+04 nan nan nan nan nan nan
5.806805274693290266e+04 3.770708036217483843e-17 nan 3.951350810816723996e-17 3.770708036217483843e-17 nan 3.951350810816723996e-17
5.801028912216440222e+04 nan nan nan nan nan nan
5.804714465343749907e+04 3.973502648230832761e-17 3.335387258521351427e-17 3.978091410233773272e-17 3.973502648230832761e-17 3.335387258521351427e-17 3.978091410233773272e-17
5.831136394791670318e+04 4.640659511470990528e-17 3.903852046440537639e-17 4.646769486458205602e-17 4.640659511470990528e-17 3.903852046440537639e-17 4.646769486458205602e-17
5.792331918533559656e+04 3.443476093588666738e-17 2.848791766300306910e-17 3.407979974790652109e-17 3.443476093588666738e-17 2.848791766300306910e-17 3.407979974790652109e-17
5.781938543133100029e+04 nan nan nan nan nan nan
5.828632720989579684e+04 4.283290978043226827e-17 nan 4.466960736379587098e-17 4.283290978043226827e-17 nan 4.466960736379587098e-17
5.822230646538190194e+04 nan nan 4.709845745473992922e-17 nan nan 4.709845745473992922e-17
5.782138153717589739e+04 nan nan nan nan nan nan
5.801029099593750288e+04 nan nan nan nan nan nan
5.792331731246529671e+04 3.432434734053499965e-17 2.881055833048562984e-17 3.400433260422908575e-17 3.432434734053499965e-17 2.881055833048562984e-17 3.400433260422908575e-17
5.827136643611110048e+04 nan nan 6.567335342854172305e-17 nan nan 6.567335342854172305e-17
5.806805461968750024e+04 3.766330167990893746e-17 nan 3.926024146289150291e-17 3.766330167990893746e-17 nan 3.926024146289150291e-17
5.806805649126160279e+04 3.786850347915544048e-17 nan 3.943110160323240699e-17 3.786850347915544048e-17 nan 3.943110160323240699e-17
5.827136456357639690e+04 nan nan 6.728947532046851885e-17 nan nan 6.728947532046851885e-17
5.781938355751160270e+04 5.449811964551416407e-17 nan 5.864793707284709469e-17 5.449811964551416407e-17 nan 5.864793707284709469e-17
5.785730279201389931e+04 nan nan nan nan nan nan
5.769016402178240241e+04 4.054523906325388107e-17 nan 4.265041940234131377e-17 4.054523906325388107e-17 nan 4.265041940234131377e-17
5.771210333067129977e+04 4.532016520266481642e-17 3.845382830763100221e-17 4.543042920076926143e-17 4.532016520266481642e-17 3.845382830763100221e-17 4.543042920076926143e-17
5.828632343831020262e+04 4.283530195893760916e-17 nan 4.446358814154471223e-17 4.283530195893760916e-17 nan 4.446358814154471223e-17
5.826438382359949901e+04 nan nan nan nan nan nan
5.822230459268519917e+04 nan nan 4.793078376251775329e-17 nan nan 4.793078376251775329e-17
5.785730091833329789e+04 nan nan nan nan nan nan
5.804714655027780100e+04 4.043462041348165765e-17 3.387901544014525652e-17 4.054066348149271343e-17 4.043462041348165765e-17 3.387901544014525652e-17 4.054066348149271343e-17
5.771210520216439909e+04 4.604012553496637477e-17 3.865015246199122127e-17 4.653249450523034951e-17 4.604012553496637477e-17 3.865015246199122127e-17 4.653249450523034951e-17
5.833221995740739658e+04 4.443223549627772012e-17 nan 4.637691441015778856e-17 4.443223549627772012e-17 nan 4.637691441015778856e-17
5.831136207416669640e+04 4.680303124270966824e-17 3.937272479418427485e-17 4.699920292531357570e-17 4.680303124270966824e-17 3.937272479418427485e-17 4.699920292531357570e-17
5.833222185671299667e+04 4.384183966770359971e-17 nan 4.607862889505014896e-17 4.384183966770359971e-17 nan 4.607862889505014896e-17
5.790136679890049709e+04 nan nan nan nan nan nan
5.794426335319440113e+04 nan nan nan nan nan nan
5.796536169552079809e+04 nan nan 1.355502599528318679e-16 nan nan 1.355502599528318679e-16
5.792332105572919681e+04 3.419648056914165777e-17 2.834660074523948237e-17 3.378839685985264594e-17 3.419648056914165777e-17 2.834660074523948237e-17 3.378839685985264594e-17
5.827136831038189848e+04 nan nan 6.628668011582123066e-17 nan nan 6.628668011582123066e-17
5.798614419361110049e+04 3.521542411162470446e-17 nan 3.753941318996166930e-17 3.521542411162470446e-17 nan 3.753941318996166930e-17
5.831136581925929931e+04 4.649910239584997845e-17 3.910459375266573536e-17 4.657379484135693379e-17 4.649910239584997845e-17 3.910459375266573536e-17 4.657379484135693379e-17
5.804714278081020166e+04 3.972361582784341348e-17 3.377234638831641934e-17 3.994516544481574052e-17 3.972361582784341348e-17 3.377234638831641934e-17 3.994516544481574052e-17
5.796536544467590284e+04 nan nan 3.481262753441755548e-16 nan nan 3.481262753441755548e-16
5.790136495271990134e+04 2.585534718337751612e-16 nan 2.601423795294691103e-16 2.585534718337751612e-16 nan 2.601423795294691103e-16
5.771210143005789723e+04 4.447568012173723552e-17 3.792609830702344846e-17 4.482992854958338509e-17 4.447568012173723552e-17 3.792609830702344846e-17 4.482992854958338509e-17
5.828632533869209874e+04 4.272665670055129724e-17 nan 4.454432800457903532e-17 4.272665670055129724e-17 nan 4.454432800457903532e-17
5.798614606745370111e+04 3.486694487446272329e-17 nan 3.758843606109522213e-17 3.486694487446272329e-17 nan 3.758843606109522213e-17
5.794426145711809659e+04 nan nan nan nan nan nan
5.809008282870370022e+04 nan nan 5.961845770453016299e-17 nan nan 5.961845770453016299e-17
