5.787606168442130001e+04 2.411209328853528859e+02 8.358534514620550304e-01 5.369580782802926278e-01 1.141272528737325848e-01
5.774726996270829841e+04 2.116948354730284905e+02 8.450055427859269885e-01 5.179918844330622107e-01 1.328534543116810795e-01
5.812830732981480105e+04 1.961262549607174606e+02 8.291677545601747745e-01 5.416791513360228461e-01 1.380743705599415949e-01
5.828804239334489830e+04 3.745595786338807898e+01 3.773843432618907978e-01 9.138662094939267178e-01 1.497651782157443101e-01
5.831100253877320210e+04 1.620330589408518165e+02 7.706733485896978264e-01 6.206589887176912068e-01 1.443780090508077207e-01
5.772836822679400211e+04 1.306511604719420063e+02 5.218968868370102987e-01 8.490470184242743246e-01 8.211455421961855183e-02
5.811018975239580323e+04 1.962489594010611711e+02 8.184179380876993593e-01 5.586767954970484062e-01 1.344333172596275938e-01
5.778525065466429805e+04 2.000527006320049281e+02 8.463118909689381075e-01 5.136823582670175803e-01 1.410199206134205574e-01
5.787606373070600239e+04 2.411372950693837254e+02 8.344366578611297491e-01 5.392404626461959616e-01 1.137329655933775469e-01
5.785804177078700013e+04 1.873034164606147840e+02 8.191448678666908290e-01 5.559598093655583328e-01 1.411041311155473155e-01
5.816420649128469813e+04 1.782493663876271626e+02 8.123351783774426238e-01 5.646672652230864120e-01 1.458164515957265928e-01
5.826014230145829788e+04 1.160296590922168747e+02 5.988869468913847749e-01 7.915240300032613252e-01 1.217544034953638027e-01
5.770831730450229952e+04 2.005261742805328424e+02 7.659001483997731619e-01 6.325509794580467249e-01 1.152224850793949484e-01
5.816420853730320232e+04 1.780420545890099788e+02 8.106327947605513895e-01 5.672218086614972954e-01 1.453750041701717399e-01
5.809135624701390043e+04 1.802027090722044989e+02 7.231349083817097956e-01 6.811840490513707547e-01 1.142987121439068693e-01
5.822421739240740135e+04 1.855936539581857971e+02 8.108550645884471386e-01 5.683693100324315184e-01 1.395363452456839237e-01
5.807324904697920283e+04 1.940724373424081648e+02 8.147304562974195807e-01 5.639726431747406066e-01 1.347187489991466536e-01
5.831100046576390014e+04 1.654179536456765334e+02 7.768115783912900030e-01 6.131217404468656262e-01 1.436854309547033748e-01
5.805533491247690108e+04 1.888427461119771067e+02 8.116698390173293642e-01 5.677237020645069521e-01 1.374113188341978264e-01
5.780319484511570045e+04 1.834111251015358164e+02 8.199813975864433946e-01 5.538782822192782618e-01 1.443930611144607912e-01
5.828804648634260229e+04 3.661504375010298418e+01 3.729407008122853084e-01 9.157126575090335230e-01 1.496180555794819622e-01
5.793602009344910039e+04 1.879089400949316655e+02 7.788627863430442888e-01 6.141693513468565735e-01 1.271564702094652999e-01
5.812830323627310281e+04 1.943510711944293519e+02 8.235531319923764526e-01 5.503329740116831292e-01 1.374549253428324347e-01
5.824201362540510308e+04 1.798993172101859273e+02 8.052976667443844105e-01 5.756174709428878433e-01 1.419866017670818048e-01
5.793601801930560032e+04 1.906680710226708584e+02 7.824003303242992313e-01 6.098018217294829402e-01 1.264573498213185931e-01
5.805533286843750102e+04 1.890456204516406444e+02 8.114453261940581807e-01 5.680985428363378720e-01 1.371879303184058985e-01
5.818315538677079894e+04 1.630914181540263428e+02 7.442986140393027528e-01 6.543084193562725970e-01 1.337911263823914343e-01
5.791304729886569839e+04 1.954602846581256586e+02 7.674543388443549885e-01 6.300212322396590015e-01 1.186890252558997494e-01
5.782131255120370042e+04 1.650765007299901868e+02 7.392268261555842157e-01 6.607139611127297307e-01 1.303869666901865121e-01
5.776723703406249842e+04 9.546579091116717564e+01 3.908051319047614602e-01 9.183139933200852312e-01 6.301395519581602656e-02
5.774726791296299780e+04 2.107460122268262239e+02 8.433897832519282600e-01 5.205959774037053345e-01 1.329417233879040816e-01
5.782131462247679883e+04 1.641199512074825293e+02 7.454474430262594264e-01 6.530867566018588866e-01 1.333634059136016570e-01
5.828804444202550076e+04 1.480056820064577039e+02 6.712068064605621887e-01 7.315099415055743570e-01 1.198942385585074905e-01
5.789414268949069810e+04 2.132333769138625144e+02 8.309342188764743398e-01 5.415553482347732484e-01 1.275387341102967587e-01
5.770831935314810107e+04 1.951674875924829280e+02 7.594314600876158616e-01 6.400906972095886660e-01 1.163948313926969069e-01
5.789414064424770186e+04 2.143560772855923346e+02 8.318914131597784367e-01 5.401723751281278796e-01 1.271632095358718739e-01
5.787606577565969928e+04 2.407604094337651759e+02 8.342822314149114238e-01 5.394506878327585131e-01 1.138688444752111173e-01
5.826014639750000060e+04 1.077758586252236341e+02 5.675603694553413847e-01 8.148718815183536579e-01 1.177244398349563820e-01
5.776723910475690354e+04 9.629932433667762837e+01 3.925564918933055480e-01 9.175656164010237426e-01 6.302967770051405572e-02
5.805533082178240147e+04 1.882423435064354749e+02 8.094860694292516090e-01 5.709058338673265176e-01 1.371088336185283529e-01
5.776723496251159668e+04 8.538910738408466727e+01 3.710496024992652186e-01 9.264388709365393160e-01 6.350756571438750941e-02
5.773335052508099761e+04 2.087839695665886950e+02 8.335809329170034143e-01 5.366179345395093447e-01 1.310878354683180924e-01
5.784025396806710341e+04 1.857905353770890713e+02 8.225777950109461889e-01 5.502621683935736696e-01 1.434479598660499955e-01
5.818315743230319640e+04 1.659033347892368795e+02 7.494524637378384702e-01 6.484893605609737266e-01 1.333512423508048106e-01
5.807325112002310198e+04 1.957926974400795643e+02 8.178849861428283408e-01 5.594235905007991505e-01 1.345711552797979327e-01
5.785804586363430280e+04 1.863466417572385012e+02 8.164598741782537195e-01 5.599467482490823045e-01 1.409003654434897723e-01
5.778525273344910238e+04 1.988164891524154143e+02 8.438440078934207333e-01 5.177126893671463170e-01 1.410704136614240045e-01
5.773334845442129881e+04 2.104515174167468956e+02 8.377349195593607467e-01 5.300450656092779989e-01 1.313485172132812795e-01
5.784025805693290022e+04 1.835509969245632078e+02 8.199877672671394002e-01 5.538969418964232450e-01 1.442852705235076749e-01
5.831100458403940138e+04 1.647081466305629363e+02 7.733198715246263344e-01 6.176766435387430754e-01 1.430102805110452791e-01
5.816420444574070279e+04 1.780395609219683877e+02 8.122012010163732754e-01 5.648280150138524913e-01 1.459401333529330436e-01
5.773335256967590249e+04 2.074890988184657488e+02 8.283709525497651160e-01 5.448241202246917325e-01 1.302622086147220415e-01
5.791305143918980320e+04 1.948801874417212900e+02 7.655348021622947474e-01 6.323975314090096722e-01 1.184475788951668135e-01
5.826014435116900131e+04 5.996775614816372979e+01 4.111505512959261477e-01 9.047801561816095628e-01 1.110319465245838966e-01
5.812830528145829885e+04 1.964166987571259995e+02 8.299861807122752566e-01 5.404068738266083471e-01 1.381425008735652493e-01
5.824201771812499646e+04 1.805687697629554691e+02 8.076777641654721007e-01 5.721957871319790501e-01 1.422976122817208866e-01
5.769029990851850016e+04 2.111887461789799829e+02 8.174130950722550137e-01 5.624113250007201081e-01 1.246167465284307579e-01
5.814629633643520356e+04 1.941458934375485228e+02 8.324845558255199451e-01 5.359112294014957145e-01 1.406009193190569939e-01
5.772836615398150025e+04 1.551173205413305425e+02 6.041491259817112214e-01 7.914632111052066765e-01 9.268127665591134601e-02
5.822421534361109661e+04 1.850297644369744319e+02 8.108319152029308530e-01 5.682997407505677723e-01 1.399535992791341721e-01
5.793602214425930288e+04 1.869669095978573239e+02 7.775675664812123911e-01 6.157637022205978417e-01 1.273724561436579972e-01
5.809135417380790022e+04 1.871106410661470818e+02 7.397014108876691640e-01 6.630047578743630821e-01 1.151803532150714182e-01
5.811019384740739770e+04 1.973763351082495205e+02 8.229370511822743373e-01 5.518244797645144306e-01 1.351456744555511180e-01
5.782131047958329873e+04 1.614580532150363865e+02 7.326707197629912516e-01 6.678655660719944320e-01 1.309549619423206746e-01
5.778524860711809742e+04 2.008908565012782219e+02 8.423155200671651466e-01 5.207239294599389501e-01 1.391084251286804907e-01
5.784025601321760041e+04 1.842227033118387851e+02 8.209944515114484531e-01 5.524488504822936408e-01 1.441123804126760721e-01
5.822421956417820184e+04 1.857922385360278383e+02 8.104778020445138065e-01 5.689754594017703004e-01 1.392575275941590196e-01
5.780319279776619805e+04 1.872260235118704941e+02 8.253023733571891452e-01 5.462080221179576034e-01 1.432926694041937177e-01
5.780319691695600341e+04 1.822710108480605982e+02 8.184391499218056643e-01 5.560618095161183883e-01 1.447502050877035595e-01
5.811019180104169936e+04 1.949592330478689632e+02 8.174904405922388539e-01 5.598928758953440887e-01 1.350160992694867945e-01
5.824201567388889816e+04 1.800585893350079516e+02 8.068554322632227604e-01 5.733267815179361460e-01 1.424103683781937357e-01
5.814629840923610027e+04 1.953896065549433274e+02 8.336551173663606651e-01 5.342203517669931179e-01 1.400991115133472797e-01
5.769029775856479682e+04 2.093110194937311235e+02 8.149317790625377755e-01 5.659223205616987773e-01 1.249724872283055066e-01
5.807325319304400182e+04 1.949370175910882494e+02 8.164831252732001055e-01 5.614370023145527355e-01 1.346989182441966915e-01
5.818315333831019962e+04 1.692694294963870618e+02 7.516034012867537362e-01 6.463845895255834195e-01 1.314507116680094789e-01
5.770832183168979827e+04 1.939418618453130705e+02 7.590135981396329834e-01 6.404756038811797447e-01 1.170015327769922536e-01
5.789413856996529648e+04 2.136017610744446529e+02 8.310402670847794049e-01 5.414367245499418502e-01 1.273512771521692899e-01
5.785804381827550242e+04 1.878637090067953750e+02 8.191658899327862731e-01 5.560336528836729020e-01 1.406905172051949038e-01
5.769030195371530135e+04 2.103529244549470718e+02 8.169286479962462044e-01 5.630378944902505456e-01 1.249636485183229229e-01
5.774727201375000004e+04 2.104778784873759605e+02 8.445105251660222079e-01 5.186415365329558602e-01 1.334650870697792480e-01
5.791304937077550130e+04 1.961314828804504771e+02 7.672783804034971622e-01 6.303220455423148572e-01 1.182286169619615607e-01
5.809135829150459904e+04 1.750893021915274232e+02 7.040775263347216484e-01 7.013120210573493551e-01 1.115180973243146412e-01
5.814630045444439747e+04 1.959043296575080717e+02 8.348698791557653820e-01 5.323095697231888801e-01 1.401385273918308028e-01
