5.826538098899309989e+04 2.706386185754734015e+02 8.723613490487419631e-01 4.768854800637143954e-01 1.075449468374015949e-01
5.790136867042820086e+04 nan nan nan nan
5.809008093148149783e+04 2.270566739531785743e+02 6.951916938252081790e-01 7.141998368494930638e-01 8.140701370640900103e-02
5.796536356960650301e+04 2.421922144396105026e+01 3.826118044478221680e-01 8.945198034594665781e-01 2.311764008631044531e-01
5.809007905913190189e+04 2.228641853434926077e+02 6.938151570487841591e-01 7.153992348349159647e-01 8.261030593689555612e-02
5.833222372849540261e+04 2.658324913335648603e+02 8.696091983417242322e-01 4.816040885816690875e-01 1.087995589186077222e-01
5.826538286181710282e+04 nan nan nan nan
5.822230268997690291e+04 2.577101433607085141e+02 8.804591699553730999e-01 4.599520893980693637e-01 1.150466231570737713e-01
5.769016214704859885e+04 3.010371460560458559e+02 9.031358683237981078e-01 4.166617843822275624e-01 1.036270272778177931e-01
5.794425958180559974e+04 nan nan nan nan
5.798614793914349866e+04 3.164270495182195191e+02 9.178185583868847530e-01 3.837213463829948767e-01 1.018185749784495109e-01
5.785730467506939749e+04 nan nan nan nan
5.769016591982640239e+04 2.987406262310569787e+02 9.024404073850422758e-01 4.180078498877070059e-01 1.042628819425943931e-01
5.782038083650459885e+04 1.335481019123007798e+02 7.549864749850626611e-01 6.350968463764398164e-01 1.632403697384022523e-01
5.801029286637729820e+04 2.989512481152730174e+02 8.950904968687471985e-01 4.339434488398919987e-01 1.024991981636897975e-01
5.806805274693290266e+04 3.128034197595954424e+02 9.089712821188296044e-01 4.044326549893947909e-01 1.010219573235448115e-01
5.801028912216440222e+04 3.020272994084722882e+02 8.979602535427573251e-01 4.280672489386204704e-01 1.021068726558025525e-01
5.804714465343749907e+04 3.085004986623434888e+02 9.109862854369514817e-01 3.993977131879771769e-01 1.028856377051694665e-01
5.831136394791670318e+04 2.682915491635291687e+02 8.928170858835408064e-01 4.358499337402313434e-01 1.136331219893996214e-01
5.792331918533559656e+04 2.928183251489713257e+02 9.049091965863578224e-01 4.119467198846727962e-01 1.069544104265507944e-01
5.781938543133100029e+04 nan nan nan nan
5.828632720989579684e+04 2.822804872652183121e+02 9.026917083460342939e-01 4.158829475010970556e-01 1.104040473040642512e-01
5.822230646538190194e+04 2.605152930402770153e+02 8.821226852387999973e-01 4.569564318287236415e-01 1.142382930433135102e-01
5.782138153717589739e+04 nan nan nan nan
5.801029099593750288e+04 2.997983175687152766e+02 8.963175308414580433e-01 4.314054725018619529e-01 1.024900102532796814e-01
5.792331731246529671e+04 2.974819139546191877e+02 9.072813706676229328e-01 4.069894894780249350e-01 1.058303826596883879e-01
5.827136643611110048e+04 1.785947978178276401e+02 5.734704658479171657e-01 8.161933828031394667e-01 7.042717279957197429e-02
5.806805461968750024e+04 3.132059955110491387e+02 9.089449468836473534e-01 4.045257041462780867e-01 1.008862637807614038e-01
5.806805649126160279e+04 3.123085980949542773e+02 9.080173320934405989e-01 4.065828748777124968e-01 1.009697502922767831e-01
5.827136456357639690e+04 1.793922331791097236e+02 5.759569349391888693e-01 8.144150079145500154e-01 7.072343302610911708e-02
5.781938355751160270e+04 2.503656308290010202e+02 8.615520959472060536e-01 4.948440767388000427e-01 1.133901480971810233e-01
5.785730279201389931e+04 nan nan nan nan
5.769016402178240241e+04 2.991057558991355450e+02 9.026431391585890696e-01 4.175899800170843057e-01 1.041823973579954210e-01
5.771210333067129977e+04 2.965683963470785329e+02 9.012800746071010227e-01 4.203811016351970964e-01 1.047566537466559644e-01
5.828632343831020262e+04 2.819039475370184960e+02 9.029054684512023421e-01 4.153654982627398851e-01 1.106038782948437355e-01
5.826438382359949901e+04 nan nan nan nan
5.822230459268519917e+04 2.594760509466811982e+02 8.808518509898720650e-01 4.593697055235779203e-01 1.143655990886131846e-01
5.785730091833329789e+04 nan nan nan nan
5.804714655027780100e+04 3.042208335181492203e+02 9.084007880638590438e-01 4.050255372627746819e-01 1.037416136849652754e-01
5.771210520216439909e+04 2.907220548497253390e+02 8.982307203167967380e-01 4.265156247700501724e-01 1.061413911072504462e-01
5.833221995740739658e+04 2.666651790438670560e+02 8.701141661877395128e-01 4.807394902412601700e-01 1.085858200778911653e-01
5.831136207416669640e+04 2.675525510686240409e+02 8.926801099562922115e-01 4.360576477828792541e-01 1.139120235027213518e-01
5.833222185671299667e+04 2.671184904401670224e+02 8.706593604600658676e-01 4.797623410778269482e-01 1.085374319154081835e-01
5.790136679890049709e+04 nan nan nan nan
5.794426335319440113e+04 nan nan nan nan
5.796536169552079809e+04 8.126209077911217094e+01 6.386104208069407484e-01 7.452079169413783344e-01 1.919424157518971330e-01
5.792332105572919681e+04 2.959625847266647725e+02 9.067470936395540804e-01 4.080698242724679070e-01 1.062484197268780128e-01
5.827136831038189848e+04 1.774229835600775687e+02 5.707144940866406557e-01 8.181412843694825243e-01 7.021257045346933345e-02
5.798614419361110049e+04 3.183505766664005705e+02 9.187673789163022242e-01 3.815520452841318355e-01 1.014127219768990451e-01
5.831136581925929931e+04 2.711073514596268978e+02 8.944245868942620747e-01 4.327443651689569237e-01 1.128581976355510358e-01
5.804714278081020166e+04 3.090466302255387063e+02 9.118189293670619922e-01 3.974915696251334341e-01 1.028916523574802677e-01
5.796536544467590284e+04 3.145873359129837254e+01 4.298618847157710809e-01 8.745008842104254887e-01 2.246485334556827251e-01
5.790136495271990134e+04 3.984418649298686432e+01 4.743362257336330989e-01 8.534411865746382997e-01 2.159705674735458159e-01
5.771210143005789723e+04 3.013141848593838290e+02 9.038059546308698788e-01 4.151916742481334133e-01 1.036854377857077680e-01
5.828632533869209874e+04 2.843519840518884507e+02 9.043614677975888583e-01 4.123458549792436423e-01 1.100055973322604103e-01
5.798614606745370111e+04 3.206044581324092064e+02 9.197712060882664575e-01 3.792572912853302003e-01 1.009199457879847162e-01
5.794426145711809659e+04 nan nan nan nan
5.809008282870370022e+04 2.235565763479658301e+02 6.883103087855131363e-01 7.208740262791977216e-01 8.105280411935343599e-02
