5.809008282870370022e+04 9.906100445025160422e-16 nan 5.124682537408516212e-17 9.906100445025160422e-16 nan 5.124682537408516212e-17
5.785730279201389931e+04 nan nan nan nan nan nan
5.804714465343749907e+04 4.259329558522361526e-17 3.290008707587849178e-17 3.553845008703413217e-17 4.259329558522361526e-17 3.290008707587849178e-17 3.553845008703413217e-17
5.822230268997690291e+04 nan nan 4.753854587407210226e-17 nan nan 4.753854587407210226e-17
5.833222372849540261e+04 4.144773132501569465e-17 nan 4.230120967282869949e-17 4.144773132501569465e-17 nan 4.230120967282869949e-17
5.801029099593750288e+04 nan nan nan nan nan nan
5.826438382359949901e+04 nan nan nan nan nan nan
5.769016214704859885e+04 3.739951165064394935e-17 nan 3.740550520016853288e-17 3.739951165064394935e-17 nan 3.740550520016853288e-17
5.831136581925929931e+04 4.957799213642684065e-17 3.885112278833869443e-17 4.241322363674594589e-17 4.957799213642684065e-17 3.885112278833869443e-17 4.241322363674594589e-17
5.822230646538190194e+04 nan nan 4.707027185832041157e-17 nan nan 4.707027185832041157e-17
5.792332105572919681e+04 3.692319826693642820e-17 2.808430328545112832e-17 3.138794494072852640e-17 3.692319826693642820e-17 2.808430328545112832e-17 3.138794494072852640e-17
5.822230459268519917e+04 nan nan 4.767287116979296860e-17 nan nan 4.767287116979296860e-17
5.827136643611110048e+04 nan nan 6.897679242081290909e-17 nan nan 6.897679242081290909e-17
5.790136867042820086e+04 nan nan nan nan nan nan
5.833221995740739658e+04 4.205859165838362148e-17 nan 4.313067856728520692e-17 4.205859165838362148e-17 nan 4.313067856728520692e-17
5.798614793914349866e+04 3.189049658899559655e-17 nan 3.290876761473308386e-17 3.189049658899559655e-17 nan 3.290876761473308386e-17
5.771210333067129977e+04 4.815257055352262274e-17 3.742060267463637762e-17 3.961460897777148870e-17 4.815257055352262274e-17 3.742060267463637762e-17 3.961460897777148870e-17
5.833222185671299667e+04 4.161665992177892778e-17 nan 4.253225947781231975e-17 4.161665992177892778e-17 nan 4.253225947781231975e-17
5.796536356960650301e+04 nan nan nan nan nan nan
5.790136495271990134e+04 3.056970923316274990e-16 nan 3.054522882357905795e-16 3.056970923316274990e-16 nan 3.054522882357905795e-16
5.827136831038189848e+04 nan nan 6.940140748602629950e-17 nan nan 6.940140748602629950e-17
5.804714655027780100e+04 4.286378895632874876e-17 3.305985433626335787e-17 3.611752528170899384e-17 4.286378895632874876e-17 3.305985433626335787e-17 3.611752528170899384e-17
5.828632533869209874e+04 4.081529469964453807e-17 3.788238416865467100e-17 4.200491877637334597e-17 4.081529469964453807e-17 3.788238416865467100e-17 4.200491877637334597e-17
5.792331918533559656e+04 3.698249712978972720e-17 2.819706184610498021e-17 3.151341702507041555e-17 3.698249712978972720e-17 2.819706184610498021e-17 3.151341702507041555e-17
5.794426335319440113e+04 nan nan nan nan nan nan
5.806805274693290266e+04 3.524100329479877704e-17 nan 3.570510188308926867e-17 3.524100329479877704e-17 nan 3.570510188308926867e-17
5.781938543133100029e+04 nan nan nan nan nan nan
5.809007905913190189e+04 nan nan 5.227296746320846295e-17 nan nan 5.227296746320846295e-17
5.827136456357639690e+04 nan nan 6.935180287148679428e-17 nan nan 6.935180287148679428e-17
5.826538098899309989e+04 4.550520101661083594e-17 3.808442591802369494e-17 4.046636975991654509e-17 4.550520101661083594e-17 3.808442591802369494e-17 4.046636975991654509e-17
5.801029286637729820e+04 nan nan nan nan nan nan
5.831136207416669640e+04 5.029533472678132946e-17 3.915914516636259075e-17 4.232073885468019587e-17 5.029533472678132946e-17 3.915914516636259075e-17 4.232073885468019587e-17
5.769016402178240241e+04 3.714602764085265907e-17 nan 3.766377907684630661e-17 3.714602764085265907e-17 nan 3.766377907684630661e-17
5.782138153717589739e+04 nan nan nan nan nan nan
5.794425958180559974e+04 nan nan nan nan nan nan
5.771210143005789723e+04 4.812761649206305011e-17 3.699268817834318215e-17 3.897832217063461674e-17 4.812761649206305011e-17 3.699268817834318215e-17 3.897832217063461674e-17
5.798614606745370111e+04 3.176632423793881242e-17 nan 3.278634801767143400e-17 3.176632423793881242e-17 nan 3.278634801767143400e-17
5.792331731246529671e+04 3.668785762949399071e-17 2.817182593762721745e-17 3.142487918007608539e-17 3.668785762949399071e-17 2.817182593762721745e-17 3.142487918007608539e-17
5.809008093148149783e+04 nan nan 5.161091505512976367e-17 nan nan 5.161091505512976367e-17
5.781938355751160270e+04 4.929572644739364467e-17 nan 5.241492098540293670e-17 4.929572644739364467e-17 nan 5.241492098540293670e-17
5.790136679890049709e+04 nan nan nan nan nan nan
5.782038083650459885e+04 nan nan 1.113590022873995516e-16 nan nan 1.113590022873995516e-16
5.806805649126160279e+04 3.540344596927750061e-17 nan 3.604866290521039911e-17 3.540344596927750061e-17 nan 3.604866290521039911e-17
5.828632720989579684e+04 4.074571878531025543e-17 3.824449475648246989e-17 4.181465605388858271e-17 4.074571878531025543e-17 3.824449475648246989e-17 4.181465605388858271e-17
5.804714278081020166e+04 4.277502276947004558e-17 3.311642242317930704e-17 3.565148738836393694e-17 4.277502276947004558e-17 3.311642242317930704e-17 3.565148738836393694e-17
5.785730467506939749e+04 nan nan nan nan nan nan
5.796536169552079809e+04 nan nan 1.535976239455264280e-16 nan nan 1.535976239455264280e-16
5.796536544467590284e+04 nan nan 4.273177541518375803e-16 nan nan 4.273177541518375803e-16
5.798614419361110049e+04 3.214456687465675976e-17 nan 3.293808825612320650e-17 3.214456687465675976e-17 nan 3.293808825612320650e-17
5.771210520216439909e+04 4.881139229627746658e-17 3.741137006720319027e-17 4.053274880258138239e-17 4.881139229627746658e-17 3.741137006720319027e-17 4.053274880258138239e-17
5.828632343831020262e+04 4.088969936727086012e-17 3.801755103911071707e-17 4.184277858747287171e-17 4.088969936727086012e-17 3.801755103911071707e-17 4.184277858747287171e-17
5.826538286181710282e+04 nan nan nan nan nan nan
5.769016591982640239e+04 3.743937455962013104e-17 nan 3.773148162920870676e-17 3.743937455962013104e-17 nan 3.773148162920870676e-17
5.806805461968750024e+04 3.530162798147940293e-17 nan 3.589169086021513065e-17 3.530162798147940293e-17 nan 3.589169086021513065e-17
5.785730091833329789e+04 nan nan nan nan nan nan
5.801028912216440222e+04 nan nan nan nan nan nan
5.794426145711809659e+04 nan nan nan nan nan nan
5.831136394791670318e+04 4.978438046450926744e-17 3.911380786735678411e-17 4.240501195093297110e-17 4.978438046450926744e-17 3.911380786735678411e-17 4.240501195093297110e-17
