5.780319279776619805e+04 1.605521553823684258e+02 8.024108015214164169e-01 5.754877956032058428e-01 1.579579143744340719e-01
5.773335256967590249e+04 1.801488881566176588e+02 8.038525046266989937e-01 5.778068033499202949e-01 1.412814524554778517e-01
5.814629633643520356e+04 1.636443840529322244e+02 8.090983861196914262e-01 5.661558161964687086e-01 1.575671074984277553e-01
5.772836822679400211e+04 nan nan nan nan
5.814629840923610027e+04 1.643582132312122042e+02 8.097605456674117352e-01 5.653273260240988529e-01 1.571396612280228644e-01
5.826014230145829788e+04 7.947445308498726035e+01 5.387702305940669234e-01 8.300786698424361676e-01 1.438611848214378097e-01
5.818315743230319640e+04 1.288662748530994691e+02 6.874914760358049604e-01 7.116780519260180737e-01 1.444639082431938004e-01
5.787606373070600239e+04 1.977670888383043462e+02 7.954104211368914212e-01 5.928276768404325825e-01 1.260063788814221597e-01
5.770831730450229952e+04 1.463889037331878455e+02 6.478538209542317183e-01 7.533473361110092359e-01 1.129301458842952161e-01
5.784025601321760041e+04 1.425228678329015111e+02 7.800927927146333873e-01 6.026367323800404519e-01 1.681790817580822439e-01
5.826014435116900131e+04 nan nan nan nan
5.811019384740739770e+04 1.586080725385782273e+02 8.032769826396009005e-01 5.736457254718563270e-01 1.602394171522295296e-01
5.774726791296299780e+04 1.863686772882294918e+02 8.300490604681314277e-01 5.383452077570478611e-01 1.456124805811402634e-01
5.785804177078700013e+04 1.597567467564510935e+02 7.971632532708137209e-01 5.830812413044951237e-01 1.566748661193036463e-01
5.776723703406249842e+04 nan nan nan nan
5.807325112002310198e+04 1.389950515620585350e+02 7.718586643780689371e-01 6.129697107814433554e-01 1.688263483257794184e-01
5.785804586363430280e+04 1.559173018630830256e+02 7.880059221662101265e-01 5.953484224711087514e-01 1.568659379602317938e-01
5.782131047958329873e+04 1.264995456165067509e+02 6.933765044186920301e-01 7.048544622076045041e-01 1.496970615147286132e-01
5.807325319304400182e+04 1.406189890514059755e+02 7.742754165402270239e-01 6.101633745373017392e-01 1.679233030722966369e-01
5.789413856996529648e+04 1.550343448038305496e+02 7.948503053577037347e-01 5.851914021287571988e-01 1.605117283794065819e-01
5.778524860711809742e+04 1.667802325816852544e+02 8.121207997800344858e-01 5.623149455647030726e-01 1.557617044051660959e-01
5.793601801930560032e+04 1.307310273245390420e+02 6.830013573048616671e-01 7.167670897935396468e-01 1.405492259267786814e-01
5.831100458403940138e+04 1.116283391097759505e+02 7.121855949904798422e-01 6.787945612600762013e-01 1.789682147527793810e-01
5.769030195371530135e+04 1.631059187419100169e+02 8.034730452975339388e-01 5.745670428745335290e-01 1.558966924688308109e-01
5.818315538677079894e+04 1.282246483099559953e+02 6.862670873479108646e-01 7.128169771329013749e-01 1.446701141705766525e-01
5.791304729886569839e+04 1.312006848824111955e+02 6.063880564515312654e-01 7.874691132243245573e-01 1.103898578250302326e-01
5.828804648634260229e+04 nan nan nan nan
5.818315333831019962e+04 1.315441989906556159e+02 6.919111827174508900e-01 7.076087460530636752e-01 1.433484486827437121e-01
5.812830732981480105e+04 1.632978557951357459e+02 7.947776488156118591e-01 5.874644742855118507e-01 1.523613481023822491e-01
5.778525065466429805e+04 1.669962068889344096e+02 8.176681644299780283e-01 5.536711907461207005e-01 1.576926929679474676e-01
5.774727201375000004e+04 1.847590250302273773e+02 8.296249619936263420e-01 5.386951160443025355e-01 1.467310273496693629e-01
5.809135417380790022e+04 1.243429042731061855e+02 5.878899338686280895e-01 8.014983102913033619e-01 1.094800632815195046e-01
5.826014639750000060e+04 7.047716108882003994e+01 5.045047234868598185e-01 8.516105328568277510e-01 1.422479676717982311e-01
5.812830323627310281e+04 1.614444909439422702e+02 7.890312554542249224e-01 5.952806949279599857e-01 1.518900002054602572e-01
5.816420649128469813e+04 1.515007008080261812e+02 7.932636014039027295e-01 5.864876483041002730e-01 1.636004189311142942e-01
5.811019180104169936e+04 1.595979280764114776e+02 8.033717824457428103e-01 5.737792695565323564e-01 1.592831723601784155e-01
5.824201771812499646e+04 1.448362674689245750e+02 7.820846333650018911e-01 6.005621960995792818e-01 1.663390359187564560e-01
5.789414268949069810e+04 1.511254659681596877e+02 7.896186823534183663e-01 5.916883779811643596e-01 1.625029225597806326e-01
5.828804239334489830e+04 nan nan nan nan
5.789414064424770186e+04 1.543177659851554608e+02 7.940260144339561510e-01 5.861966789609344142e-01 1.609227826545953088e-01
5.782131255120370042e+04 1.240164813203743677e+02 6.930132668981381361e-01 7.046033495482423303e-01 1.525343623862094045e-01
5.831100253877320210e+04 1.107238171248484520e+02 7.105338658778312944e-01 6.803583747028086881e-01 1.795942855785133130e-01
5.814630045444439747e+04 1.640572294540474445e+02 8.094846092485079581e-01 5.656720523001970147e-01 1.573206808918440336e-01
5.793602214425930288e+04 1.259644322725182235e+02 6.715602092759200836e-01 7.274061881961719767e-01 1.410217099995521861e-01
5.773334845442129881e+04 1.840174719738746205e+02 8.185959383551896229e-01 5.561727567324408206e-01 1.434313577186786259e-01
5.811018975239580323e+04 1.582013175890371315e+02 8.012770738455321506e-01 5.765433553035992364e-01 1.598524644314545662e-01
5.784025805693290022e+04 1.401429690355248567e+02 7.764799306035662374e-01 6.069300481880125497e-01 1.694545189022052534e-01
5.782131462247679883e+04 1.284662216647874118e+02 7.135594146184099928e-01 6.829803166384372792e-01 1.561116552147601422e-01
5.772836615398150025e+04 1.070609688337925292e+02 4.711825426402895811e-01 8.782457104266662151e-01 8.167915051096003021e-02
5.816420444574070279e+04 1.487094531447302472e+02 7.896407145667049265e-01 5.909249335652554391e-01 1.651522473037594918e-01
5.828804444202550076e+04 nan nan nan nan
5.770831935314810107e+04 1.451534492926494124e+02 6.471355202924865546e-01 7.538579529497244636e-01 1.136389244503109713e-01
5.778525273344910238e+04 1.672553156525438851e+02 8.159327885187001028e-01 5.564831258648094137e-01 1.567807872407488423e-01
5.812830528145829885e+04 1.635694630182014748e+02 7.963985475677863857e-01 5.851692739001596033e-01 1.527294153563092394e-01
5.769029775856479682e+04 1.598559707020006613e+02 7.996626836999743970e-01 5.794084187924553042e-01 1.575610247814521192e-01
5.807324904697920283e+04 1.364873277954025355e+02 7.679914043003599478e-01 6.174284171481488892e-01 1.702097312690803443e-01
5.793602009344910039e+04 1.315485549912398824e+02 6.828707305153974838e-01 7.170726375356872850e-01 1.396223402718214934e-01
5.805533286843750102e+04 1.645567623151951580e+02 8.046871068710765851e-01 5.731116006739023216e-01 1.549895261250067158e-01
5.805533491247690108e+04 1.644584795916376265e+02 8.049042251623790278e-01 5.727588913575188956e-01 1.551658489702420485e-01
5.784025396806710341e+04 1.423092156742460190e+02 7.801764800168597969e-01 6.024477484947299288e-01 1.684677131148075158e-01
5.785804381827550242e+04 1.579584346492704583e+02 7.926463803772388905e-01 5.892086825479995182e-01 1.566679421097767200e-01
5.770832183168979827e+04 1.432892960070889501e+02 6.451562758356100824e-01 7.554354771277929093e-01 1.144142458203091517e-01
5.791305143918980320e+04 1.304189102534264180e+02 6.022824006627883753e-01 7.907300914631157918e-01 1.095528744789518449e-01
5.816420853730320232e+04 1.495901691000366043e+02 7.895747897112057601e-01 5.912914757840238567e-01 1.641524965319029195e-01
5.824201362540510308e+04 1.458730509362015653e+02 7.808285698667293273e-01 6.026647391636990037e-01 1.646267191212563430e-01
5.822421956417820184e+04 1.395777512629056787e+02 7.738628871127497533e-01 6.103905806219194208e-01 1.689957722475793900e-01
5.831100046576390014e+04 1.146771101310519896e+02 7.186415423797170021e-01 6.723760996036809434e-01 1.773829592938464539e-01
5.791304937077550130e+04 1.319658485821861404e+02 6.064685142999760581e-01 7.874925583598532119e-01 1.097789218868218675e-01
5.774726996270829841e+04 1.861893559479923681e+02 8.304990834259872168e-01 5.375698172251329732e-01 1.459108085000291599e-01
5.776723496251159668e+04 nan nan nan nan
5.805533082178240147e+04 1.615492282085563431e+02 8.009621862700821993e-01 5.779216123523353010e-01 1.564167067212684226e-01
5.780319691695600341e+04 1.593501690383738492e+02 7.997196167005624634e-01 5.791874417657806307e-01 1.580836549587459061e-01
5.773335052508099761e+04 1.818941417850686548e+02 8.113320950878716298e-01 5.669409431312798509e-01 1.425419183319061589e-01
5.824201567388889816e+04 1.458087816417080944e+02 7.839817476967303467e-01 5.981688229293875558e-01 1.660321612027357008e-01
5.822421739240740135e+04 1.394527298179135926e+02 7.734964916534170509e-01 6.108572021394730323e-01 1.689871474230818793e-01
5.776723910475690354e+04 nan nan nan nan
5.787606168442130001e+04 1.955453073418959207e+02 7.936222083326395227e-01 5.950368763638794745e-01 1.268657014655332205e-01
5.809135624701390043e+04 1.138680917919471227e+02 5.599437948620671346e-01 8.214014803224510830e-01 1.084553120854549607e-01
5.787606577565969928e+04 1.965873636241830127e+02 7.939441269613173313e-01 5.947286273910685761e-01 1.262956176007983822e-01
5.809135829150459904e+04 1.112353221711687752e+02 5.426529724706875557e-01 8.334597795354301564e-01 1.042715079275228912e-01
5.822421534361109661e+04 1.400827876694594920e+02 7.745035166764684398e-01 6.096689955522902604e-01 1.686654040342747962e-01
5.769029990851850016e+04 1.607632610015388934e+02 8.004097069129698649e-01 5.785381546655021801e-01 1.569646605950818785e-01
5.780319484511570045e+04 1.582080035892012972e+02 7.983905047389475707e-01 5.808512265354236481e-01 1.586961076239191415e-01
