5.790136867042820086e+04 nan nan nan
5.769016214704859885e+04 4.598009751205164809e-17 nan 4.682685314431134653e-17
5.769016402178240241e+04 5.688321460468154867e-17 nan 5.679047793425909766e-17
5.769016591982640239e+04 5.656670112384060869e-17 nan 5.617313747979333852e-17
5.771210143005789723e+04 8.019968812299397212e-17 6.162740597008690843e-17 6.355599172118070058e-17
5.771210333067129977e+04 8.137477560458829254e-17 6.371379627941616535e-17 6.568794232630553836e-17
5.771210520216439909e+04 7.580204228944179167e-17 5.893381423750443505e-17 6.217133723126878951e-17
5.781938355751160270e+04 5.972071051549147039e-17 nan 6.387333227265014615e-17
5.781938543133100029e+04 nan nan nan
5.782038083650459885e+04 nan nan 1.254123524402069033e-16
5.782138153717589739e+04 nan nan nan
5.785730091833329789e+04 nan nan nan
5.785730279201389931e+04 nan nan nan
5.785730467506939749e+04 nan nan nan
5.790136495271990134e+04 nan nan nan
5.790136679890049709e+04 nan nan nan
5.792331731246529671e+04 4.559732488326012789e-17 3.646496583578486467e-17 3.987314152589878563e-17
5.792331918533559656e+04 5.187344757381873851e-17 4.153667897199441298e-17 4.467456499684292133e-17
5.792332105572919681e+04 4.533393856688640300e-17 3.611291023795656058e-17 3.957337194398804756e-17
5.794425958180559974e+04 nan nan nan
5.794426145711809659e+04 nan nan nan
5.794426335319440113e+04 nan nan nan
5.796536169552079809e+04 nan nan nan
5.796536356960650301e+04 nan nan nan
5.796536544467590284e+04 nan nan nan
5.798614419361110049e+04 4.986747323887495216e-17 nan 5.016363367913407057e-17
5.798614606745370111e+04 4.974774048619026742e-17 nan 5.026893079147469402e-17
5.798614793914349866e+04 4.841910894142883900e-17 nan 4.923504975864135369e-17
5.801028912216440222e+04 nan nan nan
5.801029099593750288e+04 nan nan nan
5.801029286637729820e+04 nan nan nan
5.804714278081020166e+04 7.178811136481453747e-17 5.613394047290332061e-17 5.868562490457055651e-17
5.804714465343749907e+04 6.398611650016659218e-17 4.977343427965556899e-17 5.297082963288708498e-17
5.804714655027780100e+04 6.109302343169967405e-17 4.813772688598308908e-17 5.150559928098119202e-17
5.806805274693290266e+04 4.961608966644607985e-17 nan 4.986348966516763593e-17
5.806805461968750024e+04 5.220399812774059913e-17 nan 5.244349866902970823e-17
5.806805649126160279e+04 5.412667172428122686e-17 nan 5.416104074759565818e-17
5.809007905913190189e+04 nan nan 9.534776304475171400e-17
5.809008093148149783e+04 nan nan 9.104844005027764819e-17
5.809008282870370022e+04 nan nan 9.002792427285672170e-17
