5.831100046576390014e+04 1.912975633853922659e+02 8.147611853552293448e-01 5.634553277362505108e-01 1.366832267843290927e-01
5.770831935314810107e+04 2.384454201642876683e+02 7.669894746520095064e-01 6.342587774641414988e-01 9.717483718909597501e-02
5.816420444574070279e+04 2.335783543890044882e+02 8.690121956832700389e-01 4.781223289483227945e-01 1.273453662870137892e-01
5.782131255120370042e+04 2.079130804622344044e+02 7.908080638510982530e-01 6.004884950185477299e-01 1.184743579785808160e-01
5.769029775856479682e+04 2.575556642574080115e+02 8.702854893243439083e-01 4.787346522124754644e-01 1.158287522271020525e-01
5.828804648634260229e+04 1.733863084260288474e+02 6.914064539093948136e-01 7.142575888850437593e-01 1.085965570934906421e-01
5.782131462247679883e+04 2.089630731312086596e+02 7.987824946881705301e-01 5.894760710995352593e-01 1.202683989283905019e-01
5.791304937077550130e+04 2.397654467968981749e+02 7.639684138606563923e-01 6.380903387886184275e-01 9.588004050822523938e-02
5.784025805693290022e+04 2.212421320151319435e+02 8.594900904441390432e-01 4.939437016020565285e-01 1.315157940172367590e-01
5.826014435116900131e+04 nan nan nan nan
5.811019384740739770e+04 2.515625000642534133e+02 8.790223037411655227e-01 4.611760389575904062e-01 1.209811994359508425e-01
5.773335256967590249e+04 2.735588338934404078e+02 8.839390199909702428e-01 4.538669931789961476e-01 1.125013841695298583e-01
5.782131047958329873e+04 2.048629871261362041e+02 7.813013211756749676e-01 6.130201994857463754e-01 1.173647329976107573e-01
5.791304729886569839e+04 2.405007570297904920e+02 7.663874447275129675e-01 6.351355409244140438e-01 9.619318696604986507e-02
5.780319691695600341e+04 2.357721306008648696e+02 8.677289616412078299e-01 4.808573504092545359e-01 1.257881460490719305e-01
5.770831730450229952e+04 2.444208304597946722e+02 7.724307903573701672e-01 6.277786527485801349e-01 9.614903671418760511e-02
5.784025396806710341e+04 2.229739998074751099e+02 8.604957136857831479e-01 4.923804726408768651e-01 1.307998352076219506e-01
5.776723496251159668e+04 9.875833892115133494e+01 3.686755212170297336e-01 9.279761008765031738e-01 5.420992766452743111e-02
5.831100253877320210e+04 1.881642535941770404e+02 8.108651275180533968e-01 5.688187473568299124e-01 1.376334902214504108e-01
5.772836615398150025e+04 2.074890180633285581e+02 6.633459613520223952e-01 7.436361094060046639e-01 8.353126567616331322e-02
5.824201567388889816e+04 2.121614281951249268e+02 8.428056159660539670e-01 5.218126904871353000e-01 1.318719444865263934e-01
5.787606168442130001e+04 2.910982210918165265e+02 8.578619128989286580e-01 5.041402098049171387e-01 9.957704180806456473e-02
5.828804239334489830e+04 1.754942350798070265e+02 6.944294528496619545e-01 7.113743572440209828e-01 1.082324298469505425e-01
5.772836822679400211e+04 1.821902109224711808e+02 5.834912322245824345e-01 8.087770261987514697e-01 7.360505288458489559e-02
5.785804586363430280e+04 2.314289769657262354e+02 8.566287157331602398e-01 5.005891073497650279e-01 1.248911085070586596e-01
5.774726791296299780e+04 2.791531774073051793e+02 8.945413510285754599e-01 4.324901139124578964e-01 1.129073632140965427e-01
5.780319279776619805e+04 2.385373601727187349e+02 8.710359012558237524e-01 4.749752920276047452e-01 1.252794104661522634e-01
5.831100458403940138e+04 1.895125586344884994e+02 8.123895955584532480e-01 5.667520798051843833e-01 1.371686008708652704e-01
5.770832183168979827e+04 2.386280585681338948e+02 7.683641701287776682e-01 6.325505706863019384e-01 9.744884600008578424e-02
5.809135417380790022e+04 2.149236532619669617e+02 7.315968406225259457e-01 6.746439598922543412e-01 9.808970471989901518e-02
5.793602009344910039e+04 2.314173759729901292e+02 8.034417007035262737e-01 5.851582242971473669e-01 1.098694047860213768e-01
5.824201362540510308e+04 2.105578540536117771e+02 8.400240451537005493e-01 5.262465567706482439e-01 1.320006251903773908e-01
5.822421739240740135e+04 2.203953432407304547e+02 8.483152049323022803e-01 5.136347712512081554e-01 1.286103994332683798e-01
5.814630045444439747e+04 2.540038736739430192e+02 8.833326220703393572e-01 4.528613108970658829e-01 1.209963300225680022e-01
5.776723703406249842e+04 nan nan nan nan
5.826014230145829788e+04 1.324222586883368251e+02 6.145210583911479008e-01 7.808629560978486150e-01 1.123250309946668135e-01
5.828804444202550076e+04 1.735040015879770863e+02 6.916993727210878351e-01 7.139711400881129100e-01 1.086148649980006875e-01
5.814629840923610027e+04 2.535997815903558603e+02 8.827344721166554553e-01 4.540184877724877666e-01 1.210250573134052515e-01
5.787606373070600239e+04 2.899233808065515632e+02 8.562234535642970767e-01 5.069136374756623153e-01 9.959900455135438369e-02
5.818315743230319640e+04 2.094414806233730530e+02 7.798630451355932358e-01 6.154117126424855089e-01 1.143768104743381891e-01
5.811019180104169936e+04 2.506854341666480934e+02 8.769249976418285186e-01 4.651920748894854407e-01 1.208258332100143745e-01
5.812830732981480105e+04 2.519477478502493284e+02 8.679107465396068699e-01 4.825589546019541376e-01 1.177615870075275489e-01
5.816420853730320232e+04 2.338439768523569740e+02 8.688810990918283128e-01 4.784092128805410571e-01 1.271623398337632382e-01
5.826014639750000060e+04 1.167733702490949383e+02 5.715895663204089150e-01 8.131057289312788594e-01 1.102018205511173937e-01
5.785804381827550242e+04 2.321694965534329924e+02 8.581667058334867537e-01 4.979355921817266162e-01 1.249401898411191675e-01
5.789414268949069810e+04 2.454808893094918005e+02 8.628663236010862825e-01 4.911112945552327802e-01 1.194629815274536183e-01
5.778524860711809742e+04 2.528902008833560728e+02 8.853505026195499505e-01 4.486086589570646987e-01 1.220850466685180352e-01
5.776723910475690354e+04 1.095468900763787730e+02 3.870258652983576408e-01 9.204946385088544902e-01 5.385721926084548888e-02
5.805533082178240147e+04 2.537593446772549726e+02 8.720850756273623716e-01 4.749023315312734250e-01 1.180482798442145931e-01
5.824201771812499646e+04 2.146021459339374644e+02 8.452063213518694607e-01 5.181070266741036878e-01 1.311159153488242191e-01
5.773335052508099761e+04 2.758486112945597597e+02 8.885261193237848909e-01 4.447624403944127613e-01 1.127284653218595112e-01
5.774727201375000004e+04 2.791442700542154398e+02 8.950866255809606375e-01 4.313234671291786837e-01 1.130486594779154252e-01
5.773334845442129881e+04 2.740292869737677393e+02 8.890114655863828874e-01 4.435689927776268471e-01 1.136008921716415848e-01
5.793601801930560032e+04 2.312438966512968648e+02 8.043698060958921481e-01 5.838183387075129849e-01 1.102059999730345824e-01
5.789414064424770186e+04 2.465173218562476620e+02 8.637728525905681298e-01 4.895765931975645247e-01 1.192108154515308938e-01
5.787606577565969928e+04 2.884816491825890807e+02 8.552882790499417576e-01 5.084351467313548145e-01 9.987823230341365266e-02
5.822421534361109661e+04 2.213956645552524094e+02 8.495434975893036977e-01 5.116534002203179110e-01 1.284003261160967246e-01
5.807325319304400182e+04 2.331554125219641378e+02 8.594590374583077619e-01 4.957402566949911105e-01 1.247868615809509252e-01
5.785804177078700013e+04 2.319510249345564148e+02 8.590647898171887009e-01 4.962888731659974018e-01 1.253197560960523649e-01
5.809135829150459904e+04 2.069333917033963814e+02 7.087558033423989601e-01 6.989441720732300078e-01 9.561514290810639582e-02
5.778525273344910238e+04 2.480925750060069106e+02 8.824980699635005532e-01 4.537719536266409115e-01 1.236453420576689166e-01
5.816420649128469813e+04 2.346935533169616122e+02 8.699898202897191624e-01 4.764265054427290202e-01 1.270255781482273194e-01
5.809135624701390043e+04 2.101671354476859221e+02 7.209176238151505656e-01 6.861417610705886627e-01 9.740258409132844519e-02
5.818315333831019962e+04 2.087854676893174144e+02 7.772926066524162847e-01 6.187281428694925145e-01 1.139810899437303793e-01
5.807324904697920283e+04 2.309880241370699991e+02 8.573423293656471378e-01 4.992539371863866093e-01 1.253380887112041653e-01
5.814629633643520356e+04 2.528326744651948275e+02 8.816818501341114889e-01 4.560385935662596979e-01 1.211029162415086652e-01
5.822421956417820184e+04 2.196679879873604477e+02 8.471460945692969036e-01 5.155431490390801619e-01 1.286808297100102971e-01
5.780319484511570045e+04 2.364976429707999159e+02 8.689828684147852256e-01 4.785937239264509424e-01 1.257649467054480774e-01
5.805533286843750102e+04 2.543615440173833804e+02 8.727323200207789400e-01 4.737378879926671393e-01 1.179436775388830044e-01
5.791305143918980320e+04 2.391418844755212945e+02 7.620405420416445086e-01 6.404265392127871381e-01 9.564549208827864690e-02
5.818315538677079894e+04 2.070224279022261555e+02 7.765467558916164803e-01 6.195255203897767071e-01 1.147312751606227588e-01
5.812830528145829885e+04 2.518409750452767639e+02 8.685361870232205517e-01 4.813785285062526786e-01 1.179813719377768438e-01
5.774726996270829841e+04 2.800129766431961684e+02 8.957052045183694355e-01 4.300886133215996443e-01 1.128537606365402762e-01
5.789413856996529648e+04 2.471585034110724450e+02 8.638526306782747799e-01 4.895056980496738652e-01 1.189235218412472705e-01
5.807325112002310198e+04 2.332932305537521245e+02 8.599553781095589100e-01 4.948610105965644546e-01 1.248572298739337866e-01
5.793602214425930288e+04 2.259686562344777201e+02 7.974959915372611396e-01 5.930517013947934624e-01 1.108594739061177642e-01
5.784025601321760041e+04 2.223028281651775444e+02 8.599593223526373897e-01 4.932552886993031849e-01 1.310312331810987996e-01
5.769029990851850016e+04 2.602076926786057243e+02 8.725582864600304189e-01 4.747209434289629271e-01 1.152478312153876194e-01
5.805533491247690108e+04 2.549310256876948984e+02 8.738795678086326291e-01 4.716067295668210924e-01 1.179898029233233808e-01
5.778525065466429805e+04 2.484591446678841464e+02 8.832584597698585060e-01 4.522817673341679723e-01 1.236757703920165763e-01
5.811018975239580323e+04 2.511840029603447988e+02 8.772671126756376170e-01 4.645844623279216101e-01 1.206801159314420530e-01
5.769030195371530135e+04 2.619811668079989886e+02 8.735512051686249446e-01 4.730176560250490270e-01 1.147283270906159502e-01
5.812830323627310281e+04 2.528683550098694752e+02 8.686670104704251605e-01 4.812510557098273467e-01 1.175374250975019935e-01
