5.772836871799999790e+04 1.773589387635218208e-16 nan nan 2.095713577766872604e-17 nan nan
5.805533338399999775e+04 1.787769356731706597e-16 nan nan 2.291768259502552775e-17 nan nan
5.812830580000000191e+04 1.317816307097460904e-16 nan nan 1.703530025154139035e-17 nan nan
5.770831986999999936e+04 1.729132355925699455e-16 nan nan 2.043680321037510159e-17 nan nan
5.824201617999999871e+04 1.308612576914559410e-16 nan nan 1.875598500637381181e-17 nan nan
5.776723754200000258e+04 1.855663263221001579e-16 nan nan 2.497581882761662739e-17 nan nan
5.787606424400000105e+04 1.794134828950177395e-16 nan nan 1.697576326651994149e-17 nan nan
5.784025652200000332e+04 1.839753254642655351e-16 nan nan 2.513370971036821363e-17 nan nan
5.828804495799999859e+04 1.302457848507387071e-16 nan nan 1.876721865554043885e-17 nan nan
5.778525117199999659e+04 1.818118275214915355e-16 nan nan 2.292329203336871424e-17 nan nan
5.793602058399999805e+04 1.746784212801749391e-16 nan nan 1.903677831768129560e-17 nan nan
5.811019231800000125e+04 1.360538135481663783e-16 nan nan 1.746842298157194247e-17 nan nan
5.822421791400000075e+04 1.366708019252103939e-16 nan nan 1.814828883666295216e-17 nan nan
5.789414114200000040e+04 1.799016536224477467e-16 nan nan 1.886383841556300363e-17 nan nan
5.814629890600000363e+04 1.389679845084403197e-16 nan nan 1.895091883610667875e-17 nan nan
5.774727047399999719e+04 1.764363188153715332e-16 nan nan 2.120643382823495206e-17 nan nan
5.831100303800000256e+04 1.297264844858124566e-16 nan nan 2.001981846064513748e-17 nan nan
5.816420699800000148e+04 1.362515924554338253e-16 nan nan 2.047876519551919937e-17 nan nan
5.809135674200000358e+04 1.444706488501368844e-16 nan nan 1.949839066097042673e-17 nan nan
5.782131304800000362e+04 1.794556636107923321e-16 nan nan 2.401652706961828988e-17 nan nan
5.769030042400000093e+04 nan nan nan nan nan nan
5.791304985999999917e+04 1.661059856524418176e-16 nan nan 1.779228778407600995e-17 nan nan
5.780319536399999924e+04 1.835982381804529401e-16 nan nan 2.545828911112779130e-17 nan nan
5.785804433399999834e+04 1.802335179268573983e-16 nan nan 2.431509352148680252e-17 nan nan
5.818315589400000317e+04 1.376844096264123575e-16 nan nan 2.085171675636975180e-17 nan nan
5.773335102599999664e+04 1.774661578443673468e-16 nan nan 2.127619494999930436e-17 nan nan
5.807325161600000138e+04 1.478475010851727476e-16 nan nan 1.745599935087221804e-17 nan nan
