5.769016645399999834e+04 7.059459232346318778e-17 7.256832391002723354e-17 6.592229163571522919e-17 7.542974951954550322e-18 8.846976909205465216e-18 1.213605497576659984e-17
5.828632774800000334e+04 5.205111753211489593e-17 5.033227995011658289e-17 6.470426925323705541e-17 7.315421465111737355e-18 8.043125521182769449e-18 1.607973456685976287e-17
5.822230702400000155e+04 5.646827438195019602e-17 nan 6.260686034310275589e-17 7.534390579018777619e-18 nan 1.443312078300856816e-17
5.806805704600000172e+04 5.433342017207610315e-17 4.296872234472020092e-17 5.946468135750236904e-17 6.372678520423897431e-18 5.659586631164777040e-18 1.172140216482254880e-17
5.792332160399999702e+04 5.002002521264202890e-17 nan 6.029560245642933036e-17 6.346506609050560745e-18 nan 1.302337732296445867e-17
5.809008337400000164e+04 5.555854660164013494e-17 nan 5.914325207930632589e-17 7.046160521874028543e-18 nan 1.256766724730936875e-17
5.833222427800000150e+04 5.616864363910461483e-17 4.244248967791324536e-17 6.152199193624304193e-17 7.862909877854502778e-18 6.649189788976206028e-18 1.472513293229648082e-17
5.798614848799999891e+04 6.020779334071931383e-17 4.792688679001348439e-17 6.720834738515631129e-17 6.544676892667579828e-18 5.835016851591679116e-18 1.292042960324145420e-17
5.831136626999999862e+04 5.294130269092374930e-17 4.355133212961720848e-17 6.127954794794362289e-17 7.263062992945309993e-18 6.726675500603059721e-18 1.437383339367288787e-17
5.827136885199999961e+04 5.631837052187358804e-17 nan 6.197658969776001962e-17 7.874387417688656362e-18 nan 1.488196086737755859e-17
5.771210574400000041e+04 6.836025699541851385e-17 6.078843433326971033e-17 7.381950836500551860e-17 7.829235319203263598e-18 7.836630895563694537e-18 1.557987930582585540e-17
5.801029341399999976e+04 5.691868683064306446e-17 nan 5.817817592373431437e-17 6.072086659430363465e-18 nan 1.017162811396568810e-17
5.804714707400000043e+04 5.242384994455484977e-17 4.203179002954921369e-17 5.851341091684846252e-17 6.385402920037143627e-18 5.757635675816780768e-18 1.187700684257930628e-17
