5.833222185671299667e+04 nan nan 1.503389545072887290e-16 nan nan 1.503389545072887290e-16
5.801029099593750288e+04 nan nan nan nan nan nan
5.798614419361110049e+04 nan nan 1.132439906145550758e-16 nan nan 1.132439906145550758e-16
5.833221995740739658e+04 nan nan 1.529555065835079526e-16 nan nan 1.529555065835079526e-16
5.790136679890049709e+04 nan nan nan nan nan nan
5.809008093148149783e+04 nan nan 2.860247860485472470e-16 nan nan 2.860247860485472470e-16
5.792331918533559656e+04 nan 9.339764884983674810e-17 1.116269128957713833e-16 nan 9.339764884983674810e-17 1.116269128957713833e-16
5.809007905913190189e+04 nan nan 3.037024346597565903e-16 nan nan 3.037024346597565903e-16
5.769016214704859885e+04 nan nan 1.249708944796759987e-16 nan nan 1.249708944796759987e-16
5.828632720989579684e+04 nan nan 1.352432734797210997e-16 nan nan 1.352432734797210997e-16
5.785730279201389931e+04 nan nan nan nan nan nan
5.801028912216440222e+04 nan nan nan nan nan nan
5.771210520216439909e+04 nan 1.322382756790671903e-16 1.486034944776369675e-16 nan 1.322382756790671903e-16 1.486034944776369675e-16
5.785730091833329789e+04 nan nan nan nan nan nan
5.790136495271990134e+04 nan nan 1.556944216934784359e-15 nan nan 1.556944216934784359e-15
5.801029286637729820e+04 nan nan nan nan nan nan
5.794425958180559974e+04 nan nan nan nan nan nan
5.828632533869209874e+04 nan nan 1.306606411943230306e-16 nan nan 1.306606411943230306e-16
5.796536544467590284e+04 nan nan 2.110308979400624229e-15 nan nan 2.110308979400624229e-15
5.790136867042820086e+04 nan nan nan nan nan nan
5.782138153717589739e+04 nan nan nan nan nan nan
5.822230268997690291e+04 nan nan 1.514564697899487440e-16 nan nan 1.514564697899487440e-16
5.771210333067129977e+04 nan 1.312281356436893523e-16 1.431826320693029598e-16 nan 1.312281356436893523e-16 1.431826320693029598e-16
5.804714655027780100e+04 nan 1.029800506424890115e-16 1.166664377073847833e-16 nan 1.029800506424890115e-16 1.166664377073847833e-16
5.809008282870370022e+04 nan nan 2.930832990814232637e-16 nan nan 2.930832990814232637e-16
5.792332105572919681e+04 nan 9.112929922635984944e-17 1.070428796276658338e-16 nan 9.112929922635984944e-17 1.070428796276658338e-16
5.781938355751160270e+04 nan nan 1.967573475762484115e-16 nan nan 1.967573475762484115e-16
5.781938543133100029e+04 nan nan nan nan nan nan
5.833222372849540261e+04 nan nan 1.515451751500075694e-16 nan nan 1.515451751500075694e-16
5.831136394791670318e+04 nan 1.335198014050889787e-16 1.482715834702073339e-16 nan 1.335198014050889787e-16 1.482715834702073339e-16
5.806805461968750024e+04 nan nan 1.118477329341259306e-16 nan nan 1.118477329341259306e-16
5.769016591982640239e+04 nan nan 1.263396810071879292e-16 nan nan 1.263396810071879292e-16
5.826438382359949901e+04 nan nan nan nan nan nan
5.806805649126160279e+04 nan nan 1.151299222035280743e-16 nan nan 1.151299222035280743e-16
5.785730467506939749e+04 nan nan nan nan nan nan
5.794426145711809659e+04 nan nan nan nan nan nan
5.826538286181710282e+04 nan nan nan nan nan nan
5.796536169552079809e+04 nan nan 6.815217857862388822e-16 nan nan 6.815217857862388822e-16
5.769016402178240241e+04 nan nan 1.258720395684014189e-16 nan nan 1.258720395684014189e-16
5.806805274693290266e+04 nan nan 1.152611909553639089e-16 nan nan 1.152611909553639089e-16
5.828632343831020262e+04 nan nan 1.303564246249058741e-16 nan nan 1.303564246249058741e-16
5.798614793914349866e+04 nan nan 1.144361132196364149e-16 nan nan 1.144361132196364149e-16
5.794426335319440113e+04 nan nan nan nan nan nan
5.804714278081020166e+04 nan 1.012585151329382987e-16 1.123959303618595497e-16 nan 1.012585151329382987e-16 1.123959303618595497e-16
5.792331731246529671e+04 nan 8.924479589046496568e-17 1.035696526295231220e-16 nan 8.924479589046496568e-17 1.035696526295231220e-16
5.826538098899309989e+04 nan 1.331958405682258378e-16 1.402028953100775923e-16 nan 1.331958405682258378e-16 1.402028953100775923e-16
5.822230459268519917e+04 nan nan 1.525501380841240221e-16 nan nan 1.525501380841240221e-16
5.798614606745370111e+04 nan nan 1.088409901587837017e-16 nan nan 1.088409901587837017e-16
5.827136643611110048e+04 nan nan 3.961885478833195932e-16 nan nan 3.961885478833195932e-16
5.827136831038189848e+04 nan nan 4.089545260735887541e-16 nan nan 4.089545260735887541e-16
5.827136456357639690e+04 nan nan 4.133418314022295388e-16 nan nan 4.133418314022295388e-16
5.822230646538190194e+04 nan nan 1.471539239387494604e-16 nan nan 1.471539239387494604e-16
5.831136581925929931e+04 nan 1.303334213069667176e-16 1.454662513353209124e-16 nan 1.303334213069667176e-16 1.454662513353209124e-16
5.804714465343749907e+04 nan 1.002723750485514469e-16 1.119359184633990390e-16 nan 1.002723750485514469e-16 1.119359184633990390e-16
5.771210143005789723e+04 nan 1.263701625430961031e-16 1.366049605985908945e-16 nan 1.263701625430961031e-16 1.366049605985908945e-16
5.782038083650459885e+04 nan nan 4.584798302594675321e-16 nan nan 4.584798302594675321e-16
5.796536356960650301e+04 nan nan 2.723680576278914326e-15 nan nan 2.723680576278914326e-15
5.831136207416669640e+04 nan 1.341067631478283921e-16 1.494734209297067361e-16 nan 1.341067631478283921e-16 1.494734209297067361e-16
