5.790136867042820086e+04 nan nan nan
5.769016214704859885e+04 7.455114263051358786e-17 nan 7.018869222730096766e-17
5.769016402178240241e+04 7.849678458504410706e-17 nan 7.383126369193656152e-17
5.769016591982640239e+04 7.408323700299129816e-17 nan 6.962466425661713156e-17
5.771210143005789723e+04 6.491720415209098309e-17 5.838299194140833518e-17 6.639514906309217806e-17
5.771210333067129977e+04 7.216708900986870788e-17 6.483902653783313273e-17 7.359417213032225660e-17
5.771210520216439909e+04 6.137002380822203439e-17 5.422633295925188932e-17 6.363635644359338100e-17
5.781938355751160270e+04 1.038748049427478255e-16 nan 1.125746208508217922e-16
5.781938543133100029e+04 nan nan nan
5.782038083650459885e+04 nan nan 1.889190465397917467e-16
5.782138153717589739e+04 nan nan nan
5.785730091833329789e+04 nan nan nan
5.785730279201389931e+04 nan nan nan
5.785730467506939749e+04 nan nan nan
5.790136495271990134e+04 nan nan nan
5.790136679890049709e+04 nan nan nan
5.792331731246529671e+04 5.233995582553974412e-17 4.830631900577283942e-17 5.274116422732089487e-17
5.792331918533559656e+04 5.563749707353239960e-17 5.113467920327595738e-17 5.579613543524278311e-17
5.792332105572919681e+04 5.939514528835344863e-17 5.447636919518624423e-17 5.933849404418873270e-17
5.794425958180559974e+04 nan nan nan
5.794426145711809659e+04 nan nan nan
5.794426335319440113e+04 nan nan nan
5.796536169552079809e+04 nan nan 2.845020966149677851e-16
5.796536356960650301e+04 nan nan nan
5.796536544467590284e+04 nan nan nan
5.798614419361110049e+04 5.696602867896020786e-17 nan 5.433647395680847655e-17
5.798614606745370111e+04 6.078798982974366593e-17 nan 5.780860473310811788e-17
5.798614793914349866e+04 5.121979099743395770e-17 nan 4.980031507276081548e-17
5.801028912216440222e+04 nan nan nan
5.801029099593750288e+04 nan nan nan
5.801029286637729820e+04 nan nan nan
5.804714278081020166e+04 5.740899233517248269e-17 5.264523186232808176e-17 5.878197225344728569e-17
5.804714465343749907e+04 6.593983669182264954e-17 6.025807739093236787e-17 6.637690907196490866e-17
5.804714655027780100e+04 5.499387962781356862e-17 5.011758810629575471e-17 5.703003412461020465e-17
5.806805274693290266e+04 6.332464171993711382e-17 nan 5.800846536454251977e-17
5.806805461968750024e+04 6.120606937210428177e-17 nan 5.544887657664665999e-17
5.806805649126160279e+04 6.256668566667436715e-17 nan 5.606121355965068246e-17
5.809007905913190189e+04 nan nan nan
5.809008093148149783e+04 nan nan nan
5.809008282870370022e+04 nan nan nan
