5.809008282870370022e+04 1.808720327322274102e+02 7.123338095230553613e-01 6.935907722431257083e-01 1.072957802970639224e-01
5.785730279201389931e+04 nan nan nan nan
5.804714465343749907e+04 2.304101916952683666e+02 8.639003500127137025e-01 4.881896431547904092e-01 1.238832416604802311e-01
5.822230268997690291e+04 1.920550540235474273e+02 8.259695212927365970e-01 5.470983558097348709e-01 1.358592616119048690e-01
5.833222372849540261e+04 1.990440521395325391e+02 8.220376363436520117e-01 5.544318872378697360e-01 1.298437786279952599e-01
5.801029099593750288e+04 2.272024330026624455e+02 8.561477454807214782e-01 5.017833656380141782e-01 1.233875677581208058e-01
5.826438382359949901e+04 nan nan nan nan
5.769016214704859885e+04 2.236452852173840427e+02 8.454974120093172729e-01 5.197969453700168607e-01 1.222508154146489667e-01
5.831136581925929931e+04 2.042389728502259345e+02 8.417543436638589283e-01 5.233015766241487787e-01 1.326841543881801255e-01
5.822230646538190194e+04 1.934269731562899892e+02 8.280864456624198455e-01 5.439565534952041093e-01 1.355880024921053140e-01
5.792332105572919681e+04 2.129806962028276018e+02 8.516922458880293867e-01 5.075948889071854042e-01 1.302603049647371447e-01
5.822230459268519917e+04 1.924091430354324359e+02 8.271228980177864898e-01 5.453209258807210080e-01 1.359882324734434655e-01
5.827136643611110048e+04 1.255373095469758624e+02 5.295765800872684892e-01 8.439480443372689988e-01 8.544205218961069270e-02
5.790136867042820086e+04 nan nan nan nan
5.833221995740739658e+04 2.008901652978314019e+02 8.246275955199674490e-01 5.506621369772085606e-01 1.294625027050332888e-01
5.798614793914349866e+04 2.498099306472412593e+02 8.837262345927334728e-01 4.524727416578355199e-01 1.195673883180133346e-01
5.771210333067129977e+04 2.187666803030859342e+02 8.401118729464392976e-01 5.281921480841790251e-01 1.233900143311707914e-01
5.833222185671299667e+04 1.992262860279126073e+02 8.219581182797913721e-01 5.545834331028075548e-01 1.296999133455703501e-01
5.796536356960650301e+04 nan nan nan nan
5.790136495271990134e+04 2.459022558625639832e+01 3.785080382462858717e-01 8.983753282423706521e-01 2.228305064131951008e-01
5.827136831038189848e+04 1.263366347073582432e+02 5.301928030573703765e-01 8.435957110525967861e-01 8.509916497729090590e-02
5.804714655027780100e+04 2.259186775277450181e+02 8.596364011837702712e-01 4.953531431838105736e-01 1.251020435394049335e-01
5.828632533869209874e+04 2.056644600361094888e+02 8.512094354446068101e-01 5.072349495068504410e-01 1.347412446463833735e-01
5.792331918533559656e+04 2.113059086430113780e+02 8.500817582979220965e-01 5.101502076934096852e-01 1.307966735031286520e-01
5.794426335319440113e+04 nan nan nan nan
5.806805274693290266e+04 2.317203133822299321e+02 8.572644650574029468e-01 5.003843628124166054e-01 1.212976768229969554e-01
5.781938543133100029e+04 nan nan nan nan
5.809007905913190189e+04 1.776956910331034578e+02 7.135179836522834718e-01 6.920151305681575549e-01 1.095771238421395510e-01
5.827136456357639690e+04 1.289720891304981478e+02 5.365064978846717514e-01 8.395682770225666447e-01 8.535740123084618880e-02
5.826538098899309989e+04 1.997712273662532141e+02 8.154818918499858738e-01 5.646060087376477687e-01 1.273159022357816528e-01
5.801029286637729820e+04 2.187690467756740702e+02 8.492560983400042618e-01 5.127041585613524299e-01 1.260893541351064684e-01
5.831136207416669640e+04 2.028543314289696582e+02 8.397942534541781301e-01 5.263696564564002145e-01 1.329684046204611114e-01
5.769016402178240241e+04 2.242263096881356432e+02 8.470036421240249025e-01 5.173110196548930118e-01 1.223688652078290806e-01
5.782138153717589739e+04 nan nan nan nan
5.794425958180559974e+04 nan nan nan nan
5.771210143005789723e+04 2.212809524079714265e+02 8.437381871429281421e-01 5.224616666594512626e-01 1.230434005877336368e-01
5.798614606745370111e+04 2.501151829011211589e+02 8.839718189730243481e-01 4.520138029263022772e-01 1.194878455141974022e-01
5.792331731246529671e+04 2.146168133695664153e+02 8.529575425112237985e-01 5.056222716344527246e-01 1.296516451898290512e-01
5.809008093148149783e+04 1.798435119580464630e+02 7.134820685286132891e-01 6.922598032582701899e-01 1.082575756284616109e-01
5.781938355751160270e+04 1.793532381431227805e+02 7.908733756952994742e-01 5.972679496343806793e-01 1.333802832350592105e-01
5.790136679890049709e+04 nan nan nan nan
5.782038083650459885e+04 9.387544361255412184e+01 6.730148786096021851e-01 7.162380472806956222e-01 1.845373479749796986e-01
5.806805649126160279e+04 2.318656481161103216e+02 8.563529278234998099e-01 5.020232820750494263e-01 1.209639915954951322e-01
5.828632720989579684e+04 2.042247048674987013e+02 8.502857405407387992e-01 5.086077671879493112e-01 1.353968189773150921e-01
5.804714278081020166e+04 2.313664892225336018e+02 8.665482083129495416e-01 4.834110951910408072e-01 1.241286256905133056e-01
5.785730467506939749e+04 nan nan nan nan
5.796536169552079809e+04 5.005241653382485367e+01 5.216902606726060432e-01 8.273997869819545992e-01 2.079636132153037109e-01
5.796536544467590284e+04 2.253893003319235788e+01 3.654153478477413786e-01 9.028464941836039648e-01 2.265829461757653540e-01
5.798614419361110049e+04 2.499650408307358589e+02 8.840138466139717544e-01 4.519096132057886517e-01 1.195709851383856270e-01
5.771210520216439909e+04 2.153884997536856645e+02 8.372343200818405107e-01 5.324907091814967686e-01 1.244682204921592483e-01
5.828632343831020262e+04 2.052469640991473057e+02 8.506302597039174795e-01 5.081816471617932596e-01 1.348316534200062755e-01
5.826538286181710282e+04 nan nan nan nan
5.769016591982640239e+04 2.244384234417993582e+02 8.470033644085409597e-01 5.173388362117258277e-01 1.222531358604335011e-01
5.806805461968750024e+04 2.317768303425752094e+02 8.561773170813014033e-01 5.023235072930323231e-01 1.209607198072642775e-01
5.785730091833329789e+04 nan nan nan nan
5.801028912216440222e+04 2.202374818750158738e+02 8.513484087678150347e-01 5.092774247711087110e-01 1.258665623071404949e-01
5.794426145711809659e+04 nan nan nan nan
5.831136394791670318e+04 2.038585899901198957e+02 8.414144487072663381e-01 5.238123751895583657e-01 1.328243995089763430e-01
