5.831136446199999773e+04 6.391359474915259163e-17 5.340527148702413912e-17 7.285679151270986112e-17 9.164056319795053115e-18 8.615862135495988409e-18 1.247488674666159735e-17
5.804714517399999750e+04 6.271435340355169637e-17 5.271980187082143010e-17 7.166994984390784436e-17 7.458527884031058461e-18 7.058805905184852506e-18 1.016882494173891000e-17
5.822230508399999962e+04 6.679456800271662503e-17 nan 7.484985876177367429e-17 8.813591315125488123e-18 nan 1.188853556053607648e-17
5.809008142400000361e+04 6.465147217077780695e-17 nan 7.439613676861630522e-17 7.955084921139192846e-18 nan 1.102203176058595240e-17
5.801029151200000342e+04 6.687091753259325254e-17 nan 7.297751732352898831e-17 7.031207051521813472e-18 nan 9.195273641453550652e-18
5.828632583400000294e+04 6.237049137073277138e-17 6.118465731083423867e-17 7.748469503453715287e-17 9.076750819261363366e-18 1.005638854980316335e-17 1.372017263188094100e-17
5.769016453999999794e+04 8.141513126343808642e-17 8.241038831447753241e-17 8.307175765876316636e-17 8.091204921154273506e-18 9.259933764742426363e-18 1.020393392175592250e-17
5.806805513999999675e+04 6.560134875808952182e-17 5.199461617727763953e-17 7.428237112043325771e-17 7.619496795799046858e-18 6.787068242967075822e-18 1.038654017708245127e-17
5.771210383000000002e+04 7.959064392503119795e-17 7.296887183683065590e-17 8.285456107080130656e-17 8.611079680306435337e-18 8.893050384746959118e-18 1.108141566658284636e-17
5.792331970200000069e+04 nan nan 7.402385041028356388e-17 nan nan 1.241588315471588213e-17
5.798614657799999986e+04 7.172604530690333370e-17 5.717005014879693184e-17 8.341279245986312557e-17 7.978316661026283683e-18 7.140432741134623950e-18 1.154010944354336965e-17
5.833222235999999975e+04 6.838182574524135236e-17 5.190330902709405994e-17 7.731821334453611306e-17 1.010307696434467987e-17 8.604779035634332453e-18 1.384838752289337840e-17
