5.796536169552079809e+04 nan nan 2.205122505978402554e-16 nan nan 2.205122505978402554e-16
5.796536356960650301e+04 nan nan 7.553900741213030432e-16 nan nan 7.553900741213030432e-16
5.826538098899309989e+04 6.912251020308307568e-17 6.347365002526757962e-17 7.065093246443774755e-17 6.912251020308307568e-17 6.347365002526757962e-17 7.065093246443774755e-17
5.809007905913190189e+04 nan nan 1.137722578261437295e-16 nan nan 1.137722578261437295e-16
5.771210143005789723e+04 7.118497948657622346e-17 6.348124485080357098e-17 7.237031496018638541e-17 7.118497948657622346e-17 6.348124485080357098e-17 7.237031496018638541e-17
5.828632343831020262e+04 7.025476743512131782e-17 nan 7.221876881572422282e-17 7.025476743512131782e-17 nan 7.221876881572422282e-17
5.826438382359949901e+04 nan nan nan nan nan nan
5.801029099593750288e+04 nan nan nan nan nan nan
5.796536544467590284e+04 nan nan 5.768672743842498297e-16 nan nan 5.768672743842498297e-16
5.769016214704859885e+04 7.089590914469067844e-17 nan 6.797478715145382579e-17 7.089590914469067844e-17 nan 6.797478715145382579e-17
5.781938355751160270e+04 9.161346063233763090e-17 nan 1.032067244664595131e-16 9.161346063233763090e-17 nan 1.032067244664595131e-16
5.833222372849540261e+04 7.661403810535618179e-17 nan 7.407406959629504085e-17 7.661403810535618179e-17 nan 7.407406959629504085e-17
5.782038083650459885e+04 nan nan 1.942575557399798015e-16 nan nan 1.942575557399798015e-16
5.782138153717589739e+04 nan nan nan nan nan nan
5.771210520216439909e+04 7.453403691587047733e-17 6.459638160169628237e-17 7.580109357646064097e-17 7.453403691587047733e-17 6.459638160169628237e-17 7.580109357646064097e-17
5.822230268997690291e+04 nan nan 7.896889278390199899e-17 nan nan 7.896889278390199899e-17
5.806805274693290266e+04 7.043581815470925881e-17 nan 6.505790749743718633e-17 7.043581815470925881e-17 nan 6.505790749743718633e-17
5.801028912216440222e+04 nan nan nan nan nan nan
5.798614793914349866e+04 5.883262521829851481e-17 nan 5.848999224274039536e-17 5.883262521829851481e-17 nan 5.848999224274039536e-17
5.804714278081020166e+04 6.251954865443693205e-17 5.639877876323010939e-17 6.350167606994163838e-17 6.251954865443693205e-17 5.639877876323010939e-17 6.350167606994163838e-17
5.781938543133100029e+04 nan nan nan nan nan nan
5.798614419361110049e+04 5.991176442421969339e-17 nan 5.877673968245223773e-17 5.991176442421969339e-17 nan 5.877673968245223773e-17
5.769016402178240241e+04 7.056787968116481145e-17 nan 6.792981490104145239e-17 7.056787968116481145e-17 nan 6.792981490104145239e-17
5.792332105572919681e+04 5.118085163373036914e-17 4.447672983196080120e-17 5.111675171867264083e-17 5.118085163373036914e-17 4.447672983196080120e-17 5.111675171867264083e-17
5.822230646538190194e+04 nan nan 7.776081023100357608e-17 nan nan 7.776081023100357608e-17
5.785730279201389931e+04 nan nan nan nan nan nan
5.809008282870370022e+04 nan nan 1.175783900829925045e-16 nan nan 1.175783900829925045e-16
5.792331918533559656e+04 5.168542067518005863e-17 4.503217445972510167e-17 5.143614267408508056e-17 5.168542067518005863e-17 4.503217445972510167e-17 5.143614267408508056e-17
5.792331731246529671e+04 5.121171821446127921e-17 4.518387435498439901e-17 5.123674758522553870e-17 5.121171821446127921e-17 4.518387435498439901e-17 5.123674758522553870e-17
5.833222185671299667e+04 7.682823541276441114e-17 nan 7.450030911822087818e-17 7.682823541276441114e-17 nan 7.450030911822087818e-17
5.831136581925929931e+04 7.273400638997445008e-17 6.516808920538201812e-17 7.585621375788130508e-17 7.273400638997445008e-17 6.516808920538201812e-17 7.585621375788130508e-17
5.794425958180559974e+04 nan nan nan nan nan nan
5.822230459268519917e+04 nan nan 7.902939597085604376e-17 nan nan 7.902939597085604376e-17
5.804714465343749907e+04 6.269651771059192743e-17 5.618965262167667482e-17 6.355925534945498029e-17 6.269651771059192743e-17 5.618965262167667482e-17 6.355925534945498029e-17
5.804714655027780100e+04 6.398319055995139135e-17 5.646016925149867646e-17 6.477108730886439332e-17 6.398319055995139135e-17 5.646016925149867646e-17 6.477108730886439332e-17
5.790136495271990134e+04 4.792543889701347379e-16 nan 4.177619847547133116e-16 4.792543889701347379e-16 nan 4.177619847547133116e-16
5.827136831038189848e+04 nan nan 9.674585185493405498e-17 nan nan 9.674585185493405498e-17
5.826538286181710282e+04 nan nan nan nan nan nan
5.831136394791670318e+04 7.331744308209903776e-17 6.574907877118033765e-17 7.624514334668771875e-17 7.331744308209903776e-17 6.574907877118033765e-17 7.624514334668771875e-17
5.828632720989579684e+04 7.034393892243354896e-17 1.565824820962544007e-16 7.291466430764643600e-17 7.034393892243354896e-17 1.565824820962544007e-16 7.291466430764643600e-17
5.785730091833329789e+04 nan nan nan nan nan nan
5.833221995740739658e+04 7.774839104020063030e-17 nan 7.512051743301818430e-17 7.774839104020063030e-17 nan 7.512051743301818430e-17
5.771210333067129977e+04 7.240721513273121967e-17 6.403553000183235620e-17 7.374030472217137160e-17 7.240721513273121967e-17 6.403553000183235620e-17 7.374030472217137160e-17
5.790136679890049709e+04 nan nan nan nan nan nan
5.806805649126160279e+04 7.196251491462456032e-17 nan 6.478057684189445043e-17 7.196251491462456032e-17 nan 6.478057684189445043e-17
5.801029286637729820e+04 nan nan nan nan nan nan
5.785730467506939749e+04 nan nan nan nan nan nan
5.769016591982640239e+04 7.154819999445586358e-17 nan 6.843996624635401059e-17 7.154819999445586358e-17 nan 6.843996624635401059e-17
5.798614606745370111e+04 5.945786735728692533e-17 nan 5.851483012358861323e-17 5.945786735728692533e-17 nan 5.851483012358861323e-17
5.806805461968750024e+04 7.128813625760509842e-17 nan 6.470422678677142921e-17 7.128813625760509842e-17 nan 6.470422678677142921e-17
5.790136867042820086e+04 nan nan nan nan nan nan
5.827136456357639690e+04 nan nan 9.659369291553558402e-17 nan nan 9.659369291553558402e-17
5.794426335319440113e+04 nan nan nan nan nan nan
5.831136207416669640e+04 7.382250361318541496e-17 6.627143957293817023e-17 7.671640671211682445e-17 7.382250361318541496e-17 6.627143957293817023e-17 7.671640671211682445e-17
5.827136643611110048e+04 nan nan 9.601657943889636992e-17 nan nan 9.601657943889636992e-17
5.809008093148149783e+04 nan nan 1.142123029926097790e-16 nan nan 1.142123029926097790e-16
5.794426145711809659e+04 nan nan nan nan nan nan
5.828632533869209874e+04 6.990228046126392743e-17 nan 7.205831340169517078e-17 6.990228046126392743e-17 nan 7.205831340169517078e-17
