5.771210383000000002e+04 4.054640993414820969e+02 6.221808573932292585e-01 5.478268626752896830e-02 7.809544403988873951e-01
5.831136446199999773e+04 3.258727096014474682e+02 5.711672828907820021e-01 5.651180826381426575e-02 8.188860424270981708e-01
5.809008142400000361e+04 3.698691502069305557e+02 5.997984796802459107e-01 8.500317968954697323e-02 7.956231791595390623e-01
5.833222235999999975e+04 3.213557169695726543e+02 5.681301765563619988e-01 4.711663591420956615e-02 8.215887810250117607e-01
5.801029151200000342e+04 4.176958331820475792e+02 6.295265290576004258e-01 3.713267919748867996e-02 7.760911759247791641e-01
5.769016453999999794e+04 4.269035274577174164e+02 6.340457519905607908e-01 6.807214879989746670e-02 7.702935589374279024e-01
5.798614657799999986e+04 4.313045788404302243e+02 6.371304041330667634e-01 3.694593568088278684e-02 7.698700188771471220e-01
5.806805513999999675e+04 3.996083525238935295e+02 6.187569056218062968e-01 5.433879738046543811e-02 7.837009549851088330e-01
5.792331970200000069e+04 3.924174572971416524e+02 6.147141207581576783e-01 4.131108787870884508e-02 7.876674068150864017e-01
5.828632583400000294e+04 3.274307938839905319e+02 5.726086841177396858e-01 3.437177867948239263e-02 8.191079756072208173e-01
5.804714517399999750e+04 3.914202607408467429e+02 6.140097517716875952e-01 4.754021341037858311e-02 7.878654408197929282e-01
5.822230508399999962e+04 3.351563493451445765e+02 5.776553301406459617e-01 5.545814661136836549e-02 8.143946914945684457e-01
