5.790136867042820086e+04 nan nan nan
5.769016214704859885e+04 4.818999075512422282e-17 nan 5.003609110934310837e-17
5.769016402178240241e+04 5.187277353928309150e-17 nan 5.351449388851442633e-17
5.769016591982640239e+04 4.389440284962120489e-17 nan 4.609125455392655510e-17
5.771210143005789723e+04 4.650530559019896117e-17 4.005466338098517005e-17 4.784063274580464672e-17
5.771210333067129977e+04 4.708831022433616000e-17 4.074594292974949931e-17 4.839997758334770211e-17
5.771210520216439909e+04 4.999670734538979543e-17 4.306402194643088091e-17 5.127467685410941775e-17
5.781938355751160270e+04 6.831172263462982982e-17 nan 7.174235802461694704e-17
5.781938543133100029e+04 nan nan nan
5.782038083650459885e+04 8.578581265165830618e-16 nan 1.239488171358712364e-16
5.782138153717589739e+04 nan nan nan
5.785730091833329789e+04 nan nan nan
5.785730279201389931e+04 nan nan nan
5.785730467506939749e+04 nan nan nan
5.790136495271990134e+04 nan nan nan
5.790136679890049709e+04 nan nan nan
5.792331731246529671e+04 3.713448915097766955e-17 3.224952027839987911e-17 3.758481480988226090e-17
5.792331918533559656e+04 3.714168137903833900e-17 3.214769368492672674e-17 3.756635760503990083e-17
5.792332105572919681e+04 4.220761604830800389e-17 3.659767525704808154e-17 4.200863635681875195e-17
5.794425958180559974e+04 nan nan nan
5.794426145711809659e+04 nan nan nan
5.794426335319440113e+04 nan nan nan
5.796536169552079809e+04 nan nan 1.758190795202232612e-16
5.796536356960650301e+04 nan nan nan
5.796536544467590284e+04 nan nan nan
5.798614419361110049e+04 3.989271535295672296e-17 nan 4.169792745249431737e-17
5.798614606745370111e+04 4.403055806068441880e-17 nan 4.585175287404331683e-17
5.798614793914349866e+04 3.875584551148023114e-17 nan 4.095093553847065118e-17
5.801028912216440222e+04 nan nan nan
5.801029099593750288e+04 nan nan nan
5.801029286637729820e+04 nan nan nan
5.804714278081020166e+04 4.254963355218747710e-17 3.697266888402375764e-17 4.380722033430585186e-17
5.804714465343749907e+04 4.329374079695802156e-17 3.721936549305967417e-17 4.428151429034818693e-17
5.804714655027780100e+04 4.753437629266261460e-17 4.135133142647862170e-17 4.809533215240605328e-17
5.806805274693290266e+04 4.471592325735810555e-17 nan 4.636739320430459045e-17
5.806805461968750024e+04 4.991061834051071014e-17 nan 5.087671416221612336e-17
5.806805649126160279e+04 4.884826648141517441e-17 nan 4.980503658847902844e-17
5.809007905913190189e+04 3.979222666086173424e-15 nan 3.289041622747811679e-16
5.809008093148149783e+04 5.713628907411737228e-16 nan 3.719632765739072592e-16
5.809008282870370022e+04 nan nan nan
