5.796536169552079809e+04 5.584246179482337169e+01 5.643813516830031851e-01 7.961667735708861660e-01 2.181562709027447255e-01
5.796536356960650301e+04 1.782034988536439357e+01 3.404880684537956448e-01 9.067301437555116417e-01 2.488138292895167303e-01
5.826538098899309989e+04 2.134485897476520506e+02 8.404649894901508045e-01 5.268761518084330575e-01 1.265706209863009801e-01
5.809007905913190189e+04 1.343054424389621033e+02 5.722635105653937071e-01 8.147499285564545612e-01 9.325785968283754890e-02
5.771210143005789723e+04 2.268546899614240999e+02 8.701670647222383703e-01 4.759338003901713021e-01 1.276569509225890242e-01
5.828632343831020262e+04 2.185157680168535421e+02 8.679712928381390080e-01 4.787887109168993960e-01 1.318605517485164080e-01
5.826438382359949901e+04 nan nan nan nan
5.801029099593750288e+04 2.094046234676638676e+02 8.433338043072704515e-01 5.214545225299266340e-01 1.298971725855202763e-01
5.796536544467590284e+04 2.088499026766148603e+01 3.662394180385684095e-01 8.975155675899825214e-01 2.456308095667203706e-01
5.769016214704859885e+04 2.257794931299116286e+02 8.694558715065705545e-01 4.771250662564747169e-01 1.280552952927151711e-01
5.781938355751160270e+04 1.770475802074667797e+02 8.100302510296933933e-01 5.689992243255467264e-01 1.417422842122210980e-01
5.833222372849540261e+04 2.064688906857786606e+02 8.257677575417541327e-01 5.496841167113588611e-01 1.263130335306529295e-01
5.782038083650459885e+04 9.238266304362736037e+01 6.821662350727860646e-01 7.053607983462604203e-01 1.926535021299814465e-01
5.782138153717589739e+04 nan nan nan nan
5.771210520216439909e+04 2.180092741360582806e+02 8.628355961591269718e-01 4.883199949405279683e-01 1.306074903748127847e-01
5.822230268997690291e+04 1.844566397786502705e+02 8.327776485044066090e-01 5.346061359688751846e-01 1.437973140774867487e-01
5.806805274693290266e+04 2.482096921549281205e+02 8.850811566213285797e-01 4.495119975410717394e-01 1.207075401973158046e-01
5.801028912216440222e+04 2.129391115429313288e+02 8.475554561223088701e-01 5.147841942694253436e-01 1.290231844580003451e-01
5.798614793914349866e+04 2.601940755365318410e+02 8.952343184563467116e-01 4.297412524851015325e-01 1.178048002864771210e-01
5.804714278081020166e+04 2.371517250052267514e+02 8.815802552668910996e-01 4.550895768867024849e-01 1.253384638993354228e-01
5.781938543133100029e+04 nan nan nan nan
5.798614419361110049e+04 2.609968296138530945e+02 8.955463154961089689e-01 4.291675972598624211e-01 1.175243390261780790e-01
5.769016402178240241e+04 2.240445525031795455e+02 8.683159077987179231e-01 4.790214420393545391e-01 1.287087500142311269e-01
5.792332105572919681e+04 2.257768066677068930e+02 8.684879038774002691e-01 4.789604537623040614e-01 1.277718456877229014e-01
5.822230646538190194e+04 1.877897909826868954e+02 8.367118418321992657e-01 5.287565325627517909e-01 1.425826883250007893e-01
5.785730279201389931e+04 nan nan nan nan
5.809008282870370022e+04 1.320376332482076691e+02 5.624042613054793804e-01 8.217708755754324912e-01 9.161918424339392242e-02
5.792331918533559656e+04 2.244344641522941970e+02 8.671298521455261810e-01 4.813183977727756857e-01 1.281343805679256709e-01
5.792331731246529671e+04 2.261030428859179437e+02 8.687253538989774260e-01 4.785602181692542034e-01 1.276572641054638246e-01
5.833222185671299667e+04 2.060853770965279068e+02 8.246672172975474391e-01 5.513572005037160606e-01 1.262110065225076072e-01
5.831136581925929931e+04 2.113659111280786078e+02 8.614034032732592605e-01 4.898539491086896236e-01 1.342657267208125782e-01
5.794425958180559974e+04 nan nan nan nan
5.822230459268519917e+04 1.862922351388214679e+02 8.350348609816584666e-01 5.312475031732482034e-01 1.431533140291622874e-01
5.804714465343749907e+04 2.380791623836862811e+02 8.809788307080184122e-01 4.564331473903598946e-01 1.246799174192168014e-01
5.804714655027780100e+04 2.347624432560189689e+02 8.779050958021374917e-01 4.620791841868084338e-01 1.255606240263776596e-01
5.790136495271990134e+04 2.806410120933520602e+01 4.172302850267141650e-01 8.772891144412839903e-01 2.372397499142053501e-01
5.827136831038189848e+04 1.428807833040801825e+02 5.697123657443521338e-01 8.172389649842859427e-01 8.688092097455282770e-02
5.826538286181710282e+04 nan nan nan nan
5.831136394791670318e+04 2.116305587334699112e+02 8.611826119766016197e-01 4.903067524995379234e-01 1.340290911799176254e-01
5.828632720989579684e+04 2.192320639836193550e+02 8.683690689740858337e-01 4.781523823607876644e-01 1.315502158560850066e-01
5.785730091833329789e+04 nan nan nan nan
5.833221995740739658e+04 2.060097082977449929e+02 8.252699318094537384e-01 5.504016389898021000e-01 1.264419845168492651e-01
5.771210333067129977e+04 2.228272310755721151e+02 8.669346408374292157e-01 4.814386765837491700e-01 1.290005007950180693e-01
5.790136679890049709e+04 nan nan nan nan
5.806805649126160279e+04 2.466019661317247653e+02 8.839587025345120308e-01 4.515870196243147450e-01 1.211865335766762475e-01
5.801029286637729820e+04 2.065899810707144297e+02 8.400966500201807463e-01 5.264656595675539785e-01 1.306580572370894255e-01
5.785730467506939749e+04 nan nan nan nan
5.769016591982640239e+04 2.227332242526039181e+02 8.672278657945127200e-01 4.808722333604327215e-01 1.291422625341678843e-01
5.798614606745370111e+04 2.618531529892445064e+02 8.958426023442959130e-01 4.286328063821888135e-01 1.172175290557211647e-01
5.806805461968750024e+04 2.478986226043389536e+02 8.845321550354254825e-01 4.505909176842123331e-01 1.207091198248312486e-01
5.790136867042820086e+04 nan nan nan nan
5.827136456357639690e+04 1.427457569306231733e+02 5.728331042021398423e-01 8.149433006722190953e-01 8.791843617586404813e-02
5.794426335319440113e+04 nan nan nan nan
5.831136207416669640e+04 2.101133388339638088e+02 8.597819890539192267e-01 4.926144897089144714e-01 1.345581503563118841e-01
5.827136643611110048e+04 1.443178997085654203e+02 5.733230746390231003e-01 8.146855741430877318e-01 8.710951365726131435e-02
5.809008093148149783e+04 1.368920177992397669e+02 5.736983235278443338e-01 8.138884978073952503e-01 9.195513426754790831e-02
5.794426145711809659e+04 nan nan nan nan
5.828632533869209874e+04 2.181414677637661157e+02 8.675691804749107172e-01 4.794883746659929225e-01 1.319644484331142509e-01
