5.771210383000000002e+04 8.409814903787856776e-17 7.629029197652754469e-17 8.896292840509971781e-17 9.280417638654544016e-18 9.483076434438277011e-18 1.244536799132055353e-17
5.831136446199999773e+04 7.368938054872011699e-17 6.453610702301436150e-17 8.073097225239508014e-17 1.000028321591307679e-17 9.863417833489568102e-18 1.346633835906362005e-17
5.809008142400000361e+04 7.271898904295552578e-17 nan 8.051052088812811038e-17 8.725337311830540283e-18 nan 1.188586174487344474e-17
5.833222235999999975e+04 7.544343185716636702e-17 6.396836401232815637e-17 8.101406814394093606e-17 1.038535761648096736e-17 9.907128439200038125e-18 1.371061780947190034e-17
5.801029151200000342e+04 7.502100728187521450e-17 nan 8.006433422219770124e-17 8.008255207036274554e-18 nan 1.049501771872648322e-17
5.769016453999999794e+04 8.552271469881095795e-17 8.581343665327923421e-17 8.978718610273597808e-17 8.983623047144588009e-18 1.018911496395465373e-17 1.198876803182775410e-17
5.798614657799999986e+04 7.682790893156802470e-17 6.632110000846956570e-17 8.406163928020602878e-17 7.956506448714263503e-18 7.731722709626331053e-18 1.085778392675012596e-17
5.806805513999999675e+04 7.416192370069092267e-17 6.220303078208264427e-17 7.922850019432175254e-17 8.260893728156654212e-18 7.796524314656224032e-18 1.080141084277032048e-17
5.792331970200000069e+04 nan nan 8.069870799628264655e-17 nan nan 1.126376683901633775e-17
5.828632583400000294e+04 7.288715641698212606e-17 6.692723237536288859e-17 8.183835996563673980e-17 9.842695117250105177e-18 1.019110619789978789e-17 1.365194305800153533e-17
5.804714517399999750e+04 7.187699329241702423e-17 6.315275776322166831e-17 7.973851056932399636e-17 8.160358066133553693e-18 8.079386188671504699e-18 1.111314594410138761e-17
5.822230508399999962e+04 7.515244920040320426e-17 nan 8.182722527334826339e-17 9.931876293101871441e-18 nan 1.334891434311347223e-17
