5.833222427800000150e+04 3.776354258414169180e+02 6.053435724308713350e-01 5.952034555720390335e-02 7.937357795774241387e-01
5.771210574400000041e+04 4.346480610733055414e+02 6.384729637028763172e-01 6.165357375864784911e-02 7.671708489399557962e-01
5.822230702400000155e+04 3.779763913122577605e+02 6.053238397455126263e-01 6.917150118255513402e-02 7.929680652207253821e-01
5.828632774800000334e+04 3.829691729880956359e+02 6.085522254787452123e-01 6.310737622282817927e-02 7.910004095644559419e-01
5.801029341399999976e+04 4.583901363888424498e+02 6.510747341120768361e-01 6.252024517882165400e-02 7.564343392150230105e-01
5.806805704600000172e+04 4.501848386952272563e+02 6.462220965527059047e-01 8.151963170861860342e-02 7.587829410135130681e-01
5.831136626999999862e+04 3.690122094000790867e+02 5.994276117128707337e-01 7.936170632758718368e-02 7.964849388939994057e-01
5.798614848799999891e+04 5.053116293946977748e+02 6.743485267519651050e-01 5.802680019132454292e-02 7.361297133841361306e-01
5.792332160399999702e+04 4.730330559449099042e+02 6.581852260571368074e-01 7.494068413562923747e-02 7.491168814420081645e-01
5.804714707400000043e+04 4.333440050359029101e+02 6.376488981939313350e-01 6.600102540506200266e-02 7.674944607471415603e-01
5.769016645399999834e+04 4.708187873455344175e+02 6.572192099474548632e-01 7.010168628366321431e-02 7.504323178383446313e-01
5.827136885199999961e+04 3.793252061583630166e+02 6.062318474266945589e-01 6.628654345185946983e-02 7.925206882617146231e-01
5.809008337400000164e+04 4.070065084519177958e+02 6.226652093475771865e-01 7.158909788375006356e-02 7.792066722842718729e-01
