5.801029286637729820e+04 nan nan nan nan nan nan
5.806805274693290266e+04 1.068362771229719237e-16 nan 1.224239972982172892e-16 1.068362771229719237e-16 nan 1.224239972982172892e-16
5.781938543133100029e+04 nan nan nan nan nan nan
5.804714655027780100e+04 1.017749708939170422e-16 8.090423782373381748e-17 1.056254950370637670e-16 1.017749708939170422e-16 8.090423782373381748e-17 1.056254950370637670e-16
5.826538286181710282e+04 nan nan nan nan nan nan
5.794426145711809659e+04 nan nan nan nan nan nan
5.831136394791670318e+04 9.954584007871888407e-17 8.269860497071900915e-17 9.406781571046502234e-17 9.954584007871888407e-17 8.269860497071900915e-17 9.406781571046502234e-17
5.831136207416669640e+04 1.217860719648076185e-16 9.994813697871658919e-17 1.217469898005091376e-16 1.217860719648076185e-16 9.994813697871658919e-17 1.217469898005091376e-16
5.804714465343749907e+04 1.012253186516415435e-16 8.113283851087088603e-17 1.023878489641241428e-16 1.012253186516415435e-16 8.113283851087088603e-17 1.023878489641241428e-16
5.771210143005789723e+04 1.163531455754383424e-16 9.450142991362524911e-17 1.232495546837661609e-16 1.163531455754383424e-16 9.450142991362524911e-17 1.232495546837661609e-16
5.769016402178240241e+04 1.080964496186888782e-16 nan 1.226120411838580676e-16 1.080964496186888782e-16 nan 1.226120411838580676e-16
5.828632343831020262e+04 1.029555134352049150e-16 nan 1.224780904112647878e-16 1.029555134352049150e-16 nan 1.224780904112647878e-16
5.796536544467590284e+04 nan nan nan nan nan nan
5.828632720989579684e+04 1.031688241655190321e-16 nan 1.218912383110235024e-16 1.031688241655190321e-16 nan 1.218912383110235024e-16
5.796536169552079809e+04 nan nan nan nan nan nan
5.798614419361110049e+04 9.161418313793278029e-17 nan 1.046964759828142030e-16 9.161418313793278029e-17 nan 1.046964759828142030e-16
5.794426335319440113e+04 nan nan nan nan nan nan
5.785730279201389931e+04 nan nan nan nan nan nan
5.806805649126160279e+04 1.078820170217155648e-16 nan 1.252366106593337989e-16 1.078820170217155648e-16 nan 1.252366106593337989e-16
5.794425958180559974e+04 nan nan nan nan nan nan
5.822230459268519917e+04 nan nan 1.386455431682272441e-16 nan nan 1.386455431682272441e-16
5.809008282870370022e+04 1.358594483584894208e-16 1.205630908235514249e-16 1.358565906805808471e-16 1.358594483584894208e-16 1.205630908235514249e-16 1.358565906805808471e-16
5.822230268997690291e+04 nan nan 1.348604220562678699e-16 nan nan 1.348604220562678699e-16
5.809007905913190189e+04 1.280388664062973937e-16 1.342189094071794989e-16 1.390216088158401013e-16 1.280388664062973937e-16 1.342189094071794989e-16 1.390216088158401013e-16
5.782038083650459885e+04 nan nan 3.628996654361330926e-16 nan nan 3.628996654361330926e-16
5.806805461968750024e+04 1.067953448079970906e-16 nan 1.219493694509515819e-16 1.067953448079970906e-16 nan 1.219493694509515819e-16
5.785730467506939749e+04 nan nan nan nan nan nan
5.828632533869209874e+04 1.033970465974799815e-16 nan 1.220173167005247480e-16 1.033970465974799815e-16 nan 1.220173167005247480e-16
5.822230646538190194e+04 nan nan 1.363523007254496200e-16 nan nan 1.363523007254496200e-16
5.827136456357639690e+04 1.559875710595482107e-16 nan 1.797241300849526631e-16 1.559875710595482107e-16 nan 1.797241300849526631e-16
5.781938355751160270e+04 1.253154218515671521e-16 nan 1.589692323651531648e-16 1.253154218515671521e-16 nan 1.589692323651531648e-16
5.826538098899309989e+04 1.147047846751488507e-16 9.599393176526156185e-17 1.182804530976638381e-16 1.147047846751488507e-16 9.599393176526156185e-17 1.182804530976638381e-16
5.798614606745370111e+04 9.154634598922362094e-17 nan 1.068069648905993357e-16 9.154634598922362094e-17 nan 1.068069648905993357e-16
5.827136643611110048e+04 1.465800248427868530e-16 nan 1.802022558849460743e-16 1.465800248427868530e-16 nan 1.802022558849460743e-16
5.801029099593750288e+04 nan nan 1.000192587342139013e-16 nan nan 1.000192587342139013e-16
5.769016591982640239e+04 1.084033086242722903e-16 nan 1.231762907146469561e-16 1.084033086242722903e-16 nan 1.231762907146469561e-16
5.785730091833329789e+04 nan nan nan nan nan nan
5.771210333067129977e+04 1.166383451003657231e-16 9.434466769951599426e-17 1.240554218960236354e-16 1.166383451003657231e-16 9.434466769951599426e-17 1.240554218960236354e-16
5.833221995740739658e+04 1.236649987698794024e-16 nan 1.472841091678851350e-16 1.236649987698794024e-16 nan 1.472841091678851350e-16
5.790136867042820086e+04 nan nan nan nan nan nan
5.769016214704859885e+04 1.081966423295502952e-16 nan 1.235368786250813875e-16 1.081966423295502952e-16 nan 1.235368786250813875e-16
5.827136831038189848e+04 1.516634583638708802e-16 nan 1.777217883134676514e-16 1.516634583638708802e-16 nan 1.777217883134676514e-16
5.790136495271990134e+04 nan nan nan nan nan nan
5.792332105572919681e+04 9.513033911174859146e-17 7.422620245952057007e-17 9.489427388760723907e-17 9.513033911174859146e-17 7.422620245952057007e-17 9.489427388760723907e-17
5.792331731246529671e+04 9.235817328476873331e-17 7.288141360248180756e-17 9.371860131856086544e-17 9.235817328476873331e-17 7.288141360248180756e-17 9.371860131856086544e-17
5.796536356960650301e+04 nan nan nan nan nan nan
5.804714278081020166e+04 1.006740784645377857e-16 8.151523459660272460e-17 1.036760301533077488e-16 1.006740784645377857e-16 8.151523459660272460e-17 1.036760301533077488e-16
5.790136679890049709e+04 nan nan nan nan nan nan
5.801028912216440222e+04 nan nan nan nan nan nan
5.833222185671299667e+04 1.230594932899263748e-16 nan 1.459110030674819626e-16 1.230594932899263748e-16 nan 1.459110030674819626e-16
5.826438382359949901e+04 nan nan nan nan nan nan
5.833222372849540261e+04 1.240847610166741159e-16 nan 1.461148901011100563e-16 1.240847610166741159e-16 nan 1.461148901011100563e-16
5.831136581925929931e+04 1.006029870836392288e-16 8.311106133112481840e-17 9.596427115742015235e-17 1.006029870836392288e-16 8.311106133112481840e-17 9.596427115742015235e-17
5.809008093148149783e+04 1.320401642537976029e-16 1.226920815571269182e-16 1.387144314893308886e-16 1.320401642537976029e-16 1.226920815571269182e-16 1.387144314893308886e-16
5.798614793914349866e+04 9.126176711954638043e-17 nan 1.055047316012087510e-16 9.126176711954638043e-17 nan 1.055047316012087510e-16
5.782138153717589739e+04 nan nan nan nan nan nan
5.771210520216439909e+04 1.197315571335537132e-16 9.509110888386094964e-17 1.259167948365114796e-16 1.197315571335537132e-16 9.509110888386094964e-17 1.259167948365114796e-16
5.792331918533559656e+04 9.644147790331669998e-17 7.457428405170302312e-17 9.744539653620780972e-17 9.644147790331669998e-17 7.457428405170302312e-17 9.744539653620780972e-17
