5.787606168442130001e+04 2.422842357861857706e-17 nan nan 2.422842357861857706e-17 nan nan
5.774726996270829841e+04 8.237135779192765139e-17 nan nan 8.237135779192765139e-17 nan nan
5.812830732981480105e+04 3.357099410826384473e-17 nan nan 3.357099410826384473e-17 nan nan
5.828804239334489830e+04 3.761800036527395446e-17 nan nan 3.761800036527395446e-17 nan nan
5.831100253877320210e+04 3.296035003543361853e-17 nan nan 3.296035003543361853e-17 nan nan
5.772836822679400211e+04 4.277047015198669808e-17 nan nan 4.277047015198669808e-17 nan nan
5.811018975239580323e+04 3.573972878594238450e-17 nan nan 3.573972878594238450e-17 nan nan
5.778525065466429805e+04 3.692936447456553717e-17 nan nan 3.692936447456553717e-17 nan nan
5.787606373070600239e+04 2.427079265641016659e-17 nan nan 2.427079265641016659e-17 nan nan
5.785804177078700013e+04 3.195015607792176157e-17 nan nan 3.195015607792176157e-17 nan nan
5.816420649128469813e+04 2.918842157569706383e-17 nan nan 2.918842157569706383e-17 nan nan
5.826014230145829788e+04 4.367985096290164558e-17 nan nan 4.367985096290164558e-17 nan nan
5.770831730450229952e+04 4.140354065985445906e-17 nan nan 4.140354065985445906e-17 nan nan
5.816420853730320232e+04 2.912814648891914001e-17 nan nan 2.912814648891914001e-17 nan nan
5.809135624701390043e+04 3.088083745455928147e-17 nan nan 3.088083745455928147e-17 nan nan
5.822421739240740135e+04 nan nan nan nan nan nan
5.807324904697920283e+04 2.979624532787617144e-17 nan nan 2.979624532787617144e-17 nan nan
5.831100046576390014e+04 3.317177034921688384e-17 nan nan 3.317177034921688384e-17 nan nan
5.805533491247690108e+04 nan nan nan nan nan nan
5.780319484511570045e+04 3.120755194513496959e-17 nan nan 3.120755194513496959e-17 nan nan
5.828804648634260229e+04 3.760295694969145921e-17 nan nan 3.760295694969145921e-17 nan nan
5.793602009344910039e+04 3.458098600863866348e-17 nan nan 3.458098600863866348e-17 nan nan
5.812830323627310281e+04 3.347697657844963918e-17 nan nan 3.347697657844963918e-17 nan nan
5.824201362540510308e+04 nan nan nan nan nan nan
5.793601801930560032e+04 3.554409958052020174e-17 nan nan 3.554409958052020174e-17 nan nan
5.805533286843750102e+04 nan nan nan nan nan nan
5.818315538677079894e+04 3.126976374456486563e-17 nan nan 3.126976374456486563e-17 nan nan
5.791304729886569839e+04 3.388367831974305208e-17 nan nan 3.388367831974305208e-17 nan nan
5.782131255120370042e+04 3.566672358612538844e-17 nan nan 3.566672358612538844e-17 nan nan
5.776723703406249842e+04 6.770118614197316974e-17 nan nan 6.770118614197316974e-17 nan nan
5.774726791296299780e+04 7.634822588521381560e-17 nan nan 7.634822588521381560e-17 nan nan
5.782131462247679883e+04 3.522804674548701223e-17 nan nan 3.522804674548701223e-17 nan nan
5.828804444202550076e+04 5.156331735780987453e-17 nan nan 5.156331735780987453e-17 nan nan
5.789414268949069810e+04 2.645820922353317317e-17 nan nan 2.645820922353317317e-17 nan nan
5.770831935314810107e+04 4.226780303446567137e-17 nan nan 4.226780303446567137e-17 nan nan
5.789414064424770186e+04 2.633838802980947096e-17 nan nan 2.633838802980947096e-17 nan nan
5.787606577565969928e+04 2.426262065756939973e-17 nan nan 2.426262065756939973e-17 nan nan
5.826014639750000060e+04 4.921930631396720560e-17 nan nan 4.921930631396720560e-17 nan nan
5.776723910475690354e+04 6.468162575351159313e-17 nan nan 6.468162575351159313e-17 nan nan
5.805533082178240147e+04 nan nan nan nan nan nan
5.776723496251159668e+04 6.784897993169563476e-17 nan nan 6.784897993169563476e-17 nan nan
5.773335052508099761e+04 2.852184555412238200e-17 nan nan 2.852184555412238200e-17 nan nan
5.784025396806710341e+04 nan nan nan nan nan nan
5.818315743230319640e+04 3.130917952188856644e-17 nan nan 3.130917952188856644e-17 nan nan
5.807325112002310198e+04 2.911126738603590255e-17 nan nan 2.911126738603590255e-17 nan nan
5.785804586363430280e+04 3.163290230947810763e-17 nan nan 3.163290230947810763e-17 nan nan
5.778525273344910238e+04 3.689216146088069389e-17 nan nan 3.689216146088069389e-17 nan nan
5.773334845442129881e+04 2.843742847880711168e-17 nan nan 2.843742847880711168e-17 nan nan
5.784025805693290022e+04 nan nan nan nan nan nan
5.831100458403940138e+04 3.345465854305415530e-17 nan nan 3.345465854305415530e-17 nan nan
5.816420444574070279e+04 2.927448261032417532e-17 nan nan 2.927448261032417532e-17 nan nan
5.773335256967590249e+04 2.885443232910796496e-17 nan nan 2.885443232910796496e-17 nan nan
5.791305143918980320e+04 3.325608450428414530e-17 nan nan 3.325608450428414530e-17 nan nan
5.826014435116900131e+04 9.238150037422201588e-17 nan nan 9.238150037422201588e-17 nan nan
5.812830528145829885e+04 3.345611350734611063e-17 nan nan 3.345611350734611063e-17 nan nan
5.824201771812499646e+04 nan nan nan nan nan nan
5.769029990851850016e+04 3.811287582155365991e-17 nan nan 3.811287582155365991e-17 nan nan
5.814629633643520356e+04 2.829924048669172920e-17 nan nan 2.829924048669172920e-17 nan nan
5.772836615398150025e+04 3.815605484352094872e-17 nan nan 3.815605484352094872e-17 nan nan
5.822421534361109661e+04 nan nan nan nan nan nan
5.793602214425930288e+04 3.504381630775352537e-17 nan nan 3.504381630775352537e-17 nan nan
5.809135417380790022e+04 3.016999582721469364e-17 nan nan 3.016999582721469364e-17 nan nan
5.811019384740739770e+04 3.495013077278282390e-17 nan nan 3.495013077278282390e-17 nan nan
5.782131047958329873e+04 3.582008673049950873e-17 nan nan 3.582008673049950873e-17 nan nan
5.778524860711809742e+04 3.774532965527935823e-17 nan nan 3.774532965527935823e-17 nan nan
5.784025601321760041e+04 nan nan nan nan nan nan
5.822421956417820184e+04 nan nan nan nan nan nan
5.780319279776619805e+04 3.148589776074753235e-17 nan nan 3.148589776074753235e-17 nan nan
5.780319691695600341e+04 3.119712007472684726e-17 nan nan 3.119712007472684726e-17 nan nan
5.811019180104169936e+04 3.525471914776384039e-17 nan nan 3.525471914776384039e-17 nan nan
5.824201567388889816e+04 nan nan nan nan nan nan
5.814629840923610027e+04 2.807769930320194775e-17 nan nan 2.807769930320194775e-17 nan nan
5.769029775856479682e+04 3.857319712773292833e-17 nan nan 3.857319712773292833e-17 nan nan
5.807325319304400182e+04 2.868720187206074955e-17 nan nan 2.868720187206074955e-17 nan nan
5.818315333831019962e+04 3.122528748276704589e-17 nan nan 3.122528748276704589e-17 nan nan
5.770832183168979827e+04 4.127627172730527833e-17 nan nan 4.127627172730527833e-17 nan nan
5.789413856996529648e+04 2.645498153080163680e-17 nan nan 2.645498153080163680e-17 nan nan
5.785804381827550242e+04 3.183534229522416790e-17 nan nan 3.183534229522416790e-17 nan nan
5.769030195371530135e+04 3.751077090257301220e-17 nan nan 3.751077090257301220e-17 nan nan
5.774727201375000004e+04 8.685445207705437850e-17 nan nan 8.685445207705437850e-17 nan nan
5.791304937077550130e+04 3.370214845300533775e-17 nan nan 3.370214845300533775e-17 nan nan
5.809135829150459904e+04 3.170355312323283806e-17 nan nan 3.170355312323283806e-17 nan nan
5.814630045444439747e+04 2.820905269083387590e-17 nan nan 2.820905269083387590e-17 nan nan
