5.809007957000000170e+04 9.214015946708099736e-17 nan 1.039041736268757832e-16 2.780357426472266935e-17 nan 3.365309584375930044e-17
5.833222043600000325e+04 9.444434045781570476e-17 9.260009315351960097e-17 1.041613309517254128e-16 3.215134163810795546e-17 3.019534375812514068e-17 3.785559158551264322e-17
5.826538148999999976e+04 9.461432337936605045e-17 nan 1.024710913317102543e-16 3.010765826765139408e-17 nan 3.482160967310972671e-17
5.781938399000000209e+04 1.053192076320865231e-16 1.071161611956677762e-16 1.128633162314890025e-16 4.177085123153836184e-17 4.077865751959424646e-17 4.795298381070955851e-17
5.801028966400000354e+04 9.122546521886852964e-17 nan 9.646890206310427058e-17 2.510643631146179898e-17 nan 2.823605122495084346e-17
5.804714329400000133e+04 8.700570557441294294e-17 8.903412712210897571e-17 9.572308317863946492e-17 2.492406451554852946e-17 2.440378612371066804e-17 2.910653691145413240e-17
5.769016267800000060e+04 1.002259557083484470e-16 1.201257910419612422e-16 1.058485813754125948e-16 2.741166849954489916e-17 3.147314170325736762e-17 3.125750479769464961e-17
5.827136506599999848e+04 9.254118361246749236e-17 nan 1.026173384538841997e-16 3.120520385956407172e-17 nan 3.687576059017268469e-17
5.831136257399999886e+04 9.136137994275916068e-17 9.216253961917897713e-17 1.011587835765366834e-16 3.125531247084365286e-17 3.021608111486203569e-17 3.677448258619675221e-17
5.822230318000000261e+04 9.235572124492680319e-17 nan 1.009590217839959176e-16 3.133080846808676092e-17 nan 3.639173957433938155e-17
5.798614471000000049e+04 9.154048603742534687e-17 9.503817217882557048e-17 1.005168638913074481e-16 2.350229356848861203e-17 2.332260570778004197e-17 2.770530913240662697e-17
5.792331785400000081e+04 nan nan 9.326463620432267507e-17 nan nan 2.875768614578689078e-17
5.828632394200000272e+04 9.174780483415812955e-17 9.682034624803304954e-17 1.024826843291858435e-16 3.057115716035861610e-17 3.092089649964088595e-17 3.640768886139061699e-17
5.771210198400000081e+04 1.056104011387740696e-16 1.093960175284023230e-16 1.104099319693730358e-16 2.950076952531027366e-17 2.920671323841174468e-17 3.351334091701233068e-17
5.806805324400000245e+04 8.883877491299999795e-17 8.904182055508411424e-17 9.788983202088273307e-17 2.456011332454089913e-17 2.353791203462551685e-17 2.885979424502116568e-17
