5.751570147749999887e+04 6.526625109299999746e-15 0.000000000000000000e+00
5.752880217969999649e+04 6.622129483340000274e-15 0.000000000000000000e+00
5.754654374590000225e+04 6.832593382100000033e-15 0.000000000000000000e+00
5.755510716469999898e+04 6.592511418269999687e-15 0.000000000000000000e+00
5.756081761169999663e+04 6.429259285670000078e-15 0.000000000000000000e+00
5.756913784109999688e+04 6.707170709190000339e-15 0.000000000000000000e+00
5.758320904899999732e+04 6.735497768889999638e-15 0.000000000000000000e+00
5.759646287049999955e+04 6.504858158289999717e-15 0.000000000000000000e+00
5.763483500279999862e+04 6.772216363489999620e-15 0.000000000000000000e+00
5.766756874419999804e+04 7.049347179120000190e-15 0.000000000000000000e+00
5.769097572229999787e+04 7.192483646639999825e-15 0.000000000000000000e+00
5.770063124160000007e+04 6.626227674800000113e-15 0.000000000000000000e+00
5.771930278199999884e+04 6.855846490450000386e-15 0.000000000000000000e+00
5.772482858529999794e+04 7.085885633440000393e-15 0.000000000000000000e+00
5.774072821709999698e+04 7.219669817870000676e-15 0.000000000000000000e+00
5.774992888210000092e+04 7.622253329780000644e-15 0.000000000000000000e+00
5.776306561230000079e+04 7.641017942719999539e-15 0.000000000000000000e+00
5.777606273389999842e+04 7.957149129880000543e-15 0.000000000000000000e+00
5.779095583189999888e+04 8.234850389740000142e-15 0.000000000000000000e+00
5.779939765590000025e+04 8.253765119590000688e-15 0.000000000000000000e+00
5.781721127829999750e+04 8.310749496170000327e-15 0.000000000000000000e+00
5.784534018369999831e+04 8.396181025970000432e-15 0.000000000000000000e+00
5.787628152920000139e+04 8.491114955769999963e-15 0.000000000000000000e+00
5.788721604449999722e+04 9.200597465279999984e-15 0.000000000000000000e+00
5.789190644710000197e+04 9.210039818509999620e-15 0.000000000000000000e+00
5.790315170439999929e+04 9.257641888619999811e-15 0.000000000000000000e+00
5.790776104389999819e+04 9.439748704300000176e-15 0.000000000000000000e+00
5.791712833870000031e+04 9.487410821180000157e-15 0.000000000000000000e+00
5.792359762670000055e+04 9.707827470639999970e-15 0.000000000000000000e+00
5.793108245549999992e+04 9.765142104410000249e-15 0.000000000000000000e+00
5.794516717390000122e+04 9.764691753699999231e-15 0.000000000000000000e+00
5.795359548750000249e+04 9.812383893959999306e-15 0.000000000000000000e+00
5.798551184230000217e+04 9.830548039289999866e-15 0.000000000000000000e+00
5.802587002129999746e+04 9.867626914459999794e-15 0.000000000000000000e+00
5.805309597349999967e+04 9.876348706560000718e-15 0.000000000000000000e+00
5.806173595190000196e+04 9.473194750409999752e-15 0.000000000000000000e+00
5.806746891640000104e+04 9.261980267129999218e-15 0.000000000000000000e+00
5.807878172630000336e+04 9.165695285199999788e-15 0.000000000000000000e+00
5.808632059719999961e+04 9.107900277339999974e-15 0.000000000000000000e+00
