5.793308969999999681e+04 4.035808206111901768e+02 6.215288472350184446e-01 2.613708327386546001e-02 7.829551359641521158e-01
5.831410053799999878e+04 2.762096702854852879e+02 5.339481311256728535e-01 4.508855201821853481e-02 8.443141688638783338e-01
5.826023271999999997e+04 8.539970556446856165e+01 3.147378895671979482e-01 2.587675164423693802e-02 9.488258294308439256e-01
5.807925367800000095e+04 3.475639951224748643e+02 5.864898007169236926e-01 2.639855140949630766e-02 8.095262998436204560e-01
5.807036049600000115e+04 3.726750348029893303e+02 6.027746665170466978e-01 2.597293545107074234e-02 7.974886256425965936e-01
5.790323610400000325e+04 3.428200908999725698e+02 5.833039041624424881e-01 2.605442284946751785e-02 8.118360194268502417e-01
5.817536559999999736e+04 2.950437781733863289e+02 5.489160446007309568e-01 2.959729962033112727e-02 8.353533239504543628e-01
5.792505683999999746e+04 4.585019154785809405e+02 6.518227146279662598e-01 2.409387714723159810e-02 7.579885446225709256e-01
5.774122727999999915e+04 3.340895137777307013e+02 5.773721763361218118e-01 2.163050175698109923e-02 8.161945181062119081e-01
5.822235176399999909e+04 3.032459297273983339e+02 5.551129783900190517e-01 3.055600482141273069e-02 8.312135175707359158e-01
5.756209302400000161e+04 3.382899182155964013e+02 5.802729418058376609e-01 1.985779420467918138e-02 8.141799438805426004e-01
5.770134986000000208e+04 3.429448525708062903e+02 5.833798203008063732e-01 2.695894750607713899e-02 8.117519328065461170e-01
5.809433256599999731e+04 3.620020472056650647e+02 5.959975646515316416e-01 2.345461402986409247e-02 8.026436220453966319e-01
5.806233058400000300e+04 3.519125217192590185e+02 5.894293475567552454e-01 2.057848665868343765e-02 8.075577812922467569e-01
5.829517675400000007e+04 2.649119544439741958e+02 5.249284197560579734e-01 2.315909122512696192e-02 8.508312468557053254e-01
5.830709644200000184e+04 2.755396682470291694e+02 5.335686848510967639e-01 3.163995953257142668e-02 8.451647008169759223e-01
5.758399295800000255e+04 3.302649579362180248e+02 5.746035099514225086e-01 3.348031726082283804e-02 8.177468280021757963e-01
5.814732443000000058e+04 3.268778639264695585e+02 5.723580980943556717e-01 1.934514841559024576e-02 8.197755624429108323e-01
5.794902188600000227e+04 3.191120849835220952e+02 5.667184965337311864e-01 3.279067769602091176e-02 8.232587182306563278e-01
5.815434798400000000e+04 1.443614735118494252e+02 4.019355788803269935e-01 2.253847569795980679e-02 9.153905218776021702e-01
5.827812330800000200e+04 1.898220254526609381e+02 4.544875028861782851e-01 3.392710897478517368e-02 8.901067694366217031e-01
5.816135214599999745e+04 3.031090441936649995e+02 5.550572679570144885e-01 2.547353717853020894e-02 8.314219916454633763e-01
5.820532968200000323e+04 2.955338663367108438e+02 5.493393826000675384e-01 2.398961256650439938e-02 8.352548959530171624e-01
5.751604065599999740e+04 3.476272125752530542e+02 5.865296756990430183e-01 2.665074277934812927e-02 8.094891459640977116e-01
5.785705604199999652e+04 1.655294816150125428e+02 4.275546488005391166e-01 3.418020905456460590e-02 9.033430885317238479e-01
5.789498652399999992e+04 4.573481082928084334e+02 6.512046940669259376e-01 2.588634566835527895e-02 7.584605088817345520e-01
5.787822224200000346e+04 4.861190690242951291e+02 6.657375985948301711e-01 2.473458742333102534e-02 7.457758711584778766e-01
5.816835636199999863e+04 3.068135737170517245e+02 5.577972252157945565e-01 2.777112442440938730e-02 8.295125196100202603e-01
5.828621672599999874e+04 2.598755761398042523e+02 5.206916156582557242e-01 2.508638680952270800e-02 8.533761858524282484e-01
5.781718901400000323e+04 3.246890247129533122e+02 5.707349912278331105e-01 2.883823825386833475e-02 8.206277632413969680e-01
5.759101594399999885e+04 5.744353391379175946e+02 7.052671596697389633e-01 3.039390914805945726e-02 7.082898021135688449e-01
5.791804831600000034e+04 2.179561006107108483e+02 4.828794673215579536e-01 3.229546991015536106e-02 8.750910939225301499e-01
5.786411109399999987e+04 3.010287031292809843e+02 5.534763855656308351e-01 2.764899592229210293e-02 8.324058046684287282e-01
5.819022746599999664e+04 2.758065169321388908e+02 5.338542583515401008e-01 2.345866669384746514e-02 8.452510406955284772e-01
5.772634267800000089e+04 3.519666159330948858e+02 5.894333510546672095e-01 2.452520829282478151e-02 8.074446351438958613e-01
5.771924844599999778e+04 3.164694148266298157e+02 5.648774603518109672e-01 2.651935386377435311e-02 8.247485548075462747e-01
5.778635191399999894e+04 3.374921424993797245e+02 5.796111818445273123e-01 3.251619333671921380e-02 8.142441740974750708e-01
5.811735473800000182e+04 3.338379869232300621e+02 5.771965613538299067e-01 2.185790995465668879e-02 8.163126615052155310e-01
5.796499347000000125e+04 1.711166446579045441e+02 4.339609590416907414e-01 3.552950428322202564e-02 9.002308261512735887e-01
5.824427531799999997e+04 2.710187127703895271e+02 5.298754127991268659e-01 3.361593395710879562e-02 8.474090015424348143e-01
5.813236658400000306e+04 3.169116722326791091e+02 5.652307803207701209e-01 2.241604833950364140e-02 8.246282106227110775e-01
5.777233883400000195e+04 3.122662479435679757e+02 5.617823862256458023e-01 3.069628818862118330e-02 8.267153611842834593e-01
5.819815408200000093e+04 2.907618780691096276e+02 5.456618646787004812e-01 2.493144357433615607e-02 8.376344981891943320e-01
5.769338653799999884e+04 3.321230318931445140e+02 5.759176611950821423e-01 3.162667745254844204e-02 8.168957098656468574e-01
5.776435761199999979e+04 3.605108523382458543e+02 5.950168382805365308e-01 2.535002045787103711e-02 8.033133502098788181e-01
5.808635601399999723e+04 3.620816288341831637e+02 5.959474902174634048e-01 3.330695812224641200e-02 8.023323721776089990e-01
5.810934280600000056e+04 3.263847431694103989e+02 5.719977502168573924e-01 2.122021775130948987e-02 8.199806559336875189e-01
5.773335532799999783e+04 3.359508898474350644e+02 5.786323363895673477e-01 2.454002780556904795e-02 8.152192381928020648e-01
5.825322852599999896e+04 2.982667742018205672e+02 5.513842524177887672e-01 2.820178854876868521e-02 8.337745890277099559e-01
5.812536244599999918e+04 3.341858913147490853e+02 5.774128581493138679e-01 2.484793698944105442e-02 8.160741211870458089e-01
5.752321354799999972e+04 9.276981234994566705e+01 3.272954901523247306e-01 2.703305732828662974e-02 9.445352698218500986e-01
5.794201764199999889e+04 1.781073391488820619e+02 4.417741348464470086e-01 3.800375206229082703e-02 8.963209964124801976e-01
5.818236980000000040e+04 3.165422251537656280e+02 5.648239002686660237e-01 3.653073960771937440e-02 8.244024907464830854e-01
5.805532506200000353e+04 3.683877124363732491e+02 5.999945104247833561e-01 3.246914358127854505e-02 7.993449456744083914e-01
5.780125464600000123e+04 3.144330189719684654e+02 5.633650277744922663e-01 3.033981725949788655e-02 8.256508590011312210e-01
5.814031465800000296e+04 3.417000121441393503e+02 5.826049055315717373e-01 1.844181913698759306e-02 8.125462592108015913e-01
5.753021771799999988e+04 3.645241824287592749e+02 5.975625606136999446e-01 2.943818208802824465e-02 8.012817105039589105e-01
5.774928212199999689e+04 3.438925651783051194e+02 5.840357689751431991e-01 2.521085942580183342e-02 8.113363255300638510e-01
5.795602603000000090e+04 4.147159450029507184e+02 6.279430008854821610e-01 2.842212438229046317e-02 7.777401690053901140e-01
5.754706852200000139e+04 3.403901963175982246e+02 5.816713394624067890e-01 2.429701714420590131e-02 8.130609496254901369e-01
5.780936719199999789e+04 2.821403624055096770e+02 5.388778135822075432e-01 2.856737350331981992e-02 8.418994044421111989e-01
5.791098435800000152e+04 4.141497763958132623e+02 6.275980012418230780e-01 3.029659459850325351e-02 7.779478550603521336e-01
5.822935917999999947e+04 2.818350415205952118e+02 5.386135516908916454e-01 3.092934394750644633e-02 8.419850459585965785e-01
5.756911854999999923e+04 3.029780591832198979e+02 5.549327929911792578e-01 2.845425199550747491e-02 8.314084139617455849e-01
5.779425045400000090e+04 3.239384918728619027e+02 5.702428872857582265e-01 2.448123207634161566e-02 8.211112706424302798e-01
5.775723262200000318e+04 3.674905979366215547e+02 5.994675479544521179e-01 2.855900263764157843e-02 7.998893938025555261e-01
5.788727394199999981e+04 2.518874089763032202e+02 5.137968566530186632e-01 3.299542660223186985e-02 8.572771383378972043e-01
5.759899491000000125e+04 3.576993590998415016e+02 5.930760589105117386e-01 3.570427695341062135e-02 8.043543951234489731e-01
