5.771924791943289893e+04 nan 5.138517153935614676e-16 5.144561517882469416e-17 nan 3.112275157753622348e-17 3.038951280138471022e-17
5.830709796201389690e+04 nan 4.615852196893341955e-16 nan nan 3.293625266220072468e-17 nan
5.778635548760420352e+04 nan 6.494834480880906035e-16 nan nan 3.523896595510819066e-17 nan
5.796499498196759669e+04 nan 6.743270954625588317e-16 nan nan 5.363888944821595329e-17 nan
5.832110434920139960e+04 nan nan nan nan nan nan
5.758399447690969828e+04 nan nan nan nan nan nan
5.750802856400459859e+04 nan 4.940303706563957720e-16 nan nan 2.165804707085390572e-17 nan
5.769338602006940346e+04 nan nan nan nan nan nan
5.778635344240740233e+04 nan 6.518861759257286931e-16 nan nan 3.533222849243562492e-17 nan
5.814031619839119958e+04 nan 4.815019203066543769e-16 nan nan 2.523892451206321491e-17 nan
5.781719053767360310e+04 nan 5.776445143996568638e-16 nan nan 3.075577455587852331e-17 nan
5.822235540826390206e+04 nan 4.948217160949838117e-16 nan nan 3.383122665222634027e-17 nan
5.786411466642360028e+04 nan 7.266294261572105720e-16 nan nan 4.046525282063886202e-17 nan
5.777934957790510089e+04 nan 5.886971164910723503e-16 nan nan 3.507649022717222997e-17 nan
5.775723621420140262e+04 nan 5.627877859946276051e-16 5.170659729444641148e-17 nan 2.768674164205432755e-17 2.623940900221222119e-17
5.813236604783560324e+04 nan 4.968792360229966359e-16 4.720089554942718743e-17 nan 2.815441567658793376e-17 2.667308326004999503e-17
5.773335891081020236e+04 nan 5.567225064615691860e-16 5.053939046864997749e-17 nan 2.811045456560700063e-17 2.618826582198961011e-17
5.816135163695600204e+04 nan 4.699213741967742342e-16 nan nan 2.655369126869677918e-17 nan
5.827812689575229888e+04 nan 4.780899137454333435e-16 5.167512595187490548e-17 nan 3.698210721258140270e-17 3.541064286262720494e-17
5.758399242811340082e+04 nan nan nan nan nan nan
5.770134931630789652e+04 nan 5.781595291530522067e-16 nan nan 3.002010616091259276e-17 nan
5.808635550745369983e+04 nan 5.046858106567544988e-16 4.707181251118492003e-17 nan 2.762103116592696584e-17 2.597024506983726611e-17
5.781718846579860110e+04 nan 5.804370519811632827e-16 nan nan 3.096282534826414148e-17 nan
5.819815560798609658e+04 nan 5.503775379604935413e-16 nan nan 3.238846170996008099e-17 nan
5.780125410884260054e+04 nan 5.239857968644500978e-16 4.964239813037773618e-17 nan 3.046705091612820482e-17 2.849453525058837676e-17
5.789499009097219823e+04 nan 6.420854123222209106e-16 5.696977463910172729e-17 nan 2.730248419384348943e-17 2.562842270781208470e-17
5.772634621746530320e+04 nan 5.200126644284210261e-16 nan nan 2.551299994175892914e-17 nan
5.809433205741900019e+04 nan nan nan nan nan nan
5.818236926697919989e+04 nan 4.817595166894880686e-16 4.988823901172269212e-17 nan 3.324020588946198105e-17 3.215677522722728196e-17
5.756209248620369908e+04 nan 4.106262702470366338e-16 3.933550300212761491e-17 nan 2.253381853134639616e-17 2.197145659210752044e-17
5.812536396336810139e+04 nan 6.080257164553343048e-16 nan nan 3.324219053333595166e-17 nan
5.829517830981480074e+04 nan nan nan nan nan nan
5.827022672664350102e+04 nan nan nan nan nan nan
5.771136301688660024e+04 nan 5.002203059719620446e-16 5.410173049274463109e-17 nan 3.840639352189167448e-17 3.701608774243845624e-17
5.817536505616900104e+04 nan nan nan nan nan nan
5.785705753340280353e+04 nan nan nan nan nan nan
5.826023217620370269e+04 nan 4.632936916886750048e-16 nan nan 5.667166683744903763e-17 nan
5.751604011126160185e+04 nan 4.908980510313457088e-16 4.481112804787640488e-17 nan 2.404113270968857266e-17 2.281347752528170451e-17
5.812536191586810310e+04 nan 6.081422092288178166e-16 nan nan 3.322609540115478316e-17 nan
5.794201711207180051e+04 nan nan nan nan nan nan
5.818237133792819805e+04 nan 4.815794256262084686e-16 4.943240132843045124e-17 nan 3.289372484247689352e-17 3.166846804572632937e-17
5.807925519999999960e+04 nan 4.844481809480848324e-16 4.805236159121184928e-17 nan 3.142540284197990020e-17 2.969646768703166868e-17
5.777934750718750001e+04 nan 5.935280860109800288e-16 nan nan 3.518526271409572888e-17 nan
5.832110642223380273e+04 nan nan nan nan nan nan
5.759101543976849644e+04 nan nan nan nan nan nan
5.774928569214120216e+04 nan 5.458888801743759145e-16 4.954061980462048301e-17 nan 2.748248932420348093e-17 2.559257421472620744e-17
5.806233210521990259e+04 nan 4.373738858266404262e-16 nan nan 3.194935331016297203e-17 nan
5.772634417016200314e+04 nan 5.216078244259973004e-16 nan nan 2.559448179568496698e-17 nan
5.817536914803239779e+04 nan nan nan nan nan nan
5.780125822796300054e+04 nan 5.364881578904810236e-16 5.019992287093508980e-17 nan 3.050553620209423789e-17 2.834293574002854497e-17
5.823726035914350359e+04 nan nan nan nan nan nan
5.792505839787040168e+04 nan nan nan nan nan nan
5.812536600854169956e+04 nan 6.132184666998989243e-16 nan nan 3.379006129699358835e-17 nan
5.795602964086810243e+04 nan 6.901315941614106279e-16 nan nan 3.314258724409896763e-17 nan
5.780936665247679775e+04 nan nan nan nan nan nan
5.780125618298610061e+04 nan 5.290895887256004926e-16 4.996925849751623504e-17 nan 3.061040601993794345e-17 2.857244456012847084e-17
5.809433617457179935e+04 nan nan nan nan nan nan
5.771135891380789690e+04 nan nan nan nan nan nan
5.794202124114579783e+04 nan nan nan nan nan nan
5.789498804668980301e+04 nan 6.400634178620111955e-16 5.645924519458453271e-17 nan 2.758040016963619455e-17 2.566099044038014695e-17
5.805532867262729997e+04 nan nan nan nan nan nan
5.790323764157410187e+04 nan nan nan nan nan nan
5.830710000846059847e+04 nan 4.582498239800205332e-16 nan nan 3.277973876804422303e-17 nan
5.824427684101850173e+04 nan 4.772131645071408479e-16 nan nan 8.230710228957100042e-17 nan
5.755422042105319997e+04 nan 4.193591076734458981e-16 nan nan 6.147507541412143335e-17 nan
5.753021721699069894e+04 nan 4.772472296631345226e-16 4.686583227869312438e-17 nan 2.698165981564244817e-17 2.662539934573008668e-17
5.811735631356480008e+04 nan 6.351807634325960557e-16 nan nan 3.310124752321381126e-17 nan
5.754706797363430087e+04 nan 5.016776428531500808e-16 nan nan 2.682028911538540857e-17 nan
5.780936871119210264e+04 nan nan nan nan nan nan
5.822936072609949770e+04 nan 4.853052228682064123e-16 nan nan 3.789055133346972711e-17 nan
5.793309119048609864e+04 nan 6.548967505295217441e-16 nan nan 3.328266283845435256e-17 nan
5.791098384990740306e+04 nan 5.812033518607238318e-16 nan nan 2.701039645799876370e-17 nan
5.754707007224539848e+04 nan 4.909363861817102894e-16 nan nan 2.584341699655030675e-17 nan
5.817536710152780142e+04 nan nan nan nan nan nan
5.759899435380790237e+04 nan 4.259280538230844684e-16 3.904901418446036707e-17 nan 2.131251252011787179e-17 2.032969154916596629e-17
5.776436118144680222e+04 nan 6.371879944753350926e-16 nan nan 3.255456665225689958e-17 nan
5.816835994937500072e+04 nan nan nan nan nan nan
5.829518035386569682e+04 nan nan nan nan nan nan
5.816135376030090265e+04 nan 4.710571739893102469e-16 nan nan 2.634752930611598197e-17 nan
5.794201918894679693e+04 nan nan nan nan nan nan
5.750803268356480112e+04 nan 4.948666586118251975e-16 nan nan 2.155918946838875941e-17 nan
5.791098589741899923e+04 nan 5.797762035073352618e-16 nan nan 2.730549981485122712e-17 nan
5.824427479357639822e+04 nan 4.988108703061723543e-16 nan nan 7.783232030067750273e-17 nan
5.769338806991899764e+04 nan nan nan nan nan nan
5.788727339337959711e+04 nan 6.066866899697862407e-16 nan nan 4.422172704303374301e-17 nan
5.756912210134259658e+04 nan nan nan nan nan nan
5.805532662721059751e+04 nan nan nan nan nan nan
5.807925724394679855e+04 nan 4.858674325734096341e-16 4.759838443476098433e-17 nan 3.135745920967326257e-17 2.930768902810809786e-17
5.819022900959489925e+04 nan nan nan nan nan nan
5.791805190278939699e+04 nan 6.031593572605827275e-16 nan nan 3.175982388448342156e-17 nan
5.819022696206020191e+04 nan nan nan nan nan nan
5.773335686430559872e+04 nan 5.567139361714875428e-16 5.046891100472743117e-17 nan 2.759024957380282132e-17 2.578101518014605643e-17
5.793309323693290207e+04 nan 6.552972016441912597e-16 nan nan 3.305905683652751101e-17 nan
5.775723414351850079e+04 nan 5.636821421960641497e-16 5.176664629988214732e-17 nan 2.783790587378261469e-17 2.634139703275353312e-17
5.752321513501159643e+04 nan 4.483609341763414361e-16 nan nan 3.995009781203833934e-17 nan
5.822235336199070298e+04 nan 5.065536516120414515e-16 nan nan 3.441118848159442460e-17 nan
5.814031824292820238e+04 nan 4.791728405711288224e-16 nan nan 2.508698899927426630e-17 nan
5.752321720414349693e+04 nan 4.551017507252954993e-16 nan nan 5.187406764446325950e-17 nan
5.820532913385419670e+04 nan nan nan nan nan nan
5.822936277232639986e+04 nan 4.861790348677088346e-16 nan nan 3.824454284962184838e-17 nan
5.832900588675930339e+04 nan 4.122631623006163825e-16 4.245443122436966435e-17 nan 2.856350420001182929e-17 2.750281363126997994e-17
5.770135136431710271e+04 nan 5.714693278005589808e-16 nan nan 2.950032248642091420e-17 nan
5.827022465368059784e+04 nan nan nan nan nan nan
5.829517626560189819e+04 nan nan nan nan nan nan
5.759101953285880154e+04 nan nan nan nan nan nan
5.774928157427079714e+04 nan 5.476725090434309391e-16 5.039684430226974655e-17 nan 2.820905602398465513e-17 2.648053588777390004e-17
5.770135341181710100e+04 nan 5.703328030355580913e-16 nan nan 2.922449755324246665e-17 nan
5.831410002775459725e+04 nan 4.174701888885370631e-16 nan nan 3.166363378028107765e-17 nan
5.794902547202550340e+04 nan 6.831205773683886549e-16 nan nan 4.018727884745084368e-17 nan
5.816135583026619861e+04 nan 4.653573791393542423e-16 nan nan 2.604648153926216482e-17 nan
5.790323971211809840e+04 nan nan nan nan nan nan
5.759101748648149805e+04 nan nan nan nan nan nan
5.774928362151620240e+04 nan 5.436079776594651173e-16 4.939286390469153328e-17 nan 2.739693756416599416e-17 2.554302831412412798e-17
5.788727751406250172e+04 nan 6.083410336760975895e-16 nan nan 6.041070960907301411e-17 nan
5.819023105809029948e+04 nan nan nan nan nan nan
5.775723207074069796e+04 nan 5.475797496453981101e-16 4.990003578044225649e-17 nan 2.751137570728249532e-17 2.574158808574876585e-17
5.826023422604169900e+04 nan 5.191095003213289407e-16 nan nan 2.272492985824826976e-16 nan
5.787822169053240214e+04 nan 6.383661317740696489e-16 nan nan 2.682658683589124792e-17 nan
5.771925203789350053e+04 nan 5.178732233049635122e-16 4.991165540283233700e-17 nan 2.995262562494523002e-17 2.855147840700501191e-17
5.805532454843750020e+04 nan nan nan nan nan nan
5.759899642730320193e+04 nan 4.285928066508532755e-16 3.951684007662752747e-17 nan 2.123570908634510821e-17 2.042546048958847018e-17
5.777234032824070164e+04 nan nan nan nan nan nan
5.774122674336809723e+04 nan nan nan nan nan nan
5.756209453456020128e+04 nan 4.119369915139794274e-16 3.948467151184833792e-17 nan 2.244585681687795202e-17 2.194473178215475120e-17
5.794902342686340126e+04 nan 6.757276416312056609e-16 nan nan 3.994330733288290884e-17 nan
5.793308914398150227e+04 nan 6.547039961328494609e-16 nan nan 3.355133285021773696e-17 nan
5.815435159636569733e+04 nan 4.128302438343082771e-16 nan nan 3.837103951419602826e-17 nan
5.808635959826390172e+04 nan 4.942411796160970983e-16 4.699970088096636123e-17 nan 2.879781532117847425e-17 2.714804592730303768e-17
5.758399652326390060e+04 nan nan nan nan nan nan
5.779425399725689931e+04 nan 6.412002585168229706e-16 nan nan 3.742300592957816714e-17 nan
5.777934543577550357e+04 nan 5.980596612904809507e-16 nan nan 3.553369114998933218e-17 nan
5.795602759527780290e+04 nan 6.906680123321792124e-16 nan nan 3.333075053697629739e-17 nan
5.777234237812500214e+04 nan nan nan nan nan nan
5.752321306202549749e+04 nan 4.436688383530375318e-16 nan nan 6.209861776780204725e-17 nan
5.824427891273149726e+04 nan 5.095570411891932023e-16 nan nan 8.252726163868581421e-17 nan
5.819815355579859897e+04 nan 5.532315080287361352e-16 nan nan 3.264889276245185404e-17 nan
5.825323209668979689e+04 nan 4.541205066229055732e-16 4.622234444093131725e-17 nan 2.877191986181142926e-17 2.824815261823315024e-17
5.786411054701390094e+04 nan 7.255599052895524974e-16 nan nan 4.044760485926120201e-17 nan
5.832900381342590117e+04 nan 4.151066805477543562e-16 4.289807829233958998e-17 nan 2.857811122722990130e-17 2.768091576672152620e-17
5.816835585621529754e+04 nan nan nan nan nan nan
5.753022130751160148e+04 nan 4.708929582571884413e-16 4.626677441470087895e-17 nan 2.685266195752552145e-17 2.645707907013022466e-17
5.769131833840280160e+04 nan nan nan nan nan nan
5.796499702621530014e+04 nan 6.447416984558844433e-16 nan nan 1.371504182306718071e-16 nan
5.790323556789349823e+04 nan nan nan nan nan nan
5.807925312800930260e+04 nan 4.912270369271315159e-16 4.904459296847299570e-17 nan 3.241576383602209246e-17 3.061704525002417693e-17
5.823725831040510093e+04 nan nan nan nan nan nan
5.814732800942129688e+04 nan 4.891009583252608455e-16 4.622092392577533880e-17 nan 2.669798872193973968e-17 2.547146894994442759e-17
5.787822373693290137e+04 nan 6.370728592275080512e-16 nan nan 2.668886235656014316e-17 nan
5.828621623447920138e+04 nan nan nan nan nan nan
5.769131626776619669e+04 nan nan nan nan nan nan
5.794902135501160228e+04 nan 6.838322090922085583e-16 nan nan 4.109926611257720214e-17 nan
5.826023629657409765e+04 nan 5.437942108192811945e-16 nan nan 2.704954844241906859e-16 nan
5.811735423478009761e+04 nan 6.398070343250690281e-16 nan nan 3.325112391872719621e-17 nan
5.774123162674769992e+04 nan nan nan nan nan nan
5.785705548473379895e+04 nan 6.014636285937456394e-16 7.515741848137515563e-17 nan 5.948463424299846111e-17 5.762027838053539179e-17
5.788727544106479763e+04 nan 6.085567031845435902e-16 nan nan 4.168919445625799444e-17 nan
5.814031412269680004e+04 nan 4.824215466796458694e-16 nan nan 2.536306394561862485e-17 nan
5.809433412939820118e+04 nan nan nan nan nan nan
5.815434955232639913e+04 nan 4.253633779266323038e-16 nan nan 4.566386594739208705e-17 nan
5.776435913623840315e+04 nan 6.389283080285973711e-16 nan nan 3.265867568607502409e-17 nan
5.813237014164349966e+04 nan 4.951796534109331420e-16 4.700758089820774092e-17 nan 2.843071649392504347e-17 2.681620071910946717e-17
5.769339011508099793e+04 nan nan nan nan nan nan
5.820533120576389774e+04 nan nan nan nan nan nan
5.780937075761570304e+04 nan nan nan nan nan nan
5.789498600013890245e+04 nan 6.368067572976597218e-16 5.597531454901729720e-17 nan 2.745750890714007123e-17 2.545608021344332023e-17
5.818237350934030110e+04 nan 4.889131436462443956e-16 4.972264469761183055e-17 nan 3.354169007886541633e-17 3.190783978257308911e-17
5.786411259569440153e+04 nan 7.328100674045176146e-16 nan nan 4.069110198176679567e-17 nan
5.820533327646990074e+04 nan nan nan nan nan nan
5.822935865428239777e+04 nan 4.890757821940784803e-16 nan nan 3.767452622754901478e-17 nan
5.755421627608800191e+04 nan nan nan nan nan nan
5.754707211745370296e+04 nan 4.910229880707564390e-16 nan nan 2.603163350369764763e-17 nan
5.827812278018520010e+04 nan 4.837167727225488912e-16 5.318580917481487647e-17 nan 3.863215581411824580e-17 3.705604266446978494e-17
5.813236809641199943e+04 nan 4.961387830146250808e-16 4.697281018311680424e-17 nan 2.818941185246476131e-17 2.659547273046363529e-17
5.825323005146990181e+04 nan 4.603330740332592104e-16 4.655703244905343059e-17 nan 2.888573504619583960e-17 2.826117127186994916e-17
5.831410207297449961e+04 nan 4.140854994627445167e-16 nan nan 3.152969362410077993e-17 nan
5.756912005475690239e+04 nan nan nan nan nan nan
5.779424990355320188e+04 nan 6.490921385946049248e-16 nan nan 3.813693859537634001e-17 nan
5.811735835869210132e+04 nan 6.359885764503239953e-16 nan nan 3.312398318948616220e-17 nan
5.832900795686340280e+04 nan 4.119566321372890108e-16 4.238908730378119243e-17 nan 2.880316621713269980e-17 2.760844418422941281e-17
5.791098794153940253e+04 nan 5.859803617593306490e-16 nan nan 2.672835222557528331e-17 nan
5.777233828069439915e+04 nan nan nan nan nan nan
5.831410411701389967e+04 nan 4.104937677280390812e-16 nan nan 3.143320186821542922e-17 nan
5.827812482775459648e+04 nan 4.808661223369635235e-16 5.172311245065823516e-17 nan 3.692867434503209999e-17 3.529644283195653433e-17
5.806233414921299845e+04 nan 4.359505102741626624e-16 nan nan 3.130505550846763689e-17 nan
5.819815770527780114e+04 nan 5.425423459038874830e-16 nan nan 3.138534065266909681e-17 nan
5.771136096131939848e+04 nan 5.002650731539103139e-16 6.695283085745940304e-17 nan 5.699168026891797002e-17 5.450488156838831719e-17
5.769131419668979652e+04 nan nan nan nan nan nan
5.753021926346060354e+04 nan 4.691807630712263342e-16 4.644663957394781412e-17 nan 2.672525223137307238e-17 2.654953676768172453e-17
5.771924999274309812e+04 nan 5.176326030607602133e-16 5.009314156785801631e-17 nan 3.035858329590243603e-17 2.892654804462330280e-17
5.750803061267360317e+04 nan 4.939094410338869945e-16 nan nan 2.180281096483240064e-17 nan
5.832110846770829812e+04 nan nan nan nan nan nan
5.807035998547449708e+04 nan 5.194724558381819583e-16 nan nan 3.206140300980212173e-17 nan
5.791804778619210265e+04 nan 6.034250166739793438e-16 nan nan 4.231973772544359771e-17 nan
5.792505632480319764e+04 nan nan nan nan nan nan
5.795602554311339918e+04 nan 6.900082164727961812e-16 nan nan 3.323187814373248869e-17 nan
5.823726240335650073e+04 nan nan nan nan nan nan
5.776435706200230197e+04 nan 6.446749521661473371e-16 nan nan 3.292710565930618333e-17 nan
5.756209657984950172e+04 nan 4.123298805259405751e-16 3.955680128604436002e-17 nan 2.240608223437898361e-17 2.194393849759889815e-17
5.759899847901619796e+04 nan 4.286681457570521212e-16 3.967997611411481059e-17 nan 2.120960459204207493e-17 2.049189596617940058e-17
5.814732594024309947e+04 nan 4.871744697502602155e-16 4.569050155801648917e-17 nan 2.676245763403757264e-17 2.528796085901135121e-17
5.816835790402779821e+04 nan nan nan nan nan nan
5.785705957910879806e+04 nan nan nan nan nan nan
5.806233003357639973e+04 nan 4.326867029325379941e-16 nan nan 3.219994985226136028e-17 nan
5.814732389353009785e+04 nan 4.912413154686075671e-16 4.630686444994569790e-17 nan 2.702422105277919068e-17 2.565216514887048343e-17
5.822235129023149784e+04 nan 5.010399575922150397e-16 nan nan 3.412771097596533092e-17 nan
5.774122955451389862e+04 nan nan nan nan nan nan
5.825322797965280188e+04 nan 4.598436724530083675e-16 4.649714404668422653e-17 nan 2.890004499254497160e-17 2.825344809442087784e-17
5.808635755370370316e+04 nan 5.003444803506370791e-16 4.673691440242126443e-17 nan 2.801264744306247488e-17 2.622203628612226518e-17
5.807036410302080185e+04 nan 5.076484686066361218e-16 nan nan 3.388546514439586479e-17 nan
5.778635136835650337e+04 nan 6.490465344086835701e-16 nan nan 3.527854427715323125e-17 nan
5.792506044400460087e+04 nan nan nan nan nan nan
5.791804983322919725e+04 nan 6.032527853092348379e-16 nan nan 3.621342959110188714e-17 nan
5.773335479246530303e+04 nan 5.548148842884692012e-16 5.041774515288463365e-17 nan 2.737764418543781178e-17 2.567015901375557787e-17
5.756911800738429883e+04 nan nan nan nan nan nan
5.830709591488430306e+04 nan 4.618239021382636566e-16 nan nan 3.292261717559277092e-17 nan
5.779425195087960310e+04 nan 6.465299015180310667e-16 nan nan 3.795420544794573498e-17 nan
5.796499293421299808e+04 nan 6.685609194002353578e-16 nan nan 6.646640261387057302e-17 nan
5.807036205874999723e+04 nan 5.137058858677862126e-16 nan nan 3.260812293961377409e-17 nan
5.827022877195599722e+04 nan nan nan nan nan nan
5.751604420141199807e+04 nan 4.879353395183324250e-16 4.369627972878628473e-17 nan 2.177445433733531193e-17 2.073058808244257377e-17
5.755421834906250297e+04 nan 3.883928556424524281e-16 nan nan 4.859242534179417605e-17 nan
5.772634212504629977e+04 nan 5.264696267401377416e-16 nan nan 2.556845134484524301e-17 nan
5.787822578078699735e+04 nan 6.392148411941074334e-16 nan nan 2.679965327305324518e-17 nan
5.751604215731479781e+04 nan 4.846294713106720265e-16 4.368488515500365878e-17 nan 2.161492888496534472e-17 2.072990056004577473e-17
5.781719258413190255e+04 nan 5.723909192087495861e-16 nan nan 3.049655647054244737e-17 nan
5.815434747914350010e+04 nan 4.424143433379426785e-16 nan nan 5.454434846237367876e-17 nan
