5.758399242811340082e+04 nan nan nan nan nan nan
5.777234032824070164e+04 nan nan nan nan nan nan
5.816835994937500072e+04 nan nan nan nan nan nan
5.791098589741899923e+04 nan 1.613257288626262930e-16 nan nan 5.242666772205544986e-17 nan
5.830710000846059847e+04 nan 1.078065260890235693e-16 nan nan 2.896394504450395620e-17 nan
5.814031619839119958e+04 nan 1.199683877959180445e-16 nan nan 2.856733543032714324e-17 nan
5.777934543577550357e+04 nan 1.994061844271080264e-16 nan nan 6.861175555781297462e-17 nan
5.785705753340280353e+04 nan nan nan nan nan nan
5.755422042105319997e+04 nan 1.438665499402827007e-16 nan nan 9.015884883335986116e-17 nan
5.817536914803239779e+04 nan nan nan nan nan nan
5.819815560798609658e+04 nan 1.786122563197975948e-16 nan nan 4.842299701363684614e-17 nan
5.792505632480319764e+04 nan nan nan nan nan nan
5.794201711207180051e+04 nan nan nan nan nan nan
5.819815355579859897e+04 nan 2.049915988013771175e-16 nan nan 6.770738809596176795e-17 nan
5.824427891273149726e+04 nan 1.729592699708119862e-16 nan nan 1.134215794413389508e-16 nan
5.774122955451389862e+04 nan nan nan nan nan nan
5.832900381342590117e+04 nan 1.293399284111500839e-16 nan nan 4.785122291999754455e-17 nan
5.789498600013890245e+04 nan 1.755477742709187958e-16 nan nan 4.149079341780170177e-17 nan
5.781719053767360310e+04 nan 1.477971008738517290e-16 nan nan 4.551743344033514561e-17 nan
5.807036410302080185e+04 nan 1.927552577236502672e-16 nan nan 7.277933800077033717e-17 nan
5.751604215731479781e+04 nan 1.277424807582040233e-16 nan nan 3.084315372251413080e-17 nan
5.778635548760420352e+04 nan 1.868155668798863336e-16 nan nan 5.755761317985488846e-17 nan
5.759101953285880154e+04 nan nan nan nan nan nan
5.750803268356480112e+04 nan 1.365977614242111053e-16 nan nan 2.981242012981167150e-17 nan
5.769131419668979652e+04 nan nan nan nan nan nan
5.811735631356480008e+04 nan 1.874769158448271891e-16 nan nan 4.011949847192611493e-17 nan
5.777233828069439915e+04 nan nan nan nan nan nan
5.791098384990740306e+04 nan 1.595200723255222728e-16 nan nan 5.189219408003595562e-17 nan
5.807925312800930260e+04 nan 1.687336300565909286e-16 nan nan 5.757582229734579084e-17 nan
5.754707007224539848e+04 nan 1.374152302578743340e-16 nan nan 3.995678080283451653e-17 nan
5.807925724394679855e+04 nan 1.649675534139480333e-16 nan nan 5.463102721637196370e-17 nan
5.809433617457179935e+04 nan nan nan nan nan nan
5.832900588675930339e+04 nan 1.297128421456197912e-16 nan nan 4.781050010910593117e-17 nan
5.816835790402779821e+04 nan nan nan nan nan nan
5.824427479357639822e+04 nan 1.705306880949703397e-16 nan nan 1.179636081460348420e-16 nan
5.830709796201389690e+04 nan 1.128729990225990953e-16 nan nan 3.048419607901908325e-17 nan
5.790323764157410187e+04 nan nan nan nan nan nan
5.795602964086810243e+04 nan 1.764651160322167813e-16 nan nan 3.668127907710932473e-17 nan
5.771924999274309812e+04 nan 1.733497996049394034e-16 nan nan 5.756768759529141586e-17 nan
5.811735423478009761e+04 nan 1.874160220695631477e-16 nan nan 4.057112329787285254e-17 nan
5.808635959826390172e+04 nan 1.476145927184407447e-16 nan nan 5.289286490895959988e-17 nan
5.771136301688660024e+04 nan 1.734013734709176435e-16 nan nan 9.432655210890623269e-17 nan
5.805532867262729997e+04 nan nan nan nan nan nan
5.822936072609949770e+04 nan 1.474965042860762401e-16 nan nan 6.523822489321261433e-17 nan
5.751604420141199807e+04 nan 1.336565090316212221e-16 nan nan 2.951597375490214272e-17 nan
5.787822578078699735e+04 nan 2.121678729160968554e-16 nan nan 4.059321162195346823e-17 nan
5.825323209668979689e+04 nan 1.429911594764582070e-16 nan nan 3.419069609608475569e-17 nan
5.752321720414349693e+04 nan 1.493436301875215449e-16 nan nan 8.056335877412862550e-17 nan
5.759101748648149805e+04 nan nan nan nan nan nan
5.829518035386569682e+04 nan nan nan nan nan nan
5.831410207297449961e+04 nan 1.154877516807908165e-16 nan nan 5.193868499865594323e-17 nan
5.827812689575229888e+04 nan 1.560002332593266710e-16 nan nan 6.063576980875824551e-17 nan
5.781718846579860110e+04 nan 1.479532322717632405e-16 nan nan 4.563053531242620816e-17 nan
5.820533120576389774e+04 nan nan nan nan nan nan
5.808635755370370316e+04 nan 1.473342740661079682e-16 nan nan 5.021338652456062279e-17 nan
5.812536191586810310e+04 nan 2.098480490181246801e-16 nan nan 4.881134590698639435e-17 nan
5.759899642730320193e+04 nan 9.087340167286999947e-17 nan nan 1.953124486426627933e-17 nan
5.776436118144680222e+04 nan 1.911505186955960255e-16 nan nan 4.683313604720433204e-17 nan
5.795602759527780290e+04 nan 1.812116141517324652e-16 nan nan 3.833110070182488097e-17 nan
5.813236604783560324e+04 nan 1.339822272188518500e-16 nan nan 4.092361309736571326e-17 nan
5.794201918894679693e+04 nan nan nan nan nan nan
5.806233414921299845e+04 nan 1.377845354999352388e-16 nan nan 4.654565543190419208e-17 nan
5.756209453456020128e+04 nan 1.151034103712294263e-16 nan nan 2.514061864345089927e-17 nan
5.818236926697919989e+04 nan 1.556489512163367083e-16 nan nan 7.119329234629382053e-17 nan
5.756209657984950172e+04 nan 1.143872164104024447e-16 nan nan 2.337581491314879523e-17 nan
5.780125822796300054e+04 nan 1.292666090518894484e-16 nan nan 5.053450769463133748e-17 nan
5.753021721699069894e+04 nan 1.564203765060964866e-16 nan nan 3.521578488845411567e-17 nan
5.826023629657409765e+04 nan 3.870099267441933673e-16 nan nan 3.669147729585464626e-16 nan
5.831410411701389967e+04 nan 1.231019200791840019e-16 nan nan 5.275628088883644399e-17 nan
5.817536710152780142e+04 nan nan nan nan nan nan
5.794902135501160228e+04 nan 2.192410204102314130e-16 nan nan 8.062706042273363802e-17 nan
5.814031824292820238e+04 nan 1.223128944043399864e-16 nan nan 2.870021297562367324e-17 nan
5.753022130751160148e+04 nan 1.581416448057004200e-16 nan nan 3.622144800166772145e-17 nan
5.769131833840280160e+04 nan nan nan nan nan nan
5.827022465368059784e+04 nan nan nan nan nan nan
5.775723621420140262e+04 nan 1.964553031285315567e-16 nan nan 5.433278488210411900e-17 nan
5.823726240335650073e+04 nan nan nan nan nan nan
5.750802856400459859e+04 nan 1.195671134493869904e-16 nan nan 2.815965726266558030e-17 nan
5.819022900959489925e+04 nan nan nan nan nan nan
5.755421627608800191e+04 nan 1.996149860265319195e-16 nan nan 1.604296512579048442e-16 nan
5.771136096131939848e+04 nan 2.122759999965592357e-16 nan nan 1.527925003698213769e-16 nan
5.796499293421299808e+04 nan 1.695177224177075907e-16 nan nan 6.331011924542367047e-17 nan
5.832110642223380273e+04 nan nan nan nan nan nan
5.822935865428239777e+04 nan 1.455545653683763096e-16 nan nan 6.435227412173447843e-17 nan
5.811735835869210132e+04 nan 1.915066723681615841e-16 nan nan 4.013119961671147842e-17 nan
5.826023217620370269e+04 nan 1.438060018228383661e-16 nan nan 6.930584939577676607e-17 nan
5.825323005146990181e+04 nan 1.404375337160514652e-16 nan nan 3.164168789979302356e-17 nan
5.759899847901619796e+04 nan 9.101563790594781633e-17 nan nan 1.953209609610500729e-17 nan
5.827022877195599722e+04 nan nan nan nan nan nan
5.759101543976849644e+04 nan nan nan nan nan nan
5.788727751406250172e+04 nan 2.360284513762207960e-16 nan nan 1.407074553226259540e-16 nan
5.807036205874999723e+04 nan 1.772306448516520737e-16 nan nan 6.493775873815956547e-17 nan
5.781719258413190255e+04 nan 1.502722705733456193e-16 nan nan 4.524577358126306387e-17 nan
5.819023105809029948e+04 nan nan nan nan nan nan
5.774123162674769992e+04 nan nan nan nan nan nan
5.813236809641199943e+04 nan 1.349319549601537468e-16 nan nan 4.123956318111611141e-17 nan
5.806233003357639973e+04 nan 1.391620012954421715e-16 nan nan 5.126623119751758907e-17 nan
5.754707211745370296e+04 nan 1.391089191632401297e-16 nan nan 4.293166047122175884e-17 nan
5.786411259569440153e+04 nan 2.114912571194568337e-16 nan nan 5.803774705982451541e-17 nan
5.780936665247679775e+04 nan nan nan nan nan nan
5.793308914398150227e+04 nan 2.093136364765245439e-16 nan nan 6.904509160635898168e-17 nan
5.812536396336810139e+04 nan 2.193101493419640147e-16 nan nan 5.189358055098701743e-17 nan
5.818237350934030110e+04 nan 1.511676614538382817e-16 nan nan 7.114891311073297565e-17 nan
5.773335686430559872e+04 nan 1.376352514960295656e-16 nan nan 3.251941695123547140e-17 nan
5.787822373693290137e+04 nan 2.037371267742471614e-16 nan nan 3.828570311723097019e-17 nan
5.752321513501159643e+04 nan 1.434143707393907716e-16 nan nan 6.418399848492455211e-17 nan
5.823725831040510093e+04 nan nan nan nan nan nan
5.791804778619210265e+04 nan 1.820681426896536074e-16 nan nan 5.484273303421692750e-17 nan
5.789499009097219823e+04 nan 1.819920144158811704e-16 nan nan 3.972962883055034001e-17 nan
5.789498804668980301e+04 nan 1.735442327543565710e-16 nan nan 3.881393506237335461e-17 nan
5.786411054701390094e+04 nan 1.975612844170880861e-16 nan nan 5.507876954947890468e-17 nan
5.775723207074069796e+04 nan 1.807351243453652268e-16 nan nan 5.289281076108955083e-17 nan
5.770135341181710100e+04 nan 1.363988560287882822e-16 nan nan 2.635881861689863795e-17 nan
5.777934750718750001e+04 nan 1.924707616138335562e-16 nan nan 6.622858877781987112e-17 nan
5.769131626776619669e+04 nan nan nan nan nan nan
5.805532662721059751e+04 nan nan nan nan nan nan
5.814031412269680004e+04 nan 1.251979777415355889e-16 nan nan 2.953436342765887952e-17 nan
5.774122674336809723e+04 nan nan nan nan nan nan
5.817536505616900104e+04 nan nan nan nan nan nan
5.828621623447920138e+04 nan nan nan nan nan nan
5.787822169053240214e+04 nan 2.030288745317072910e-16 nan nan 3.773639806422715358e-17 nan
5.780125618298610061e+04 nan 1.437329903428286938e-16 nan nan 6.027176190310219056e-17 nan
5.792505839787040168e+04 nan nan nan nan nan nan
5.805532454843750020e+04 nan nan nan nan nan nan
5.827812278018520010e+04 nan 1.516977811586228738e-16 nan nan 6.384027685081303649e-17 nan
5.822936277232639986e+04 nan 1.415471844681123506e-16 nan nan 6.271648058499589382e-17 nan
5.771924791943289893e+04 nan 1.802816438431275371e-16 nan nan 6.389617663761474236e-17 nan
5.813237014164349966e+04 nan 1.281429732708841012e-16 nan nan 4.019703769633641268e-17 nan
5.796499702621530014e+04 nan 2.315963484566387252e-16 nan nan 1.640772192594073029e-16 nan
5.796499498196759669e+04 nan 1.721296822672386337e-16 nan nan 5.126280763790605636e-17 nan
5.824427684101850173e+04 nan 1.960277547109476699e-16 nan nan 1.453315972903872528e-16 nan
5.827022672664350102e+04 nan nan nan nan nan nan
5.831410002775459725e+04 nan 1.231762207804077696e-16 nan nan 5.316571078442473232e-17 nan
5.832110434920139960e+04 nan nan nan nan nan nan
5.778635344240740233e+04 nan 1.976484648729718458e-16 nan nan 5.862764106547733249e-17 nan
5.790323971211809840e+04 nan nan nan nan nan nan
5.822235129023149784e+04 nan 1.425052698839047319e-16 nan nan 5.476380251930566435e-17 nan
5.775723414351850079e+04 nan 1.992676433189944917e-16 nan nan 5.490521123584201204e-17 nan
5.774928569214120216e+04 nan 1.811908667026400636e-16 nan nan 5.469894751632151838e-17 nan
5.786411466642360028e+04 nan 2.098420616368010313e-16 nan nan 5.733305666252914410e-17 nan
5.818237133792819805e+04 nan 1.471634763013490757e-16 nan nan 6.013412195359787307e-17 nan
5.807035998547449708e+04 nan 1.585111928098818626e-16 nan nan 5.954920525944956897e-17 nan
5.772634212504629977e+04 nan 1.330153954618229687e-16 nan nan 3.083068444241817311e-17 nan
5.780125410884260054e+04 nan 1.312968877212784687e-16 nan nan 6.213218664337115949e-17 nan
5.793309119048609864e+04 nan 2.113328238822385126e-16 nan nan 7.001736654904812954e-17 nan
5.829517830981480074e+04 nan nan nan nan nan nan
5.794902342686340126e+04 nan 2.075715594567423377e-16 nan nan 7.735048856764134221e-17 nan
5.753021926346060354e+04 nan 1.600510035600610533e-16 nan nan 3.721189885624327691e-17 nan
5.750803061267360317e+04 nan 1.352516015841649173e-16 nan nan 3.256535105999561909e-17 nan
5.832110846770829812e+04 nan nan nan nan nan nan
5.788727339337959711e+04 nan 2.244295870515562961e-16 nan nan 1.110329074524453158e-16 nan
5.814732594024309947e+04 nan 1.317404590410797030e-16 nan nan 3.653803764470521188e-17 nan
5.769338602006940346e+04 nan 1.982526850612842635e-16 nan nan 1.577053657478722587e-16 nan
5.770134931630789652e+04 nan 1.388792078709399451e-16 nan nan 2.808022073060518108e-17 nan
5.776435913623840315e+04 nan 1.888274269796585446e-16 nan nan 4.442652621002187128e-17 nan
5.815434747914350010e+04 nan 2.041243095714221399e-16 nan nan 1.568841134009696966e-16 nan
5.780937075761570304e+04 nan nan nan nan nan nan
5.788727544106479763e+04 nan 2.063590361796890400e-16 nan nan 8.324081551132681868e-17 nan
5.825322797965280188e+04 nan 1.392692701389842766e-16 nan nan 3.280907757294749938e-17 nan
5.829517626560189819e+04 nan nan nan nan nan nan
5.774928157427079714e+04 nan 1.802603181776056198e-16 nan nan 5.779549307661999427e-17 nan
5.759899435380790237e+04 nan 9.357875964705178378e-17 nan nan 2.369585360688781227e-17 nan
5.820533327646990074e+04 nan nan nan nan nan nan
5.794202124114579783e+04 nan nan nan nan nan nan
5.792506044400460087e+04 nan nan nan nan nan nan
5.771925203789350053e+04 nan 1.703864866851558508e-16 nan nan 5.550387222869635156e-17 nan
5.832900795686340280e+04 nan 1.261402020249523535e-16 nan nan 4.789451298488687821e-17 nan
5.816135163695600204e+04 nan 1.270238035997238924e-16 nan nan 3.721395659774744640e-17 nan
5.785705957910879806e+04 nan nan nan nan nan nan
5.822235336199070298e+04 nan 1.453572813346465311e-16 nan nan 5.423480762108958110e-17 nan
5.770135136431710271e+04 nan 1.317774081608289203e-16 nan nan 2.580645460451441297e-17 nan
5.769339011508099793e+04 nan nan nan nan nan nan
5.769338806991899764e+04 nan nan nan nan nan nan
5.806233210521990259e+04 nan 1.423209592551329188e-16 nan nan 5.066992661359562414e-17 nan
5.776435706200230197e+04 nan 1.888486816104815946e-16 nan nan 4.207471277286775215e-17 nan
5.779424990355320188e+04 nan 2.549493230504794212e-16 nan nan 1.032314739932339908e-16 nan
5.778635136835650337e+04 nan 1.989067325347109235e-16 nan nan 5.960161689939706613e-17 nan
5.820532913385419670e+04 nan nan nan nan nan nan
5.785705548473379895e+04 nan 2.553753712406124719e-16 nan nan 1.773891102372116049e-16 nan
5.755421834906250297e+04 nan 1.215908483474352473e-16 nan nan 6.724176797357903543e-17 nan
5.751604011126160185e+04 nan 1.342126252006623624e-16 nan nan 3.540528145135430954e-17 nan
5.827812482775459648e+04 nan 1.603665821360431748e-16 nan nan 6.004593707429434457e-17 nan
5.779425399725689931e+04 nan 2.476701312978720392e-16 nan nan 9.814399994370314896e-17 nan
5.814732389353009785e+04 nan 1.367467654277900680e-16 nan nan 3.804745011368370658e-17 nan
5.809433412939820118e+04 nan nan nan nan nan nan
5.795602554311339918e+04 nan 1.876434887658638854e-16 nan nan 3.915099238264275829e-17 nan
5.816835585621529754e+04 nan nan nan nan nan nan
5.815435159636569733e+04 nan 1.378888953883089758e-16 nan nan 8.307285559956893929e-17 nan
5.756911800738429883e+04 nan nan nan nan nan nan
5.816135583026619861e+04 nan 1.278551014021618668e-16 nan nan 3.438612925079971459e-17 nan
5.791804983322919725e+04 nan 1.816854083862549185e-16 nan nan 4.936210622578601837e-17 nan
5.794902547202550340e+04 nan 2.097323622035325150e-16 nan nan 7.956294337899533164e-17 nan
5.819022696206020191e+04 nan nan nan nan nan nan
5.830709591488430306e+04 nan 1.068243006409054874e-16 nan nan 2.868499310679291696e-17 nan
5.816135376030090265e+04 nan 1.289769378916058243e-16 nan nan 3.522436727028646388e-17 nan
5.812536600854169956e+04 nan 2.270622219432224956e-16 nan nan 5.778615659898938985e-17 nan
5.756209248620369908e+04 nan 1.061665740782217963e-16 nan nan 2.292068643355031370e-17 nan
5.823726035914350359e+04 nan nan nan nan nan nan
5.809433205741900019e+04 nan nan nan nan nan nan
5.780936871119210264e+04 nan nan nan nan nan nan
5.758399652326390060e+04 nan nan nan nan nan nan
5.777234237812500214e+04 nan nan nan nan nan nan
5.777934957790510089e+04 nan 2.035942106035231653e-16 nan nan 7.070834964366478236e-17 nan
5.793309323693290207e+04 nan 2.015957678143182355e-16 nan nan 6.485458390703684853e-17 nan
5.771135891380789690e+04 nan nan nan nan nan nan
5.772634621746530320e+04 nan 1.240128773351753208e-16 nan nan 3.432325675039750472e-17 nan
5.756912005475690239e+04 nan nan nan nan nan nan
5.826023422604169900e+04 nan 3.231768993582134085e-16 nan nan 3.029131394320774415e-16 nan
5.773335891081020236e+04 nan 1.405778514321131754e-16 nan nan 3.407768398919953299e-17 nan
5.752321306202549749e+04 nan 1.660865865039623805e-16 nan nan 1.056386527352046823e-16 nan
5.822235540826390206e+04 nan 1.412603901023479287e-16 nan nan 5.442312782765445797e-17 nan
5.790323556789349823e+04 nan nan nan nan nan nan
5.773335479246530303e+04 nan 1.399214575758889344e-16 nan nan 3.340149526214174511e-17 nan
5.772634417016200314e+04 nan 1.313249623050524292e-16 nan nan 3.667977881105378064e-17 nan
5.819815770527780114e+04 nan 1.749364172594836246e-16 nan nan 4.648425478422669497e-17 nan
5.808635550745369983e+04 nan 1.528350230231797196e-16 nan nan 4.893895206828402189e-17 nan
5.791805190278939699e+04 nan 1.768502706228871888e-16 nan nan 3.991417236602060202e-17 nan
5.791098794153940253e+04 nan 1.508115117063255671e-16 nan nan 4.224564083807920523e-17 nan
5.756912210134259658e+04 nan nan nan nan nan nan
5.814732800942129688e+04 nan 1.292989455487317624e-16 nan nan 3.564635143485414685e-17 nan
5.815434955232639913e+04 nan 1.606827967815993807e-16 nan nan 1.128885942702084598e-16 nan
5.758399447690969828e+04 nan nan nan nan nan nan
5.754706797363430087e+04 nan 1.449952511433061252e-16 nan nan 4.713545221518373553e-17 nan
5.807925519999999960e+04 nan 1.669611381846779660e-16 nan nan 5.669008739040124870e-17 nan
5.779425195087960310e+04 nan 2.385316778666404571e-16 nan nan 9.047650071105874118e-17 nan
5.774928362151620240e+04 nan 1.811254429542259652e-16 nan nan 5.429429418157266219e-17 nan
