5.830710000846059847e+04 nan 5.066262991963936931e-16 nan nan 9.734580682787350850e-17 nan
5.796499702621530014e+04 nan 1.027807716174342962e-15 nan nan 7.306027996052127537e-16 nan
5.818236926697919989e+04 nan 5.536837570990266068e-16 nan nan 1.466813850893022062e-16 nan
5.775723621420140262e+04 nan 6.227060754639108877e-16 nan nan 6.256927257611707230e-17 nan
5.791098794153940253e+04 nan 6.503344588389801028e-16 nan nan 8.060934018610127352e-17 nan
5.794201711207180051e+04 nan nan nan nan nan nan
5.781719258413190255e+04 nan 6.382981301335792763e-16 nan nan 7.448022686646196162e-17 nan
5.828621623447920138e+04 nan nan nan nan nan nan
5.790323764157410187e+04 nan nan nan nan nan nan
5.814031412269680004e+04 nan 5.272679381963713653e-16 nan nan 5.898889109100317455e-17 nan
5.827022877195599722e+04 nan nan nan nan nan nan
5.819815560798609658e+04 nan 6.387395444213151921e-16 nan nan 8.758333406170825627e-17 nan
5.773335479246530303e+04 nan 6.140818229604854035e-16 nan nan 7.329852664591185646e-17 nan
5.777934957790510089e+04 nan 6.603213748051201947e-16 nan nan 9.305624218204172460e-17 nan
5.772634212504629977e+04 nan 5.913268582266327567e-16 nan nan 5.924035325305825616e-17 nan
5.792505839787040168e+04 nan nan nan nan nan nan
5.829517626560189819e+04 nan nan nan nan nan nan
5.805532662721059751e+04 nan nan nan nan nan nan
5.778635344240740233e+04 nan 7.836237177160502885e-16 nan nan 8.729517426460519237e-17 nan
5.808635959826390172e+04 nan 5.434867274162264030e-16 nan nan 1.098025369772162856e-16 nan
5.814031619839119958e+04 nan 5.269693416710304303e-16 nan nan 5.808155137649363992e-17 nan
5.777934750718750001e+04 nan 6.657674623505883960e-16 nan nan 9.153611862932302989e-17 nan
5.825323209668979689e+04 nan 5.141374969001262704e-16 nan nan 8.074834130901758932e-17 nan
5.778635136835650337e+04 nan 7.876487433361175380e-16 nan nan 8.966143877479097581e-17 nan
5.775723414351850079e+04 nan 6.284085363924849015e-16 nan nan 6.229766374195741338e-17 nan
5.832110434920139960e+04 nan nan nan nan nan nan
5.812536396336810139e+04 nan 7.059214177089648972e-16 nan nan 1.038180934388417187e-16 nan
5.770135136431710271e+04 nan 6.393302392998252374e-16 nan nan 7.019888258326138758e-17 nan
5.781719053767360310e+04 nan 6.433781554549343594e-16 nan nan 7.536463151356424407e-17 nan
5.813236809641199943e+04 nan 5.297119501526453020e-16 nan nan 7.835545960033642579e-17 nan
5.823726035914350359e+04 nan nan nan nan nan nan
5.825323005146990181e+04 nan 5.194079005838914490e-16 nan nan 7.808053565217508068e-17 nan
5.807036205874999723e+04 nan 5.907585105703445916e-16 nan nan 1.295691273833556615e-16 nan
5.791804983322919725e+04 nan 6.902352646146993451e-16 nan nan 9.453082262862023755e-17 nan
5.780937075761570304e+04 nan nan nan nan nan nan
5.808635550745369983e+04 nan 5.497442874845628324e-16 nan nan 8.725287232554967319e-17 nan
5.780125822796300054e+04 nan 5.698748295518043842e-16 nan nan 9.457905578623418143e-17 nan
5.787822373693290137e+04 nan 7.374036022667385178e-16 nan nan 6.327844052021773785e-17 nan
5.822235540826390206e+04 nan 5.582869483001151926e-16 nan nan 1.013848548142289230e-16 nan
5.792505632480319764e+04 nan nan nan nan nan nan
5.772634417016200314e+04 nan 5.829374190602782555e-16 nan nan 6.234041155707387513e-17 nan
5.817536914803239779e+04 nan nan nan nan nan nan
5.790323971211809840e+04 nan nan nan nan nan nan
5.827022465368059784e+04 nan nan nan nan nan nan
5.807925519999999960e+04 nan 5.457468261419567454e-16 nan nan 9.313831667610292535e-17 nan
5.806233003357639973e+04 nan 5.171493590074083200e-16 nan nan 1.550509571036158350e-16 nan
5.831410411701389967e+04 nan 4.578389048191431462e-16 nan nan 1.041360442824101746e-16 nan
5.774928569214120216e+04 nan 6.006263302295358730e-16 nan nan 6.547256206977770933e-17 nan
5.779425195087960310e+04 nan 7.926139762835874779e-16 nan nan 1.462927479993715884e-16 nan
5.795602964086810243e+04 nan 7.932511567884307105e-16 nan nan 7.154453082603250961e-17 nan
5.769131419668979652e+04 nan nan nan nan nan nan
5.785705753340280353e+04 nan nan nan nan nan nan
5.807036410302080185e+04 nan 5.911774867529743930e-16 nan nan 1.519277198692414011e-16 nan
5.820533327646990074e+04 nan nan nan nan nan nan
5.786411054701390094e+04 nan 8.323900655715552563e-16 nan nan 9.472442895100111056e-17 nan
5.774123162674769992e+04 nan nan nan nan nan nan
5.771136301688660024e+04 nan 5.882433015626757352e-16 nan nan 1.902960676389358332e-16 nan
5.807925724394679855e+04 nan 5.481945677813159887e-16 nan nan 9.299212975803492008e-17 nan
5.819815355579859897e+04 nan 6.498325397304029268e-16 nan nan 9.249607621992347320e-17 nan
5.774122955451389862e+04 nan nan nan nan nan nan
5.812536600854169956e+04 nan 7.194863374458063908e-16 nan nan 1.099141139926823651e-16 nan
5.780936665247679775e+04 nan nan nan nan nan nan
5.774928362151620240e+04 nan 5.996831075088787741e-16 nan nan 6.552664998169526023e-17 nan
5.770135341181710100e+04 nan 6.384826931869918273e-16 nan nan 6.727869465306861915e-17 nan
5.795602554311339918e+04 nan 7.963405588666719724e-16 nan nan 7.166079427652710440e-17 nan
5.780936871119210264e+04 nan nan nan nan nan nan
5.771136096131939848e+04 nan 6.452566538068037716e-16 nan nan 3.218366022109774767e-16 nan
5.805532867262729997e+04 nan nan nan nan nan nan
5.809433617457179935e+04 nan nan nan nan nan nan
5.786411259569440153e+04 nan 8.369820220492799586e-16 nan nan 9.294194856961034527e-17 nan
5.819023105809029948e+04 nan nan nan nan nan nan
5.788727751406250172e+04 nan 7.861778646820960338e-16 nan nan 3.405676379561377771e-16 nan
5.826023217620370269e+04 nan 5.490455620322472217e-16 nan nan 2.235666805947687382e-16 nan
5.781718846579860110e+04 nan 6.486296076894511807e-16 nan nan 7.732721440053398528e-17 nan
5.769338602006940346e+04 nan nan nan nan nan nan
5.776435706200230197e+04 nan 7.355301577786169093e-16 nan nan 8.631985896320698129e-17 nan
5.820532913385419670e+04 nan nan nan nan nan nan
5.780125410884260054e+04 nan 5.559957346679481722e-16 nan nan 9.938475746971558648e-17 nan
5.811735631356480008e+04 nan 7.281871985697966746e-16 nan nan 7.845687971119288671e-17 nan
5.785705548473379895e+04 nan 7.580597962842684857e-16 nan nan 2.954861158167967424e-16 nan
5.787822578078699735e+04 nan 7.421433440249625518e-16 nan nan 6.377413918310246590e-17 nan
5.794902135501160228e+04 nan 7.719319289807255941e-16 nan nan 1.104319464074251773e-16 nan
5.793309323693290207e+04 nan 7.392523647539067549e-16 nan nan 8.423455304959018153e-17 nan
5.771924791943289893e+04 nan 5.926504527432735541e-16 nan nan 9.439734071339182859e-17 nan
5.778635548760420352e+04 nan 7.815838781521335250e-16 nan nan 8.709914313061482276e-17 nan
5.816135163695600204e+04 nan 5.085073593168595074e-16 nan nan 7.055248806526028180e-17 nan
5.819022900959489925e+04 nan nan nan nan nan nan
5.776435913623840315e+04 nan 7.316207433364919408e-16 nan nan 8.743442918911089494e-17 nan
5.816835585621529754e+04 nan nan nan nan nan nan
5.769338806991899764e+04 nan nan nan nan nan nan
5.772634621746530320e+04 nan 5.776759298626231221e-16 nan nan 6.096052639547597189e-17 nan
5.811735835869210132e+04 nan 7.318228293943781817e-16 nan nan 8.119284044700042720e-17 nan
5.785705957910879806e+04 nan nan nan nan nan nan
5.819022696206020191e+04 nan nan nan nan nan nan
5.822935865428239777e+04 nan 5.593583128334175735e-16 nan nan 1.232115879516829395e-16 nan
5.793309119048609864e+04 nan 7.363902252691228361e-16 nan nan 8.566822030583736183e-17 nan
5.826023422604169900e+04 nan 1.431266182985110389e-15 nan nan 1.339861234061081202e-15 nan
5.829517830981480074e+04 nan nan nan nan nan nan
5.814031824292820238e+04 nan 5.219968030603400157e-16 nan nan 5.739330859534320579e-17 nan
5.775723207074069796e+04 nan 5.958950662423688362e-16 nan nan 6.407438608784983612e-17 nan
5.832900381342590117e+04 nan 4.500406166252174490e-16 nan nan 9.225568186255816740e-17 nan
5.787822169053240214e+04 nan 7.368301038616271364e-16 nan nan 6.277936475015960138e-17 nan
5.827812689575229888e+04 nan 5.392405454729989897e-16 nan nan 1.134267246069618614e-16 nan
5.817536505616900104e+04 nan nan nan nan nan nan
5.812536191586810310e+04 nan 7.050405186449773892e-16 nan nan 1.006978676270034787e-16 nan
5.796499498196759669e+04 nan 7.822286471482220132e-16 nan nan 1.922715946534258683e-16 nan
5.806233210521990259e+04 nan 5.165658600306450633e-16 nan nan 1.497077021680118970e-16 nan
5.822936072609949770e+04 nan 5.533082942783018476e-16 nan nan 1.271321634691237938e-16 nan
5.791098384990740306e+04 nan 6.472844102620954200e-16 nan nan 8.425177774286459904e-17 nan
5.826023629657409765e+04 nan 1.653795886843802547e-15 nan nan 1.580691400912978898e-15 nan
5.830709591488430306e+04 nan 5.119608454169740129e-16 nan nan 9.644103164303995651e-17 nan
5.769131626776619669e+04 nan nan nan nan nan nan
5.794902342686340126e+04 nan 7.564182170053483176e-16 nan nan 1.067626341002940448e-16 nan
5.776436118144680222e+04 nan 7.282403720699533734e-16 nan nan 8.698174280193479045e-17 nan
5.770134931630789652e+04 nan 6.536739327619760836e-16 nan nan 6.953458623778242345e-17 nan
5.811735423478009761e+04 nan 7.337842036787050157e-16 nan nan 7.692145553037056040e-17 nan
5.815435159636569733e+04 nan 4.947149171217633909e-16 nan nan 1.927840329423762968e-16 nan
5.788727544106479763e+04 nan 7.317159123446441316e-16 nan nan 1.904613988565968879e-16 nan
5.779424990355320188e+04 nan 7.964226750753057897e-16 nan nan 1.500922574576857250e-16 nan
5.774122674336809723e+04 nan nan nan nan nan nan
5.769131833840280160e+04 nan nan nan nan nan nan
5.786411466642360028e+04 nan 8.308255111218289889e-16 nan nan 9.751338440765447850e-17 nan
5.827812482775459648e+04 nan 5.405061434404915924e-16 nan nan 1.118131142643009417e-16 nan
5.829518035386569682e+04 nan nan nan nan nan nan
5.807925312800930260e+04 nan 5.580359512570851849e-16 nan nan 9.944023659550343955e-17 nan
5.818237350934030110e+04 nan 5.533867590829299660e-16 nan nan 1.469368718105586908e-16 nan
5.823725831040510093e+04 nan nan nan nan nan nan
5.813236604783560324e+04 nan 5.313480262602673268e-16 nan nan 7.489411805809743948e-17 nan
5.774928157427079714e+04 nan 6.120480216149295368e-16 nan nan 7.086919606113658225e-17 nan
5.809433205741900019e+04 nan nan nan nan nan nan
5.813237014164349966e+04 nan 5.298647545502734817e-16 nan nan 8.145277357455568621e-17 nan
5.816835994937500072e+04 nan nan nan nan nan nan
5.815434747914350010e+04 nan 5.776475436880697621e-16 nan nan 3.146640395315297564e-16 nan
5.832110846770829812e+04 nan nan nan nan nan nan
5.823726240335650073e+04 nan nan nan nan nan nan
5.830709796201389690e+04 nan 5.129685467025868529e-16 nan nan 9.828786857952044550e-17 nan
5.791098589741899923e+04 nan 6.533654508374606885e-16 nan nan 9.109446796692230915e-17 nan
5.824427891273149726e+04 nan 7.532157657244999265e-16 nan nan 5.103740620915596800e-16 nan
5.777234032824070164e+04 nan nan nan nan nan nan
5.822936277232639986e+04 nan 5.569625562274674852e-16 nan nan 1.281755779135828138e-16 nan
5.832900588675930339e+04 nan 4.465985073767262564e-16 nan nan 9.351784858988551282e-17 nan
5.779425399725689931e+04 nan 7.885413850289661218e-16 nan nan 1.436008276928888471e-16 nan
5.805532454843750020e+04 nan nan nan nan nan nan
5.777934543577550357e+04 nan 6.714887394873475206e-16 nan nan 9.273497306320791843e-17 nan
5.791805190278939699e+04 nan 6.861491428151946734e-16 nan nan 7.463316129459695914e-17 nan
5.822235129023149784e+04 nan 5.678844945460007369e-16 nan nan 1.041164648858522823e-16 nan
5.816135583026619861e+04 nan 5.057588548834568131e-16 nan nan 6.358794838521052842e-17 nan
5.796499293421299808e+04 nan 7.994545730420515411e-16 nan nan 2.663396275829181292e-16 nan
5.818237133792819805e+04 nan 5.429187315744316556e-16 nan nan 1.399271211249347696e-16 nan
5.808635755370370316e+04 nan 5.455027308299229797e-16 nan nan 9.551800144137242890e-17 nan
5.816835790402779821e+04 nan nan nan nan nan nan
5.794201918894679693e+04 nan nan nan nan nan nan
5.788727339337959711e+04 nan 7.423952609988242808e-16 nan nan 2.219015140950509551e-16 nan
5.825322797965280188e+04 nan 5.165192312856020815e-16 nan nan 7.830408045363171767e-17 nan
5.832110642223380273e+04 nan nan nan nan nan nan
5.831410207297449961e+04 nan 4.636755794054015949e-16 nan nan 1.030194571293509005e-16 nan
5.794202124114579783e+04 nan nan nan nan nan nan
5.777233828069439915e+04 nan nan nan nan nan nan
5.792506044400460087e+04 nan nan nan nan nan nan
5.790323556789349823e+04 nan nan nan nan nan nan
5.814732800942129688e+04 nan 5.227165084779227408e-16 nan nan 6.689443122108965712e-17 nan
5.820533120576389774e+04 nan nan nan nan nan nan
5.769339011508099793e+04 nan nan nan nan nan nan
5.817536710152780142e+04 nan nan nan nan nan nan
5.814732594024309947e+04 nan 5.175328932885408468e-16 nan nan 6.950062255571410914e-17 nan
5.773335686430559872e+04 nan 6.154631870096523089e-16 nan nan 7.706058328262358666e-17 nan
5.827812278018520010e+04 nan 5.396091637112625502e-16 nan nan 1.199199617044175472e-16 nan
5.815434955232639913e+04 nan 5.247444942097324595e-16 nan nan 2.493424902987909978e-16 nan
5.831410002775459725e+04 nan 4.657496173926915418e-16 nan nan 1.002839484366623442e-16 nan
5.814732389353009785e+04 nan 5.236101685437920667e-16 nan nan 6.808311191781203175e-17 nan
5.777234237812500214e+04 nan nan nan nan nan nan
5.794902547202550340e+04 nan 7.500799625305739405e-16 nan nan 1.060486832166749019e-16 nan
5.773335891081020236e+04 nan 6.182157271674660349e-16 nan nan 8.667955507896715005e-17 nan
5.789498600013890245e+04 nan 6.986165265253723449e-16 nan nan 5.505201724962617000e-17 nan
5.832900795686340280e+04 nan 4.446587734991021337e-16 nan nan 9.709665135186928332e-17 nan
5.806233414921299845e+04 nan 5.180915564307599027e-16 nan nan 1.487205233203377208e-16 nan
5.809433412939820118e+04 nan nan nan nan nan nan
5.824427479357639822e+04 nan 7.237291089369405013e-16 nan nan 4.787031798194835665e-16 nan
5.780125618298610061e+04 nan 5.625770469356360911e-16 nan nan 9.740651547048447135e-17 nan
5.819815770527780114e+04 nan 6.247628313163478390e-16 nan nan 8.180121367450518194e-17 nan
5.822235336199070298e+04 nan 5.784273705529165469e-16 nan nan 1.018310633462938012e-16 nan
5.771924999274309812e+04 nan 5.894078445471307712e-16 nan nan 8.590424039894426676e-17 nan
5.795602759527780290e+04 nan 7.984417531732243424e-16 nan nan 7.224619614174936110e-17 nan
5.771135891380789690e+04 nan nan nan nan nan nan
5.789499009097219823e+04 nan 7.162963773825239041e-16 nan nan 5.317674757713990593e-17 nan
5.793308914398150227e+04 nan 7.397535594222126254e-16 nan nan 8.893112967201208795e-17 nan
5.791804778619210265e+04 nan 6.961381075611954440e-16 nan nan 1.207180113163280219e-16 nan
5.824427684101850173e+04 nan 7.404336559707534117e-16 nan nan 5.134163088347378040e-16 nan
5.771925203789350053e+04 nan 5.846380544840480151e-16 nan nan 8.311848211837196835e-17 nan
5.827022672664350102e+04 nan nan nan nan nan nan
5.816135376030090265e+04 nan 5.103220245455389165e-16 nan nan 6.435112594828829641e-17 nan
5.789498804668980301e+04 nan 7.023700153237361003e-16 nan nan 5.532293536768117769e-17 nan
5.807035998547449708e+04 nan 5.951777605151471241e-16 nan nan 1.183665371801589303e-16 nan
