5.786411109399999987e+04 nan nan nan nan nan nan
5.806233058400000300e+04 nan nan nan nan nan nan
5.790323610400000325e+04 2.797120337417566421e-16 2.494880664087030274e-16 nan 9.083303766245367280e-17 9.644296321641963998e-17 nan
5.781718901400000323e+04 nan nan nan nan nan nan
5.758399295800000255e+04 nan nan nan nan nan nan
5.775723262200000318e+04 1.751110314254831796e-16 nan nan 3.169319165934407933e-17 nan nan
5.752321354799999972e+04 1.877295307824019156e-16 2.128495617660051373e-16 2.092207783455841544e-16 1.036075001988407633e-16 1.283357657687962075e-16 1.279341444891250578e-16
5.769338653799999884e+04 nan nan nan nan nan nan
5.822235176399999909e+04 1.934341428786508316e-16 2.037658518088574528e-16 nan 4.074559793618404098e-17 5.071120812821317252e-17 nan
5.817536559999999736e+04 nan nan nan nan nan nan
5.818236980000000040e+04 1.849545288571848247e-16 nan nan 5.199043913609257137e-17 nan nan
5.787822224200000346e+04 2.222992763226439973e-16 2.301049084596504111e-16 2.089454989241484356e-16 3.149936677846939320e-17 3.987771088042892066e-17 3.536366133228296572e-17
5.754706852200000139e+04 1.790505410659041436e-16 1.557919688606996466e-16 nan 4.990543584957794763e-17 4.837177021208182717e-17 nan
5.825322852599999896e+04 nan nan nan nan nan nan
5.770134986000000208e+04 nan nan nan nan nan nan
5.826023271999999997e+04 1.927993097219572946e-16 1.894513848002603192e-16 1.646163497369277240e-16 1.086626488820604096e-16 1.147618715231852910e-16 1.017587344687108522e-16
5.807925367800000095e+04 nan nan nan nan nan nan
5.824427531799999997e+04 1.603472283997672924e-16 1.605681105706679782e-16 nan 3.862550200124657017e-17 4.369303141536608029e-17 nan
5.789498652399999992e+04 nan nan nan nan nan nan
5.780125464600000123e+04 1.862064078226255754e-16 nan nan 5.368456205169194604e-17 nan nan
5.816135214599999745e+04 2.691730353665160074e-16 1.747471303662054321e-16 1.351422220101274675e-16 9.701612847862218861e-17 6.962561090569725581e-17 5.454087871589649221e-17
5.759899491000000125e+04 1.559349895086502351e-16 nan nan 3.059452344522188866e-17 nan nan
5.759101594399999885e+04 3.137010781000807247e-16 2.428270173000099437e-16 nan 5.116495463544546987e-17 4.814193859081467972e-17 nan
5.807036049600000115e+04 2.453300219247207499e-16 2.368382935507211435e-16 nan 6.571036275975943025e-17 7.597804889455829035e-17 nan
5.830709644200000184e+04 1.578897398432632337e-16 1.410883295638895844e-16 nan 4.273491817101619367e-17 4.212104171539347513e-17 nan
5.811735473800000182e+04 2.453593197955588881e-16 2.018517211613900421e-16 nan 7.667550284242748870e-17 7.233441506593350259e-17 nan
5.809433256599999731e+04 nan nan nan nan nan nan
5.827812330800000200e+04 1.569390410549864522e-16 nan nan 5.672463027115634699e-17 nan nan
5.813236658400000306e+04 nan nan nan nan nan nan
5.776435761199999979e+04 2.095764436122043359e-16 1.872791007596823184e-16 nan 4.144974583294603044e-17 4.304076557899560708e-17 nan
5.794201764199999889e+04 nan nan nan nan nan nan
5.816835636199999863e+04 2.243411840034707678e-16 1.921819469347999149e-16 nan 8.105739239036444997e-17 7.826198348294657404e-17 nan
5.793308969999999681e+04 nan nan nan nan nan nan
5.777233883400000195e+04 nan nan nan nan nan nan
5.751604065599999740e+04 nan nan nan nan nan nan
5.815434798400000000e+04 nan nan nan nan nan nan
5.820532968200000323e+04 nan nan nan nan nan nan
5.814732443000000058e+04 1.892824931130524905e-16 nan nan 5.759933059475609486e-17 nan nan
5.771924844599999778e+04 nan nan nan nan nan nan
5.780936719199999789e+04 nan nan nan nan nan nan
5.778635191399999894e+04 1.914022795548769983e-16 1.531681625188499226e-16 nan 4.002706978693537271e-17 3.597863715251213297e-17 nan
5.774122727999999915e+04 1.910274514712979273e-16 1.869920979920895585e-16 nan 4.541681214895727406e-17 5.137833812310445931e-17 nan
5.805532506200000353e+04 1.809802691659029361e-16 nan nan 3.740479937137431518e-17 nan nan
5.828621672599999874e+04 1.596602058732115610e-16 1.694700365154139664e-16 nan 4.241961599163000425e-17 5.106632139208263127e-17 nan
5.822935917999999947e+04 1.831405977161831105e-16 1.970002579638171780e-16 nan 3.934122528288496901e-17 4.968548206170711811e-17 nan
5.796499347000000125e+04 nan nan nan nan nan nan
5.779425045400000090e+04 2.099892513064446476e-16 1.913250336013554096e-16 nan 5.581979262535608758e-17 5.855337007602284051e-17 nan
5.785705604199999652e+04 2.044219852630993500e-16 nan nan 6.983731064249048388e-17 nan nan
5.812536244599999918e+04 2.380681650532573567e-16 2.246937554472000437e-16 nan 7.108485938106472672e-17 7.892186188468894352e-17 nan
5.810934280600000056e+04 1.751007947310784566e-16 1.834726831129697099e-16 1.168066552696084291e-16 5.769523668599942931e-17 6.842110726448935664e-17 4.345733550350867868e-17
5.831410053799999878e+04 nan nan nan nan nan nan
5.788727394199999981e+04 2.606918370491122183e-16 2.714616886280562730e-16 2.312600175842855295e-16 8.504591309070300772e-17 1.077290367835268479e-16 8.763097125770323039e-17
5.753021771799999988e+04 1.641445825963430687e-16 nan nan 3.254743523510006145e-17 nan nan
5.792505683999999746e+04 2.177435608083597858e-16 2.191940660476088113e-16 nan 3.392419082809433109e-17 4.124943288126270835e-17 nan
5.772634267800000089e+04 1.802425047273941887e-16 1.890542129662194980e-16 1.673179663468979263e-16 4.050879799437151050e-17 4.941187153672303340e-17 4.383034310729995352e-17
5.808635601399999723e+04 1.874345760800385474e-16 nan nan 5.546846116714575846e-17 nan nan
5.795602603000000090e+04 nan nan nan nan nan nan
5.791098435800000152e+04 4.413823071259356326e-16 2.803392357396647045e-16 1.742233302827105325e-16 1.762030550380507558e-16 1.317431523075862459e-16 7.695621309849572916e-17
5.794902188600000227e+04 3.097033939448586166e-16 2.815853930815099971e-16 nan 9.986603211202837873e-17 1.110009921012037179e-16 nan
5.756911854999999923e+04 nan nan nan nan nan nan
5.819815408200000093e+04 2.658646024758325606e-16 2.434904737770464925e-16 nan 1.104176340261360609e-16 1.168715811940459976e-16 nan
5.773335532799999783e+04 1.772295998831649378e-16 nan nan 3.609371928324918469e-17 nan nan
5.774928212199999689e+04 1.697694420879804118e-16 nan nan 3.359905980153128882e-17 nan nan
5.814031465800000296e+04 2.410835528155367359e-16 1.698919009476966815e-16 1.183512057072864953e-16 6.895063890561271089e-17 5.437785773257826379e-17 3.814297542123122170e-17
5.819022746599999664e+04 nan nan nan nan nan nan
5.791804831600000034e+04 2.690096665977664388e-16 2.741785700930757372e-16 2.121502539446324066e-16 9.182501408676610406e-17 1.135059469336882039e-16 8.327186683628574322e-17
5.756209302400000161e+04 1.500158409776461220e-16 nan nan 3.344869249452224966e-17 nan nan
5.829517675400000007e+04 1.574497304341790325e-16 1.692673801056824784e-16 nan 4.132659208511164921e-17 5.042515649449246516e-17 nan
