5.812536600854169956e+04 nan 9.815778460657621869e-16 nan nan 7.131969413261160214e-17 nan
5.780125822796300054e+04 nan 8.086791995589792292e-16 7.369173528738498949e-17 nan 6.613069980815147966e-17 6.658274235505120994e-17
5.769131626776619669e+04 nan nan nan nan nan nan
5.771924999274309812e+04 nan 8.408623893411979848e-16 6.269468683150709896e-17 nan 4.757740479533760614e-17 5.162632591595455318e-17
5.808635755370370316e+04 nan 8.016542584982477059e-16 5.938820260764673183e-17 nan 4.988219388122144856e-17 5.036113642106335840e-17
5.796499293421299808e+04 nan 9.780417747113827037e-16 nan nan 1.647039852991529087e-16 nan
5.770135136431710271e+04 nan 8.193335140756908903e-16 nan nan 4.544565773271711320e-17 nan
5.827812689575229888e+04 nan 8.003853364312620202e-16 8.116629118948472745e-17 nan 7.120145445869228746e-17 7.440734599816074838e-17
5.814732594024309947e+04 nan 7.531423284783049857e-16 5.336566995289571814e-17 nan 4.312333878763114414e-17 4.411678334867672340e-17
5.825323005146990181e+04 nan 7.450797951500823723e-16 6.254303303731201918e-17 nan 5.200789820068021757e-17 5.464362565558339101e-17
5.752321720414349693e+04 nan 7.956106890846067904e-16 nan nan 1.663140712916820950e-16 nan
5.785705753340280353e+04 nan 1.207296640065966253e-15 8.160846180562797596e-16 nan 7.203264880171136603e-16 8.149745487446217211e-16
5.816135376030090265e+04 nan 7.594351440477456458e-16 nan nan 4.342004556056624450e-17 nan
5.779425399725689931e+04 nan 1.047156656650101229e-15 nan nan 8.414960423174158405e-17 nan
5.832900795686340280e+04 nan 6.863734013506071069e-16 6.143815307900638263e-17 nan 5.372488136507193848e-17 5.505214098614700469e-17
5.777934957790510089e+04 nan 9.796265198399008178e-16 nan nan 6.231700328954318831e-17 nan
5.813236809641199943e+04 nan 7.644767919217669635e-16 5.460592689574407874e-17 nan 4.504278287559959601e-17 4.554906215145606821e-17
5.756912210134259658e+04 nan nan nan nan nan nan
5.777934750718750001e+04 nan 9.755887583090036494e-16 nan nan 6.087513318998291389e-17 nan
5.776436118144680222e+04 nan 1.015207481339647182e-15 nan nan 6.066075971103867993e-17 nan
5.750803268356480112e+04 nan 7.941238664973180190e-16 nan nan 3.554376996425758710e-17 nan
5.776435706200230197e+04 nan 9.926274286936534295e-16 nan nan 5.869673331879664214e-17 nan
5.771136301688660024e+04 nan 8.355056811889002880e-16 1.137035722469808286e-16 nan 1.022294390735362149e-16 1.084479681999180098e-16
5.792505839787040168e+04 nan nan nan nan nan nan
5.824427684101850173e+04 nan 7.310215397416340642e-16 nan nan 1.527667832119738404e-16 nan
5.754706797363430087e+04 nan 8.075003254295226808e-16 nan nan 5.121736989843307598e-17 nan
5.775723621420140262e+04 nan 9.054274602192844642e-16 5.796710770519306184e-17 nan 4.276866004577878528e-17 4.464511842918831456e-17
5.778635548760420352e+04 nan 9.182235819403869106e-16 nan nan 5.562451518730834639e-17 nan
5.788727544106479763e+04 nan 1.065615367160073125e-15 nan nan 9.886671620991370456e-17 nan
5.811735423478009761e+04 nan 9.391573582496522924e-16 nan nan 5.178263218140539098e-17 nan
5.822235129023149784e+04 nan 7.714205736950852381e-16 nan nan 5.206259128094816334e-17 nan
5.759899847901619796e+04 nan 6.638867873327942383e-16 4.575473403399288002e-17 nan 3.837758576717337890e-17 3.795438217539060818e-17
5.825323209668979689e+04 nan 7.418471882008343113e-16 6.286636940637874152e-17 nan 5.233394462455910846e-17 5.506562764729144786e-17
5.791098589741899923e+04 nan 9.014750280038288105e-16 nan nan 4.483977311478015545e-17 nan
5.777234237812500214e+04 nan nan nan nan nan nan
5.791098384990740306e+04 nan 9.002091287455368690e-16 nan nan 4.300999629561405360e-17 nan
5.793309323693290207e+04 nan 1.030213154503988969e-15 nan nan 4.429778274332779336e-17 nan
5.755421627608800191e+04 nan 7.980779378303844331e-16 nan nan 3.046656243911937145e-16 nan
5.796499498196759669e+04 nan 9.718824283846076001e-16 nan nan 1.174300325208665159e-16 nan
5.791804778619210265e+04 nan 9.875190009669033639e-16 nan nan 8.556648280910956977e-17 nan
5.755421834906250297e+04 nan 6.991396224785079046e-16 nan nan 1.364343715922412710e-16 nan
5.758399652326390060e+04 nan nan nan nan nan nan
5.752321513501159643e+04 nan 7.824525507515193442e-16 nan nan 1.136134793505704824e-16 nan
5.832900588675930339e+04 nan 6.918806935101763123e-16 6.187048955483456774e-17 nan 5.387594826791608962e-17 5.538152992794354819e-17
5.771135891380789690e+04 nan 9.551769339737255203e-16 4.541796615428360920e-16 nan 4.275763887010047340e-16 4.528222560199028995e-16
5.820532913385419670e+04 nan nan nan nan nan nan
5.828621623447920138e+04 nan nan nan nan nan nan
5.819023105809029948e+04 nan nan nan nan nan nan
5.758399242811340082e+04 nan nan nan nan nan nan
5.793308914398150227e+04 nan 1.045696680720610058e-15 nan nan 4.709709002352792191e-17 nan
5.829517626560189819e+04 nan nan nan nan nan nan
5.777234032824070164e+04 nan nan nan nan nan nan
5.812536396336810139e+04 nan 9.644306335370206299e-16 nan nan 6.639400172101933035e-17 nan
5.769131419668979652e+04 nan nan nan nan nan nan
5.806233414921299845e+04 nan 7.727819694700982145e-16 nan nan 6.295247535222839389e-17 nan
5.826023422604169900e+04 nan 1.147236051616500834e-15 nan nan 8.564546246909263669e-16 nan
5.819022696206020191e+04 nan nan nan nan nan nan
5.756209657984950172e+04 nan 6.818356143985269409e-16 5.422746602515881132e-17 nan 4.357847745730114768e-17 4.633939991326598388e-17
5.781718846579860110e+04 nan 9.148073696187047216e-16 nan nan 4.909005913522224736e-17 nan
5.818237350934030110e+04 nan 7.760593271818053170e-16 8.770561915105880637e-17 nan 8.084188729279529594e-17 8.222982273907851108e-17
5.751604011126160185e+04 nan 7.780760171019800735e-16 5.127077100636958056e-17 nan 3.905629409512570494e-17 4.046632620170503871e-17
5.792505632480319764e+04 nan nan nan nan nan nan
5.778635344240740233e+04 nan 9.144403838959913863e-16 nan nan 5.597084562194869432e-17 nan
5.774122955451389862e+04 nan nan nan nan nan nan
5.823725831040510093e+04 nan nan nan nan nan nan
5.794902342686340126e+04 nan 1.014683425999837147e-15 nan nan 6.046573369096843250e-17 nan
5.773335891081020236e+04 nan 8.426738038803467904e-16 6.724110486234903007e-17 nan 5.992953030942952442e-17 5.900681778655737475e-17
5.759899435380790237e+04 nan 6.611767705980870410e-16 4.793624999887451063e-17 nan 4.112803358421927103e-17 4.064830566842827365e-17
5.770135341181710100e+04 nan 8.220941773410378719e-16 nan nan 4.436220638248104002e-17 nan
5.752321306202549749e+04 nan 7.950645846203182965e-16 nan nan 2.201194759141627936e-16 nan
5.815435159636569733e+04 nan 7.339451655614582474e-16 nan nan 1.182220632030705803e-16 nan
5.759101543976849644e+04 nan nan nan nan nan nan
5.759899642730320193e+04 nan 6.725007792278877355e-16 4.611479220461053982e-17 nan 3.852196013823526409e-17 3.814072433224160136e-17
5.788727751406250172e+04 nan 1.082161599411734121e-15 nan nan 1.747503897664463728e-16 nan
5.809433617457179935e+04 nan nan nan nan nan nan
5.813237014164349966e+04 nan 7.621893020096487879e-16 5.404573570905358111e-17 nan 4.484516726039737182e-17 4.505984886425624239e-17
5.807925519999999960e+04 nan 7.726299359992852188e-16 5.731731073923597429e-17 nan 4.745327447349039490e-17 4.841581588384404273e-17
5.796499702621530014e+04 nan 1.098096521499747516e-15 nan nan 4.819050775342483706e-16 nan
5.791804983322919725e+04 nan 9.897546125756082923e-16 nan nan 6.788545584966759515e-17 nan
5.780937075761570304e+04 nan nan nan nan nan nan
5.789498804668980301e+04 nan 9.887743135118183435e-16 5.581250573940142810e-17 nan 3.720537338380831429e-17 3.859084354841149313e-17
5.781719258413190255e+04 nan 9.096428417001096427e-16 nan nan 4.848933024381606621e-17 nan
5.824427891273149726e+04 nan 7.392456578470125411e-16 nan nan 1.442076299549641164e-16 nan
5.787822373693290137e+04 nan 1.036840767507766890e-15 nan nan 3.956932303685669445e-17 nan
5.827812482775459648e+04 nan 8.080723082050057924e-16 8.074515639105317647e-17 nan 7.087162473150121591e-17 7.384934941391489130e-17
5.832110642223380273e+04 nan nan nan nan nan nan
5.780936665247679775e+04 nan nan nan nan nan nan
5.811735631356480008e+04 nan 9.351261757068071144e-16 nan nan 5.074847820697463052e-17 nan
5.817536505616900104e+04 nan nan nan nan nan nan
5.827812278018520010e+04 nan 8.057145109759574203e-16 8.446257320247491795e-17 nan 7.502185282957908112e-17 7.797885166761779546e-17
5.774928362151620240e+04 nan 8.863837963837006086e-16 5.633157202666016884e-17 nan 4.217728511861229153e-17 4.350707645637730320e-17
5.816835994937500072e+04 nan nan nan nan nan nan
5.826023629657409765e+04 nan 1.274665214581922985e-15 nan nan 1.028279059248768735e-15 nan
5.814031619839119958e+04 nan 7.917150317244616554e-16 nan nan 4.217008046055210271e-17 nan
5.806233003357639973e+04 nan 7.782705247989209597e-16 nan nan 6.497540974317904604e-17 nan
5.756209248620369908e+04 nan 6.669615556304696762e-16 5.281512061610856809e-17 nan 4.384540801863551239e-17 4.547268335150298153e-17
5.780936871119210264e+04 nan nan nan nan nan nan
5.779425195087960310e+04 nan 1.026567626497357462e-15 nan nan 8.235503733161491798e-17 nan
5.818237133792819805e+04 nan 7.987089929822469414e-16 8.921127409040604470e-17 nan 8.102540483574543705e-17 8.336855852042292601e-17
5.786411054701390094e+04 nan 1.055973790847238769e-15 nan nan 6.074118253746400133e-17 nan
5.774122674336809723e+04 nan nan nan nan nan nan
5.794202124114579783e+04 nan nan nan nan nan nan
5.751604215731479781e+04 nan 7.683345275102977671e-16 4.813038858466697830e-17 nan 3.403422714956349266e-17 3.609368290358402562e-17
5.817536710152780142e+04 nan nan nan nan nan nan
5.815434955232639913e+04 nan 7.230775470548591577e-16 nan nan 1.565650133461786597e-16 nan
5.756911800738429883e+04 nan nan nan nan nan nan
5.753022130751160148e+04 nan 7.998893212884652435e-16 6.744079901270927784e-17 nan 5.314326400278445908e-17 5.821999526409792381e-17
5.829518035386569682e+04 nan nan nan nan nan nan
5.813236604783560324e+04 nan 7.686801194505098419e-16 5.351412846616749692e-17 nan 4.377501559195706684e-17 4.415563687688446750e-17
5.795602759527780290e+04 nan 1.011554777105535594e-15 nan nan 4.701526441851752414e-17 nan
5.807925724394679855e+04 nan 7.648855982109361347e-16 5.616646669889891065e-17 nan 4.710086002242392874e-17 4.747917124240545559e-17
5.831410002775459725e+04 nan 6.540574732883633150e-16 nan nan 5.197046097130357133e-17 nan
5.777233828069439915e+04 nan nan nan nan nan nan
5.795602964086810243e+04 nan 1.005224278253674565e-15 nan nan 4.593248297927784603e-17 nan
5.826023217620370269e+04 nan 7.691958880361027777e-16 nan nan 1.445591250910303438e-16 nan
5.815434747914350010e+04 nan 7.788434654493880427e-16 nan nan 2.018448389558316420e-16 nan
5.774928157427079714e+04 nan 8.943042660706045282e-16 5.885648269726084582e-17 nan 4.454282529206468926e-17 4.628651712255091325e-17
5.790323764157410187e+04 nan nan nan nan nan nan
5.827022672664350102e+04 nan nan nan nan nan nan
5.769338602006940346e+04 nan nan nan nan nan nan
5.830709591488430306e+04 nan 6.838927847954398349e-16 nan nan 5.410570747531500341e-17 nan
5.822936072609949770e+04 nan 8.135257967015780960e-16 nan nan 6.203150087470139164e-17 nan
5.773335686430559872e+04 nan 8.413567722638686066e-16 6.263830433399503758e-17 nan 5.431986337164281686e-17 5.364542129764032582e-17
5.754707211745370296e+04 nan 7.817821509915740604e-16 nan nan 4.810297042700678698e-17 nan
5.772634417016200314e+04 nan 8.400691773364380843e-16 nan nan 4.614989885391240222e-17 nan
5.788727339337959711e+04 nan 1.066759799826936775e-15 nan nan 1.144047906791510073e-16 nan
5.816835790402779821e+04 nan nan nan nan nan nan
5.769131833840280160e+04 nan nan nan nan nan nan
5.780125618298610061e+04 nan 8.140443789924997973e-16 7.568883202219204422e-17 nan 7.023181767831748643e-17 6.904186536765295689e-17
5.808635959826390172e+04 nan 8.030136435854516432e-16 6.384771069818416463e-17 nan 5.507766639463398691e-17 5.555582677155214243e-17
5.795602554311339918e+04 nan 1.008596744319634542e-15 nan nan 4.687930089916817593e-17 nan
5.755422042105319997e+04 nan 7.482246677445481680e-16 nan nan 1.763707102292413912e-16 nan
5.772634212504629977e+04 nan 8.424832473536562856e-16 nan nan 4.312423325834744570e-17 nan
5.816135163695600204e+04 nan 7.481640578289096103e-16 nan nan 4.394085135546744864e-17 nan
5.786411466642360028e+04 nan 1.068071166836070410e-15 nan nan 6.361706264200453796e-17 nan
5.770134931630789652e+04 nan 8.205759754574509224e-16 nan nan 4.571119570164290433e-17 nan
5.774928569214120216e+04 nan 8.870198077840994791e-16 5.679660072290232384e-17 nan 4.274019277199970989e-17 4.408967751510808058e-17
5.778635136835650337e+04 nan 9.250890174782739717e-16 nan nan 5.674416736852152677e-17 nan
5.816835585621529754e+04 nan nan nan nan nan nan
5.809433412939820118e+04 nan nan nan nan nan nan
5.751604420141199807e+04 nan 7.851064202514365012e-16 4.833640842788196093e-17 nan 3.400245905133830109e-17 3.587520030673995791e-17
5.775723414351850079e+04 nan 9.122539953588335513e-16 5.789470576518733086e-17 nan 4.247307308821098284e-17 4.431661377010795760e-17
5.792506044400460087e+04 nan nan nan nan nan nan
5.759101748648149805e+04 nan nan nan nan nan nan
5.791805190278939699e+04 nan 9.824945737355116634e-16 nan nan 5.290827567535534163e-17 nan
5.814732800942129688e+04 nan 7.564248755235109567e-16 5.268616833021995707e-17 nan 4.214554479770503873e-17 4.316735702578863160e-17
5.756209453456020128e+04 nan 6.816934744192410995e-16 5.466295237871727226e-17 nan 4.401753074376817929e-17 4.684091047550458736e-17
5.832110846770829812e+04 nan nan nan nan nan nan
5.790323971211809840e+04 nan nan nan nan nan nan
5.819815355579859897e+04 nan 9.131866523286844237e-16 nan nan 6.309166917689832907e-17 nan
5.811735835869210132e+04 nan 9.359618695485696001e-16 nan nan 5.225073502546834530e-17 nan
5.812536191586810310e+04 nan 9.661759067309444346e-16 nan nan 6.600754881630435992e-17 nan
5.807925312800930260e+04 nan 7.771998607487547365e-16 5.916134138236229483e-17 nan 4.894973721436553043e-17 5.033147691826755556e-17
5.808635550745369983e+04 nan 8.015261968819579747e-16 5.666216428141498782e-17 nan 4.628512380272086150e-17 4.697652991555588864e-17
5.753021926346060354e+04 nan 7.891825804275765791e-16 6.721409322163263993e-17 nan 5.279851879907782064e-17 5.813188743884256020e-17
5.809433205741900019e+04 nan nan nan nan nan nan
5.825322797965280188e+04 nan 7.450572106537981868e-16 6.212243830866252594e-17 nan 5.156436613550507600e-17 5.416396838925244925e-17
5.774123162674769992e+04 nan nan nan nan nan nan
5.823726240335650073e+04 nan nan nan nan nan nan
5.822936277232639986e+04 nan 8.060663440169362013e-16 nan nan 6.146681811462997662e-17 nan
5.786411259569440153e+04 nan 1.063483488414350768e-15 nan nan 6.086199003954558836e-17 nan
5.771925203789350053e+04 nan 8.310042334667054756e-16 6.081538569655553918e-17 nan 4.561210815048012657e-17 4.957487521531317558e-17
5.785705957910879806e+04 nan nan nan nan nan nan
5.827022465368059784e+04 nan nan nan nan nan nan
5.816135583026619861e+04 nan 7.525377304658371669e-16 nan nan 4.260967254460195001e-17 nan
5.794201711207180051e+04 nan nan nan nan nan nan
5.794201918894679693e+04 nan nan nan nan nan nan
5.832900381342590117e+04 nan 6.915828210548346024e-16 6.209629476834585753e-17 nan 5.398142341375748731e-17 5.560983055714554875e-17
5.794902135501160228e+04 nan 9.980786110651985775e-16 nan nan 5.953140013659625515e-17 nan
5.823726035914350359e+04 nan nan nan nan nan nan
5.789498600013890245e+04 nan 9.757011755710225315e-16 5.424768605707028292e-17 nan 3.591357737401044927e-17 3.707056881922310529e-17
5.777934543577550357e+04 nan 9.784487505662634698e-16 nan nan 6.357298092204246412e-17 nan
5.831410411701389967e+04 nan 6.590497293825961189e-16 nan nan 5.234512155555205175e-17 nan
5.819815770527780114e+04 nan 8.636899500755531016e-16 nan nan 5.491482225602759091e-17 nan
5.753021721699069894e+04 nan 7.873348438145293465e-16 6.662942750629268379e-17 nan 5.247419326757350199e-17 5.756915743504976157e-17
5.814031824292820238e+04 nan 7.884884300093162560e-16 nan nan 4.200764795699501303e-17 nan
5.779424990355320188e+04 nan 1.032905963562919854e-15 nan nan 8.510860879348681581e-17 nan
5.822235540826390206e+04 nan 7.607327561662522925e-16 nan nan 5.113348600396244889e-17 nan
5.820533327646990074e+04 nan nan nan nan nan nan
5.805532454843750020e+04 nan nan nan nan nan nan
5.829517830981480074e+04 nan nan nan nan nan nan
5.787822169053240214e+04 nan 1.037422270128952912e-15 nan nan 3.928281985414678434e-17 nan
5.807036205874999723e+04 nan 8.114217474555678633e-16 nan nan 6.196236590067817243e-17 nan
5.769339011508099793e+04 nan nan nan nan nan nan
5.831410207297449961e+04 nan 6.573782091238109813e-16 nan nan 5.239559363718265064e-17 nan
5.832110434920139960e+04 nan nan nan nan nan nan
5.820533120576389774e+04 nan nan nan nan nan nan
5.814732389353009785e+04 nan 7.654921755977233032e-16 5.576499303353669942e-17 nan 4.527180397979730388e-17 4.657711324504769311e-17
5.750803061267360317e+04 nan 7.888161141472919236e-16 nan nan 3.861579405478849500e-17 nan
5.776435913623840315e+04 nan 1.012940501886935916e-15 nan nan 5.958948196034125803e-17 nan
5.750802856400459859e+04 nan 7.862536084797194389e-16 nan nan 3.753430352671132916e-17 nan
5.819815560798609658e+04 nan 8.862660217946831416e-16 nan nan 5.874557077335474907e-17 nan
5.769338806991899764e+04 nan nan nan nan nan nan
5.781719053767360310e+04 nan 9.079422685074133436e-16 nan nan 4.916782033371914177e-17 nan
5.805532867262729997e+04 nan nan nan nan nan nan
5.817536914803239779e+04 nan nan nan nan nan nan
5.787822578078699735e+04 nan 1.037618301981845586e-15 nan nan 3.935932973519780040e-17 nan
5.814031412269680004e+04 nan 7.898239942470914837e-16 nan nan 4.180369998709572901e-17 nan
5.819022900959489925e+04 nan nan nan nan nan nan
5.806233210521990259e+04 nan 7.742758839589057335e-16 nan nan 6.437100597328795940e-17 nan
5.775723207074069796e+04 nan 8.675900558376913487e-16 5.616895215340026703e-17 nan 4.284738044599257640e-17 4.404337410821868588e-17
5.780125410884260054e+04 nan 7.836288769477804850e-16 7.386226983773671466e-17 nan 6.962428243288586219e-17 6.770479657894308558e-17
5.791098794153940253e+04 nan 9.224828636479040740e-16 nan nan 4.057936687697380523e-17 nan
5.771924791943289893e+04 nan 8.469065044013678023e-16 6.759200190474426104e-17 nan 5.157124157946989925e-17 5.694203321147740806e-17
5.822935865428239777e+04 nan 8.150377632551326991e-16 nan nan 6.027298834917835212e-17 nan
5.830709796201389690e+04 nan 6.931622515119133531e-16 nan nan 5.478709133167921769e-17 nan
5.805532662721059751e+04 nan nan nan nan nan nan
5.794902547202550340e+04 nan 1.039167007833487229e-15 nan nan 6.102793987391354265e-17 nan
5.756912005475690239e+04 nan nan nan nan nan nan
5.758399447690969828e+04 nan nan nan nan nan nan
5.773335479246530303e+04 nan 8.438469834312597123e-16 5.963723887006253235e-17 nan 5.081289108641167411e-17 5.006854943536948065e-17
5.790323556789349823e+04 nan nan nan nan nan nan
5.772634621746530320e+04 nan 8.416861984103212965e-16 nan nan 4.595849679310891476e-17 nan
5.807036410302080185e+04 nan 8.164891764757015174e-16 nan nan 7.184651847491633555e-17 nan
5.771136096131939848e+04 nan 8.570150911218727847e-16 1.991654206742237384e-16 nan 1.855638125763733276e-16 1.961857044578953018e-16
5.793309119048609864e+04 nan 1.027745587969998980e-15 nan nan 4.568732841792235495e-17 nan
5.830710000846059847e+04 nan 6.936984292525930431e-16 nan nan 5.471023396492650369e-17 nan
5.822235336199070298e+04 nan 7.780139403945824812e-16 nan nan 5.196714075866931901e-17 nan
5.759101953285880154e+04 nan nan nan nan nan nan
5.824427479357639822e+04 nan 7.182827408099807904e-16 nan nan 1.458576143931063084e-16 nan
5.785705548473379895e+04 nan 1.016912274551068307e-15 2.189211025709914311e-16 nan 1.920933999773943384e-16 2.145929796122478546e-16
5.818236926697919989e+04 nan 7.988575580092167886e-16 9.111842464443726862e-17 nan 8.191185364595255766e-17 8.526484727759137302e-17
5.754707007224539848e+04 nan 7.823249394215621775e-16 nan nan 4.607198441714434769e-17 nan
5.789499009097219823e+04 nan 1.001257904539375643e-15 5.497133163602313377e-17 nan 3.554017632832037197e-17 3.681236179278116996e-17
5.827022877195599722e+04 nan nan nan nan nan nan
5.807035998547449708e+04 nan 8.146809375880915902e-16 nan nan 5.658625296009902609e-17 nan
