5.809433617457179935e+04 5.445871228278858780e+02 9.966074717168417196e-01 4.016305112399054522e-02 7.183645761433754551e-02
5.819815560798609658e+04 4.794730745959037108e+02 9.964795088655082900e-01 1.935814816625778048e-02 8.157113773099135268e-02
5.750803061267360317e+04 5.637543968912260652e+02 9.973843073460437747e-01 1.984880490614085100e-02 6.950229063599666635e-02
5.770135341181710100e+04 5.240341726007161469e+02 9.938971118081629808e-01 8.158248882271931790e-02 7.424842528217494297e-02
5.751604011126160185e+04 5.206249373578134509e+02 9.969248270924360167e-01 2.207385005219098320e-02 7.519065281396586364e-02
5.787822169053240214e+04 6.399806045789155178e+02 9.976247686193768782e-01 3.150900311636719436e-02 6.125360201447316300e-02
5.774123162674769992e+04 5.304228989893842936e+02 9.959717599407760247e-01 5.113077495030623337e-02 7.366069001478565970e-02
5.794201711207180051e+04 4.126056975961454327e+02 9.938610511515042489e-01 5.787066485290347229e-02 9.429314478534464583e-02
5.750802856400459859e+04 5.635458996675773733e+02 9.972907943723716695e-01 2.405703089279465426e-02 6.951496763105768917e-02
5.823726240335650073e+04 nan nan nan nan
5.822235336199070298e+04 4.391900753901834946e+02 9.956105013596384667e-01 2.927340749759495264e-02 8.889767823677363623e-02
5.775723207074069796e+04 5.132450334575521538e+02 9.968740446799440047e-01 2.063819067298844345e-02 7.626404217712541567e-02
5.759899435380790237e+04 5.136936934422107015e+02 9.968185636668378535e-01 2.340928749534312153e-02 7.618895187717758533e-02
5.750803268356480112e+04 5.658445864404282020e+02 9.974223880519370589e-01 1.878565166931795913e-02 6.925084190195661404e-02
5.790323764157410187e+04 4.672059061738073638e+02 9.961696583104797664e-01 2.543370522182093404e-02 8.366085404937932679e-02
5.822235540826390206e+04 4.349358254462160858e+02 9.954795469595517643e-01 3.108950574947205725e-02 8.974360265478117937e-02
5.752321513501159643e+04 3.300903463173185628e+02 9.908517987614235967e-01 6.699397779396894237e-02 1.171516958075827786e-01
5.777233828069439915e+04 4.713352099200125167e+02 9.956778351006363437e-01 4.197834089377606992e-02 8.284604749241709920e-02
5.775723414351850079e+04 5.231771981502914741e+02 9.969527300374838585e-01 2.204585352623825503e-02 7.482803226804655983e-02
5.780125410884260054e+04 4.584343144538374304e+02 9.949723671247225898e-01 5.287091285360957099e-02 8.505677652164103653e-02
5.819022900959489925e+04 4.834959602638288061e+02 9.964664622071195410e-01 2.261297834010846802e-02 8.089031404943963777e-02
5.832110642223380273e+04 nan nan nan nan
5.791098589741899923e+04 5.700409644962667244e+02 9.969702506991843238e-01 3.651779881596720068e-02 6.867874191073906898e-02
5.788727339337959711e+04 4.579072838362848756e+02 9.938507529326112699e-01 7.100707306011523612e-02 8.496279462633675450e-02
5.791804983322919725e+04 4.532471247611304079e+02 9.959875755990983404e-01 2.402705071502823919e-02 8.620585876939015901e-02
5.769338602006940346e+04 3.157904442808176100e+02 6.317124247828213024e-01 7.736032228273217459e-01 4.977414997957715220e-02
5.758399652326390060e+04 4.797469772819349600e+02 9.958948963085016981e-01 3.953079480780655186e-02 8.142893692380889781e-02
5.805532662721059751e+04 4.859962844305117642e+02 9.964487993328279281e-01 2.478225020963614744e-02 8.047130160940914323e-02
5.754707211745370296e+04 5.010820459820281485e+02 9.967147984335460453e-01 2.148299453434247136e-02 7.809027807232726826e-02
5.807925519999999960e+04 4.580983625929449090e+02 9.960185267677383880e-01 2.590953181146419745e-02 8.529824439421164473e-02
5.809433412939820118e+04 5.407678014211376194e+02 9.963701212153058817e-01 4.492145218125288830e-02 7.230936788082131805e-02
5.814732800942129688e+04 4.961658670308610795e+02 9.965912989273930656e-01 2.427613608479944549e-02 7.884448058680952609e-02
5.777234237812500214e+04 4.668871150366698544e+02 9.954643671869841670e-01 4.540728475247832879e-02 8.359947459418905213e-02
5.807036205874999723e+04 4.915032425467709345e+02 9.956837851049080701e-01 4.797799188424829719e-02 7.944754479477701692e-02
5.812536600854169956e+04 5.358913253722761283e+02 9.963867804375525772e-01 4.346022704982000634e-02 7.296980494743184054e-02
5.793309323693290207e+04 5.491608530351359150e+02 9.971487043273361550e-01 2.466885909070531957e-02 7.131555825678950744e-02
5.771136096131939848e+04 3.096665334894819352e+02 9.854249758404738380e-01 1.169694904733449559e-01 1.235141906349535995e-01
5.772634417016200314e+04 5.298462626360471859e+02 9.970245257361415314e-01 2.193977319516588614e-02 7.389682965301422324e-02
5.792505632480319764e+04 5.976245094616032247e+02 9.976956247666004529e-01 1.730686231608749223e-02 6.560421357165129030e-02
5.792505839787040168e+04 6.037986047206695730e+02 9.977269601010020361e-01 1.800108756885250572e-02 6.493746171473233075e-02
5.779425195087960310e+04 4.963205120939331323e+02 9.958326037571892941e-01 4.608408795390984969e-02 7.869995001035876014e-02
5.753021721699069894e+04 5.453480236489722301e+02 9.949747725226176787e-01 7.009105085591098294e-02 7.150137504607353978e-02
5.777234032824070164e+04 4.698725254837384000e+02 9.955538617477960317e-01 4.438110127414526124e-02 8.308324866508534634e-02
5.832900795686340280e+04 4.183729249938843964e+02 9.949940322103821844e-01 3.605020243735655716e-02 9.320546534378154613e-02
5.759101953285880154e+04 4.509545673188188175e+02 9.954703856989447486e-01 3.933306791856615997e-02 8.655415047533859818e-02
5.832110434920139960e+04 nan nan nan nan
5.771136301688660024e+04 4.149270570821948354e+02 9.920864970269548389e-01 8.387501221292553710e-02 9.343106947406566720e-02
5.756209248620369908e+04 5.075589775282917344e+02 9.960060914535447951e-01 4.522501752590196711e-02 7.698417744715316258e-02
5.813236809641199943e+04 4.889635959376000756e+02 9.964894947729043828e-01 2.470563671610450859e-02 7.998948882005488259e-02
5.758399242811340082e+04 4.668333910791636754e+02 9.955415030943310928e-01 4.364020900831309946e-02 8.362205315818753426e-02
5.751604420141199807e+04 5.714759960534446463e+02 9.974302331030345803e-01 2.076420137608454147e-02 6.856951241797844265e-02
5.771135891380789690e+04 nan nan nan nan
5.777934957790510089e+04 4.594453379938642001e+02 9.961377003845932609e-01 2.174920459219961688e-02 8.506852515531788950e-02
5.756911800738429883e+04 4.749318965987111483e+02 9.962420487668507407e-01 2.695437900585616678e-02 8.231185650461474157e-02
5.752321306202549749e+04 2.397897349275469310e+02 9.823196303452446099e-01 9.962309546611361477e-02 1.585035731084055710e-01
5.788727544106479763e+04 4.799587544445542449e+02 9.943361446244520785e-01 6.864538345780947515e-02 8.113841767813335937e-02
5.826023422604169900e+04 9.900761054559301044e+01 9.332192210985448266e-01 9.519458527329109632e-02 3.464677132242936497e-01
5.827022672664350102e+04 nan nan nan nan
5.811735631356480008e+04 5.358205286453022609e+02 9.970775775455446022e-01 2.226026283161332275e-02 7.308067497345607788e-02
5.788727751406250172e+04 3.766460236142032159e+02 9.900260088935896041e-01 9.665533566842786362e-02 1.024999892734313328e-01
5.756912005475690239e+04 4.681070045756807190e+02 9.961060601069946507e-01 2.832453653954881273e-02 8.348914688712714971e-02
5.787822373693290137e+04 6.419013029626005391e+02 9.977536486857988551e-01 2.749809195279882129e-02 6.108609885343026930e-02
5.817536505616900104e+04 4.678468894459386433e+02 9.962405082534437906e-01 2.286680484578350672e-02 8.355811720631928230e-02
5.789498600013890245e+04 6.058265328709098867e+02 9.957621168992397687e-01 6.558974320523820734e-02 6.446543364172493962e-02
5.815434955232639913e+04 3.381176161611489306e+02 9.873278201698457712e-01 1.108525329563222334e-01 1.135583174224941150e-01
5.771924999274309812e+04 4.770448574989608232e+02 9.962898315167976193e-01 2.626646702961439594e-02 8.195513605634079102e-02
5.777934750718750001e+04 4.625646543703754219e+02 9.962312311982273183e-01 1.952614397854584086e-02 8.451073119192187288e-02
5.816835790402779821e+04 4.857934958326983974e+02 9.965689853535506515e-01 1.913353556835464819e-02 8.052431463880455054e-02
5.751604215731479781e+04 5.670606105016205447e+02 9.973729707761816998e-01 2.174788053098335172e-02 6.909549086231010773e-02
5.820533120576389774e+04 4.627482861290422420e+02 9.961382162999788958e-01 2.397753952967314126e-02 8.446142092576487681e-02
5.830710000846059847e+04 4.125500055386717690e+02 9.950238252796481664e-01 3.150072531603601012e-02 9.452667047145976720e-02
5.829517626560189819e+04 3.748671282277060186e+02 9.908659534109197642e-01 8.684714120140300808e-02 1.031612157557894177e-01
5.755421627608800191e+04 2.355560979746617818e+02 9.699983181365924301e-01 1.853389497275479691e-01 1.573300242359087220e-01
5.785705548473379895e+04 3.311840077322511888e+02 9.870968372628714516e-01 1.105047894507825978e-01 1.158815143759969885e-01
5.816135376030090265e+04 4.838385680730296485e+02 9.965581298921000197e-01 1.831691836889405567e-02 8.084790812029371554e-02
5.781719053767360310e+04 4.890425420121278535e+02 9.965285015539073754e-01 2.310175963396567111e-02 7.998283748741785715e-02
5.818236926697919989e+04 4.630159388434674383e+02 9.922968034379907598e-01 9.127346509611189429e-02 8.376281069839001947e-02
5.814031619839119958e+04 5.107727506912578974e+02 9.968771512596763529e-01 1.905853074360671848e-02 7.663365906889377244e-02
5.793308914398150227e+04 5.407075712054327141e+02 9.971257664889972006e-01 2.223764900587906629e-02 7.242715492424936508e-02
5.794902547202550340e+04 4.662308661693898557e+02 9.961931921384229449e-01 2.387500144502660224e-02 8.383977721260386928e-02
5.796499702621530014e+04 1.965602411516745462e+02 9.679082445655592393e-01 1.670646191736484265e-01 1.877313056535365454e-01
5.806233003357639973e+04 4.788398182811521337e+02 9.943374498158757957e-01 6.840142158568329744e-02 8.132823260539998045e-02
5.816835585621529754e+04 4.826386723279995294e+02 9.964476881646786577e-01 2.293449708962281772e-02 8.103094220428107286e-02
5.815434747914350010e+04 3.054631681563466259e+02 9.791694805250226175e-01 1.610681893743500515e-01 1.236291502034451012e-01
5.789498804668980301e+04 6.054056320924904639e+02 9.977070279553161836e-01 1.965972978979466795e-02 6.476249989895510595e-02
5.790323556789349823e+04 4.843264965399415019e+02 9.964150534609426124e-01 2.525006357291229020e-02 8.074326923026291236e-02
5.770135136431710271e+04 5.226559398237590131e+02 9.968678841342845098e-01 2.541500998699560906e-02 7.488991153016313906e-02
5.779425399725689931e+04 4.983725580885409840e+02 9.957828582405824358e-01 4.769637638790062001e-02 7.836807330590600529e-02
5.818237350934030110e+04 4.571905362316493324e+02 9.922007002955135491e-01 9.134775718476474682e-02 8.481366393692628403e-02
5.796499498196759669e+04 3.813086064237980395e+02 9.855298189072805304e-01 1.366200832527096898e-01 1.003291029393027778e-01
5.819815355579859897e+04 4.819127260540786324e+02 9.965139108250916644e-01 1.929933240501549921e-02 8.116379304099848035e-02
5.773335479246530303e+04 5.339888670307450411e+02 9.969176480899987203e-01 2.794932876390355050e-02 7.330783006168224702e-02
5.781718846579860110e+04 4.893324371435321609e+02 9.965357460094216302e-01 2.294873482788026275e-02 7.993661548530267558e-02
5.755422042105319997e+04 3.010809863808757427e+02 9.814661875528242208e-01 1.443733919168774527e-01 1.260176431970541910e-01
5.811735423478009761e+04 5.336143329784936213e+02 9.971346162419886250e-01 1.833810567848581652e-02 7.339121863047816385e-02
5.826023217620370269e+04 2.595407100603010804e+02 9.881323617774114831e-01 4.046242203057432568e-02 1.481797152501466708e-01
5.816835994937500072e+04 4.850036188101810808e+02 9.965136615467338199e-01 2.136970066219764236e-02 8.064650174886454914e-02
5.795602964086810243e+04 5.715695581734934194e+02 9.973863410891327108e-01 2.282706797197241871e-02 6.855225435122830335e-02
5.754707007224539848e+04 5.041866395472600288e+02 9.968039289038612694e-01 1.888251440974185111e-02 7.762330817088290702e-02
5.819815770527780114e+04 4.874403725257513997e+02 9.965401427906774856e-01 2.163481419562828315e-02 8.024760819773278653e-02
5.794902342686340126e+04 4.651244738763909368e+02 9.961618113167894917e-01 2.449382009357349566e-02 8.403391250725350536e-02
5.772634212504629977e+04 5.365576724419660195e+02 9.971422073443791945e-01 1.949145657777500568e-02 7.298973525678952023e-02
5.816135583026619861e+04 4.849220036380264105e+02 9.965508743942079750e-01 1.947652856720253137e-02 8.066609931756060781e-02
5.820533327646990074e+04 4.624125811556515941e+02 9.961262115699893727e-01 2.426564728172549493e-02 8.452070151873998516e-02
5.823725831040510093e+04 nan nan nan nan
5.780937075761570304e+04 4.587036692563729616e+02 9.917192788113773361e-01 9.675098366892961876e-02 8.445187501137181585e-02
5.794902135501160228e+04 4.588365401500186636e+02 9.960454747796382291e-01 2.530273820616396260e-02 8.516562458102093502e-02
5.812536191586810310e+04 5.363033326178033349e+02 9.962084376216454595e-01 4.749883814460457293e-02 7.288764769391681275e-02
5.817536710152780142e+04 4.685886173242504356e+02 9.963173676479227803e-01 1.974036177805371661e-02 8.343872626056485220e-02
5.832900588675930339e+04 4.211302627867112278e+02 9.949300102800990864e-01 3.927606252633246420e-02 9.258328983390873290e-02
5.752321720414349693e+04 2.711495537419074822e+02 9.872302300438936529e-01 7.302391039781926108e-02 1.415767685663587017e-01
5.774122955451389862e+04 5.266488180327838791e+02 9.959852770668814470e-01 5.009078585631549646e-02 7.419057243548141112e-02
5.774928157427079714e+04 5.056174319478988650e+02 9.967802968617883730e-01 2.093520599942489888e-02 7.739998021890291680e-02
5.831410411701389967e+04 3.936714788606072375e+02 9.946052156399792787e-01 3.105066291878011073e-02 9.897636765437774209e-02
5.827022465368059784e+04 nan nan nan nan
5.773335891081020236e+04 5.364797099957992259e+02 9.965370983820389661e-01 3.997105696101929673e-02 7.291176965158023549e-02
5.781719258413190255e+04 4.896689539490168386e+02 9.965207741783088657e-01 2.378333946641579544e-02 7.987928013502046398e-02
5.771925203789350053e+04 4.795755188342681095e+02 9.963501332935892352e-01 2.527562437265925763e-02 8.153253766699014582e-02
5.831410207297449961e+04 3.933433852712294652e+02 9.947100865069562481e-01 2.711150828094616855e-02 9.907981590644834857e-02
5.778635136835650337e+04 4.931938311157538237e+02 9.966011436541476476e-01 2.223312975369389627e-02 7.932117251150776205e-02
5.755421834906250297e+04 3.276160946257379010e+02 9.848945088124092528e-01 1.279931976063775345e-01 1.166213868793280761e-01
5.791805190278939699e+04 5.132041242452906999e+02 9.968840969893990600e-01 2.011792996288241583e-02 7.627165963605977983e-02
5.794201918894679693e+04 4.134081878932174732e+02 9.942705174542256774e-01 5.054523877439801027e-02 9.418766882424395304e-02
5.831410002775459725e+04 3.946769887804139785e+02 9.947609976186992942e-01 2.641932533286896895e-02 9.875513589482899646e-02
5.816135163695600204e+04 4.796001513938733751e+02 9.964701282160327578e-01 1.993010469438557739e-02 8.154798893899341261e-02
5.823726035914350359e+04 nan nan nan nan
5.818237133792819805e+04 4.661007640635723419e+02 9.923666006554907604e-01 9.101064534613946544e-02 8.322014381833758856e-02
5.807925312800930260e+04 4.533775176527675512e+02 9.959478554653942162e-01 2.572698640653308874e-02 8.617419198530516800e-02
5.787822578078699735e+04 6.402312930978221175e+02 9.976489494519705792e-01 3.077570612674382367e-02 6.123258584919907821e-02
5.759101748648149805e+04 4.137229110406196355e+02 9.944325681012718965e-01 4.733145088174749160e-02 9.414670072253174260e-02
5.820532913385419670e+04 4.624917773657847420e+02 9.961200188911298881e-01 2.457199452613060761e-02 8.450517764813542110e-02
5.759899847901619796e+04 5.190769399533439810e+02 9.968685691790504233e-01 2.381038106277011748e-02 7.540637596754422300e-02
5.792506044400460087e+04 6.025795071199834183e+02 9.977023412978985872e-01 1.888126763464927776e-02 6.506562764778515973e-02
5.824427684101850173e+04 3.592268427888005249e+02 8.785931067589041188e-01 4.700110459362866200e-01 8.463905395037650548e-02
5.794202124114579783e+04 4.142116649740364664e+02 9.938312882230497802e-01 5.897492512835700307e-02 9.392192904225397931e-02
5.827022877195599722e+04 nan nan nan nan
5.770134931630789652e+04 5.213669780859750063e+02 9.967992395596737554e-01 2.750570298742692835e-02 7.506472085090182267e-02
5.822936277232639986e+04 4.040989212079917934e+02 9.948215684490376853e-01 3.201066293009292157e-02 9.646431675688459106e-02
5.830709591488430306e+04 4.132413755802293736e+02 9.950989799931373447e-01 2.949425326292713992e-02 9.438277936721325978e-02
5.779424990355320188e+04 4.964122997492841591e+02 9.956208444071663610e-01 5.052728862075320238e-02 7.865193758958548276e-02
5.756912210134259658e+04 4.335744267655531985e+02 9.954899074080320043e-01 2.991547384950449598e-02 9.002726627587574748e-02
5.758399447690969828e+04 4.752710816298907730e+02 9.957294856941579786e-01 4.208478810382104696e-02 8.216849718416513459e-02
5.828621623447920138e+04 3.763173979328202563e+02 9.941143757444811380e-01 3.220364909317341429e-02 1.034385466025326411e-01
5.769338806991899764e+04 nan nan nan nan
5.825323005146990181e+04 4.542393930835610263e+02 9.959515207276209425e-01 2.612702746223082712e-02 8.601131783856753865e-02
5.812536396336810139e+04 5.359933007715421809e+02 9.964973263869912889e-01 4.084298540453829007e-02 7.297211143185247662e-02
5.785705753340280353e+04 nan nan nan nan
5.774928362151620240e+04 5.140220328970934816e+02 9.968969158612350778e-01 1.993422163062206348e-02 7.615225508373678343e-02
5.753022130751160148e+04 5.439826560824936905e+02 9.950498440062159888e-01 6.881943245278891730e-02 7.169165683732903194e-02
5.822936072609949770e+04 4.052032395448227362e+02 9.948448227348356543e-01 3.206556470670387377e-02 9.620591581463962261e-02
5.780125618298610061e+04 4.673481781452867381e+02 9.949487098701381704e-01 5.582487696714164005e-02 8.343049705803703975e-02
5.827812278018520010e+04 3.592033379166625195e+02 9.926312510513757292e-01 5.486122784950730330e-02 1.080437185357162461e-01
5.811735835869210132e+04 5.364352983366169383e+02 9.970881877621736722e-01 2.205375968295587852e-02 7.299847607306976516e-02
5.769339011508099793e+04 nan nan nan nan
5.777934543577550357e+04 4.605457168540742714e+02 9.961922399061996503e-01 1.993312382077297787e-02 8.487456465522785765e-02
5.827812482775459648e+04 3.722699780756894938e+02 9.911034266390221781e-01 8.314086198389006310e-02 1.039307210259032416e-01
5.759899642730320193e+04 5.197593637035727170e+02 9.969074184149662177e-01 2.243913934319585746e-02 7.531324010254923651e-02
5.807925724394679855e+04 4.582733739298298588e+02 9.959857354406602692e-01 2.726055306067522166e-02 8.526005539262339339e-02
5.791098794153940253e+04 5.898006860531407938e+02 9.972555982719328860e-01 3.271402570638414636e-02 6.641584327079855243e-02
5.808635959826390172e+04 5.094756936444629218e+02 9.954219698807598160e-01 5.715622270426560375e-02 7.660462182458641078e-02
5.790323971211809840e+04 5.039305782074430340e+02 9.967154101484648754e-01 2.300066266558235817e-02 7.764895807106113323e-02
5.769131833840280160e+04 nan nan nan nan
5.780936665247679775e+04 4.581090501942097717e+02 9.919078013379967196e-01 9.467221794183726391e-02 8.459364512062605979e-02
5.829518035386569682e+04 3.834069979427028443e+02 9.902589794041135596e-01 9.611776648983086369e-02 1.007399060677032637e-01
5.774122674336809723e+04 5.146822397031570517e+02 9.958964615594422254e-01 4.928615323217751254e-02 7.590199571129029044e-02
5.791804778619210265e+04 3.965408266370359343e+02 9.947618612981671271e-01 2.806585782313935490e-02 9.829113353328094993e-02
5.830709796201389690e+04 4.134184881736828174e+02 9.950668621985088169e-01 3.070196662157207226e-02 9.433625496055099424e-02
5.786411054701390094e+04 4.899363775827791301e+02 9.965613893494016384e-01 2.214999772890226606e-02 7.984218721077215863e-02
5.824427479357639822e+04 3.578287020058433541e+02 8.690834883287428259e-01 4.876285197954096096e-01 8.314034517899124288e-02
5.774928569214120216e+04 5.137212845807652002e+02 9.969098311973410009e-01 1.909265867229415978e-02 7.619881132217355690e-02
5.780936871119210264e+04 4.582097149666996643e+02 9.919995050313376028e-01 9.370910074470045759e-02 8.459069957862233591e-02
5.772634621746530320e+04 5.292554355835789011e+02 9.970310955940600017e-01 2.135204618742442273e-02 7.398029833758933138e-02
5.815435159636569733e+04 3.765037837973731030e+02 9.902108967648423077e-01 9.465905118486457603e-02 1.025770147593891984e-01
5.776436118144680222e+04 5.453472492740708049e+02 9.970031759327245835e-01 2.881645937271447300e-02 7.179330643786793753e-02
5.805532454843750020e+04 4.840531459444468396e+02 9.962968216513348185e-01 2.947710274052788362e-02 8.076969469716108185e-02
5.791098384990740306e+04 5.755544444687063788e+02 9.971115719537966271e-01 3.374988197152888753e-02 6.804012450559433767e-02
5.819023105809029948e+04 4.851603131661632915e+02 9.965090049727834964e-01 2.168563422931557225e-02 8.061970153892528135e-02
5.809433205741900019e+04 5.400335153760788671e+02 9.965592462346982705e-01 4.028416255744230595e-02 7.243517785700304135e-02
5.827812689575229888e+04 3.698864195019606882e+02 9.917730771969673897e-01 7.358877726568108235e-02 1.047418503168643655e-01
5.814031412269680004e+04 5.104590182036482133e+02 9.968653577606937377e-01 1.948840616642605675e-02 7.667894444850412161e-02
5.795602759527780290e+04 5.703068334787819822e+02 9.974175457904314035e-01 2.091420369390144599e-02 6.870833598074492510e-02
5.817536914803239779e+04 4.692953057126974272e+02 9.962435070473401044e-01 2.366143268142733083e-02 8.330072790485561207e-02
5.795602554311339918e+04 5.724579417572102784e+02 9.974103644891019194e-01 2.207433672903104729e-02 6.844916703430466154e-02
5.789499009097219823e+04 6.181633378569406432e+02 9.977841825681640353e-01 2.006570187609884107e-02 6.343573618237555167e-02
5.825323209668979689e+04 4.526316906583992363e+02 9.959147404893811117e-01 2.653933963890878212e-02 8.631044622465690319e-02
5.780125822796300054e+04 4.744580378052939977e+02 9.951375004187469342e-01 5.424601986433760792e-02 8.221146263877306126e-02
5.786411259569440153e+04 4.889898196796098659e+02 9.965704628227303186e-01 2.115658252874656406e-02 7.999819776090938417e-02
5.826023629657409765e+04 9.204730748162874931e+01 9.236268723639642353e-01 1.168579427424139699e-01 3.650446847512948123e-01
5.771924791943289893e+04 4.643470998857046652e+02 9.961104086138731217e-01 2.607975530419547397e-02 8.416590886086909584e-02
5.814732389353009785e+04 4.969281367439737096e+02 9.964524246954452602e-01 2.980979507678733001e-02 7.870159741738533277e-02
5.756209657984950172e+04 5.136115714516622575e+02 9.961771174652855887e-01 4.288903695730986870e-02 7.610309551804879391e-02
5.785705957910879806e+04 nan nan nan nan
5.807036410302080185e+04 4.893381171623684622e+02 9.947160383415786233e-01 6.478296504810970857e-02 7.964402366537277900e-02
5.769131626776619669e+04 nan nan nan nan
5.832110846770829812e+04 nan nan nan nan
5.778635548760420352e+04 4.953542110184093303e+02 9.966633353809314366e-01 2.058037579217421309e-02 7.898508745079543814e-02
5.825322797965280188e+04 4.531738160334280678e+02 9.959173789450279646e-01 2.677340503101175578e-02 8.620765104276453816e-02
5.776435706200230197e+04 5.452219700170956003e+02 9.969227599715542176e-01 3.146468425867914032e-02 7.179821930382614126e-02
5.814732594024309947e+04 4.968656956460120568e+02 9.965289875585091606e-01 2.706610947222681807e-02 7.872358397361126081e-02
5.754706797363430087e+04 4.999189518511142865e+02 9.965768588604273504e-01 2.667312155470570600e-02 7.825029693497481675e-02
5.806233210521990259e+04 4.825995560415102545e+02 9.946283022789984551e-01 6.477108651012745966e-02 8.074185195977920393e-02
5.814031824292820238e+04 5.106813621203211824e+02 9.968917097483235290e-01 1.821417186066894012e-02 7.664961173087837809e-02
5.786411466642360028e+04 4.880624910239086489e+02 9.965351566282657503e-01 2.223821036576057592e-02 8.014451699028624088e-02
5.832900381342590117e+04 4.211260285527832252e+02 9.950005374259334179e-01 3.741205455554123122e-02 9.259734713282491425e-02
5.813236604783560324e+04 4.894004808237481825e+02 9.962360301069578261e-01 3.366553318014525037e-02 7.987743230991638244e-02
5.819022696206020191e+04 4.756276730869722655e+02 9.962020059755347656e-01 2.876135543301352668e-02 8.218483877198075327e-02
5.806233414921299845e+04 4.871320299452296467e+02 9.946405070937278659e-01 6.550917471503427125e-02 7.999256013209622707e-02
5.773335686430559872e+04 5.374141780263695409e+02 9.967585401013033808e-01 3.420596070936698235e-02 7.281733987909541628e-02
5.753021926346060354e+04 5.459455283032331181e+02 9.954639972368434231e-01 6.277043496659973076e-02 7.149337521302019660e-02
5.776435913623840315e+04 5.448925083361682482e+02 9.969631881676120910e-01 3.003904487849649863e-02 7.184745800276111372e-02
5.778635344240740233e+04 4.941818084903449062e+02 9.966436433594932920e-01 2.082457964234954093e-02 7.916934402806766191e-02
5.805532867262729997e+04 4.884292217986107971e+02 9.964482687378765080e-01 2.606880230416002558e-02 8.007037701744096347e-02
5.759101543976849644e+04 4.752583520337116738e+02 9.959502779158960761e-01 3.640095547621077787e-02 8.220714299663042790e-02
5.793309119048609864e+04 5.459415716352253867e+02 9.971657807868707923e-01 2.267127561424716817e-02 7.173854535557135093e-02
5.824427891273149726e+04 3.609751069868836453e+02 8.706170917759150640e-01 4.849592433844114314e-01 8.270678184808705202e-02
5.822235129023149784e+04 4.356537350510456008e+02 9.954272976254081584e-01 3.314797398067213796e-02 8.958631013248428976e-02
5.807035998547449708e+04 4.884672255583499236e+02 9.957773841230130873e-01 4.510409806667083771e-02 7.995637314636884485e-02
5.808635550745369983e+04 5.113382875466608084e+02 9.962247234149277375e-01 4.113260281896080617e-02 7.644873734855511804e-02
5.756209453456020128e+04 5.119019510772787385e+02 9.962946140106933024e-01 3.954566577620446943e-02 7.637527356154315272e-02
5.769131419668979652e+04 nan nan nan nan
5.808635755370370316e+04 5.123271503476358930e+02 9.958803328746084205e-01 4.907686455758489968e-02 7.624843577907483572e-02
5.822935865428239777e+04 4.071213335785853360e+02 9.949244481489518677e-01 3.088423179821239706e-02 9.576798369882288942e-02
5.775723621420140262e+04 5.244385791436330919e+02 9.970079164979840369e-01 2.004116487911752204e-02 7.465632023236380699e-02
5.813237014164349966e+04 4.894413345521242036e+02 9.964645486359989812e-01 2.594627115200687575e-02 7.990741095143610861e-02
5.796499293421299808e+04 3.219476130079971767e+02 9.789422896268114016e-01 1.671098134432879856e-01 1.172446324194236777e-01
5.829517830981480074e+04 3.840337515249431704e+02 9.903485565453307160e-01 9.534487716051175121e-02 1.005936923858896520e-01
