5.711600000000000000e+04 3.103347726754275670e-14 0.000000000000000000e+00
5.712100000000000000e+04 3.062917636608411924e-14 0.000000000000000000e+00
5.712600000000000000e+04 3.035994034319687853e-14 0.000000000000000000e+00
5.713100000000000000e+04 3.038586103303352921e-14 0.000000000000000000e+00
5.713600000000000000e+04 3.048328975215951227e-14 0.000000000000000000e+00
5.714100000000000000e+04 3.072317626834130151e-14 0.000000000000000000e+00
5.714600000000000000e+04 3.098071385958274797e-14 0.000000000000000000e+00
5.715100000000000000e+04 3.125815317684660616e-14 0.000000000000000000e+00
5.715600000000000000e+04 3.175919806871265728e-14 0.000000000000000000e+00
5.716100000000000000e+04 3.181300818825956630e-14 0.000000000000000000e+00
5.716600000000000000e+04 3.156526277982254019e-14 0.000000000000000000e+00
5.717100000000000000e+04 3.154321704786833726e-14 0.000000000000000000e+00
5.717600000000000000e+04 3.149263745189772497e-14 0.000000000000000000e+00
5.718100000000000000e+04 3.175875096187608106e-14 0.000000000000000000e+00
5.718600000000000000e+04 3.194366462343271288e-14 0.000000000000000000e+00
5.719100000000000000e+04 3.221818261214129466e-14 0.000000000000000000e+00
5.719600000000000000e+04 3.260559626084536250e-14 0.000000000000000000e+00
5.720100000000000000e+04 3.308329825264707692e-14 0.000000000000000000e+00
5.720600000000000000e+04 3.343007596442554894e-14 0.000000000000000000e+00
5.721100000000000000e+04 3.356280095103796427e-14 0.000000000000000000e+00
5.721600000000000000e+04 3.331572787781982462e-14 0.000000000000000000e+00
5.722100000000000000e+04 3.325706808595704783e-14 0.000000000000000000e+00
5.722600000000000000e+04 3.317276335163271652e-14 0.000000000000000000e+00
5.723100000000000000e+04 3.299711201408196302e-14 0.000000000000000000e+00
5.723600000000000000e+04 3.247700248840326282e-14 0.000000000000000000e+00
5.724100000000000000e+04 3.220147864690183541e-14 0.000000000000000000e+00
5.724600000000000000e+04 3.218936003143469472e-14 0.000000000000000000e+00
5.725100000000000000e+04 3.241870567086754837e-14 0.000000000000000000e+00
5.725600000000000000e+04 3.264880165701174088e-14 0.000000000000000000e+00
5.726100000000000000e+04 3.297697077372621580e-14 0.000000000000000000e+00
5.726600000000000000e+04 3.288604292960548443e-14 0.000000000000000000e+00
5.727100000000000000e+04 3.297901601905053247e-14 0.000000000000000000e+00
5.727600000000000000e+04 3.254302538193768913e-14 0.000000000000000000e+00
5.728100000000000000e+04 3.222456272403329382e-14 0.000000000000000000e+00
5.728600000000000000e+04 3.225358510894554034e-14 0.000000000000000000e+00
5.729100000000000000e+04 3.250188416095343183e-14 0.000000000000000000e+00
5.729600000000000000e+04 3.282321517592397246e-14 0.000000000000000000e+00
5.730100000000000000e+04 3.250866980111150324e-14 0.000000000000000000e+00
5.730600000000000000e+04 3.250479734252976771e-14 0.000000000000000000e+00
5.731100000000000000e+04 3.245115088268394245e-14 0.000000000000000000e+00
5.731600000000000000e+04 3.247645576370295564e-14 0.000000000000000000e+00
5.732100000000000000e+04 3.242063975286570668e-14 0.000000000000000000e+00
5.732600000000000000e+04 3.265268389939332612e-14 0.000000000000000000e+00
5.733100000000000000e+04 3.264544420749275061e-14 0.000000000000000000e+00
5.733600000000000000e+04 3.274954285159862145e-14 0.000000000000000000e+00
5.734100000000000000e+04 3.279870488858019648e-14 0.000000000000000000e+00
5.734600000000000000e+04 3.288443092650416291e-14 0.000000000000000000e+00
5.735100000000000000e+04 3.302017778839305451e-14 0.000000000000000000e+00
5.735600000000000000e+04 3.338303172940449257e-14 0.000000000000000000e+00
5.736100000000000000e+04 3.388833259626152359e-14 0.000000000000000000e+00
5.736600000000000000e+04 3.419002512295788053e-14 0.000000000000000000e+00
5.737100000000000000e+04 3.429505734972724786e-14 0.000000000000000000e+00
5.737600000000000000e+04 3.463653307101907480e-14 0.000000000000000000e+00
5.738100000000000000e+04 3.500096454924822251e-14 0.000000000000000000e+00
5.738600000000000000e+04 3.519768637805015759e-14 0.000000000000000000e+00
5.739100000000000000e+04 3.499001290894893143e-14 0.000000000000000000e+00
5.739600000000000000e+04 3.501017381663168777e-14 0.000000000000000000e+00
5.740100000000000000e+04 3.504211901953667529e-14 0.000000000000000000e+00
5.740600000000000000e+04 3.509742763480324239e-14 0.000000000000000000e+00
5.741100000000000000e+04 3.502205531552515281e-14 0.000000000000000000e+00
5.741600000000000000e+04 3.501987279199728016e-14 0.000000000000000000e+00
5.742100000000000000e+04 3.532467706635033194e-14 0.000000000000000000e+00
5.742600000000000000e+04 3.545467861954782171e-14 0.000000000000000000e+00
5.743100000000000000e+04 3.544540546451689789e-14 0.000000000000000000e+00
5.743600000000000000e+04 3.541794029922814432e-14 0.000000000000000000e+00
5.744100000000000000e+04 3.506487982393069152e-14 0.000000000000000000e+00
5.744600000000000000e+04 3.490622039286335068e-14 0.000000000000000000e+00
5.745100000000000000e+04 3.488618050314809767e-14 0.000000000000000000e+00
5.745600000000000000e+04 3.515470552750062722e-14 0.000000000000000000e+00
5.746100000000000000e+04 3.560252176878175245e-14 0.000000000000000000e+00
5.746600000000000000e+04 3.611673248859616345e-14 0.000000000000000000e+00
5.747100000000000000e+04 3.638863591614562830e-14 0.000000000000000000e+00
5.747600000000000000e+04 3.674804480244140438e-14 0.000000000000000000e+00
5.748100000000000000e+04 3.692457616207920233e-14 0.000000000000000000e+00
5.748600000000000000e+04 3.702196034352612001e-14 0.000000000000000000e+00
5.749100000000000000e+04 3.718325815575000812e-14 0.000000000000000000e+00
5.749600000000000000e+04 3.731334655072039981e-14 0.000000000000000000e+00
5.750100000000000000e+04 3.785888362485662346e-14 0.000000000000000000e+00
5.750600000000000000e+04 3.810323994695255014e-14 0.000000000000000000e+00
5.751100000000000000e+04 3.809519059902926993e-14 0.000000000000000000e+00
5.751600000000000000e+04 3.818651300854847147e-14 0.000000000000000000e+00
5.752100000000000000e+04 3.829270917980996175e-14 0.000000000000000000e+00
5.752600000000000000e+04 3.868303742584377235e-14 0.000000000000000000e+00
5.753100000000000000e+04 3.892049368054240736e-14 0.000000000000000000e+00
5.753600000000000000e+04 3.908798647179506107e-14 0.000000000000000000e+00
5.754100000000000000e+04 3.892654160190878678e-14 0.000000000000000000e+00
5.754600000000000000e+04 3.910046786750039453e-14 0.000000000000000000e+00
5.755100000000000000e+04 3.969268704568685550e-14 0.000000000000000000e+00
5.755600000000000000e+04 3.982565384685864611e-14 0.000000000000000000e+00
5.756100000000000000e+04 3.994224167229263181e-14 0.000000000000000000e+00
5.756600000000000000e+04 4.000559299797266175e-14 0.000000000000000000e+00
5.757100000000000000e+04 3.984087019532206591e-14 0.000000000000000000e+00
5.757600000000000000e+04 3.964696893066611573e-14 0.000000000000000000e+00
5.758100000000000000e+04 3.955213350701387294e-14 0.000000000000000000e+00
5.758600000000000000e+04 3.921820543090134493e-14 0.000000000000000000e+00
5.759100000000000000e+04 3.893421143130199775e-14 0.000000000000000000e+00
5.759600000000000000e+04 3.867080216762136346e-14 0.000000000000000000e+00
5.760100000000000000e+04 3.857285114803112882e-14 0.000000000000000000e+00
5.760600000000000000e+04 3.847828066623816770e-14 0.000000000000000000e+00
5.761100000000000000e+04 3.830255852015925997e-14 0.000000000000000000e+00
5.761600000000000000e+04 3.812046734003975903e-14 0.000000000000000000e+00
5.762100000000000000e+04 3.789322892834592990e-14 0.000000000000000000e+00
5.762600000000000000e+04 3.769546974623401235e-14 0.000000000000000000e+00
5.763100000000000000e+04 3.772948804136111759e-14 0.000000000000000000e+00
5.763600000000000000e+04 3.787024517356915274e-14 0.000000000000000000e+00
5.764100000000000000e+04 3.757677459525234100e-14 0.000000000000000000e+00
5.764600000000000000e+04 3.704099932196167216e-14 0.000000000000000000e+00
5.765100000000000000e+04 3.660534288645020679e-14 0.000000000000000000e+00
5.765600000000000000e+04 3.690000899068582229e-14 0.000000000000000000e+00
5.766100000000000000e+04 3.691379236043016527e-14 0.000000000000000000e+00
5.766600000000000000e+04 3.653487431550391843e-14 0.000000000000000000e+00
5.767100000000000000e+04 3.648067104242321526e-14 0.000000000000000000e+00
5.767600000000000000e+04 3.602403290215327199e-14 0.000000000000000000e+00
5.768100000000000000e+04 3.554801422633772586e-14 0.000000000000000000e+00
5.768600000000000000e+04 3.520355677499531283e-14 0.000000000000000000e+00
5.769100000000000000e+04 3.522943999155776047e-14 0.000000000000000000e+00
5.769600000000000000e+04 3.508829329680166745e-14 0.000000000000000000e+00
5.770100000000000000e+04 3.506352325805336666e-14 0.000000000000000000e+00
5.770600000000000000e+04 3.519974306106457387e-14 0.000000000000000000e+00
5.771100000000000000e+04 3.555917922675155268e-14 0.000000000000000000e+00
5.771600000000000000e+04 3.594215550460980917e-14 0.000000000000000000e+00
5.772100000000000000e+04 3.587254164795058141e-14 0.000000000000000000e+00
5.772600000000000000e+04 3.566857482565212095e-14 0.000000000000000000e+00
5.773100000000000000e+04 3.557048267218591150e-14 0.000000000000000000e+00
5.773600000000000000e+04 3.557549182200092896e-14 0.000000000000000000e+00
5.774100000000000000e+04 3.535368955533111142e-14 0.000000000000000000e+00
5.774600000000000000e+04 3.488273786627521938e-14 0.000000000000000000e+00
5.775100000000000000e+04 3.453058329573573794e-14 0.000000000000000000e+00
5.775600000000000000e+04 3.431222726044813051e-14 0.000000000000000000e+00
5.776100000000000000e+04 3.441516787507317145e-14 0.000000000000000000e+00
5.776600000000000000e+04 3.449529714145357639e-14 0.000000000000000000e+00
5.777100000000000000e+04 3.466313183924987387e-14 0.000000000000000000e+00
5.777600000000000000e+04 3.470382454924903037e-14 0.000000000000000000e+00
5.778100000000000000e+04 3.520586453431068357e-14 0.000000000000000000e+00
5.778600000000000000e+04 3.566659430952789872e-14 0.000000000000000000e+00
5.779100000000000000e+04 3.593572802858538646e-14 0.000000000000000000e+00
5.779600000000000000e+04 3.641457332241120363e-14 0.000000000000000000e+00
5.780100000000000000e+04 3.685779438383847382e-14 0.000000000000000000e+00
5.780600000000000000e+04 3.686949182365243699e-14 0.000000000000000000e+00
5.781100000000000000e+04 3.703406848897907413e-14 0.000000000000000000e+00
5.781600000000000000e+04 3.726037095483930969e-14 0.000000000000000000e+00
5.782100000000000000e+04 3.775366135523946462e-14 0.000000000000000000e+00
5.782600000000000000e+04 3.813781486119992160e-14 0.000000000000000000e+00
5.783100000000000000e+04 3.799416068222212607e-14 0.000000000000000000e+00
5.783600000000000000e+04 3.797927573271280007e-14 0.000000000000000000e+00
5.784100000000000000e+04 3.841420465625602280e-14 0.000000000000000000e+00
5.784600000000000000e+04 3.879638792622174249e-14 0.000000000000000000e+00
5.785100000000000000e+04 3.900800775839435388e-14 0.000000000000000000e+00
5.785600000000000000e+04 3.929316787511757563e-14 0.000000000000000000e+00
5.786100000000000000e+04 3.962184424263598361e-14 0.000000000000000000e+00
5.786600000000000000e+04 3.999006378328094798e-14 0.000000000000000000e+00
5.787100000000000000e+04 4.003276128362122722e-14 0.000000000000000000e+00
5.787600000000000000e+04 4.015063671919773809e-14 0.000000000000000000e+00
5.788100000000000000e+04 4.007165387266489238e-14 0.000000000000000000e+00
5.788600000000000000e+04 4.004133450888051186e-14 0.000000000000000000e+00
5.789100000000000000e+04 4.024858029147898846e-14 0.000000000000000000e+00
5.789600000000000000e+04 4.039587446029082284e-14 0.000000000000000000e+00
5.790100000000000000e+04 4.004215245533153971e-14 0.000000000000000000e+00
5.790600000000000000e+04 3.994034149257870250e-14 0.000000000000000000e+00
5.791100000000000000e+04 3.988180219367392888e-14 0.000000000000000000e+00
5.791600000000000000e+04 3.972784174180635773e-14 0.000000000000000000e+00
5.792100000000000000e+04 3.943834436666761193e-14 0.000000000000000000e+00
5.792600000000000000e+04 3.901095441138259488e-14 0.000000000000000000e+00
5.793100000000000000e+04 3.891559526302199438e-14 0.000000000000000000e+00
5.793600000000000000e+04 3.900327010670155562e-14 0.000000000000000000e+00
5.794100000000000000e+04 3.913855327563564235e-14 0.000000000000000000e+00
5.794600000000000000e+04 3.918567267505797369e-14 0.000000000000000000e+00
5.795100000000000000e+04 3.907978035065628740e-14 0.000000000000000000e+00
5.795600000000000000e+04 3.896059193727554219e-14 0.000000000000000000e+00
5.796100000000000000e+04 3.900734619086676465e-14 0.000000000000000000e+00
5.796600000000000000e+04 3.922566309834022592e-14 0.000000000000000000e+00
5.797100000000000000e+04 3.867741459150843996e-14 0.000000000000000000e+00
5.797600000000000000e+04 3.854091897825300846e-14 0.000000000000000000e+00
5.798100000000000000e+04 3.876891142218284640e-14 0.000000000000000000e+00
5.798600000000000000e+04 3.868193956753476714e-14 0.000000000000000000e+00
5.799100000000000000e+04 3.835192505121378643e-14 0.000000000000000000e+00
5.799600000000000000e+04 3.810915512945875333e-14 0.000000000000000000e+00
5.800100000000000000e+04 3.794815805735845082e-14 0.000000000000000000e+00
5.800600000000000000e+04 3.771665646799068929e-14 0.000000000000000000e+00
5.801100000000000000e+04 3.769212174656254145e-14 0.000000000000000000e+00
5.801600000000000000e+04 3.744343029440503899e-14 0.000000000000000000e+00
5.802100000000000000e+04 3.736480959166260787e-14 0.000000000000000000e+00
5.802600000000000000e+04 3.721544955076711850e-14 0.000000000000000000e+00
5.803100000000000000e+04 3.714408188642514303e-14 0.000000000000000000e+00
5.803600000000000000e+04 3.728723743065274620e-14 0.000000000000000000e+00
5.804100000000000000e+04 3.742896510943765868e-14 0.000000000000000000e+00
5.804600000000000000e+04 3.750905768312058403e-14 0.000000000000000000e+00
5.805100000000000000e+04 3.736624186601484430e-14 0.000000000000000000e+00
5.805600000000000000e+04 3.709997819280428707e-14 0.000000000000000000e+00
5.806100000000000000e+04 3.689070539080551722e-14 0.000000000000000000e+00
5.806600000000000000e+04 3.663826162024248596e-14 0.000000000000000000e+00
5.807100000000000000e+04 3.625501231859573627e-14 0.000000000000000000e+00
5.807600000000000000e+04 3.617849874078452445e-14 0.000000000000000000e+00
5.808100000000000000e+04 3.577911137666083290e-14 0.000000000000000000e+00
5.808600000000000000e+04 3.524699278740341221e-14 0.000000000000000000e+00
5.809100000000000000e+04 3.474169730280664027e-14 0.000000000000000000e+00
5.809600000000000000e+04 3.440300782277984652e-14 0.000000000000000000e+00
5.810100000000000000e+04 3.374682631429937400e-14 0.000000000000000000e+00
5.810600000000000000e+04 3.323052300015194851e-14 0.000000000000000000e+00
5.811100000000000000e+04 3.296262807666816639e-14 0.000000000000000000e+00
5.811600000000000000e+04 3.251315548242248928e-14 0.000000000000000000e+00
5.812100000000000000e+04 3.189973630609806068e-14 0.000000000000000000e+00
5.812600000000000000e+04 3.182003906959699741e-14 0.000000000000000000e+00
5.813100000000000000e+04 3.167154215645920642e-14 0.000000000000000000e+00
5.813600000000000000e+04 3.123095709503100725e-14 0.000000000000000000e+00
5.814100000000000000e+04 3.124393773500239166e-14 0.000000000000000000e+00
5.814600000000000000e+04 3.098401006345690676e-14 0.000000000000000000e+00
5.815100000000000000e+04 3.045200908673741186e-14 0.000000000000000000e+00
5.815600000000000000e+04 3.009463691406153007e-14 0.000000000000000000e+00
5.816100000000000000e+04 2.962763269723799217e-14 0.000000000000000000e+00
5.816600000000000000e+04 2.912481840735211747e-14 0.000000000000000000e+00
5.817100000000000000e+04 2.860901169747382314e-14 0.000000000000000000e+00
5.817600000000000000e+04 2.848654667020459147e-14 0.000000000000000000e+00
5.818100000000000000e+04 2.847754525054786145e-14 0.000000000000000000e+00
5.818600000000000000e+04 2.843299942737329163e-14 0.000000000000000000e+00
5.819100000000000000e+04 2.843042885740390312e-14 0.000000000000000000e+00
5.819600000000000000e+04 2.848576452444969853e-14 0.000000000000000000e+00
5.820100000000000000e+04 2.881673483391876425e-14 0.000000000000000000e+00
5.820600000000000000e+04 2.923719577523395509e-14 0.000000000000000000e+00
5.821100000000000000e+04 2.974941064623336258e-14 0.000000000000000000e+00
5.821600000000000000e+04 3.028626892833260440e-14 0.000000000000000000e+00
5.822100000000000000e+04 3.072255046927454197e-14 0.000000000000000000e+00
5.822600000000000000e+04 3.100270166383097673e-14 0.000000000000000000e+00
5.823100000000000000e+04 3.112403391508416938e-14 0.000000000000000000e+00
5.823600000000000000e+04 3.129744481300762442e-14 0.000000000000000000e+00
5.824100000000000000e+04 3.112208854653962879e-14 0.000000000000000000e+00
5.824600000000000000e+04 3.118194231608871085e-14 0.000000000000000000e+00
5.825100000000000000e+04 3.106050838507151952e-14 0.000000000000000000e+00
