5.755422095200000331e+04 1.261089525943893603e-16 1.506821632621064364e-16 1.464919000780171534e-16
5.756209713000000193e+04 1.294519609687665810e-16 nan nan
5.770135396400000172e+04 1.309575074684154068e-16 1.542532727943717489e-16 nan
5.772634675399999833e+04 1.391161303627533112e-16 1.605187543089312678e-16 1.546358530015653973e-16
5.756912264600000344e+04 1.297993221640227675e-16 1.465476389624797993e-16 nan
5.788727804399999877e+04 1.801825231829139428e-16 2.068862609902762520e-16 1.984431740347419042e-16
5.754707267400000273e+04 1.281134077281501631e-16 1.441402126034341328e-16 nan
5.774123215599999821e+04 1.476875883170446672e-16 1.716574396294237448e-16 nan
5.792506100400000287e+04 1.901622420176824141e-16 2.078555996005894859e-16 nan
5.751604474399999890e+04 1.268448542385882690e-16 nan nan
5.781719312199999695e+04 1.628111182987008829e-16 1.926388961869348719e-16 1.821181692041013937e-16
5.794902591750000283e+04 1.912409231120224580e-16 2.177925346736137773e-16 nan
5.791805243000000337e+04 1.890301245398128280e-16 2.152350341568961851e-16 2.125328306419597772e-16
5.771136364332999801e+04 1.365658207182218937e-16 nan nan
5.780125876599999901e+04 1.602586400934814848e-16 nan nan
5.776436173199999757e+04 1.563355877356822760e-16 1.806896843012161792e-16 nan
5.752321772999999666e+04 1.345557393035456836e-16 1.607783630812197189e-16 1.525740598500147792e-16
5.786411510249999992e+04 1.734942215754542193e-16 2.043084446305251076e-16 nan
5.773335945999999967e+04 1.447418194293329467e-16 nan nan
5.790324025799999799e+04 1.831828968725520134e-16 2.121207727259816234e-16 nan
5.771925258400000166e+04 1.373686070658594046e-16 nan nan
5.753022185000000172e+04 1.303190664066693150e-16 nan nan
5.774928621600000042e+04 1.475648637115480476e-16 nan nan
5.780937131200000294e+04 1.630832301315487087e-16 1.871719388983714621e-16 nan
5.759899903600000107e+04 1.274812845922403551e-16 nan nan
5.787822632400000293e+04 1.783156939350623732e-16 2.083912857260980079e-16 2.029694924359323563e-16
5.793309379199999967e+04 1.896921386758842661e-16 2.164248174927889926e-16 nan
5.779425455399999919e+04 1.596451917089758100e-16 1.871486700267137262e-16 nan
5.769339066399999865e+04 1.276981636140436141e-16 nan nan
5.778635604199999943e+04 1.594841748099408936e-16 1.830429490598255878e-16 nan
5.758399705600000016e+04 1.243950706529226044e-16 1.434373651788490661e-16 nan
5.789499064199999702e+04 1.801692082211510230e-16 nan nan
5.775723675499999808e+04 1.537621334052265351e-16 nan nan
5.777234281500000361e+04 1.551470479895497778e-16 1.856003409870845782e-16 nan
