5.812536633666999842e+04 1.448205604739107301e-16 1.449174444831495886e-16 nan 1.386293423439607346e-17 2.233633069819255570e-17 nan
5.771925258400000166e+04 1.066730505992543621e-16 nan nan 9.183362442018024549e-18 nan nan
5.793309379199999967e+04 1.685481051034261664e-16 1.873967258539306355e-16 nan 1.321965869881361727e-17 2.529643984575767202e-17 nan
5.769339066399999865e+04 9.813187944574066871e-17 nan nan 8.325795844937338587e-18 nan nan
5.787822632400000293e+04 1.462145872757313567e-16 1.743129451408132530e-16 1.721126826015578646e-16 8.762979353696514810e-18 1.699499806982097276e-17 1.141523758390073612e-17
5.829518090400000074e+04 1.222588665624720898e-16 1.436030488107727345e-16 nan 1.133347980234063841e-17 2.159815852838466581e-17 nan
5.805532922400000098e+04 1.466908173181532376e-16 nan nan 1.067804789294758712e-17 nan nan
5.830710055599999760e+04 1.248552725497404014e-16 1.406270596892259944e-16 nan 1.120137395367318340e-17 2.002175855858028569e-17 nan
5.807036465799999860e+04 1.524145681896360938e-16 1.783674146165202426e-16 nan 1.167997932654579827e-17 2.351728803592611241e-17 nan
5.806233470400000078e+04 1.485127777834074893e-16 1.700266094241822904e-16 1.615187205728714731e-16 1.061814298273570008e-17 2.004645252691318662e-17 1.253706287647687658e-17
5.810934593000000314e+04 1.490913120775434229e-16 1.484006969763860337e-16 1.319165544075421749e-16 1.361000219752222395e-17 2.140367426662391414e-17 1.228461545089760202e-17
5.819815802666999662e+04 nan nan nan nan nan nan
5.788727804399999877e+04 1.501278924189654673e-16 1.717027516911672635e-16 1.641737992476578766e-16 2.062843054828594036e-17 4.309363896477069017e-17 2.520762907109433371e-17
5.820533380400000169e+04 1.323577613945193217e-16 1.434655759871449889e-16 nan 1.235324902215924826e-17 2.150212799206322187e-17 nan
5.775723675499999808e+04 nan nan nan nan nan nan
5.819023160400000052e+04 1.372328227794645248e-16 1.344776387602310568e-16 nan 1.418793422532178278e-17 2.154826881320443918e-17 nan
5.772634675399999833e+04 1.109102463297299909e-16 1.216832225174807867e-16 1.157695093165836867e-16 9.640973545668088029e-18 1.579522044001063849e-17 1.045904387915482747e-17
5.778635604199999943e+04 1.285585727619711645e-16 1.446405664773951129e-16 nan 1.031124326037952860e-17 1.843407135553688894e-17 nan
5.791098849599999812e+04 1.666775371843884154e-16 1.567443279993029710e-16 1.453214265431451273e-16 1.383405739217889916e-17 2.026742386560959873e-17 1.233569971028480186e-17
5.831410467200000130e+04 1.238211490578893778e-16 1.442147950674579907e-16 nan 1.069223601972851314e-17 2.008232788811236497e-17 nan
5.792506100400000287e+04 1.548452957677206663e-16 1.737761456366952962e-16 nan 9.706608528533907947e-18 1.768128656153432733e-17 nan
5.774123215599999821e+04 1.144301573678280700e-16 1.332960314901088885e-16 nan 9.797004702415528031e-18 1.796834448023165183e-17 nan
5.779425455399999919e+04 1.292619215743441580e-16 1.427664922630199137e-16 nan 1.120570569963367973e-17 1.964960698729399483e-17 nan
5.811735889599999791e+04 1.421376103161448476e-16 1.505484196680227180e-16 nan 1.213792974187361531e-17 2.060058642987185484e-17 nan
5.795603018600000360e+04 1.587757273389043909e-16 1.683271090258258010e-16 nan 1.208332186600135905e-17 2.083640965961711283e-17 nan
5.770135396400000172e+04 9.924262900508095334e-17 1.140409452220116910e-16 nan 8.164706767816163496e-18 1.379215425026449111e-17 nan
5.774928621600000042e+04 1.156160881814880196e-16 nan nan 9.204744648511264347e-18 nan nan
5.824427943799999775e+04 1.300267933722850910e-16 1.430313982281625440e-16 nan 1.149851992489447025e-17 2.008719207902573099e-17 nan
5.808636015600000246e+04 1.355563178163992657e-16 nan nan 1.075216205615949216e-17 nan nan
5.822936331800000335e+04 1.330595536411814878e-16 1.521808567766145087e-16 nan 1.168003973649643744e-17 2.194585718195736282e-17 nan
5.780125876599999901e+04 1.239952959399279682e-16 nan nan 1.047853139185285155e-17 nan nan
5.773335945999999967e+04 1.126807070366089636e-16 nan nan 9.246634523873976157e-18 nan nan
5.781719312199999695e+04 1.348231365940894833e-16 1.487373201138077217e-16 1.460143783560383581e-16 1.134350128033647920e-17 2.019509677203454847e-17 1.324412242898424615e-17
5.771136364332999801e+04 1.044453914103172117e-16 nan nan 1.158745912067377152e-17 nan nan
5.791805243000000337e+04 1.611591013395284195e-16 1.812375075319668554e-16 1.679442881837796191e-16 1.360131374558727775e-17 2.664777436022199986e-17 1.542850681219994766e-17
5.794902591750000283e+04 1.702201354587474738e-16 1.840219662569954424e-16 nan 1.643671271572654907e-17 3.124088229025604010e-17 nan
5.813237073999999848e+04 nan nan nan nan nan nan
5.780937131200000294e+04 nan nan nan nan nan nan
5.814031880200000160e+04 1.439517644482356573e-16 1.517510934441838469e-16 1.333519556717118368e-16 1.181613359624522402e-17 1.975992034304013221e-17 1.126446931474374237e-17
5.818237404399999650e+04 1.314295454907730547e-16 nan nan 1.109061974867288109e-17 nan nan
5.822235595399999875e+04 1.352117593031131872e-16 1.589207467140806736e-16 nan 1.143412589520830698e-17 2.267917709620269895e-17 nan
5.816836050399999658e+04 nan nan nan nan nan nan
5.827812742399999843e+04 nan nan nan nan nan nan
5.825323264000000199e+04 1.290267568389364500e-16 1.475233217998046666e-16 nan 1.083813740654544846e-17 1.991263479785079360e-17 nan
5.814732854000000225e+04 1.359883182284547680e-16 nan nan 1.137288597371452878e-17 nan nan
5.809433671799999865e+04 1.401757306577524413e-16 1.494615600894237754e-16 nan 1.082239519706463672e-17 1.818468634536369479e-17 nan
5.817536970000000292e+04 1.409067157783484519e-16 1.602040694015635617e-16 nan 1.280749497985581429e-17 2.461660464734724297e-17 nan
5.794202174499999819e+04 nan nan nan nan nan nan
5.777234281500000361e+04 1.229108480201245217e-16 1.444346193434088015e-16 nan 1.056334340538657855e-17 1.998675726791074048e-17 nan
5.790324025799999799e+04 1.530538038433842915e-16 1.633793871613349542e-16 nan 1.432119637725826586e-17 2.567110247172416064e-17 nan
5.807925779399999738e+04 1.424789174264114778e-16 nan 1.391301562440170582e-16 1.101250815488568015e-17 nan 1.123119182242782628e-17
5.786411510249999992e+04 nan nan nan nan nan nan
5.816135636199999863e+04 1.407251187209341116e-16 1.470395427852271088e-16 1.335204726731094238e-16 1.202832578009051251e-17 1.996465165477462473e-17 1.183305404560230015e-17
5.789499064199999702e+04 1.431265087768750938e-16 nan nan 9.102071038694897543e-18 nan nan
5.815435213400000066e+04 nan nan nan nan nan nan
5.776436173199999757e+04 1.263094411655135911e-16 1.410052780798628678e-16 nan 1.017590769821981458e-17 1.787041753358098598e-17 nan
