5.775723675499999808e+04 nan nan nan nan nan nan
5.815435213400000066e+04 nan nan nan nan nan nan
5.794902591750000283e+04 1.721949269315488470e-16 1.917515147455006118e-16 nan 1.425370012651950867e-17 2.981508157796484883e-17 nan
5.793309379199999967e+04 1.707452465553820160e-16 1.939158126914720656e-16 nan 1.147626450668167569e-17 2.379441217287162339e-17 nan
5.814031880200000160e+04 1.510323363945044372e-16 1.726733774925511432e-16 1.607038829033008920e-16 1.119175363948908734e-17 2.279191466460231083e-17 1.304283426793937056e-17
5.807036465799999860e+04 1.578375395400821520e-16 1.882717192934133542e-16 nan 1.089908741761242399e-17 2.394457450914275518e-17 nan
5.780125876599999901e+04 1.389087095708676879e-16 nan nan 1.154207541718418350e-17 nan nan
5.792506100400000287e+04 1.667157286557190722e-16 1.870864910867427356e-16 nan 1.018313097125500682e-17 2.012152482915703211e-17 nan
5.773335945999999967e+04 1.238498259100510550e-16 nan nan 1.006101825668652350e-17 nan nan
5.752321772999999666e+04 1.131064073313289254e-16 1.370306804223618044e-16 1.286253211298328537e-16 2.498103150662602083e-17 5.221639761605732364e-17 3.104129123949987603e-17
5.771925258400000166e+04 1.176573326075262625e-16 nan nan 1.008573219132692967e-17 nan nan
5.758399705600000016e+04 1.047143081646743840e-16 1.202816887941583585e-16 nan 8.157544920734616363e-18 1.449335573461637561e-17 nan
5.806233470400000078e+04 1.586878371611072936e-16 1.936060049269026535e-16 1.806613726452722712e-16 1.123229528247199039e-17 2.581332084162250856e-17 1.447634398653543920e-17
5.794202174499999819e+04 nan nan nan nan nan nan
5.809433671799999865e+04 1.536377169936355192e-16 1.737874875930158156e-16 nan 1.075881185802377599e-17 2.144101777250108054e-17 nan
5.770135396400000172e+04 1.103046845081179061e-16 1.289420282240316116e-16 nan 8.995886834838742415e-18 1.690563226039600234e-17 nan
5.771136364332999801e+04 1.157587997828686003e-16 nan nan 1.264974038424450218e-17 nan nan
5.774928621600000042e+04 1.274075040651855431e-16 nan nan 1.014462182578039492e-17 nan nan
5.805532922400000098e+04 1.605625857565671760e-16 nan nan 1.119209033866721356e-17 nan nan
5.777234281500000361e+04 1.339619553789006948e-16 1.619990377044390182e-16 nan 1.144005581295827791e-17 2.492472423195605833e-17 nan
5.819023160400000052e+04 1.458398893232021746e-16 1.604133295247371342e-16 nan 1.218951432061254595e-17 2.338815721720140666e-17 nan
5.756209713000000193e+04 1.096657051428298607e-16 nan nan 8.588405581051617795e-18 nan nan
5.781719312199999695e+04 1.425214453286591576e-16 1.638006259571815668e-16 1.586506986936640623e-16 1.162032406192269095e-17 2.369512557106901074e-17 1.434686432580201996e-17
5.819815802666999662e+04 nan nan nan nan nan nan
5.756912264600000344e+04 1.104022526947293831e-16 1.267807538059361532e-16 nan 1.081984338597085676e-17 2.020272589862112541e-17 nan
5.827812742399999843e+04 nan nan nan nan nan nan
5.791098849599999812e+04 1.654435763326078912e-16 1.808204458217084732e-16 1.762769058213028267e-16 1.097975575575521828e-17 2.104242045363100697e-17 1.292898717125313571e-17
5.822235595399999875e+04 1.426410692155491883e-16 1.643919352412150444e-16 nan 1.191020507618826698e-17 2.449603666235447796e-17 nan
5.811735889599999791e+04 1.510068194367717958e-16 1.699453672426800575e-16 nan 1.130240345087173180e-17 2.244773824781278432e-17 nan
5.778635604199999943e+04 1.385029560119796788e-16 1.612035192962782823e-16 nan 1.102597560753084885e-17 2.260542653626904345e-17 nan
5.812536633666999842e+04 1.518236379774416503e-16 1.623552529520351529e-16 nan 1.176544764993976882e-17 2.166007338181441904e-17 nan
5.755422095200000331e+04 1.083713678395366289e-16 1.264379196784581694e-16 1.259215757617882052e-16 1.885215987415197516e-17 3.692365584028587772e-17 2.391955785155955573e-17
5.816135636199999863e+04 1.476253947370389469e-16 1.687767115025012647e-16 1.593654949761449318e-16 1.131703844105711245e-17 2.296954229258685698e-17 1.342859527955601344e-17
5.810934593000000314e+04 1.544583132499280877e-16 1.708259008829372576e-16 1.587966236224628146e-16 1.194046724328945451e-17 2.337133610862778211e-17 1.333034569514149509e-17
5.814732854000000225e+04 1.474583485296133015e-16 nan nan 1.102132132398152588e-17 nan nan
5.820533380400000169e+04 1.447206086527651544e-16 1.646198260324076411e-16 nan 1.196225409541309242e-17 2.416567240964689441e-17 nan
5.754707267400000273e+04 1.090827393915904739e-16 1.218353670771196433e-16 nan 8.642066290313877924e-18 1.496453374569475856e-17 nan
5.787822632400000293e+04 1.565142441925115033e-16 1.839102078546912411e-16 1.790880724455566356e-16 9.340740029997399305e-18 1.937503933415670157e-17 1.199464867635552484e-17
5.818237404399999650e+04 1.463687057445965013e-16 nan nan 1.149117483263367955e-17 nan nan
5.759899903600000107e+04 1.074132872392613339e-16 nan nan 8.227386203284295836e-18 nan nan
5.790324025799999799e+04 1.609316741661486348e-16 1.794588758999161436e-16 nan 1.241623131737903889e-17 2.503517340064377374e-17 nan
5.813237073999999848e+04 nan nan nan nan nan nan
5.816836050399999658e+04 nan nan nan nan nan nan
5.829518090400000074e+04 1.314151070799594660e-16 1.548793580922680473e-16 nan 1.210943689986387034e-17 2.531557443037378572e-17 nan
5.791805243000000337e+04 1.676167678004953024e-16 1.930922973539791381e-16 1.858377885995812176e-16 1.312304653338440075e-17 2.849248048292414067e-17 1.651756497928006525e-17
5.776436173199999757e+04 1.350748753496113239e-16 1.554585347337412349e-16 nan 1.051887260059747692e-17 2.086086931324374573e-17 nan
5.825323264000000199e+04 1.385386026734001409e-16 1.612838012292499858e-16 nan 1.153770643543586772e-17 2.382355676239697612e-17 nan
5.751604474399999890e+04 1.071170477295820337e-16 nan nan 7.930879089305347792e-18 nan nan
5.831410467200000130e+04 1.329892126341099642e-16 1.566316656280501198e-16 nan 1.164175189119140873e-17 2.426239846065004301e-17 nan
5.824427943799999775e+04 1.414756278945844597e-16 1.563977579949956209e-16 nan 1.247284300194875856e-17 2.403989370787670335e-17 nan
5.753022185000000172e+04 1.105315273257609289e-16 nan nan 8.508824401269563471e-18 nan nan
5.779425455399999919e+04 1.388547598447988734e-16 1.602801133856107684e-16 nan 1.129868270858879008e-17 2.293689566044184496e-17 nan
5.788727804399999877e+04 1.589580908011035307e-16 1.801471055463036129e-16 1.753793158938291306e-16 2.123623004056116189e-17 4.687698516428156296e-17 2.691504602671813757e-17
5.774123215599999821e+04 1.260702520423009054e-16 1.486849657246982631e-16 nan 1.042986207833175119e-17 2.111755800898300074e-17 nan
5.830710055599999760e+04 1.355945907823582383e-16 1.596649614201240262e-16 nan 1.197716309828722398e-17 2.519934498304268528e-17 nan
5.780937131200000294e+04 nan nan nan nan nan nan
5.795603018600000360e+04 1.680042069270208164e-16 1.908772440300068791e-16 nan 1.118479803376081718e-17 2.303318462718343145e-17 nan
5.817536970000000292e+04 1.493367978238183659e-16 1.741637748664903599e-16 nan 1.208062780074076313e-17 2.570999176276737028e-17 nan
5.786411510249999992e+04 nan nan nan nan nan nan
5.772634675399999833e+04 1.190540188948173328e-16 1.364819694446602305e-16 1.303455963828361814e-16 9.619801923424699565e-18 1.807325533997982742e-17 1.128229388367309825e-17
5.769339066399999865e+04 1.089566115642258237e-16 nan nan 9.007075193513382769e-18 nan nan
5.807925779399999738e+04 1.547981084036429195e-16 nan 1.652434811434552514e-16 1.139401285743942322e-17 nan 1.338382443505197309e-17
5.789499064199999702e+04 1.573377154961485946e-16 nan nan 9.614623417059731171e-18 nan nan
5.822936331800000335e+04 1.420494364452757760e-16 1.631633309635916627e-16 nan 1.265358325285292270e-17 2.609917829409448730e-17 nan
5.808636015600000246e+04 1.509079063184907311e-16 nan nan 1.064691096317305243e-17 nan nan
