5.809433617457179935e+04 nan nan nan nan nan nan
5.819815560798609658e+04 nan 4.752727626697872480e-16 nan nan 2.087595115162838414e-17 nan
5.750803061267360317e+04 nan 4.568381905809353880e-16 nan nan 1.697869993928066163e-17 nan
5.770135341181710100e+04 nan 4.677429279670203970e-16 nan nan 1.875041405613422123e-17 nan
5.751604011126160185e+04 nan 4.646864049007337076e-16 2.777989533727850821e-17 nan 1.874190262759051375e-17 1.681790452450480442e-17
5.787822169053240214e+04 nan 5.746450942975518799e-16 nan nan 1.948423281178767725e-17 nan
5.774123162674769992e+04 nan nan nan nan nan nan
5.794201711207180051e+04 nan nan nan nan nan nan
5.750802856400459859e+04 nan 4.501614985686707841e-16 nan nan 1.670225486681980552e-17 nan
5.823726240335650073e+04 nan nan nan nan nan nan
5.822235336199070298e+04 nan 4.805257465099091749e-16 nan nan 2.307084451034057632e-17 nan
5.775723207074069796e+04 nan 5.084151117136661895e-16 2.921475488014573568e-17 nan 2.107469001237689124e-17 1.788739265610453589e-17
5.759899435380790237e+04 nan 4.096382783276921404e-16 2.401388556417714561e-17 nan 1.646107958717071948e-17 1.455665758640945127e-17
5.750803268356480112e+04 nan 4.524576183351627953e-16 nan nan 1.673151780222977113e-17 nan
5.790323764157410187e+04 nan nan nan nan nan nan
5.822235540826390206e+04 nan 4.671101167149812319e-16 nan nan 2.255335083799196230e-17 nan
5.752321513501159643e+04 nan 4.370517626970331969e-16 nan nan 2.750204433389569554e-17 nan
5.777233828069439915e+04 nan nan nan nan nan nan
5.775723414351850079e+04 nan 5.263560318728027880e-16 3.013571650288691760e-17 nan 2.151883116204626191e-17 1.826717535535126253e-17
5.780125410884260054e+04 nan 4.926433204786653632e-16 2.994459850797097576e-17 nan 2.274229107841812276e-17 1.959396377856860025e-17
5.819022900959489925e+04 nan nan nan nan nan nan
5.832110642223380273e+04 nan nan nan nan nan nan
5.791098589741899923e+04 nan 5.387295495430741739e-16 nan nan 2.029045956392136731e-17 nan
5.788727339337959711e+04 nan 5.739350980271758331e-16 nan nan 2.715796219440416661e-17 nan
5.791804983322919725e+04 nan 5.525017809795009557e-16 nan nan 2.625916591100208789e-17 nan
5.769338602006940346e+04 nan 4.052328573013753336e-16 3.165736929215860259e-17 nan 2.506387280910582412e-17 2.430209327364921497e-17
5.758399652326390060e+04 nan nan nan nan nan nan
5.805532662721059751e+04 nan nan nan nan nan nan
5.754707211745370296e+04 nan 4.106926322586566273e-16 nan nan 1.692335198656843433e-17 nan
5.807925519999999960e+04 nan 4.812233712962423778e-16 2.556891161984553843e-17 nan 2.215925403944663187e-17 1.662335761761978230e-17
5.809433412939820118e+04 nan nan nan nan nan nan
5.814732800942129688e+04 nan 4.674511621912992240e-16 2.661252539112417408e-17 nan 1.979646265612637220e-17 1.655207657507007126e-17
5.777234237812500214e+04 nan nan nan nan nan nan
5.807036205874999723e+04 nan 4.773962073837713241e-16 nan nan 2.046741138325550009e-17 nan
5.812536600854169956e+04 nan 5.242666126862631310e-16 nan nan 2.091099517912414669e-17 nan
5.793309323693290207e+04 nan 5.704396619159510691e-16 nan nan 2.250608053635611108e-17 nan
5.771136096131939848e+04 nan 4.719007793004879401e-16 3.422041060184195095e-17 nan 3.195217778997561401e-17 2.690476236563435675e-17
5.772634417016200314e+04 nan 4.870064297488535595e-16 nan nan 1.943190274294045334e-17 nan
5.792505632480319764e+04 nan nan nan nan nan nan
5.792505839787040168e+04 nan nan nan nan nan nan
5.779425195087960310e+04 nan 5.176378842856508059e-16 nan nan 2.224378670382516567e-17 nan
5.753021721699069894e+04 nan 4.667857497807483527e-16 2.751055689550218742e-17 nan 1.798005830396320380e-17 1.616756010724610349e-17
5.777234032824070164e+04 nan nan nan nan nan nan
5.832900795686340280e+04 nan 4.153394620067796171e-16 2.575506192321540667e-17 nan 2.051373025332462805e-17 1.758595666094425461e-17
5.759101953285880154e+04 nan nan nan nan nan nan
5.832110434920139960e+04 nan nan nan nan nan nan
5.771136301688660024e+04 nan 4.730481140016179435e-16 2.928284463767656592e-17 nan 2.396755012510930129e-17 2.017555082416117241e-17
5.756209248620369908e+04 nan 4.085107539080767978e-16 2.413249140983038240e-17 nan 1.660565809304511442e-17 1.473908316867534139e-17
5.813236809641199943e+04 nan 4.789823520724276425e-16 2.686398587541227177e-17 nan 2.065457108253305434e-17 1.686084716547063363e-17
5.758399242811340082e+04 nan nan nan nan nan nan
5.751604420141199807e+04 nan 4.673146785158215526e-16 2.721745680492356320e-17 nan 1.718871453901463054e-17 1.551264555560947100e-17
5.771135891380789690e+04 nan nan nan nan nan nan
5.777934957790510089e+04 nan 5.046027986175784994e-16 nan nan 2.333088409911349922e-17 nan
5.756911800738429883e+04 nan nan nan nan nan nan
5.752321306202549749e+04 nan 4.407985727135570662e-16 nan nan 3.809613821174794408e-17 nan
5.788727544106479763e+04 nan 5.748755871598673276e-16 nan nan 2.596477231167392132e-17 nan
5.826023422604169900e+04 nan 4.467697521917879082e-16 nan nan 9.110191454502504392e-17 nan
5.827022672664350102e+04 nan nan nan nan nan nan
5.811735631356480008e+04 nan 5.214531086998664649e-16 nan nan 2.078675835314212601e-17 nan
5.788727751406250172e+04 nan 5.871002566137220381e-16 nan nan 3.385871705786535956e-17 nan
5.756912005475690239e+04 nan nan nan nan nan nan
5.787822373693290137e+04 nan 5.743242653258573906e-16 nan nan 1.941380333485031599e-17 nan
5.817536505616900104e+04 nan nan nan nan nan nan
5.789498600013890245e+04 nan 5.651443080321673045e-16 3.048154016100213316e-17 nan 2.017949919092669380e-17 1.681828500656012309e-17
5.815434955232639913e+04 nan 4.138972516319901974e-16 nan nan 2.523250291376295733e-17 nan
5.771924999274309812e+04 nan 4.995351716891553254e-16 2.868124251133355501e-17 nan 2.221352253048568557e-17 1.831675199411781224e-17
5.777934750718750001e+04 nan 5.048593767573179247e-16 nan nan 2.318785462337768953e-17 nan
5.816835790402779821e+04 nan nan nan nan nan nan
5.751604215731479781e+04 nan 4.597724986223016798e-16 2.684845184474243829e-17 nan 1.700349050597032399e-17 1.536892136349560394e-17
5.820533120576389774e+04 nan nan nan nan nan nan
5.830710000846059847e+04 nan 4.094640372343708750e-16 nan nan 2.047053220218711343e-17 nan
5.829517626560189819e+04 nan nan nan nan nan nan
5.755421627608800191e+04 nan 4.184488695707450676e-16 nan nan 3.648290920038270820e-17 nan
5.785705548473379895e+04 nan 5.664657589897246598e-16 3.988512008180855206e-17 nan 3.689663491584394388e-17 3.073116990258176207e-17
5.816135376030090265e+04 nan 4.485980936723679818e-16 nan nan 1.936908436756586666e-17 nan
5.781719053767360310e+04 nan 5.217753993257880073e-16 nan nan 2.278497869207515559e-17 nan
5.818236926697919989e+04 nan 4.769334350394511450e-16 2.818264045946380234e-17 nan 2.168717009968406823e-17 1.828512070995929414e-17
5.814031619839119958e+04 nan 4.672730992199375879e-16 nan nan 1.922401366331441028e-17 nan
5.793308914398150227e+04 nan 5.705631924370239158e-16 nan nan 2.286295280986614598e-17 nan
5.794902547202550340e+04 nan 5.621948403521013464e-16 nan nan 2.605117784611283609e-17 nan
5.796499702621530014e+04 nan 6.659071070551975596e-16 nan nan 7.455519833891395662e-17 nan
5.806233003357639973e+04 nan 4.772262782663652012e-16 nan nan 2.099413292903983143e-17 nan
5.816835585621529754e+04 nan nan nan nan nan nan
5.815434747914350010e+04 nan 4.229037220050227654e-16 nan nan 2.856530906184864893e-17 nan
5.789498804668980301e+04 nan 5.682648955653377539e-16 3.063113768763307124e-17 nan 2.032983600942009815e-17 1.691714557979335379e-17
5.790323556789349823e+04 nan nan nan nan nan nan
5.770135136431710271e+04 nan 4.681332394572327193e-16 nan nan 1.882722238889636177e-17 nan
5.779425399725689931e+04 nan 5.168349154650588077e-16 nan nan 2.211260331867962870e-17 nan
5.818237350934030110e+04 nan 4.653789965813913591e-16 2.737252973406483741e-17 nan 2.135554448935304399e-17 1.786234776377545610e-17
5.796499498196759669e+04 nan 5.541762754044263501e-16 nan nan 3.125121964196557891e-17 nan
5.819815355579859897e+04 nan 4.775913877804789848e-16 nan nan 2.088657405719919320e-17 nan
5.773335479246530303e+04 nan 5.133637852006858519e-16 2.809634289198156543e-17 nan 2.048485581261582119e-17 1.675391591413446548e-17
5.781718846579860110e+04 nan 5.243564883936262149e-16 nan nan 2.290155001673405522e-17 nan
5.755422042105319997e+04 nan 4.176135689786976732e-16 nan nan 2.858038561826586922e-17 nan
5.811735423478009761e+04 nan 5.229079563048189541e-16 nan nan 2.093993902398630037e-17 nan
5.826023217620370269e+04 nan 4.474957463920339632e-16 nan nan 3.586210932034753879e-17 nan
5.816835994937500072e+04 nan nan nan nan nan nan
5.795602964086810243e+04 nan 5.429533303504321983e-16 nan nan 2.042147492193548981e-17 nan
5.754707007224539848e+04 nan 4.130251708080418216e-16 nan nan 1.692752404465399780e-17 nan
5.819815770527780114e+04 nan 4.730850006920839176e-16 nan nan 2.042762546207409421e-17 nan
5.794902342686340126e+04 nan 5.557992480611279206e-16 nan nan 2.576830628506409135e-17 nan
5.772634212504629977e+04 nan 4.916507805144657657e-16 nan nan 1.939967076498534208e-17 nan
5.816135583026619861e+04 nan 4.468489379569686310e-16 nan nan 1.924017654070443405e-17 nan
5.820533327646990074e+04 nan nan nan nan nan nan
5.823725831040510093e+04 nan nan nan nan nan nan
5.780937075761570304e+04 nan nan nan nan nan nan
5.794902135501160228e+04 nan 5.622754963630669997e-16 nan nan 2.647368441877896153e-17 nan
5.812536191586810310e+04 nan 5.235536042101433938e-16 nan nan 2.086153710903340064e-17 nan
5.817536710152780142e+04 nan nan nan nan nan nan
5.832900588675930339e+04 nan 4.189509868514570908e-16 2.599274699660173104e-17 nan 2.058000300299088597e-17 1.769398314074140654e-17
5.752321720414349693e+04 nan 4.387618048166214676e-16 nan nan 3.357214048301097112e-17 nan
5.774122955451389862e+04 nan nan nan nan nan nan
5.774928157427079714e+04 nan 5.236457352316657857e-16 3.006594138028146153e-17 nan 2.213173424498581646e-17 1.860266556057966832e-17
5.831410411701389967e+04 nan 3.994525010293161675e-16 nan nan 2.085744245250436402e-17 nan
5.827022465368059784e+04 nan nan nan nan nan nan
5.773335891081020236e+04 nan 5.094404819143132411e-16 2.775386286441050388e-17 nan 2.020929190967481319e-17 1.649034506821620480e-17
5.781719258413190255e+04 nan 5.199168200536063094e-16 nan nan 2.266240871920693978e-17 nan
5.771925203789350053e+04 nan 4.926196964274793674e-16 2.852217518352989067e-17 nan 2.174594797376558207e-17 1.815521934770584088e-17
5.831410207297449961e+04 nan 3.965221342976466095e-16 nan nan 2.070281616340753719e-17 nan
5.778635136835650337e+04 nan 5.105572891375481860e-16 nan nan 2.203505449196501316e-17 nan
5.755421834906250297e+04 nan 3.887875233636248575e-16 nan nan 2.425616068502623182e-17 nan
5.791805190278939699e+04 nan 5.590409765362960918e-16 nan nan 2.352047067295692176e-17 nan
5.794201918894679693e+04 nan nan nan nan nan nan
5.831410002775459725e+04 nan 4.007175631120377594e-16 nan nan 2.087923659612736407e-17 nan
5.816135163695600204e+04 nan 4.455517581021920503e-16 nan nan 1.938874078517282760e-17 nan
5.823726035914350359e+04 nan nan nan nan nan nan
5.818237133792819805e+04 nan 4.718191407092443296e-16 2.778296184412336934e-17 nan 2.128027634182383188e-17 1.794725709154450488e-17
5.807925312800930260e+04 nan 4.831000344792798136e-16 2.609927147975962751e-17 nan 2.248915978842700292e-17 1.708076295064417214e-17
5.787822578078699735e+04 nan 5.728371119628018784e-16 nan nan 1.940538432965936254e-17 nan
5.759101748648149805e+04 nan nan nan nan nan nan
5.820532913385419670e+04 nan nan nan nan nan nan
5.759899847901619796e+04 nan 4.107618443356843618e-16 2.587040722325766210e-17 nan 1.634126624304318452e-17 1.563555850059349733e-17
5.792506044400460087e+04 nan nan nan nan nan nan
5.824427684101850173e+04 nan 8.686451948542205771e-16 nan nan 5.590714437206610473e-17 nan
5.794202124114579783e+04 nan nan nan nan nan nan
5.827022877195599722e+04 nan nan nan nan nan nan
5.770134931630789652e+04 nan 4.711765637425172834e-16 nan nan 1.901370562590776756e-17 nan
5.822936277232639986e+04 nan 4.742734240751291091e-16 nan nan 2.469218678282728963e-17 nan
5.830709591488430306e+04 nan 4.093060849935188211e-16 nan nan 2.042774020862604696e-17 nan
5.779424990355320188e+04 nan 5.188696928620012135e-16 nan nan 2.229989824833133035e-17 nan
5.756912210134259658e+04 nan nan nan nan nan nan
5.758399447690969828e+04 nan nan nan nan nan nan
5.828621623447920138e+04 nan nan nan nan nan nan
5.769338806991899764e+04 nan nan nan nan nan nan
5.825323005146990181e+04 nan 4.584870036526201783e-16 2.698673724672254079e-17 nan 2.114473547532431846e-17 1.766782174787681232e-17
5.812536396336810139e+04 nan 5.207974138014769945e-16 nan nan 2.074788460843330967e-17 nan
5.785705753340280353e+04 nan nan nan nan nan nan
5.774928362151620240e+04 nan 5.151329793133824758e-16 2.930066533625699000e-17 nan 2.136345435588816297e-17 1.792632145317940834e-17
5.753022130751160148e+04 nan 4.603526123560286437e-16 2.711565583923491265e-17 nan 1.774212657764428239e-17 1.594894380677861932e-17
5.822936072609949770e+04 nan 4.765230988616532374e-16 nan nan 2.475881265032435304e-17 nan
5.780125618298610061e+04 nan 4.961085865505374148e-16 3.059378365763414200e-17 nan 2.248966242502870763e-17 1.982562904869065825e-17
5.827812278018520010e+04 nan 4.726192796052288657e-16 3.215224290928382743e-17 nan 2.764599524185982933e-17 2.378920919810813977e-17
5.811735835869210132e+04 nan 5.209426065538923586e-16 nan nan 2.073957351267056678e-17 nan
5.769339011508099793e+04 nan nan nan nan nan nan
5.777934543577550357e+04 nan 5.022879066845723354e-16 nan nan 2.315278129251938331e-17 nan
5.827812482775459648e+04 nan 4.732107849563155540e-16 3.142386590390173110e-17 nan 2.671044875908357280e-17 2.286500215389987726e-17
5.759899642730320193e+04 nan 4.128875097526882059e-16 2.541964193972610053e-17 nan 1.641537365784638900e-17 1.533783884339861757e-17
5.807925724394679855e+04 nan 4.791104618375367243e-16 2.530683210729442754e-17 nan 2.203939633852847054e-17 1.644243181254006590e-17
5.791098794153940253e+04 nan 5.354409124435408432e-16 nan nan 1.947427104555439534e-17 nan
5.808635959826390172e+04 nan 4.776824885076310156e-16 2.678313835465075823e-17 nan 1.975950122319785608e-17 1.639872214652619277e-17
5.790323971211809840e+04 nan nan nan nan nan nan
5.769131833840280160e+04 nan nan nan nan nan nan
5.780936665247679775e+04 nan nan nan nan nan nan
5.829518035386569682e+04 nan nan nan nan nan nan
5.774122674336809723e+04 nan nan nan nan nan nan
5.791804778619210265e+04 nan 5.611961014654388399e-16 nan nan 3.054446180966141553e-17 nan
5.830709796201389690e+04 nan 4.116134823817811677e-16 nan nan 2.054889390426842575e-17 nan
5.786411054701390094e+04 nan 5.752508122539332616e-16 nan nan 2.546599853500855755e-17 nan
5.824427479357639822e+04 nan 6.902923027630943818e-16 nan nan 4.235788208431580904e-17 nan
5.774928569214120216e+04 nan 5.181472622546704198e-16 2.934861109831984262e-17 nan 2.152019715759556905e-17 1.796357171465236465e-17
5.780936871119210264e+04 nan nan nan nan nan nan
5.772634621746530320e+04 nan 4.828938814948107889e-16 nan nan 1.926546326381574271e-17 nan
5.815435159636569733e+04 nan 4.155788742374967083e-16 nan nan 2.278417677949183405e-17 nan
5.776436118144680222e+04 nan 5.264264837226523607e-16 nan nan 2.064897838662334584e-17 nan
5.805532454843750020e+04 nan nan nan nan nan nan
5.791098384990740306e+04 nan 5.327514196430088562e-16 nan nan 1.983921585017172823e-17 nan
5.819023105809029948e+04 nan nan nan nan nan nan
5.809433205741900019e+04 nan nan nan nan nan nan
5.827812689575229888e+04 nan 4.732586713724116540e-16 3.134316933377433619e-17 nan 2.688810644857030125e-17 2.287106184179213203e-17
5.814031412269680004e+04 nan 4.697304961325296892e-16 nan nan 1.935136004341228327e-17 nan
5.795602759527780290e+04 nan 5.459651207874480218e-16 nan nan 2.059826781031282347e-17 nan
5.817536914803239779e+04 nan nan nan nan nan nan
5.795602554311339918e+04 nan 5.502836846236693368e-16 nan nan 2.070919780110172215e-17 nan
5.789499009097219823e+04 nan 5.731684547808206036e-16 3.081445551917776767e-17 nan 2.011115123073116724e-17 1.678523857319455109e-17
5.825323209668979689e+04 nan 4.548254244418028837e-16 2.694193161775014802e-17 nan 2.102652430535942401e-17 1.767177274739689078e-17
5.780125822796300054e+04 nan 4.974547431371717898e-16 3.023214960732470260e-17 nan 2.222318019130957424e-17 1.941435222539703489e-17
5.786411259569440153e+04 nan 5.781774299889521302e-16 nan nan 2.566643310340414794e-17 nan
5.826023629657409765e+04 nan 4.689056019666765472e-16 nan nan 1.029594610908171745e-16 nan
5.771924791943289893e+04 nan 4.972199243898118845e-16 2.922678404130199067e-17 nan 2.269739350755668347e-17 1.896884053663382511e-17
5.814732389353009785e+04 nan 4.714867268739873917e-16 2.654633993807955654e-17 nan 1.996075080706961978e-17 1.649373275599641457e-17
5.756209657984950172e+04 nan 4.087732170589008780e-16 2.406064033671024454e-17 nan 1.642270024623605798e-17 1.458701258821873290e-17
5.785705957910879806e+04 nan nan nan nan nan nan
5.807036410302080185e+04 nan 4.759484987598350713e-16 nan nan 2.048309627442109285e-17 nan
5.769131626776619669e+04 nan nan nan nan nan nan
5.832110846770829812e+04 nan nan nan nan nan nan
5.778635548760420352e+04 nan 5.087961486943794958e-16 nan nan 2.185230854691726981e-17 nan
5.825322797965280188e+04 nan 4.569500401627820914e-16 2.704688737872242230e-17 nan 2.111325162629520242e-17 1.773183189752834860e-17
5.776435706200230197e+04 nan 5.233784200217025744e-16 nan nan 2.051546915774476781e-17 nan
5.814732594024309947e+04 nan 4.691578268525219133e-16 2.652495372172200134e-17 nan 1.985088307158500745e-17 1.648115551139011372e-17
5.754706797363430087e+04 nan 4.144758574136103518e-16 nan nan 1.713886226673050652e-17 nan
5.806233210521990259e+04 nan 4.808012000059547401e-16 nan nan 2.101066025126039171e-17 nan
5.814031824292820238e+04 nan 4.654761333201010087e-16 nan nan 1.914309335791135707e-17 nan
5.786411466642360028e+04 nan 5.785805743967674545e-16 nan nan 2.573582097582219169e-17 nan
5.832900381342590117e+04 nan 4.203210954180199027e-16 2.619761810040061427e-17 nan 2.065659378706589871e-17 1.783890321588881036e-17
5.813236604783560324e+04 nan 4.851196975610380508e-16 2.709847881867810895e-17 nan 2.093833877280487916e-17 1.700563014133045764e-17
5.819022696206020191e+04 nan nan nan nan nan nan
5.806233414921299845e+04 nan 4.821856209336670249e-16 nan nan 2.088427535341763014e-17 nan
5.773335686430559872e+04 nan 5.108453822045357484e-16 2.776615564739843710e-17 nan 2.023903688488032359e-17 1.648028940945117239e-17
5.753021926346060354e+04 nan 4.659704639078966948e-16 2.744960419366969123e-17 nan 1.792609571050414636e-17 1.611927779569711591e-17
5.776435913623840315e+04 nan 5.249906488954863220e-16 nan nan 2.060098607147258287e-17 nan
5.778635344240740233e+04 nan 5.074658115994896437e-16 nan nan 2.183807988096151330e-17 nan
5.805532867262729997e+04 nan nan nan nan nan nan
5.759101543976849644e+04 nan nan nan nan nan nan
5.793309119048609864e+04 nan 5.711964283056720685e-16 nan nan 2.267355772967674548e-17 nan
5.824427891273149726e+04 nan 9.168806603491631492e-16 nan nan 5.947157064063860905e-17 nan
5.822235129023149784e+04 nan 4.746558813895143483e-16 nan nan 2.293215648602905692e-17 nan
5.807035998547449708e+04 nan 4.728526947375230899e-16 nan nan 2.037067919776506391e-17 nan
5.808635550745369983e+04 nan 4.813039606141487529e-16 2.718289280390288461e-17 nan 1.986132479592433942e-17 1.661963557530857642e-17
5.756209453456020128e+04 nan 4.103102248220124342e-16 2.411487385149519492e-17 nan 1.654773059098954478e-17 1.465151569759246855e-17
5.769131419668979652e+04 nan nan nan nan nan nan
5.808635755370370316e+04 nan 4.818034473531378935e-16 2.696887897736380049e-17 nan 1.984545483316372711e-17 1.646260538009034456e-17
5.822935865428239777e+04 nan 4.762125299185011424e-16 nan nan 2.462448892608808828e-17 nan
5.775723621420140262e+04 nan 5.235281765064856812e-16 3.028621131989669328e-17 nan 2.133431556224428696e-17 1.833635161888725672e-17
5.813237014164349966e+04 nan 4.807874098111428947e-16 2.708554679870763838e-17 nan 2.072340011856861229e-17 1.699659636647695359e-17
5.796499293421299808e+04 nan 5.683067696134230017e-16 nan nan 3.804171776946977909e-17 nan
5.829517830981480074e+04 nan nan nan nan nan nan
