5.786411109399999987e+04 3.016300701589735370e-16 3.110473617036111700e-16 nan 4.422884830856770207e-17 6.069058156081409323e-17 nan
5.806233058400000300e+04 2.774155865850332550e-16 2.756767819399340623e-16 2.674867985773386792e-16 3.486471604990164963e-17 4.434361658426870799e-17 4.033375151435864442e-17
5.790323610400000325e+04 3.133869688835662837e-16 3.134987632836306510e-16 nan 3.835616888271433674e-17 5.128015383416530321e-17 nan
5.781718901400000323e+04 2.874597596181426933e-16 2.973428615139845547e-16 2.674664460649913455e-16 3.876786510609599407e-17 5.260963146019715107e-17 4.318048454935442442e-17
5.758399295800000255e+04 2.236507437068314701e-16 2.282160922111810643e-16 nan 2.888252041441347306e-17 3.576410278254964014e-17 nan
5.775723262200000318e+04 2.824657215125514613e-16 nan nan 3.426713628293545245e-17 nan nan
5.752321354799999972e+04 2.652409700795956411e-16 2.991711120623289108e-16 2.740688004631257455e-16 1.137018136693000199e-16 1.541324569580443029e-16 1.343259406374363643e-16
5.769338653799999884e+04 2.472067811997224584e-16 nan nan 3.253000877425056434e-17 nan nan
5.822235176399999909e+04 2.659060878022524308e-16 2.738017658264657169e-16 nan 3.784483066771697339e-17 4.971389353842924291e-17 nan
5.817536559999999736e+04 2.647821822734570323e-16 2.743043495883858355e-16 nan 3.796184113285458043e-17 5.020235883782140244e-17 nan
5.818236980000000040e+04 2.680120209186923939e-16 nan nan 3.724507387447315507e-17 nan nan
5.787822224200000346e+04 3.082291128422230890e-16 3.248907154756616878e-16 2.940968589669890208e-16 2.813961151425563548e-17 4.023687371204536631e-17 3.265868389810996618e-17
5.754706852200000139e+04 2.422850898980608154e-16 2.481877968308202376e-16 nan 3.071196747588695732e-17 3.906110431609174881e-17 nan
5.825322852599999896e+04 2.608932398501003979e-16 2.638168866502791008e-16 nan 3.863141756020192838e-17 4.920929913577454613e-17 nan
5.770134986000000208e+04 2.472638554905647351e-16 2.573924569470416660e-16 nan 3.174665319025689435e-17 4.147236934301849793e-17 nan
5.826023271999999997e+04 2.682382605131702043e-16 2.995418078152509571e-16 2.586198523176566030e-16 1.239795803344839724e-16 1.641069049456234810e-16 1.351500884778525239e-16
5.807925367800000095e+04 2.738531739130272995e-16 nan 2.442638919317943747e-16 3.438692560981703603e-17 nan 3.644782583264375439e-17
5.824427531799999997e+04 2.567806182372095380e-16 2.687422997751459813e-16 nan 4.202785883808115116e-17 5.563449437561181894e-17 nan
5.789498652399999992e+04 3.064175808612818362e-16 nan nan 2.968415000349320637e-17 nan nan
5.780125464600000123e+04 2.835538177536429355e-16 nan nan 4.037370620976730034e-17 nan nan
5.816135214599999745e+04 2.615971203156701624e-16 1.267423526434724905e-14 2.323789835535551722e-16 3.684464972283649953e-17 1.140464148365884693e-14 3.867307890094933107e-17
5.759899491000000125e+04 2.350889900531972536e-16 nan nan 2.854306878454617862e-17 nan nan
5.759101594399999885e+04 4.628854377329692098e-16 3.822439602243855205e-16 nan 3.591703382368985536e-17 4.192701804081432209e-17 nan
5.807036049600000115e+04 2.764905440756097667e-16 2.892638298042503701e-16 nan 3.245668541443613814e-17 4.424544654992786022e-17 nan
5.830709644200000184e+04 2.521706250690040786e-16 2.579422117340521540e-16 nan 3.970020739360292412e-17 5.075215753194480390e-17 nan
5.811735473800000182e+04 2.755956516523540433e-16 2.835845244482820611e-16 nan 3.559486381559087726e-17 4.733293511522613767e-17 nan
5.809433256599999731e+04 2.739370810115156171e-16 2.751639545636888196e-16 nan 3.313052668889962589e-17 4.260692973011256684e-17 nan
5.827812330800000200e+04 2.585603538932971161e-16 nan nan 5.912074019731188850e-17 nan nan
5.813236658400000306e+04 2.657248513336242563e-16 nan nan 3.589303717714966212e-17 nan nan
5.776435761199999979e+04 2.904527517172368059e-16 2.963125386845247552e-16 nan 3.555180574926644921e-17 4.757072750553066098e-17 nan
5.794201764199999889e+04 3.866031548565119054e-16 3.861336922771568530e-16 nan 7.772095911041432288e-17 1.107861638001185245e-16 nan
5.816835636199999863e+04 2.655581092255623467e-16 2.689486645572560134e-16 nan 3.703900882362860979e-17 4.759071069014247742e-17 nan
5.793308969999999681e+04 3.124197997763777464e-16 3.190366913745078469e-16 nan 3.331727995014128643e-17 4.581309834506741934e-17 nan
5.777233883400000195e+04 2.781995945206178939e-16 2.917312183922491999e-16 nan 3.964373031315687030e-17 5.417322163228831173e-17 nan
5.751604065599999740e+04 2.529794178563372738e-16 nan nan 3.170273160145480558e-17 nan nan
5.815434798400000000e+04 3.930392324993467373e-16 2.874850700960664591e-16 2.534208348650685288e-16 1.115375406641935267e-16 1.012067906338276570e-16 8.297226689281993038e-17
5.820532968200000323e+04 2.590370778272186143e-16 2.630564864928702262e-16 nan 3.761798733770870021e-17 4.810583565075238732e-17 nan
5.814732443000000058e+04 2.622527978569534566e-16 nan nan 3.497130477072615404e-17 nan nan
5.771924844599999778e+04 2.613500368198017656e-16 nan nan 3.598831085117027588e-17 nan nan
5.780936719199999789e+04 2.816892265634971588e-16 2.913344866270817976e-16 nan 4.418689857978339069e-17 5.936967603882991101e-17 nan
5.778635191399999894e+04 2.860276451957923336e-16 2.960063162301446417e-16 nan 3.737485824158089483e-17 5.069926297740131433e-17 nan
5.774122727999999915e+04 2.746178970342171744e-16 2.843774077739688992e-16 nan 3.621710986203418977e-17 4.851225226056775415e-17 nan
5.805532506200000353e+04 2.762479947080637484e-16 nan nan 3.244776114861370294e-17 nan nan
5.828621672599999874e+04 2.564791823159229836e-16 2.720678769515086995e-16 nan 4.224125249487741425e-17 5.689761590538772370e-17 nan
5.822935917999999947e+04 2.693447355525098357e-16 2.742575253961942424e-16 nan 4.185885571761553073e-17 5.428306013709669904e-17 nan
5.796499347000000125e+04 3.061537445621979464e-16 3.334386696959215276e-16 nan 7.724151471593790292e-17 1.119167921941413342e-16 nan
5.779425045400000090e+04 2.799419261833414186e-16 2.913807904949690684e-16 nan 3.790261577323586414e-17 5.142380355343728945e-17 nan
5.785705604199999652e+04 3.011024055672629869e-16 nan nan 7.797047542320866654e-17 nan nan
5.812536244599999918e+04 2.816374757771232349e-16 2.864588915919929227e-16 nan 3.622804122955148699e-17 4.776014285125817590e-17 nan
5.810934280600000056e+04 2.698074258861538918e-16 2.721903381029149314e-16 2.393059793646080115e-16 3.566460066811115641e-17 4.585650415607387497e-17 3.748929300138330002e-17
5.831410053799999878e+04 2.468504350276557164e-16 2.555701754246560502e-16 nan 3.893315617429003949e-17 5.025359371591451285e-17 nan
5.788727394199999981e+04 3.101592771204770236e-16 3.289485866338253111e-16 2.864643829696294313e-16 5.355506280570346711e-17 7.687467345527758588e-17 5.922519114265660877e-17
5.753021771799999988e+04 2.502812043780251104e-16 nan nan 3.015621769817895216e-17 nan nan
5.792505683999999746e+04 3.089986639991586955e-16 3.176133947525608871e-16 nan 2.996578687898019510e-17 4.141981624853292737e-17 nan
5.772634267800000089e+04 2.625782421475361980e-16 2.705298081050526808e-16 2.427352549982951162e-16 3.250671654438460727e-17 4.267097667469317386e-17 3.574514904426648456e-17
5.808635601399999723e+04 2.680465182087540751e-16 nan nan 3.255941967809612375e-17 nan nan
5.795602603000000090e+04 3.038428753025121807e-16 3.077558733455666914e-16 nan 3.203439583599192125e-17 4.314390853503386453e-17 nan
5.791098435800000152e+04 3.070093667193403379e-16 3.080940233802257976e-16 2.737395437891830862e-16 3.112614015517189065e-17 4.151982146728359119e-17 3.339682054449075756e-17
5.794902188600000227e+04 3.061393011787551203e-16 3.100369385312637253e-16 nan 4.180345016541145227e-17 5.630318482717545677e-17 nan
5.756911854999999923e+04 2.351613513549461228e-16 2.423154874793405563e-16 nan 3.333895855646426059e-17 4.228710331235897931e-17 nan
5.819815408200000093e+04 2.636396950374630400e-16 2.650601574338076509e-16 nan 3.772858439857875142e-17 4.787518476118267668e-17 nan
5.773335532799999783e+04 2.733708975363340251e-16 nan nan 3.503512623459524828e-17 nan nan
5.774928212199999689e+04 2.799404742560109155e-16 nan nan 3.593012842656148891e-17 nan nan
5.814031465800000296e+04 2.710158065204062635e-16 2.763067091153483540e-16 2.456569172588416172e-16 3.454740890609765734e-17 4.514000783033670311e-17 3.723529610808336084e-17
5.819022746599999664e+04 2.605802468914282167e-16 2.579110334300089723e-16 nan 3.891593984075877816e-17 4.815411863703948318e-17 nan
5.791804831600000034e+04 3.175754864274211773e-16 3.285151841067969961e-16 2.944855008970078686e-16 6.327433521641476866e-17 8.789852722546684235e-17 7.018175927774675477e-17
5.756209302400000161e+04 2.404631108882616181e-16 nan nan 3.094080085090540192e-17 nan nan
5.829517675400000007e+04 2.485216931873686588e-16 2.588660419671767466e-16 nan 4.036676578221176937e-17 5.258561930747117193e-17 nan
