5.780125667999999860e+04 1.765050111618387231e-16 nan nan 1.306001273455435401e-17 nan nan
5.819022951399999874e+04 1.704057944087494023e-16 1.578755665822364599e-16 nan 1.320436581301774336e-17 1.760151314843574540e-17 nan
5.771925050200000260e+04 1.538884704498896681e-16 nan nan 1.112211664609147984e-17 nan nan
5.755421884200000204e+04 1.465025597778848197e-16 1.600723897419452267e-16 1.621232141363591954e-16 1.901666710050632183e-17 3.095046268531694138e-17 2.399907530194895946e-17
5.754707057399999758e+04 1.467622368943980739e-16 1.407136636458327701e-16 nan 1.022068591023076801e-17 1.355767522340505530e-17 nan
5.818237183599999844e+04 1.750914030810823829e-16 nan nan 1.244388395328685174e-17 nan nan
5.811735680600000342e+04 1.784495860681828171e-16 1.712979667968803017e-16 nan 1.245942410091961883e-17 1.767668388549324910e-17 nan
5.808635807599999680e+04 1.766954242065526349e-16 nan nan 1.136544481724528819e-17 nan nan
5.777234083999999712e+04 1.736302379384481563e-16 1.687274594316181459e-16 nan 1.291119940893809000e-17 1.853317430486863013e-17 nan
5.756209504600000218e+04 1.446554455863181309e-16 nan nan 9.716792551612909125e-18 nan nan
5.779425246399999742e+04 1.756438897109231490e-16 1.743114991273922579e-16 nan 1.271293780684076165e-17 1.886997595447724832e-17 nan
5.812536448399999790e+04 1.841691710023569825e-16 1.750776779469170183e-16 nan 1.295091794235693357e-17 1.832554131494304369e-17 nan
5.816835840599999938e+04 3.078828306834244376e-16 1.676732270279909511e-16 nan 2.450105696946398703e-17 1.817007677416846742e-17 nan
5.792505889800000296e+04 2.029692884331260893e-16 1.961750384914437096e-16 nan 1.089372767067749297e-17 1.602583662866948579e-17 nan
5.775723464399999648e+04 1.710646432368615266e-16 nan nan 1.122640005379138726e-17 nan nan
5.771136154666999937e+04 nan nan nan nan nan nan
5.787822426000000269e+04 1.923619431418401629e-16 1.945107351743989235e-16 2.061391088603754168e-16 9.916249655447185472e-18 1.525683028286020114e-17 1.245903483635724049e-17
5.774928413600000204e+04 1.679468026425921123e-16 nan nan 1.155747117574547451e-17 nan nan
5.778635394800000358e+04 1.777496361155327871e-16 1.730614682752950396e-16 nan 1.249779968600104710e-17 1.808485122670055047e-17 nan
5.758399498599999788e+04 1.347735631463777541e-16 1.318744226146849471e-16 nan 9.467199910444049562e-18 1.258572764136067143e-17 nan
5.786411311399999977e+04 1.926978264070724144e-16 1.918637889340209448e-16 nan 1.478482071965728224e-17 2.292710470460217261e-17 nan
5.753021978400000080e+04 1.489414802996683541e-16 nan nan 9.766158515619665404e-18 nan nan
5.795602811600000132e+04 2.013546663078603649e-16 1.934287389568110534e-16 nan 1.186689708038082432e-17 1.738460447999622621e-17 nan
5.807925570600000356e+04 1.803428124212370697e-16 nan 1.721268861754198249e-16 1.174872945196943339e-17 nan 1.275496446510681778e-17
5.813236860000000161e+04 1.759659301998988777e-16 nan nan 1.269642573008756133e-17 nan nan
5.827812535000000207e+04 1.649340134497346825e-16 nan nan 1.603514286091592850e-17 nan nan
5.772634468200000265e+04 1.569148409092261758e-16 1.530703259523763941e-16 1.591665057485528928e-16 1.096872700724313898e-17 1.523880798630993692e-17 1.263696704346374968e-17
5.769338857200000348e+04 1.465385133900223396e-16 nan nan 1.055284965241441294e-17 nan nan
5.831410258400000021e+04 1.577872549466390792e-16 1.582538332061522492e-16 nan 1.235187890373936588e-17 1.798514466483696255e-17 nan
5.822235386200000357e+04 1.695937190973209678e-16 1.701567479430769969e-16 nan 1.249473270632435164e-17 1.862767026424806301e-17 nan
5.809433462600000348e+04 1.793251770334431839e-16 1.694574623641335838e-16 nan 1.148003308347263860e-17 1.586489793243845502e-17 nan
5.773335736400000314e+04 1.628347184444585063e-16 nan nan 1.155557203699291432e-17 nan nan
5.790323814000000129e+04 nan nan nan nan nan nan
5.820533170000000246e+04 1.691169127521515871e-16 1.599931991500385421e-16 nan 1.292210970656751512e-17 1.769698684261143886e-17 nan
5.794902391799999896e+04 2.061957707904081082e-16 1.995251425243292808e-16 nan 1.466149539195793400e-17 2.223346734651307554e-17 nan
5.814031669400000101e+04 1.780382048104082590e-16 1.699533384823227522e-16 1.731577778309821661e-16 1.203759299282371553e-17 1.689409883211251963e-17 1.334890635767550640e-17
5.807036255399999936e+04 1.865110628757920394e-16 1.863378685724616525e-16 nan 1.156466379362520229e-17 1.753832194017201566e-17 nan
5.824427735599999869e+04 1.643614808032193345e-16 1.609371698686108773e-16 nan 1.375003632922343453e-17 1.967762354674501380e-17 nan
5.751604265999999916e+04 1.457871777909159903e-16 nan nan 9.444002811557595726e-18 nan nan
5.814732644199999777e+04 1.744523863152999277e-16 nan nan 1.214500268219858338e-17 nan nan
5.776435963400000037e+04 1.767940797439082281e-16 1.741549770270933401e-16 nan 1.199649262130157203e-17 1.758745730225095037e-17 nan
5.816135426600000210e+04 1.731704855688638425e-16 1.659696037516560264e-16 1.687295267384172578e-16 1.238884300980297619e-17 1.737447432002044501e-17 1.373108877989782501e-17
5.780936923199999728e+04 1.726588252643951572e-16 1.702398407875277407e-16 nan 1.378934533608285405e-17 2.025630877295371435e-17 nan
5.796499549400000251e+04 1.956764896549290401e-16 1.918174210151639969e-16 nan 2.540213013201294412e-17 3.969309763920176744e-17 nan
5.829517882999999711e+04 1.600863855286870984e-16 1.576075168112160496e-16 nan 1.301823056832505678e-17 1.857900940310395644e-17 nan
5.789498855200000253e+04 1.943800643439049800e-16 nan nan 1.064630486075964920e-17 nan nan
5.825323054799999954e+04 1.642282414780036090e-16 1.604855955487696096e-16 nan 1.228552976793404890e-17 1.743449348252382514e-17 nan
5.781719103599999653e+04 1.819103032804852253e-16 1.777675111338135404e-16 1.857837031768031223e-16 1.308431589307768242e-17 1.922248259839179272e-17 1.541816885068289008e-17
5.791098640000000159e+04 2.067172176908339752e-16 1.926293052830484334e-16 1.966635293254109761e-16 1.257822356390718262e-17 1.782299607611952785e-17 1.377569540657379908e-17
5.752321562999999878e+04 1.451373013546558546e-16 1.479371519419582808e-16 1.569414498070064638e-16 1.998842707029110410e-17 2.926166067696293635e-17 2.450438969995413451e-17
5.759899691599999642e+04 1.406122997168919083e-16 nan nan 9.412672180316251644e-18 nan nan
5.815435007400000177e+04 2.015126679470282047e-16 2.004861727139464027e-16 1.295328055623909146e-16 2.702810291865062539e-17 4.379922080105817066e-17 1.858386863900500074e-17
5.770135188400000334e+04 1.483230843264860147e-16 1.463081363678691266e-16 nan 1.032110147639763277e-17 1.429763247223472813e-17 nan
5.774123006200000236e+04 1.651081455151706910e-16 1.610480219782666356e-16 nan 1.167985174418567972e-17 1.651643653395676504e-17 nan
5.805532712599999650e+04 1.839491122426627982e-16 nan nan 1.140812034898121421e-17 nan nan
5.793309171000000060e+04 2.065398788165768989e-16 2.024344889557551862e-16 nan 1.221495708889312805e-17 1.860704614111427865e-17 nan
5.830709846999999718e+04 1.607674491954591411e-16 1.576126244762569109e-16 nan 1.275398233262379350e-17 1.809698614723131607e-17 nan
5.817536762199999794e+04 1.732446636668636544e-16 1.672232793756780603e-16 nan 1.304665474234501262e-17 1.854125733713121056e-17 nan
5.806233260400000290e+04 1.828353526186831396e-16 1.773511011898471732e-16 1.904318166208256768e-16 1.164084981525420785e-17 1.681843484436041780e-17 1.405553143682331606e-17
5.810934433600000193e+04 1.804141460922264630e-16 1.699183520694841741e-16 1.702240581010910480e-16 1.265022696023300853e-17 1.752670809579050772e-17 1.354506130395531383e-17
5.756912056199999643e+04 1.434253712602339080e-16 1.404692348354299161e-16 nan 1.072423580318137935e-17 1.458450991754835315e-17 nan
5.819815611399999761e+04 1.777942284546421977e-16 1.700932755106008172e-16 nan 1.341173269390892804e-17 1.899136848006518264e-17 nan
5.759101800399999775e+04 2.772668607817268815e-16 2.736963374209286839e-16 nan 2.566719974594263856e-17 4.658523536577953977e-17 nan
5.822936122800000157e+04 1.702687365798951319e-16 1.675563740748541211e-16 nan 1.300258989950346781e-17 1.890433258204669788e-17 nan
5.791805034999999771e+04 2.050766425530566245e-16 2.019735810806421663e-16 2.093601308904529175e-16 1.706881159963954433e-17 2.684539451214871762e-17 2.038391142467419088e-17
5.788727594600000157e+04 1.982080193868842703e-16 1.957640436690815933e-16 2.023057997110471477e-16 1.585514447308716467e-17 2.463605412278719092e-17 1.885052887219708507e-17
