5.794202174499999819e+04 nan nan nan nan nan nan
5.758399705600000016e+04 nan nan nan nan nan nan
5.820533380400000169e+04 nan nan nan nan nan nan
5.792506100400000287e+04 1.452943400663102404e-16 1.572017711033143686e-16 nan 1.538389899402785683e-17 2.416781626051398931e-17 nan
5.772634675399999833e+04 1.007464495240509007e-16 1.024390740718939412e-16 1.003659702055810866e-16 1.653238463987005111e-17 2.225910343763932160e-17 1.665624792438065690e-17
5.806233470400000078e+04 1.382105394571576772e-16 1.396882928658963130e-16 1.265918338553911190e-16 1.639317055407392492e-17 2.323408323320152246e-17 1.519092308953851163e-17
5.781719312199999695e+04 1.308396225582432434e-16 1.256087202664003912e-16 1.261093774728157110e-16 1.928787551102583728e-17 2.551512449725899368e-17 1.904672261195739639e-17
5.814031880200000160e+04 nan nan nan nan nan nan
5.812536633666999842e+04 1.389724532394868607e-16 1.319061743417481631e-16 nan 2.767876121140570615e-17 3.750474546998785367e-17 nan
5.774928621600000042e+04 9.884311741582889942e-17 nan nan 1.223587491027299735e-17 nan nan
5.754707267400000273e+04 9.269806922885837500e-17 8.475434535071821860e-17 nan 1.585988623511985775e-17 1.799840133695778411e-17 nan
5.809433671799999865e+04 1.248321114400713153e-16 1.204208503704690611e-16 nan 1.880316492015049959e-17 2.476685473137458772e-17 nan
5.773335945999999967e+04 9.936564177260125320e-17 nan nan 1.359496611813283433e-17 nan nan
5.756912264600000344e+04 nan nan nan nan nan nan
5.793309379199999967e+04 1.719658813223187632e-16 1.886630266517809997e-16 nan 3.297954143349017855e-17 5.897824961573663911e-17 nan
5.789499064199999702e+04 1.169141426310445423e-16 nan nan 1.397108180943608588e-17 nan nan
5.771925258400000166e+04 nan nan nan nan nan nan
5.775723675499999808e+04 nan nan nan nan nan nan
5.822235595399999875e+04 1.306147542424951306e-16 1.497934616282210693e-16 nan 1.737442682072971655e-17 2.961496987746630412e-17 nan
5.776436173199999757e+04 nan nan nan nan nan nan
5.805532922400000098e+04 1.205460146649393760e-16 nan nan 1.542460247028523970e-17 nan nan
5.811735889599999791e+04 1.250526050682114762e-16 1.204504570991979981e-16 nan 2.538692879814738841e-17 3.402719268664516971e-17 nan
5.816135636199999863e+04 1.456601347538032017e-16 1.139437190150314582e-16 8.729374490896550149e-17 2.715028649027015024e-17 2.778841150623087848e-17 1.495527197692590237e-17
5.808636015600000246e+04 1.115632610217911061e-16 nan nan 2.129293859015735886e-17 nan nan
5.829518090400000074e+04 nan nan nan nan nan nan
5.780937131200000294e+04 nan nan nan nan nan nan
5.817536970000000292e+04 1.426942808300830053e-16 1.430467857182707859e-16 nan 2.725956017250535448e-17 4.024021912661858268e-17 nan
5.759899903600000107e+04 nan nan nan nan nan nan
5.769339066399999865e+04 8.253212105938637560e-17 nan nan 1.246962307644775673e-17 nan nan
5.779425455399999919e+04 nan nan nan nan nan nan
5.774123215599999821e+04 1.022995607604653132e-16 1.104869270885410063e-16 nan 1.449953376889008389e-17 2.119213995932160974e-17 nan
5.795603018600000360e+04 1.617957546436268710e-16 1.399854935267407090e-16 nan 2.985268530744588316e-17 3.643228964275797440e-17 nan
5.825323264000000199e+04 1.206704279386116119e-16 1.268794365252120791e-16 nan 1.741629935956252098e-17 2.567540091651581725e-17 nan
5.831410467200000130e+04 1.168304009114348465e-16 1.376425928759464366e-16 nan 1.509604905932970443e-17 2.582938267241004280e-17 nan
5.818237404399999650e+04 nan nan nan nan nan nan
5.816836050399999658e+04 nan nan nan nan nan nan
5.813237073999999848e+04 nan nan nan nan nan nan
5.777234281500000361e+04 nan nan nan nan nan nan
5.788727804399999877e+04 1.417823666096828320e-16 1.720189961711199896e-16 1.576224027671820824e-16 3.271568444398340140e-17 6.483284649374561058e-17 3.957550076980951091e-17
5.751604474399999890e+04 7.561812853898320920e-17 nan nan 9.164379066332367408e-18 nan nan
5.753022185000000172e+04 9.482368421027389452e-17 nan nan 1.192944376652348714e-17 nan nan
5.830710055599999760e+04 1.122111866598444363e-16 1.124211730329271098e-16 nan 1.710238252901620775e-17 2.311222776978826083e-17 nan
5.752321772999999666e+04 9.409585559213106006e-17 1.250271690284743576e-16 1.139060296025629874e-16 2.980675436183207155e-17 5.794446957718837284e-17 3.804032283014760254e-17
5.824427943799999775e+04 1.221299193617994376e-16 1.237394731867421820e-16 nan 1.780505706859765751e-17 2.497931778143165379e-17 nan
5.787822632400000293e+04 1.303706988280144325e-16 1.701253700820846857e-16 1.722682716232674616e-16 1.240687879742992507e-17 2.469306383513978569e-17 1.828270263081772077e-17
5.807925779399999738e+04 1.209617382683232863e-16 nan 7.880033801058471802e-17 1.743184147740674375e-17 nan 1.057992615005963728e-17
5.780125876599999901e+04 1.011887576019030676e-16 nan nan 1.512902299323633404e-17 nan nan
5.822936331800000335e+04 1.156815127496404442e-16 1.378240934941183879e-16 nan 1.544673659722395836e-17 2.688083061611834774e-17 nan
5.814732854000000225e+04 nan nan nan nan nan nan
5.791098849599999812e+04 1.833370239607837627e-16 1.154295309222682494e-16 9.755696128542374373e-17 4.379902022214444078e-17 3.478022200926085809e-17 2.087322990087826368e-17
5.810934593000000314e+04 1.409760706287582000e-16 1.106825569156189795e-16 7.973582797075282097e-17 3.045253823572939119e-17 3.129542529089702173e-17 1.566642918872513988e-17
5.827812742399999843e+04 nan nan nan nan nan nan
5.815435213400000066e+04 nan nan nan nan nan nan
5.756209713000000193e+04 9.617075124325870838e-17 nan nan 1.184519462805239142e-17 nan nan
5.790324025799999799e+04 1.494963115232783160e-16 1.439529072938894265e-16 nan 3.021568791989485268e-17 4.262796966284616543e-17 nan
5.791805243000000337e+04 1.562951007517895361e-16 1.770524823696876079e-16 1.529776201562029715e-16 2.414903162220625689e-17 4.326187311783728583e-17 2.473561062224923967e-17
5.778635604199999943e+04 nan nan nan nan nan nan
5.794902591750000283e+04 1.915492948114618544e-16 1.808552706769188143e-16 nan 4.848727266838920537e-17 7.160339512336045367e-17 nan
5.755422095200000331e+04 9.377029488332089189e-17 1.150223430467274121e-16 1.118317927405611190e-16 2.329274341159377164e-17 4.088299971526725104e-17 2.920976516992067917e-17
5.807036465799999860e+04 1.709201040497641420e-16 1.778586477821118866e-16 nan 3.042406164973772292e-17 4.982766861942772575e-17 nan
5.770135396400000172e+04 8.593806336980714391e-17 9.304941889379563358e-17 nan 9.992538251177316346e-18 1.383952469668654523e-17 nan
5.771136364332999801e+04 8.635726523378934368e-17 nan nan 1.419674606339350329e-17 nan nan
5.786411510249999992e+04 nan nan nan nan nan nan
5.819023160400000052e+04 1.351581106084015345e-16 1.042575605082926143e-16 nan 3.470477234374827975e-17 3.456267840425785699e-17 nan
5.819815802666999662e+04 nan nan nan nan nan nan
