5.809433617457179935e+04 5.092102854480746146e+02 9.318670124210857164e-01 3.565278047651172511e-01 6.716990092866412243e-02
5.819815560798609658e+04 4.585667557939152061e+02 9.530303155827594130e-01 2.926550331807269423e-01 7.801441619478773071e-02
5.750803061267360317e+04 5.441365537122136402e+02 9.626767661922710495e-01 2.622083514764756984e-01 6.708371076185655479e-02
5.770135341181710100e+04 5.023295009748842403e+02 9.527314558842396863e-01 2.953593616657847476e-01 7.117317222856803238e-02
5.751604011126160185e+04 4.999976022234326365e+02 9.574263301195811149e-01 2.795001091138030191e-01 7.221157385851315058e-02
5.787822169053240214e+04 6.133597947381698532e+02 9.561272934336900731e-01 2.870091320043482996e-01 5.870568028118735432e-02
5.774123162674769992e+04 4.871380170309599862e+02 9.146960078096008084e-01 3.984403825010254807e-01 6.764964811154028368e-02
5.794201711207180051e+04 3.657311373521573046e+02 8.809522862270963151e-01 4.657652941303751515e-01 8.358086009905332792e-02
5.750802856400459859e+04 5.439994515331427465e+02 9.627000133931339354e-01 2.621178292256490794e-01 6.710385842031038606e-02
5.823726240335650073e+04 nan nan nan nan
5.822235336199070298e+04 4.129790413819219452e+02 9.361920805609997842e-01 3.414040528813949704e-01 8.359223032689210020e-02
5.775723207074069796e+04 4.928491012859319085e+02 9.572590965099244675e-01 2.798068893392294254e-01 7.323337236060611932e-02
5.759899435380790237e+04 4.919666802283319953e+02 9.546574657574948830e-01 2.886260806240269483e-01 7.296648996004830023e-02
5.750803268356480112e+04 5.465143023936146847e+02 9.633486184379463912e-01 2.597803338447054466e-01 6.688510672214903474e-02
5.790323764157410187e+04 4.435990738177630988e+02 9.458355126775583877e-01 3.147784551792965901e-01 7.943366485889750972e-02
5.822235540826390206e+04 4.085467322782726001e+02 9.350802857937310364e-01 3.442653265562002907e-01 8.429854121553494173e-02
5.752321513501159643e+04 2.836663559302546673e+02 8.514981493926965239e-01 5.146021327710267323e-01 1.006754514681883761e-01
5.777233828069439915e+04 4.343455455573667905e+02 9.175385657259839123e-01 3.902492926790707140e-01 7.634441675060096855e-02
5.775723414351850079e+04 5.033810386929195602e+02 9.592296884273736612e-01 2.733036503713714982e-01 7.199666334773270615e-02
5.780125410884260054e+04 4.157654883059556710e+02 9.023652004788973446e-01 4.240123215245151234e-01 7.714010733769278982e-02
5.819022900959489925e+04 4.629394418586177835e+02 9.541002733368779687e-01 2.892991327333331864e-01 7.745114730096616662e-02
5.832110642223380273e+04 nan nan nan nan
5.791098589741899923e+04 5.380574637947694328e+02 9.410328695308208813e-01 3.320463994716248424e-01 6.482535815958857806e-02
5.788727339337959711e+04 3.920766177231019469e+02 8.509706123624213303e-01 5.201506686001042823e-01 7.274818795262194548e-02
5.791804983322919725e+04 4.300535550931488729e+02 9.450208822410850473e-01 3.166152030675813411e-01 8.179453108096905456e-02
5.769338602006940346e+04 1.452289802074031400e+02 2.905184526545467882e-01 9.565955502384568820e-01 2.289065161134587120e-02
5.758399652326390060e+04 4.478830510712801356e+02 9.297493591978152061e-01 3.602596304884208567e-01 7.602057426511618643e-02
5.805532662721059751e+04 4.616307880397991426e+02 9.464916897797703843e-01 3.135456704821737439e-01 7.643686087038667476e-02
5.754707211745370296e+04 4.804825009935452726e+02 9.557397295887227751e-01 2.845251453215062454e-01 7.487997706630851458e-02
5.807925519999999960e+04 4.334247183123291620e+02 9.423719546925457546e-01 3.246874872030834358e-01 8.070399409383692546e-02
5.809433412939820118e+04 5.051568308091725612e+02 9.307565491572203920e-01 3.593460267521957352e-01 6.754760734736023342e-02
5.814732800942129688e+04 4.736756328615111329e+02 9.514177527942415669e-01 2.985608721886692241e-01 7.527061356131375947e-02
5.777234237812500214e+04 4.310256990946045335e+02 9.190031400991613975e-01 3.866222303834788709e-01 7.717823178322634481e-02
5.807036205874999723e+04 4.473078203286747794e+02 9.061530120210741224e-01 4.167240001158713514e-01 7.230371036511472338e-02
5.812536600854169956e+04 4.956963872911268822e+02 9.216520291020255939e-01 3.821017398876093707e-01 6.749664900556613667e-02
5.793309323693290207e+04 5.283832129284788834e+02 9.594213302859690984e-01 2.735002283971018078e-01 6.861731602907904237e-02
5.771136096131939848e+04 2.269374754543662220e+02 7.221634632161912926e-01 6.857744935263164754e-01 9.051671903201562175e-02
5.772634417016200314e+04 5.095544417128896271e+02 9.588409155855667221e-01 2.749065551467372304e-01 7.106676112210141838e-02
5.792505632480319764e+04 5.800514772128894947e+02 9.683585793294595678e-01 2.413030026567362929e-01 6.367513445509240255e-02
5.792505839787040168e+04 5.863055438048844508e+02 9.688211323069112479e-01 2.396028798889895950e-01 6.305611425117235713e-02
5.779425195087960310e+04 4.538619585100864811e+02 9.106424676719735434e-01 4.068795701290919831e-01 7.196743349504604315e-02
5.753021721699069894e+04 4.860216736306152256e+02 8.867352281319570428e-01 4.578646231063118743e-01 6.372301073772941582e-02
5.777234032824070164e+04 4.343453901586912593e+02 9.202798781641117198e-01 3.836489338486440137e-01 7.680131120655823984e-02
5.832900795686340280e+04 3.850375326764289525e+02 9.157142451215191103e-01 3.925676859069653357e-01 8.577897914510752841e-02
5.759101953285880154e+04 4.150262503876384699e+02 9.161595679249000534e-01 3.928182936514690859e-01 7.965823417832393338e-02
5.832110434920139960e+04 nan nan nan nan
5.771136301688660024e+04 3.470400127023065693e+02 8.297692441440821520e-01 5.526087394880764281e-01 7.814462562427389181e-02
5.756209248620369908e+04 4.721268872034087281e+02 9.264760873378190542e-01 3.694781008622896046e-01 7.161000331239991690e-02
5.813236809641199943e+04 4.668627086782416882e+02 9.514487143097275501e-01 2.981817482576131217e-01 7.637400764920029839e-02
5.758399242811340082e+04 4.343232857337945916e+02 9.262123596359630451e-01 3.688875652826330009e-01 7.779864418762456879e-02
5.751604420141199807e+04 5.525892092579182417e+02 9.644660276313712366e-01 2.557521210114669374e-01 6.630334941086162004e-02
5.771135891380789690e+04 nan nan nan nan
5.777934957790510089e+04 4.382709793111906720e+02 9.502289159851776690e-01 3.007989542814232808e-01 8.114799029450102397e-02
5.756911800738429883e+04 4.505809148787722052e+02 9.451621526977647125e-01 3.171280818533645518e-01 7.809151559377530694e-02
5.752321306202549749e+04 1.815901557120365908e+02 7.438999617197167291e-01 6.574229373751093730e-01 1.200330303145224486e-01
5.788727544106479763e+04 4.186034727445207864e+02 8.672256925428738494e-01 4.928607847018463550e-01 7.076612958621576743e-02
5.826023422604169900e+04 5.852822574932519473e+01 5.516713810693643083e-01 8.085233021619298022e-01 2.048139574594201040e-01
5.827022672664350102e+04 nan nan nan nan
5.811735631356480008e+04 5.155214175806320327e+02 9.593041302723300801e-01 2.734808910349013078e-01 7.031207493172594858e-02
5.788727751406250172e+04 2.960607226715336537e+02 7.782049916366018394e-01 6.228206242043073937e-01 8.056960380710144476e-02
5.756912005475690239e+04 4.435453042713550076e+02 9.438401074924890333e-01 3.207923078853847643e-01 7.910844891751597774e-02
5.787822373693290137e+04 6.151003647422842278e+02 9.560950108639010292e-01 2.871513765336538015e-01 5.853560588210457438e-02
5.817536505616900104e+04 4.463293515757103478e+02 9.504207254403402860e-01 3.005760382095351568e-01 7.971505446098130221e-02
5.789498600013890245e+04 5.882264196011986996e+02 9.668338262150012463e-01 2.476176814110553348e-01 6.259262208179088016e-02
5.815434955232639913e+04 2.406286589578399173e+02 7.026530354041226056e-01 7.069281797943000045e-01 8.081621402967664736e-02
5.771924999274309812e+04 4.534687704090756029e+02 9.470520806735065467e-01 3.114854654383467092e-01 7.790482213983056237e-02
5.777934750718750001e+04 4.416062956379332718e+02 9.510929541451844660e-01 2.981822713203498010e-01 8.068163140159703706e-02
5.816835790402779821e+04 4.652834071979178816e+02 9.544940741091361147e-01 2.880848122763421948e-01 7.712459676554259125e-02
5.751604215731479781e+04 5.479888723839219438e+02 9.638286974621035341e-01 2.580228510149711330e-01 6.677162797634079994e-02
5.820533120576389774e+04 4.393844296529014173e+02 9.458438532225508233e-01 3.145597612648720065e-01 8.019701935922898817e-02
5.830710000846059847e+04 3.881471102182182449e+02 9.361668093454177386e-01 3.401208894571338126e-01 8.893528903033212640e-02
5.829517626560189819e+04 2.987580270031089640e+02 7.896908930509999314e-01 6.079710109824968400e-01 8.221644140459417882e-02
5.755421627608800191e+04 1.341553975397364411e+02 5.524395721501895729e-01 8.287229427507348811e-01 8.960358966625053823e-02
5.785705548473379895e+04 2.505240219429918795e+02 7.466890427820011000e-01 6.593720161090421694e-01 8.765852931458534281e-02
5.816135376030090265e+04 4.634204370198014544e+02 9.545030812850082702e-01 2.879713837502640983e-01 7.743610242246777575e-02
5.781719053767360310e+04 4.680369452821594223e+02 9.537251173177727637e-01 2.907729353865527444e-01 7.654737516001641762e-02
5.818236926697919989e+04 3.813851479136124567e+02 8.173525604727512883e-01 5.719916519506772490e-01 6.899523162779368224e-02
5.814031619839119958e+04 4.910838432186879459e+02 9.584502344632968018e-01 2.755802222099183463e-01 7.367963886979363164e-02
5.793308914398150227e+04 5.197285174916256665e+02 9.584380244846486541e-01 2.766767458132253221e-01 6.961703489928533495e-02
5.794902547202550340e+04 4.432655053199279678e+02 9.471232188841763877e-01 3.108117077883212898e-01 7.971004047285228100e-02
5.796499702621530014e+04 1.175897166849629940e+02 5.790390548395720760e-01 8.075275258359976283e-01 1.123079159618211031e-01
5.806233003357639973e+04 4.123908535499168124e+02 8.563524878072092950e-01 5.116194870690882190e-01 7.004225208805535396e-02
5.816835585621529754e+04 4.621328474409294245e+02 9.541117068723535821e-01 2.892246944673644848e-01 7.758818801456693337e-02
5.815434747914350010e+04 2.031476209431148447e+02 6.511945504570680887e-01 7.544439304722019290e-01 8.221929961190660441e-02
5.789498804668980301e+04 5.868029152204204593e+02 9.670497952200056702e-01 2.467271916082069971e-01 6.277249784796051779e-02
5.790323556789349823e+04 4.614188083151921660e+02 9.492865863004682492e-01 3.048567425456216728e-01 7.692427181635345945e-02
5.770135136431710271e+04 4.995897318754867911e+02 9.528734316458095099e-01 2.948013516938152723e-01 7.158481894255196154e-02
5.779425399725689931e+04 4.560760130935753978e+02 9.112714344368153530e-01 4.055133052732792787e-01 7.171702744682978414e-02
5.818237350934030110e+04 3.748002203582649940e+02 8.133961918274716929e-01 5.775398677085625820e-01 6.952939182635523019e-02
5.796499498196759669e+04 3.277893728196871734e+02 8.472040646144607390e-01 5.242200749874069698e-01 8.624723694666486251e-02
5.819815355579859897e+04 4.611119337163908654e+02 9.535013946576647026e-01 2.912111498680871047e-01 7.766052136313988941e-02
5.773335479246530303e+04 5.086096639781918043e+02 9.495365564986395501e-01 3.057858413809814713e-01 6.982368569211362674e-02
5.781718846579860110e+04 4.683252952565262035e+02 9.537542620471133326e-01 2.906885013446977584e-01 7.650492018778812242e-02
5.755422042105319997e+04 2.048866415992384020e+02 6.678910994283873137e-01 7.393020250553911099e-01 8.575543745639713222e-02
5.811735423478009761e+04 5.137456957670401607e+02 9.600072290698521416e-01 2.709123242292599265e-01 7.065856433812391091e-02
5.826023217620370269e+04 2.240817272304913956e+02 8.531316967884631230e-01 5.057656752710679715e-01 1.279350993763584687e-01
5.816835994937500072e+04 4.645150630752746679e+02 9.544168092690465954e-01 2.883098836914866347e-01 7.723966047629762799e-02
5.795602964086810243e+04 5.521235942260703951e+02 9.634532203462251587e-01 2.595627250300011069e-01 6.621996662252473131e-02
5.754707007224539848e+04 4.836083226387931404e+02 9.561194967201602779e-01 2.833583292738298121e-01 7.445512220614099175e-02
5.819815770527780114e+04 4.668241777559918546e+02 9.543916732800374891e-01 2.884962142113221550e-01 7.685355137835347961e-02
5.794902342686340126e+04 4.419456002209792587e+02 9.465193821140763797e-01 3.126110122094489796e-01 7.984619169234495606e-02
5.772634212504629977e+04 5.166105568618431789e+02 9.600723602779980270e-01 2.707809261647593502e-01 7.027626239057639668e-02
5.816135583026619861e+04 4.645685434622490675e+02 9.547229961314199764e-01 2.872833989569494872e-01 7.728032959031012894e-02
5.820533327646990074e+04 4.391018219697436393e+02 9.459103238909672973e-01 3.143437693816419909e-01 8.025991407562291236e-02
5.823725831040510093e+04 nan nan nan nan
5.780937075761570304e+04 4.388525151024276738e+02 9.488009993194359559e-01 3.053661659547461382e-01 8.079708151002863714e-02
5.794902135501160228e+04 4.355313492637233708e+02 9.454544082669744665e-01 3.155643716916408659e-01 8.083989861080435879e-02
5.812536191586810310e+04 4.973094594836176157e+02 9.237755007569634635e-01 3.769226374238496824e-01 6.758808769798575755e-02
5.817536710152780142e+04 4.469772521125415778e+02 9.503670869476379401e-01 3.007785711765638692e-01 7.959052184554148146e-02
5.832900588675930339e+04 3.890135469632363083e+02 9.190535244797981562e-01 3.847421272159931571e-01 8.552259752003428528e-02
5.752321720414349693e+04 2.207861109422427148e+02 8.038616331394651260e-01 5.835382954932099020e-01 1.152802344690165431e-01
5.774122955451389862e+04 4.830234308515935027e+02 9.134820190113340788e-01 4.011489594911504253e-01 6.804493546285549088e-02
5.774928157427079714e+04 4.854027512754882991e+02 9.569288318440870578e-01 2.806526346254218929e-01 7.430551435338021704e-02
5.831410411701389967e+04 3.669596048992910369e+02 9.271180579765964103e-01 3.632356068823855422e-01 9.226050328547644175e-02
5.827022465368059784e+04 nan nan nan nan
5.773335891081020236e+04 5.025135816619764455e+02 9.334433665178372141e-01 3.521636055063591120e-01 6.829550834870432019e-02
5.781719258413190255e+04 4.686993351625682749e+02 9.538456962940136119e-01 2.904005539962487559e-01 7.645852405101985494e-02
5.771925203789350053e+04 4.561893993326283976e+02 9.477639099198085226e-01 3.094002816310938431e-01 7.755666818602295620e-02
5.831410207297449961e+04 3.666348871173355519e+02 9.271680519795133524e-01 3.630846721853344117e-01 9.235217492069543177e-02
5.778635136835650337e+04 4.725795933427725117e+02 9.549457707683299823e-01 2.868827299251012763e-01 7.600575085085013727e-02
5.755421834906250297e+04 2.346437086314707017e+02 7.053966638071236250e-01 7.038742412429241924e-01 8.352603908050278136e-02
5.791805190278939699e+04 4.928075893345983332e+02 9.572644206743271544e-01 2.797868459660420859e-01 7.324035592089361835e-02
5.794201918894679693e+04 3.665216508959268822e+02 8.815056938073991821e-01 4.647306299671216667e-01 8.350540913915724395e-02
5.831410002775459725e+04 3.681242849165150801e+02 9.278364113469070862e-01 3.614348129399099774e-01 9.211118159043095444e-02
5.816135163695600204e+04 4.590926716128599310e+02 9.538615282241786897e-01 2.899218167372680233e-01 7.806103479711429260e-02
5.823726035914350359e+04 nan nan nan nan
5.818237133792819805e+04 3.847022596766118454e+02 8.190625356874451368e-01 5.695776364580757978e-01 6.868681591167807854e-02
5.807925312800930260e+04 4.283721462036089065e+02 9.410178135020460521e-01 3.284144232519724538e-01 8.142138092603690147e-02
5.787822578078699735e+04 6.134833582543747070e+02 9.559686233194306659e-01 2.875435770213161102e-01 5.867437722327375343e-02
5.759101748648149805e+04 3.742470573831255365e+02 8.995476258294680116e-01 4.284404659911317248e-01 8.516358356638839555e-02
5.820532913385419670e+04 4.388333880908883771e+02 9.451643125958270053e-01 3.165994432190556984e-01 8.018238427885429620e-02
5.759899847901619796e+04 4.978194193005713259e+02 9.560442663322926693e-01 2.841644335473066940e-01 7.231829312066435922e-02
5.792506044400460087e+04 5.850481411852216524e+02 9.686753255554276798e-01 2.401610586700696215e-01 6.317261715773352104e-02
5.824427684101850173e+04 1.541388388868863899e+02 3.769910964294503342e-01 9.255045994487866023e-01 3.631734588404846725e-02
5.794202124114579783e+04 3.675278620505087019e+02 8.818213476011487195e-01 4.641617698566385952e-01 8.333644051942114273e-02
5.827022877195599722e+04 nan nan nan nan
5.770134931630789652e+04 4.987535109160082811e+02 9.535646508222309636e-01 2.925028846266592431e-01 7.180890743744726412e-02
5.822936277232639986e+04 3.748861071212839988e+02 9.229046787882739800e-01 3.744841146961017109e-01 8.949079120775370322e-02
5.830709591488430306e+04 3.889883789228525188e+02 9.366969572004144595e-01 3.386822188662730881e-01 8.884348594749481853e-02
5.779424990355320188e+04 4.536391201214139528e+02 9.098335477576116048e-01 4.087014935560857598e-01 7.187492288568213261e-02
5.756912210134259658e+04 4.072431722045251377e+02 9.350331633135076093e-01 3.443292245470738755e-01 8.455985233398900791e-02
5.758399447690969828e+04 4.432436548152688829e+02 9.286295621707969516e-01 3.630079507810174411e-01 7.663135084442072864e-02
5.828621623447920138e+04 3.501665060240105731e+02 9.250317935202899688e-01 3.674942640689952689e-01 9.625043819652666366e-02
5.769338806991899764e+04 nan nan nan nan
5.825323005146990181e+04 4.301641833933308590e+02 9.431649459216568943e-01 3.221883852866131992e-01 8.145261917828727771e-02
5.812536396336810139e+04 4.968409596835431898e+02 9.237068583721456116e-01 3.770811997119434267e-01 6.764176683131591095e-02
5.785705753340280353e+04 nan nan nan nan
5.774928362151620240e+04 4.941169906131881362e+02 9.582929767439302138e-01 2.762532236850383516e-01 7.320332729378738190e-02
5.753022130751160148e+04 4.822327772951259703e+02 8.820973324367017421e-01 4.667603598696962175e-01 6.355361958509117559e-02
5.822936072609949770e+04 3.761805116716245152e+02 9.235889497592707498e-01 3.728354258297387758e-01 8.931515621060333310e-02
5.780125618298610061e+04 4.237126228717652339e+02 9.020519330042173767e-01 4.249479862024668209e-01 7.564072438721773650e-02
5.827812278018520010e+04 3.311242728257518593e+02 9.150368788186483693e-01 3.908807605101531912e-01 9.959789889766973436e-02
5.811735835869210132e+04 5.153271072591052189e+02 9.578537674067723051e-01 2.785650661519811777e-01 7.012605923902573424e-02
5.769339011508099793e+04 nan nan nan nan
5.777934543577550357e+04 4.395334830758166049e+02 9.507413249004530442e-01 2.992149358919368729e-01 8.100219296855647177e-02
5.827812482775459648e+04 3.455801075907976383e+02 9.200463346036561463e-01 3.797452628264242902e-01 9.647941512709988510e-02
5.759899642730320193e+04 4.983082889277028471e+02 9.557638872534286456e-01 2.851347636157793852e-01 7.220497489777998046e-02
5.807925724394679855e+04 4.338237454753563611e+02 9.428482795839987496e-01 3.232998745179982980e-01 8.071129302730940813e-02
5.791098794153940253e+04 5.586384848890884314e+02 9.445654602300668223e-01 3.222403323165579092e-01 6.290675296720009413e-02
5.808635959826390172e+04 4.671821904780839532e+02 9.127882294291213006e-01 4.023471566187866721e-01 7.024538259862571354e-02
5.790323971211809840e+04 4.817102745548488656e+02 9.527662631300399809e-01 2.944946202974074168e-01 7.422510664933559821e-02
5.769131833840280160e+04 nan nan nan nan
5.780936665247679775e+04 4.382030001296744217e+02 9.488067834810767209e-01 3.053162177458646487e-01 8.091782746498525636e-02
5.829518035386569682e+04 3.061191024848763504e+02 7.906407332921928655e-01 6.069743262954447882e-01 8.043256851160715537e-02
5.774122674336809723e+04 4.701634302665725045e+02 9.097537479186830200e-01 4.093171716649521841e-01 6.933665068427659339e-02
5.791804778619210265e+04 3.704788698028252725e+02 9.293828663801934065e-01 3.575115846493582272e-01 9.183111956434161782e-02
5.830709796201389690e+04 3.892458307663874280e+02 9.368851140538253519e-01 3.381674441392881758e-01 8.882039624237325626e-02
5.786411054701390094e+04 4.685882029322811491e+02 9.531378601664121097e-01 2.927402978799499844e-01 7.636319476391034700e-02
5.824427479357639822e+04 1.579616452067691625e+02 3.836524484170762972e-01 9.227479454893291466e-01 3.670187895468953604e-02
5.774928569214120216e+04 4.937785233314350535e+02 9.582095955882538041e-01 2.765323890951202346e-01 7.324075848828917601e-02
5.780936871119210264e+04 4.382953444690236893e+02 9.488859589160159036e-01 3.050710016369864164e-01 8.091428138616058030e-02
5.772634621746530320e+04 5.085361340035672697e+02 9.579993038251485293e-01 2.778207736787706716e-01 7.108411625011469559e-02
5.815435159636569733e+04 2.856312494327864329e+02 7.512146964162200735e-01 6.554545455209916938e-01 7.781914060278863343e-02
5.776436118144680222e+04 5.179154267974633967e+02 9.468523515410983693e-01 3.143594130268894671e-01 6.818199045555790871e-02
5.805532454843750020e+04 4.596018094006994943e+02 9.459701393690996829e-01 3.150542541036644995e-01 7.668971504178112575e-02
5.791098384990740306e+04 5.437829701886344083e+02 9.420695077891531044e-01 3.291999137848851120e-01 6.428420690906203050e-02
5.819023105809029948e+04 4.647112106830147695e+02 9.545069816929245832e-01 2.880160393489790693e-01 7.722164837136188953e-02
5.809433205741900019e+04 5.039847834873947363e+02 9.300361582117524506e-01 3.611966140273883408e-01 6.759992924459458374e-02
5.827812689575229888e+04 3.426113327020850079e+02 9.186406361553364208e-01 3.829971730663576102e-01 9.701828192303496579e-02
5.814031412269680004e+04 4.907481521632875570e+02 9.583723958844510005e-01 2.758405298833494501e-01 7.371806346052685310e-02
5.795602759527780290e+04 5.508420465837029951e+02 9.633753095159721669e-01 2.598151768918391946e-01 6.636329461130735519e-02
5.817536914803239779e+04 4.477456938095866690e+02 9.504969149196803579e-01 3.003984657780509604e-01 7.947563454520623072e-02
5.795602554311339918e+04 5.530554239339876403e+02 9.636047851400526554e-01 2.590226777140746117e-01 6.612919540583678257e-02
5.789499009097219823e+04 6.000649148238467205e+02 9.685713206497374994e-01 2.409931273666903739e-01 6.157848144315956201e-02
5.825323209668979689e+04 4.285833854668107961e+02 9.430018267045499059e-01 3.225966768624691783e-01 8.172477536936718912e-02
5.780125822796300054e+04 4.308725785349330408e+02 9.037205119037172718e-01 4.215628516659790104e-01 7.465921550439209853e-02
5.786411259569440153e+04 4.674901285744859365e+02 9.527536873953449392e-01 2.939576285601769312e-01 7.648087189520304252e-02
5.826023629657409765e+04 5.272341414850584584e+01 5.290405927414397746e-01 8.224332043383073554e-01 2.090925049675631808e-01
5.771924791943289893e+04 4.401843338192369401e+02 9.442768065829032498e-01 3.193359776344418255e-01 7.978625155908472544e-02
5.814732389353009785e+04 4.722185201187633652e+02 9.469040985313917913e-01 3.126969076248570234e-01 7.478818186253785583e-02
5.756209657984950172e+04 4.780461795176982491e+02 9.271961373090903402e-01 3.678178474521086039e-01 7.083328352406019490e-02
5.785705957910879806e+04 nan nan nan nan
5.807036410302080185e+04 4.335272264523605941e+02 8.812648557006135253e-01 4.673258988834489980e-01 7.056031703268776656e-02
5.769131626776619669e+04 nan nan nan nan
5.832110846770829812e+04 nan nan nan nan
5.778635548760420352e+04 4.750428710444107310e+02 9.557964821388396093e-01 2.841048507874672779e-01 7.574640909013141687e-02
5.825322797965280188e+04 4.290561532083612519e+02 9.429152003168419505e-01 3.228763620663117062e-01 8.161972696765193436e-02
5.776435706200230197e+04 5.170788414330177147e+02 9.454638552223681991e-01 3.185303072002404479e-01 6.809215713264832326e-02
5.814732594024309947e+04 4.734338509298261783e+02 9.495333654089679332e-01 3.045648252416544577e-01 7.501103385929329403e-02
5.754706797363430087e+04 4.793060344036076117e+02 9.554854850572924718e-01 2.853399923933337967e-01 7.502384011634255501e-02
5.806233210521990259e+04 4.169162707637128733e+02 8.592563283388826578e-01 5.067673349709092001e-01 6.975263734128150928e-02
5.814031824292820238e+04 4.910725352949763192e+02 9.586136789642841771e-01 2.750039475497588759e-01 7.370646738658451214e-02
5.786411466642360028e+04 4.665723342487023615e+02 9.526561510873602368e-01 2.942385143128831149e-01 7.661562823839469794e-02
5.832900381342590117e+04 3.897612275457856867e+02 9.208944700202508216e-01 3.802745594739403434e-01 8.570084307066171136e-02
5.813236604783560324e+04 4.682251752621805849e+02 9.531310410937671174e-01 2.927473351373957033e-01 7.642130771888831775e-02
5.819022696206020191e+04 4.549323623244707164e+02 9.528556843410466159e-01 2.930643172346392711e-01 7.860884672064942513e-02
5.806233414921299845e+04 4.228817129326873783e+02 8.634523199784748249e-01 4.996277702063791071e-01 6.944193518610387861e-02
5.773335686430559872e+04 5.087757163145007553e+02 9.436419078019806506e-01 3.237092009514785373e-01 6.893694988315957062e-02
5.753021926346060354e+04 4.852805238514577582e+02 8.848488814547922354e-01 4.615235312539625046e-01 6.354909194532878947e-02
5.776435913623840315e+04 5.171738336227894024e+02 9.462476839328167744e-01 3.161725681548258615e-01 6.819257876163740961e-02
5.778635344240740233e+04 4.737747898442959809e+02 9.554876860497035773e-01 2.851007883197796411e-01 7.590008107257421865e-02
5.805532867262729997e+04 4.641803508796672872e+02 9.469779578562882438e-01 3.121574526276035266e-01 7.609515164174132651e-02
5.759101543976849644e+04 4.447984054213021636e+02 9.321184858724377298e-01 3.538864429240890508e-01 7.693837670115992455e-02
5.793309119048609864e+04 5.251042311351541230e+02 9.591062447690518189e-01 2.745071023665296983e-01 6.900044924012727066e-02
5.824427891273149726e+04 1.547535772163694503e+02 3.732421065337634958e-01 9.270561558688438231e-01 3.545721049266267744e-02
5.822235129023149784e+04 4.093551862483696482e+02 9.353376180016347297e-01 3.435950270582821542e-01 8.417836855063431933e-02
5.807035998547449708e+04 4.515703144231903252e+02 9.205602401060506423e-01 3.835428971263993292e-01 7.391678023141119713e-02
5.808635550745369983e+04 4.821193875219238976e+02 9.392984354670969038e-01 3.354443010782817147e-01 7.208030246306657007e-02
5.756209453456020128e+04 4.768436160072832877e+02 9.280619566963129730e-01 3.655672986584886375e-01 7.114460404378052105e-02
5.769131419668979652e+04 nan nan nan nan
5.808635755370370316e+04 4.780829613693363740e+02 9.293152205326420390e-01 3.623680729434547443e-01 7.115195427824738683e-02
5.822935865428239777e+04 3.783868838710155842e+02 9.247031058604634479e-01 3.701372903596829023e-01 8.900872034359512408e-02
5.775723621420140262e+04 5.047906793727154877e+02 9.596553791500427311e-01 2.718414745875221694e-01 7.185934846955746580e-02
5.813237014164349966e+04 4.661545177311245425e+02 9.490543979711792977e-01 3.057837395425236360e-01 7.610554725480084270e-02
5.796499293421299808e+04 2.593775697804835545e+02 7.886863010611523395e-01 6.074961283494128006e-01 9.445831122220747778e-02
5.829517830981480074e+04 3.077223435474999746e+02 7.935562370205349048e-01 6.031346287696545128e-01 8.060470373805603272e-02
