5.779425045400000090e+04 2.670878753846104708e-16 2.797862445720213069e-16 nan 3.789219215752299976e-17 5.339499848072421894e-17 nan
5.809433256599999731e+04 2.636758901420288125e-16 2.667261798876090096e-16 nan 3.310986706734360609e-17 4.409958154534557188e-17 nan
5.794201764199999889e+04 2.985926959288286873e-16 4.647662699147060297e-16 nan 4.585157954818859481e-17 1.236323387538821790e-16 nan
5.793308969999999681e+04 2.924382972145888287e-16 3.005849253069764412e-16 nan 3.202599177234474808e-17 4.561801170819073592e-17 nan
5.792505683999999746e+04 2.905834304585606082e-16 2.987216338493348958e-16 nan 2.971146942656104607e-17 4.227634827127976374e-17 nan
5.791804831600000034e+04 3.001607119947607214e-16 3.154127515712346912e-16 2.800953775681280982e-16 6.381942768258332252e-17 9.369946777524559630e-17 7.172606619535370913e-17
5.791098435800000152e+04 2.904084272753500716e-16 2.984992652766128469e-16 2.645254824160525345e-16 3.009045728387912756e-17 4.287841139424246704e-17 3.324853205208308651e-17
5.790323610400000325e+04 2.918806790765411796e-16 2.976201189405459208e-16 nan 3.487790595039703184e-17 4.892837874631162224e-17 nan
5.789498652399999992e+04 2.911856056615314650e-16 nan nan 2.956383041568237828e-17 nan nan
5.788727394199999981e+04 2.885396542258099491e-16 3.060987350772793437e-16 2.681622087921612131e-16 5.120699444697480288e-17 7.513896949721079972e-17 5.722111036476233641e-17
5.787822224200000346e+04 2.902367464348943065e-16 3.061097837497709817e-16 2.771252903954592640e-16 2.779788081610383097e-17 4.101129676171442843e-17 3.244127596261096004e-17
5.786411109399999987e+04 2.843757879029712202e-16 2.950151720034749629e-16 nan 4.450681699537558386e-17 6.314910221056331202e-17 nan
5.808635601399999723e+04 2.583247105899324849e-16 nan nan 3.268166395381289950e-17 nan nan
5.785705604199999652e+04 2.849991771174543253e-16 nan nan 7.938859344531501185e-17 nan nan
5.781718901400000323e+04 2.738397988963044758e-16 2.853202968425170405e-16 2.551714817429418173e-16 3.903703392559950657e-17 5.557062629978161655e-17 4.383604400159508610e-17
5.780936719199999789e+04 2.677218544754790882e-16 2.771816594439622170e-16 nan 4.510027052559480783e-17 6.205680590827228424e-17 nan
5.780125464600000123e+04 2.698842796448773798e-16 nan nan 4.080713684560329732e-17 nan nan
5.778635191399999894e+04 2.717974428369086539e-16 2.823448337820727041e-16 nan 3.769221367253878741e-17 5.288739452749403185e-17 nan
5.777233883400000195e+04 2.645444390804069402e-16 2.783753496457966202e-16 nan 4.013308516530832090e-17 5.654548801380941512e-17 nan
5.776435761199999979e+04 2.749626103375469337e-16 2.830107635313326857e-16 nan 3.592986722789922315e-17 5.000781555348954638e-17 nan
5.775723262200000318e+04 2.676723971174177265e-16 nan nan 3.453580323000397491e-17 nan nan
5.774928212199999689e+04 2.662312413274027978e-16 nan nan 3.611269969435241918e-17 nan nan
5.807925367800000095e+04 2.609138451965150940e-16 nan 2.349568609919681328e-16 3.425806251651141817e-17 nan 3.685160893425188468e-17
5.774122727999999915e+04 2.632663052708414004e-16 2.749864140589076874e-16 nan 3.638416993783188131e-17 5.044876526148810548e-17 nan
5.773335532799999783e+04 2.622449331930545833e-16 nan nan 3.511844051962912012e-17 nan nan
5.772634267800000089e+04 2.522479842179208084e-16 2.605058317693277212e-16 2.330563158984316708e-16 3.293784215815946400e-17 4.465280511254200523e-17 3.634900191206585236e-17
5.771924844599999778e+04 2.492536519744513399e-16 nan nan 3.577955670388606593e-17 nan nan
5.770134986000000208e+04 2.378629555949109163e-16 2.498698791308638966e-16 nan 3.223515099961883856e-17 4.361859127848420339e-17 nan
5.769338653799999884e+04 2.386028984900656899e-16 nan nan 3.259795019448049971e-17 nan nan
5.759899491000000125e+04 2.270584233118277264e-16 nan nan 2.912192673230697261e-17 nan nan
5.759101594399999885e+04 4.481611673392973545e-16 3.703944680930311394e-16 nan 3.539449571862320623e-17 4.333808520541540937e-17 nan
5.758399295800000255e+04 2.187778991881169640e-16 2.248729797511876987e-16 nan 2.910680896453983956e-17 3.740745842910247905e-17 nan
5.756911854999999923e+04 2.290770858680300974e-16 2.361657978556356214e-16 nan 3.362873040357044583e-17 4.390887214698159657e-17 nan
5.807036049600000115e+04 2.641304963806357346e-16 2.785066828508142535e-16 nan 3.232863097059630156e-17 4.585429266666995206e-17 nan
5.756209302400000161e+04 2.323267001995204978e-16 nan nan 3.104461972837778753e-17 nan nan
5.754706852200000139e+04 2.347976291145731739e-16 2.428489312154645442e-16 nan 3.036460252057560528e-17 4.004271812305072177e-17 nan
5.753021771799999988e+04 2.415095786267641797e-16 nan nan 3.004244831938184776e-17 nan nan
5.752321354799999972e+04 2.580422598711419235e-16 2.955203285373802014e-16 2.701383309100440831e-16 1.187014703863261321e-16 1.656989045487793872e-16 1.420668592734670023e-16
5.751604065599999740e+04 2.440240252815149086e-16 nan nan 3.198698623289259322e-17 nan nan
5.806233058400000300e+04 2.649265459215180512e-16 nan nan 3.534204027192059526e-17 nan nan
5.805532506200000353e+04 2.642509367748179028e-16 nan nan 3.260763947238762856e-17 nan nan
5.796499347000000125e+04 2.903646394424708312e-16 3.223304842876665553e-16 nan 7.922579032718762985e-17 1.208816325569084069e-16 nan
5.795602603000000090e+04 2.873120671189620400e-16 2.946170829606053076e-16 nan 3.127638753680791412e-17 4.397824387255098120e-17 nan
5.794902188600000227e+04 2.866409703405974824e-16 2.917711996701705866e-16 nan 4.126731239278041086e-17 5.743548985183228774e-17 nan
