5.780125667999999860e+04 6.977203592151696512e+02 7.504848268067709771e-01 2.764920455172263300e-02 6.603090535654254634e-01
5.819022951399999874e+04 6.627650418278027473e+02 7.386135725505066363e-01 3.307217830862196895e-02 6.733173259809227540e-01
5.771925050200000260e+04 7.055753787339481278e+02 7.525898688889081090e-01 4.950424472917934471e-02 6.566260876629631538e-01
5.755421884200000204e+04 3.827079853103222149e+02 6.085214449714368978e-01 5.737980032516248885e-02 7.914601755770905855e-01
5.754707057399999758e+04 7.302072097866296190e+02 7.606847182668531326e-01 3.460271011757713733e-02 6.481985898224379428e-01
5.818237183599999844e+04 7.268471199113507737e+02 7.595804159801607947e-01 3.794225009670106064e-02 6.493057656582184034e-01
5.811735680600000342e+04 7.417993497646335754e+02 7.641923465476831989e-01 3.628122046381564852e-02 6.439671812442011589e-01
5.808635807599999680e+04 8.067074848827857068e+02 7.827031741875746240e-01 3.874862448269793258e-02 6.211878018903735921e-01
5.777234083999999712e+04 6.929652114624288970e+02 7.487512226813526350e-01 3.780551554740652770e-02 6.617721280980141119e-01
5.756209504600000218e+04 7.570187115880785313e+02 7.686345599841043486e-01 4.091755104820500588e-02 6.383781537727148958e-01
5.779425246399999742e+04 7.134803524089331859e+02 7.554980899632646185e-01 3.178672453876554838e-02 6.543792785571341808e-01
5.812536448399999790e+04 7.388285244105462652e+02 7.634411441309030266e-01 2.763182410247875739e-02 6.452860619483945515e-01
5.816835840599999938e+04 7.002161983569591257e+02 7.513708939819668808e-01 2.209784197476030373e-02 6.595100189207122598e-01
5.792505889800000296e+04 9.882992957868581243e+02 8.255046402925863003e-01 2.054907059008812681e-02 5.640211206624191620e-01
5.775723464399999648e+04 7.874635395832868880e+02 7.771005480319685965e-01 5.119785602620427478e-02 6.272906166895326763e-01
5.771136154666999937e+04 nan nan nan nan
5.787822426000000269e+04 1.023680522392427633e+03 8.321439198802653703e-01 3.704337076370484844e-02 5.533211411908722788e-01
5.774928413600000204e+04 7.483810799236082403e+02 7.660858421368708093e-01 4.034478369020431943e-02 6.414707950533928837e-01
5.778635394800000358e+04 7.361311156505590816e+02 7.624582341771074523e-01 3.690690385682235397e-02 6.459839948351897565e-01
5.758399498599999788e+04 7.187909718119916533e+02 7.571372510047877924e-01 3.408177451111485401e-02 6.523661669546377828e-01
5.786411311399999977e+04 6.783403486471854649e+02 7.439125358546706535e-01 3.555637445071029717e-02 6.673304153372556780e-01
5.753021978400000080e+04 7.780588963513779390e+02 7.748228268830325005e-01 3.592883597923980654e-02 6.311566411645869179e-01
5.795602811600000132e+04 8.962670311041177911e+02 8.052964763246568403e-01 3.463123921228421220e-02 5.918600024412131733e-01
5.807925570600000356e+04 7.978387605068394350e+02 7.800299928075390410e-01 4.913627815059398024e-02 6.238099361906461748e-01
5.813236860000000161e+04 7.159377677249312910e+02 7.563156599681086778e-01 2.941259049020775521e-02 6.535453480881490140e-01
5.827812535000000207e+04 5.221035934998327548e+02 6.825824016829840080e-01 3.523516160793115082e-02 7.299587305451950003e-01
5.772634468200000265e+04 7.316475290377431975e+02 7.610594373233725562e-01 3.813788050028064230e-02 6.475600627987939673e-01
5.769338857200000348e+04 7.052521092610585356e+02 7.526813785240897836e-01 4.132355091846959955e-02 6.570868333504823466e-01
5.831410258400000021e+04 6.510247348365462585e+02 7.338079206810724786e-01 6.148396706933829253e-02 6.765690336832876906e-01
5.822235386200000357e+04 6.979755062370963969e+02 7.499826411001033755e-01 5.478772594427005344e-02 6.591846047461735747e-01
5.809433462600000348e+04 8.119577409263151822e+02 7.842639770171399016e-01 3.134504449174894264e-02 6.196349752387038112e-01
5.773335736400000314e+04 7.227939557563063318e+02 7.583641631210175094e-01 3.561352973444611297e-02 6.508574902339316903e-01
5.790323814000000129e+04 nan nan nan nan
5.820533170000000246e+04 6.719496537721770437e+02 7.416138841764571277e-01 4.184903906857941058e-02 6.695203542281182862e-01
5.794902391799999896e+04 7.399382770781669478e+02 7.633516092596699387e-01 4.840460909569883202e-02 6.441671479196722228e-01
5.814031669400000101e+04 7.667299375720051557e+02 7.716657676511048392e-01 3.097244244577875699e-02 6.352736818445844369e-01
5.807036255399999936e+04 8.428321127545492573e+02 7.921857405454310053e-01 3.862111315217601343e-02 6.090567806825352148e-01
5.824427735599999869e+04 6.100174899108467343e+02 7.189957697966437022e-01 5.026198968557026026e-02 6.931946446759230662e-01
5.751604265999999916e+04 7.864376499779551750e+02 7.772780565755545990e-01 3.094241846805472623e-02 6.283958859711581413e-01
5.814732644199999777e+04 7.422998604917401053e+02 7.644294444364384544e-01 3.160285915021654457e-02 6.439323596249295623e-01
5.776435963400000037e+04 7.633122295885973472e+02 7.705692362379691351e-01 3.657725429574300996e-02 6.363058671989575421e-01
5.816135426600000210e+04 7.211068307610058810e+02 7.580134984842445967e-01 2.453921234062461307e-02 6.517770808899143731e-01
5.780936923199999728e+04 6.431445986848418670e+02 7.315300204128819539e-01 4.036370660936668825e-02 6.806134001204219297e-01
5.796499549400000251e+04 3.928295636427695285e+02 6.147006757230371043e-01 5.548284725137381246e-02 7.868066680745164909e-01
5.829517882999999711e+04 6.266551701115562309e+02 7.248946402717478810e-01 6.370058905774919622e-02 6.859081538070449513e-01
5.789498855200000253e+04 9.627489360693078879e+02 8.198963352833636975e-01 3.947736142485514660e-02 5.711493126353575089e-01
5.825323054799999954e+04 6.849469689465663578e+02 7.462149387822977209e-01 3.082661542182977416e-02 6.649909660437248737e-01
5.781719103599999653e+04 7.207744403617346052e+02 7.578932800796580604e-01 2.573307766658989096e-02 6.518708343866153054e-01
5.791098640000000159e+04 8.699455127475591780e+02 7.991166905955956468e-01 2.963827461638624677e-02 6.004449079551819057e-01
5.752321562999999878e+04 3.595501137574913173e+02 5.942788346193117466e-01 3.577413042595982418e-02 8.034630534852110761e-01
5.759899691599999642e+04 7.579172384410080667e+02 7.685107801368518121e-01 5.560601183477077714e-02 6.374159962389387424e-01
5.815435007400000177e+04 3.808735972898990099e+02 6.077434444558977855e-01 3.766265944467274418e-02 7.932398312014063979e-01
5.770135188400000334e+04 7.314255064723620308e+02 7.605885292736213055e-01 5.435037976477670452e-02 6.469552730728873602e-01
5.774123006200000236e+04 7.261349131234778724e+02 7.595062155265763781e-01 2.983185223706478345e-02 6.498156424468433112e-01
5.805532712599999650e+04 8.413532887456902927e+02 7.916917863725198012e-01 4.354739233660565034e-02 6.093666712341349045e-01
5.793309171000000060e+04 8.958626551417590917e+02 8.053827936816105870e-01 2.436464288508317574e-02 5.922541007191816087e-01
5.830709846999999718e+04 6.432296159477019728e+02 7.315178941194022677e-01 4.242784912629178617e-02 6.805008803827011787e-01
5.817536762199999794e+04 6.837884335040574797e+02 7.458138012514459181e-01 3.166024548436906227e-02 6.654016852388774383e-01
5.806233260400000290e+04 8.182383535390119960e+02 7.856055516222621993e-01 4.641514013168003550e-02 6.169842396908025162e-01
5.810934433600000193e+04 7.394046292629744812e+02 7.635688114691683293e-01 3.064337018879816424e-02 6.449989565999575403e-01
5.756912056199999643e+04 6.771611251064047110e+02 7.431469420789292846e-01 5.183784619309804442e-02 6.671172761822296016e-01
5.819815611399999761e+04 6.844127443686488732e+02 7.460753749490984799e-01 2.826984533119663440e-02 6.652611147057315710e-01
5.759101800399999775e+04 5.870041701308224447e+02 7.100010340474252057e-01 4.948230406989122254e-02 7.024599869284525733e-01
5.822936122800000157e+04 6.727987268586881555e+02 7.418895495108065452e-01 4.251945665499051730e-02 6.691726175901230311e-01
5.791805034999999771e+04 6.278724650823920683e+02 7.258060428321888580e-01 4.686929872229425587e-02 6.863008502293720392e-01
5.788727594600000157e+04 6.516560950029082733e+02 7.341897840751727689e-01 5.616526662259736097e-02 6.766171914641719853e-01
