5.750802856400459859e+04 nan 6.272981802005125559e-16 nan nan 2.199813881638171998e-17 nan
5.750803061267360317e+04 nan 6.278661614108381732e-16 nan nan 2.295590314317824175e-17 nan
5.750803268356480112e+04 nan 6.253798001760304200e-16 nan nan 2.283135257020806222e-17 nan
5.751604011126160185e+04 nan 6.231715381995762932e-16 nan nan 2.410317957336381433e-17 nan
5.751604215731479781e+04 nan 6.168024344962600890e-16 nan nan 2.220178950035972338e-17 nan
5.751604420141199807e+04 nan 6.180974012705550528e-16 nan nan 2.273718628076444942e-17 nan
5.752321306202549749e+04 nan 5.546039229591956006e-16 nan nan 5.826738199166442850e-17 nan
5.752321513501159643e+04 nan 5.612561430534518710e-16 nan nan 3.854040538354725449e-17 nan
5.752321720414349693e+04 nan 5.701952983102792034e-16 nan nan 4.482831767112606202e-17 nan
5.753021721699069894e+04 nan 5.791518710884929689e-16 nan nan 3.952621738328712462e-17 nan
5.753021926346060354e+04 nan 5.747713302601108368e-16 nan nan 3.710270347843514017e-17 nan
5.753022130751160148e+04 nan 5.750610749572698936e-16 nan nan 3.948923160469406041e-17 nan
5.754706797363430087e+04 nan 6.167911857830187923e-16 nan nan 2.590849641204459737e-17 nan
5.754707007224539848e+04 nan 6.101016657570959316e-16 nan nan 2.805734136382150873e-17 nan
5.754707211745370296e+04 nan 6.062054973115812292e-16 nan nan 2.787476297112975558e-17 nan
5.780936871119210264e+04 nan nan nan nan nan nan
5.780937075761570304e+04 nan nan nan nan nan nan
5.781718846579860110e+04 nan 7.264181716174120775e-16 nan nan 2.961724195999902761e-17 nan
5.781719053767360310e+04 nan 7.225184307129487621e-16 nan nan 3.141452966784077229e-17 nan
5.781719258413190255e+04 nan 7.197775764747828341e-16 nan nan 3.073644707829115631e-17 nan
5.785705548473379895e+04 nan 7.178368085602541306e-16 nan nan 9.637164896253566932e-17 nan
5.785705753340280353e+04 nan nan nan nan nan nan
5.785705957910879806e+04 nan nan nan nan nan nan
5.786411054701390094e+04 nan 8.845511613430744780e-16 nan nan 4.369059488398184932e-17 nan
5.786411259569440153e+04 nan 8.907329093560008264e-16 nan nan 4.401120175927817749e-17 nan
5.786411466642360028e+04 nan 8.866991673323562539e-16 nan nan 4.844088035951784767e-17 nan
5.787822169053240214e+04 nan 7.758368916692374346e-16 nan nan 2.676955977986196486e-17 nan
5.787822373693290137e+04 nan 7.736982210116498727e-16 nan nan 2.647661362564509510e-17 nan
5.787822578078699735e+04 nan 7.750464645370053935e-16 nan nan 2.589573910714363151e-17 nan
5.788727339337959711e+04 nan 7.247437199951109750e-16 nan nan 6.331608678879055714e-17 nan
5.788727544106479763e+04 nan 7.313249176869373759e-16 nan nan 6.146193040702678820e-17 nan
5.788727751406250172e+04 nan 7.401677592721776650e-16 nan nan 1.013148829357067214e-16 nan
5.789498600013890245e+04 nan 7.907350220800303878e-16 nan nan 2.593357251035589555e-17 nan
5.789499009097219823e+04 nan 7.918179046669100883e-16 nan nan 2.668136600996721908e-17 nan
5.790323556789349823e+04 nan nan nan nan nan nan
5.790323764157410187e+04 nan nan nan nan nan nan
5.790323971211809840e+04 nan nan nan nan nan nan
5.791098384990740306e+04 nan 7.253516938241029642e-16 nan nan 3.727276942988174986e-17 nan
5.791098589741899923e+04 nan 7.237997012124571253e-16 nan nan 4.201359344195846698e-17 nan
5.791098794153940253e+04 nan 7.253736896526683078e-16 nan nan 4.340669879683165415e-17 nan
5.791804778619210265e+04 nan 7.408077600476453356e-16 nan nan 4.078726409153338980e-17 nan
5.791804983322919725e+04 nan 7.403145339387453901e-16 nan nan 3.267271094881422041e-17 nan
5.791805190278939699e+04 nan 7.405127940694310469e-16 nan nan 3.167780212356236050e-17 nan
5.792505632480319764e+04 nan nan nan nan nan nan
5.792505839787040168e+04 nan nan nan nan nan nan
5.772634621746530320e+04 nan 6.481700520479912106e-16 nan nan 2.569221806744663056e-17 nan
5.773335479246530303e+04 nan 6.962134984501154024e-16 nan nan 2.641699545839182621e-17 nan
5.773335686430559872e+04 nan 6.943092603711762832e-16 nan nan 2.550397454951988066e-17 nan
5.773335891081020236e+04 nan 6.974462478870217750e-16 nan nan 3.148035456605210854e-17 nan
5.774122674336809723e+04 nan nan nan nan nan nan
5.774122955451389862e+04 nan nan nan nan nan nan
5.774123162674769992e+04 nan nan nan nan nan nan
5.774928157427079714e+04 nan 6.889353005369195058e-16 nan nan 2.604871914677636047e-17 nan
5.774928362151620240e+04 nan 6.843745546067351721e-16 nan nan 2.704418298524402738e-17 nan
5.774928569214120216e+04 nan 6.876556229172180952e-16 nan nan 2.675452213998488882e-17 nan
5.775723207074069796e+04 nan 6.951825589864630488e-16 nan nan 2.764205813682712661e-17 nan
5.775723414351850079e+04 nan 7.036618701211122746e-16 nan nan 2.651688061588377997e-17 nan
5.775723621420140262e+04 nan 7.031218511706899328e-16 nan nan 2.778951611968362210e-17 nan
5.776435706200230197e+04 nan 7.847812173410481583e-16 nan nan 3.071493279231562868e-17 nan
5.776435913623840315e+04 nan 7.776919881207322215e-16 nan nan 2.927623576733568731e-17 nan
5.776436118144680222e+04 nan 7.801101543273186250e-16 nan nan 3.211056396391434814e-17 nan
5.777233828069439915e+04 nan nan nan nan nan nan
5.777234032824070164e+04 nan nan nan nan nan nan
5.777234237812500214e+04 nan nan nan nan nan nan
5.777934543577550357e+04 nan 7.384208049309949142e-16 nan nan 3.592970859227945460e-17 nan
5.777934750718750001e+04 nan 7.297253197712486603e-16 nan nan 3.522085711128002083e-17 nan
5.777934957790510089e+04 nan 7.273187821000382279e-16 nan nan 4.206812484229262620e-17 nan
5.778635136835650337e+04 nan 7.849570182093857168e-16 nan nan 3.827977948444657367e-17 nan
5.778635344240740233e+04 nan 7.880425770645268020e-16 nan nan 3.724961459232969090e-17 nan
5.778635548760420352e+04 nan 7.851506640351162488e-16 nan nan 3.742758596282659711e-17 nan
5.779424990355320188e+04 nan 7.860942847946969156e-16 nan nan 4.490333500860169960e-17 nan
5.779425195087960310e+04 nan 7.826909771715870735e-16 nan nan 4.621360027468776011e-17 nan
5.779425399725689931e+04 nan 7.734815539051634322e-16 nan nan 4.486160320842066445e-17 nan
5.780125410884260054e+04 nan 6.764264710758039055e-16 nan nan 2.839040971780361494e-17 nan
5.780125618298610061e+04 nan 6.692803906729680970e-16 nan nan 2.889784370384064716e-17 nan
5.780125822796300054e+04 nan 6.819167164522548098e-16 nan nan 2.930901768196757435e-17 nan
5.793308914398150227e+04 nan 7.866606591315591288e-16 nan nan 3.562209666878762857e-17 nan
5.793309119048609864e+04 nan 7.932478618657518998e-16 nan nan 3.852353907065202607e-17 nan
5.793309323693290207e+04 nan 7.860940088267628595e-16 nan nan 3.613710864414396622e-17 nan
5.794201711207180051e+04 nan nan nan nan nan nan
5.794201918894679693e+04 nan nan nan nan nan nan
5.794202124114579783e+04 nan nan nan nan nan nan
5.794902135501160228e+04 nan 8.222130182148881876e-16 nan nan 4.278932102642363691e-17 nan
5.794902342686340126e+04 nan 8.166478957110811445e-16 nan nan 4.104573782080111518e-17 nan
5.794902547202550340e+04 nan 8.193994829330111321e-16 nan nan 4.184834464497430264e-17 nan
5.795602554311339918e+04 nan 8.468481463262676477e-16 nan nan 3.493390329792172590e-17 nan
5.795602759527780290e+04 nan 8.434792632163882402e-16 nan nan 3.478586784022013959e-17 nan
5.795602964086810243e+04 nan 8.463970545328056539e-16 nan nan 3.494312376443755250e-17 nan
5.796499293421299808e+04 nan 8.156531996573303270e-16 nan nan 1.038074297041303825e-16 nan
5.796499498196759669e+04 nan 8.198264618367097742e-16 nan nan 7.782781862913483448e-17 nan
5.796499702621530014e+04 nan 8.047278277960776017e-16 nan nan 2.599295757636474739e-16 nan
5.755421627608800191e+04 nan nan nan nan nan nan
5.759899847901619796e+04 nan 5.533279185381925629e-16 nan nan 2.164300746206866157e-17 nan
5.772634417016200314e+04 nan 6.530076470848140888e-16 nan nan 2.500127595373912168e-17 nan
5.780936665247679775e+04 nan nan nan nan nan nan
5.792506044400460087e+04 nan nan nan nan nan nan
5.805532454843750020e+04 nan nan nan nan nan nan
5.805532662721059751e+04 nan nan nan nan nan nan
5.805532867262729997e+04 nan nan nan nan nan nan
5.806233003357639973e+04 nan 5.412275076987154188e-16 nan nan 7.562571073832426098e-17 nan
5.806233210521990259e+04 nan 5.417095250544117475e-16 nan nan 7.570174497487265649e-17 nan
5.806233414921299845e+04 nan 5.461586592718254037e-16 nan nan 6.968513473969671259e-17 nan
5.807035998547449708e+04 nan 6.331242385964133642e-16 nan nan 4.216648821314336129e-17 nan
5.807036205874999723e+04 nan 6.193977073919728803e-16 nan nan 5.527247493873620608e-17 nan
5.807036410302080185e+04 nan 6.124526897498350801e-16 nan nan 6.583823668728275551e-17 nan
5.807925312800930260e+04 nan 6.226184602997452819e-16 nan nan 3.068220226250595291e-17 nan
5.807925519999999960e+04 nan 6.127776769911245595e-16 nan nan 3.015845664407399261e-17 nan
5.807925724394679855e+04 nan 6.176581587673385696e-16 nan nan 2.952744334670584497e-17 nan
5.808635550745369983e+04 nan 6.343285136671032089e-16 nan nan 3.887404386273851203e-17 nan
5.808635755370370316e+04 nan 6.277440766494115927e-16 nan nan 4.030131529990030765e-17 nan
5.808635959826390172e+04 nan 6.210393656809274237e-16 nan nan 4.950162164996904595e-17 nan
5.809433205741900019e+04 nan nan nan nan nan nan
5.809433412939820118e+04 nan nan nan nan nan nan
5.809433617457179935e+04 nan nan nan nan nan nan
5.755421834906250297e+04 nan 5.054821152601422619e-16 nan nan 9.468348222195109048e-17 nan
5.755422042105319997e+04 nan 5.437591286256087084e-16 nan nan 1.157455025066066397e-16 nan
5.756209248620369908e+04 nan 5.235644328384324339e-16 nan nan 2.648706591480236536e-17 nan
5.756209453456020128e+04 nan 5.233594565343296169e-16 nan nan 2.351699182547746676e-17 nan
5.756209657984950172e+04 nan 5.232228247102372238e-16 nan nan 2.600651489844469546e-17 nan
5.756911800738429883e+04 nan nan nan nan nan nan
5.756912005475690239e+04 nan nan nan nan nan nan
5.756912210134259658e+04 nan nan nan nan nan nan
5.758399242811340082e+04 nan nan nan nan nan nan
5.758399447690969828e+04 nan nan nan nan nan nan
5.758399652326390060e+04 nan nan nan nan nan nan
5.759101543976849644e+04 nan nan nan nan nan nan
5.759101748648149805e+04 nan nan nan nan nan nan
5.759101953285880154e+04 nan nan nan nan nan nan
5.759899642730320193e+04 nan 5.532238941201966786e-16 nan nan 2.243290462710528305e-17 nan
5.769131419668979652e+04 nan nan nan nan nan nan
5.769131626776619669e+04 nan nan nan nan nan nan
5.769131833840280160e+04 nan nan nan nan nan nan
5.769338602006940346e+04 nan nan nan nan nan nan
5.769338806991899764e+04 nan nan nan nan nan nan
5.769339011508099793e+04 nan nan nan nan nan nan
5.770134931630789652e+04 nan 7.200226926686355071e-16 nan nan 3.261823608042605066e-17 nan
5.770135136431710271e+04 nan 7.139371004828011661e-16 nan nan 3.384924026605774841e-17 nan
5.770135341181710100e+04 nan 7.131940767293223525e-16 nan nan 3.190114430942304852e-17 nan
5.771135891380789690e+04 nan nan nan nan nan nan
5.771136096131939848e+04 nan 6.214198962317388238e-16 nan nan 1.008183096289742620e-16 nan
5.771136301688660024e+04 nan 6.210364860147244749e-16 nan nan 5.998644772240881887e-17 nan
5.771924791943289893e+04 nan 6.357043584012906039e-16 nan nan 2.946400120122401794e-17 nan
5.771924999274309812e+04 nan 6.426184145065170828e-16 nan nan 2.894492125227937967e-17 nan
5.771925203789350053e+04 nan 6.444338782570308543e-16 nan nan 2.983073931812932727e-17 nan
5.772634212504629977e+04 nan 6.613676552890830729e-16 nan nan 2.459377182105153883e-17 nan
