5.750802856400459859e+04 nan 1.196541653065799057e-15 nan nan 4.038403181511916860e-17 nan
5.750803061267360317e+04 nan 1.181982608021356647e-15 nan nan 4.153845763090514984e-17 nan
5.750803268356480112e+04 nan 1.203600825019295659e-15 nan nan 4.322706750255637753e-17 nan
5.751604011126160185e+04 nan 1.240650032289055585e-15 nan nan 5.241472224110656009e-17 nan
5.751604215731479781e+04 nan 1.249647955347744753e-15 nan nan 4.768564225116918557e-17 nan
5.751604420141199807e+04 nan 1.237650294266665092e-15 nan nan 3.794010576656575424e-17 nan
5.752321306202549749e+04 nan nan nan nan nan nan
5.752321513501159643e+04 nan 1.238076563931587716e-15 nan nan 7.967539424273981329e-17 nan
5.752321720414349693e+04 nan 1.227936758714766300e-15 nan nan 1.158010695007922116e-16 nan
5.753021721699069894e+04 nan 1.179362122058120265e-15 nan nan 5.425643130520044421e-17 nan
5.753021926346060354e+04 nan 1.169672405251234147e-15 nan nan 5.211662461637134023e-17 nan
5.753022130751160148e+04 nan 1.181018630982317860e-15 nan nan 5.634451707840314464e-17 nan
5.754706797363430087e+04 nan 1.780582503508009795e-15 nan nan 8.138280554324695799e-17 nan
5.754707007224539848e+04 nan 1.765214268172591449e-15 nan nan 6.624034537103375478e-17 nan
5.754707211745370296e+04 nan 1.695277875784225555e-15 nan nan 6.168681544601296192e-17 nan
5.780936665247679775e+04 nan nan nan nan nan nan
5.780936871119210264e+04 nan nan nan nan nan nan
5.780937075761570304e+04 nan nan nan nan nan nan
5.781718846579860110e+04 nan 1.274760004159914638e-15 nan nan 5.893997513433314580e-17 nan
5.781719053767360310e+04 nan 1.287903508301737721e-15 nan nan 6.034463798676562425e-17 nan
5.781719258413190255e+04 nan 1.280043206507425236e-15 nan nan 6.121510756698810097e-17 nan
5.785705548473379895e+04 nan 1.321332011417490897e-15 nan nan 1.688916905075287114e-16 nan
5.785705753340280353e+04 nan nan nan nan nan nan
5.785705957910879806e+04 nan nan nan nan nan nan
5.786411054701390094e+04 nan 1.763197762469650099e-15 nan nan 7.782346545011812122e-17 nan
5.786411259569440153e+04 nan 1.760456209364320802e-15 nan nan 7.248989897904289340e-17 nan
5.786411466642360028e+04 nan 1.742968296908978814e-15 nan nan 7.498620963567567564e-17 nan
5.787822169053240214e+04 nan 1.426903875192894700e-15 nan nan 4.416372708808140695e-17 nan
5.787822373693290137e+04 nan 1.402395710487568157e-15 nan nan 4.312149939431802625e-17 nan
5.787822578078699735e+04 nan 1.412887993726299399e-15 nan nan 4.229513505428824794e-17 nan
5.788727339337959711e+04 nan 1.442138954338244103e-15 nan nan 6.886972054346578862e-17 nan
5.788727544106479763e+04 nan 1.432529165786838641e-15 nan nan 7.057621545319888527e-17 nan
5.788727751406250172e+04 nan 1.517912027382641634e-15 nan nan 8.572370982096234829e-17 nan
5.789498600013890245e+04 nan 1.438686460879736656e-15 nan nan 5.480403917369542158e-17 nan
5.789498804668980301e+04 nan 1.433829183433370973e-15 nan nan 4.958146565540617907e-17 nan
5.789499009097219823e+04 nan 1.438141299566294823e-15 nan nan 5.389946115955193543e-17 nan
5.790323556789349823e+04 nan nan nan nan nan nan
5.790323764157410187e+04 nan nan nan nan nan nan
5.790323971211809840e+04 nan nan nan nan nan nan
5.791098384990740306e+04 nan 1.355837205973742359e-15 nan nan 4.914838085039795081e-17 nan
5.791098589741899923e+04 nan 1.315617985467510957e-15 nan nan 5.132784291247909761e-17 nan
5.791098794153940253e+04 nan 1.352996934221011941e-15 nan nan 5.414836538454232852e-17 nan
5.791804778619210265e+04 nan 1.401249419403956961e-15 nan nan 6.825617972266740325e-17 nan
5.791804983322919725e+04 nan 1.355303865914415265e-15 nan nan 6.512046640850694430e-17 nan
5.791805190278939699e+04 nan 1.383002897949138214e-15 nan nan 5.152920013606988880e-17 nan
5.792505632480319764e+04 nan nan nan nan nan nan
5.772634417016200314e+04 nan 1.246515054522582063e-15 nan nan 4.587912182463700924e-17 nan
5.772634621746530320e+04 nan 1.253685343966504764e-15 nan nan 4.664318376868275751e-17 nan
5.773335479246530303e+04 nan 1.228449851644388150e-15 nan nan 5.854243536320210298e-17 nan
5.773335686430559872e+04 nan 1.228853893848329470e-15 nan nan 4.382048995811014919e-17 nan
5.773335891081020236e+04 nan 1.223244248138148396e-15 nan nan 4.626787842366742666e-17 nan
5.774122674336809723e+04 nan nan nan nan nan nan
5.774122955451389862e+04 nan nan nan nan nan nan
5.774123162674769992e+04 nan nan nan nan nan nan
5.774928157427079714e+04 nan 1.292654869759323391e-15 nan nan 5.493099919574075015e-17 nan
5.774928362151620240e+04 nan 1.295204701754634089e-15 nan nan 4.436867479012738814e-17 nan
5.774928569214120216e+04 nan 1.289758692943533609e-15 nan nan 4.765953467896973083e-17 nan
5.775723207074069796e+04 nan 1.317614471641695186e-15 nan nan 5.085377392785722821e-17 nan
5.775723414351850079e+04 nan 1.286335247337641955e-15 nan nan 5.147865731960524969e-17 nan
5.775723621420140262e+04 nan 1.299191099525390824e-15 nan nan 5.051080913134870066e-17 nan
5.776435706200230197e+04 nan 1.860444114977293785e-15 nan nan 1.043917318763970751e-16 nan
5.776435913623840315e+04 nan 1.837951021238650097e-15 nan nan 7.990384505567456059e-17 nan
5.776436118144680222e+04 nan 1.806534209668709011e-15 nan nan 9.353610739053937226e-17 nan
5.777233828069439915e+04 nan nan nan nan nan nan
5.777234032824070164e+04 nan nan nan nan nan nan
5.777234237812500214e+04 nan nan nan nan nan nan
5.777934543577550357e+04 nan 1.664293392737824851e-15 nan nan 6.829647375187947524e-17 nan
5.777934750718750001e+04 nan 1.639458149754394624e-15 nan nan 6.647397248438914333e-17 nan
5.777934957790510089e+04 nan 1.656733218982252498e-15 nan nan 6.953853779084815584e-17 nan
5.778635136835650337e+04 nan 2.006303946733671684e-15 nan nan 1.040301740863730802e-16 nan
5.778635344240740233e+04 nan 1.929830095803689149e-15 nan nan 9.937916366334785968e-17 nan
5.778635548760420352e+04 nan 1.928072008207700749e-15 nan nan 9.788966496392987526e-17 nan
5.779424990355320188e+04 nan 1.727786597577085949e-15 nan nan 8.531653612712805476e-17 nan
5.779425195087960310e+04 nan 1.717992041102734030e-15 nan nan 6.720416575047852231e-17 nan
5.779425399725689931e+04 nan 1.715287846767776847e-15 nan nan 6.716545083279658299e-17 nan
5.780125410884260054e+04 nan 1.288234395779428326e-15 nan nan 6.133113058692594515e-17 nan
5.780125618298610061e+04 nan 1.291230815186886405e-15 nan nan 5.832978015725507619e-17 nan
5.792506044400460087e+04 nan nan nan nan nan nan
5.793308914398150227e+04 nan 1.655936425770842234e-15 nan nan 6.330128595093066833e-17 nan
5.793309119048609864e+04 nan 1.675284735595179395e-15 nan nan 5.538349805745003016e-17 nan
5.793309323693290207e+04 nan 1.684117630326589670e-15 nan nan 5.492419914280932140e-17 nan
5.794201711207180051e+04 nan nan nan nan nan nan
5.794201918894679693e+04 nan nan nan nan nan nan
5.794202124114579783e+04 nan nan nan nan nan nan
5.794902135501160228e+04 nan 1.821804649551230532e-15 nan nan 7.175550581748680845e-17 nan
5.794902342686340126e+04 nan 1.848287866946120143e-15 nan nan 7.906980112332701563e-17 nan
5.794902547202550340e+04 nan 1.813254452167531433e-15 nan nan 8.813535743501912228e-17 nan
5.795602554311339918e+04 nan 1.954524259581596931e-15 nan nan 8.573260885326451882e-17 nan
5.795602759527780290e+04 nan 1.916163983245390757e-15 nan nan 8.343895368233317261e-17 nan
5.795602964086810243e+04 nan 1.918472800791901649e-15 nan nan 8.759888809213913524e-17 nan
5.796499293421299808e+04 nan 1.866274002200108927e-15 nan nan 1.871346909270486670e-16 nan
5.796499498196759669e+04 nan 1.927981781572471446e-15 nan nan 1.625746520792167589e-16 nan
5.755421627608800191e+04 nan nan nan nan nan nan
5.759899642730320193e+04 nan 1.064646761828234102e-15 nan nan 3.731418512450887585e-17 nan
5.772634212504629977e+04 nan 1.243075428196793453e-15 nan nan 4.766105392544821395e-17 nan
5.780125822796300054e+04 nan 1.313003035378897074e-15 nan nan 4.820847740473614776e-17 nan
5.792505839787040168e+04 nan nan nan nan nan nan
5.796499702621530014e+04 nan nan nan nan nan nan
5.759899847901619796e+04 nan 1.063946220326970571e-15 nan nan 4.135243691494272230e-17 nan
5.769131419668979652e+04 nan nan nan nan nan nan
5.769131626776619669e+04 nan nan nan nan nan nan
5.769131833840280160e+04 nan nan nan nan nan nan
5.769338602006940346e+04 nan nan nan nan nan nan
5.769338806991899764e+04 nan nan nan nan nan nan
5.769339011508099793e+04 nan nan nan nan nan nan
5.770134931630789652e+04 nan 1.680801340706795876e-15 nan nan 8.588852472206728901e-17 nan
5.770135136431710271e+04 nan 1.678490828056064536e-15 nan nan 8.346793760721063936e-17 nan
5.770135341181710100e+04 nan 1.647436387165240824e-15 nan nan 8.414657092900805808e-17 nan
5.771135891380789690e+04 nan nan nan nan nan nan
5.771136096131939848e+04 nan 1.039134644999431959e-15 nan nan 1.083019598821073600e-16 nan
5.771136301688660024e+04 nan 1.160387678150368023e-15 nan nan 5.830207118984520463e-17 nan
5.771924791943289893e+04 nan 1.236792028082639211e-15 nan nan 5.609531241725500686e-17 nan
5.771924999274309812e+04 nan 1.279416403888097248e-15 nan nan 5.971500107914371016e-17 nan
5.771925203789350053e+04 nan 1.237252299616061120e-15 nan nan 4.659063213417201631e-17 nan
5.755421834906250297e+04 nan 1.044374000686743569e-15 nan nan 6.402864988269787348e-17 nan
5.755422042105319997e+04 nan 1.151659597778832290e-15 nan nan 7.278850064204637870e-17 nan
5.756209248620369908e+04 nan 1.082410728299259707e-15 nan nan 9.436177440426351755e-17 nan
5.756209453456020128e+04 nan 1.086827792997523681e-15 nan nan 9.676435046026841324e-17 nan
5.756209657984950172e+04 nan 1.095454868139617881e-15 nan nan 9.874010279753028885e-17 nan
5.756911800738429883e+04 nan nan nan nan nan nan
5.756912005475690239e+04 nan nan nan nan nan nan
5.756912210134259658e+04 nan nan nan nan nan nan
5.758399242811340082e+04 nan nan nan nan nan nan
5.758399447690969828e+04 nan nan nan nan nan nan
5.758399652326390060e+04 nan nan nan nan nan nan
5.759101543976849644e+04 nan nan nan nan nan nan
5.759101748648149805e+04 nan nan nan nan nan nan
5.759101953285880154e+04 nan nan nan nan nan nan
5.759899435380790237e+04 nan 1.072799335592522222e-15 nan nan 4.303832774698167330e-17 nan
5.805532454843750020e+04 nan nan nan nan nan nan
5.805532662721059751e+04 nan nan nan nan nan nan
5.805532867262729997e+04 nan nan nan nan nan nan
5.806233003357639973e+04 nan 1.181783571085122149e-15 nan nan 5.806117278208767328e-17 nan
5.806233210521990259e+04 nan 1.200806377380374118e-15 nan nan 5.168069601991734655e-17 nan
5.806233414921299845e+04 nan 1.191092050064818945e-15 nan nan 4.477168753694484864e-17 nan
5.807035998547449708e+04 nan 1.475858471600035297e-15 nan nan 6.030449069004001008e-17 nan
5.807036205874999723e+04 nan 1.473776378672702201e-15 nan nan 5.656639422607649247e-17 nan
5.807036410302080185e+04 nan 1.469836197141407825e-15 nan nan 9.086594107289572391e-17 nan
5.807925312800930260e+04 nan 1.196426639995731485e-15 nan nan 9.072345995707506195e-17 nan
5.807925519999999960e+04 nan 1.163466451460382102e-15 nan nan 9.322506850044288005e-17 nan
5.807925724394679855e+04 nan 1.179758754149016390e-15 nan nan 8.674297934802231180e-17 nan
5.808635550745369983e+04 nan 1.236325977617076868e-15 nan nan 5.145695746297576992e-17 nan
5.808635755370370316e+04 nan 1.253102148451028025e-15 nan nan 5.366206125997062070e-17 nan
5.808635959826390172e+04 nan 1.237984619865080537e-15 nan nan 5.593808032980417260e-17 nan
5.809433205741900019e+04 nan nan nan nan nan nan
5.809433412939820118e+04 nan nan nan nan nan nan
5.809433617457179935e+04 nan nan nan nan nan nan
