5.771135891380789690e+04 nan nan nan nan
5.817536710152780142e+04 1.444002680585974190e+02 7.791262789209090212e-01 6.046031938084536206e-01 1.655814589000701997e-01
5.814732594024309947e+04 1.558192842940442802e+02 7.966302284013024870e-01 5.827915220586703526e-01 1.604192040057148549e-01
5.826023629657409765e+04 nan nan nan nan
5.807925519999999960e+04 1.539785392959845183e+02 7.739325263961148726e-01 6.144531439083075197e-01 1.532180750672824943e-01
5.827812278018520010e+04 1.021578845973656229e+02 6.951892214260361191e-01 6.942554413583640338e-01 1.863366001551090556e-01
5.754707007224539848e+04 1.575455657684356936e+02 7.992391471852712259e-01 5.794065452191532462e-01 1.597023511529045703e-01
5.827022877195599722e+04 nan nan nan nan
5.820532913385419670e+04 1.449312510373020757e+02 7.786163510397685616e-01 6.054841604916382236e-01 1.647589429659351568e-01
5.805532662721059751e+04 1.568423877041382468e+02 7.808701325238431856e-01 6.056345982434533370e-01 1.531292576312132392e-01
5.794202124114579783e+04 1.115386979300456431e+02 6.995320945882296249e-01 6.933928441490493366e-01 1.728039707989846852e-01
5.754707211745370296e+04 1.552575413185256252e+02 7.967161881697411019e-01 5.825042895435489365e-01 1.610343695353358973e-01
5.771136096131939848e+04 6.319760704731056222e+01 5.209419918314835973e-01 8.366669939383566401e-01 1.691383528381441848e-01
5.780125618298610061e+04 1.369173120886746062e+02 7.443561717560243096e-01 6.484813010934391553e-01 1.593922573429349399e-01
5.792505839787040168e+04 2.043932800476831915e+02 8.511176645222451320e-01 5.060744540942899716e-01 1.395971634789372751e-01
5.822936072609949770e+04 1.329544723527569090e+02 7.481702991235569256e-01 6.424498090738460787e-01 1.658295701325498694e-01
5.820533327646990074e+04 1.438037973466730080e+02 7.758703534155879655e-01 6.089657477768078975e-01 1.648815111690936919e-01
5.819815560798609658e+04 1.470243086314591778e+02 7.878811883578669129e-01 5.929477423609686992e-01 1.663015570006059207e-01
5.774122674336809723e+04 1.571849127175826766e+02 7.782039735484991283e-01 6.094007808033348184e-01 1.517539584643926576e-01
5.786411054701390094e+04 1.505771566952599301e+02 7.894329880251358400e-01 5.917944769986136500e-01 1.630179573287653116e-01
5.808635959826390172e+04 1.643226415078630112e+02 7.832243864100102426e-01 6.041013578197806932e-01 1.470411847509399961e-01
5.773335891081020236e+04 1.558131869787092398e+02 7.770501616926885902e-01 6.106514544347781959e-01 1.526363240190756199e-01
5.771924791943289893e+04 1.562613420916704001e+02 7.824550233688678524e-01 6.032814326178916886e-01 1.543231980725146835e-01
5.808635550745369983e+04 1.686438935625280067e+02 8.001416433174280973e-01 5.808736988876490592e-01 1.495295842630026684e-01
5.816135163695600204e+04 1.485409695363807145e+02 7.898887560084938420e-01 5.905118239371648370e-01 1.654434614052700259e-01
5.823725831040510093e+04 nan nan nan nan
5.832110642223380273e+04 nan nan nan nan
5.780936665247679775e+04 1.383867579838059498e+02 7.716748646515563248e-01 6.130186168854789841e-01 1.694876945881817198e-01
5.817536505616900104e+04 1.450086295373729968e+02 7.801343169379287845e-01 6.033753553661410640e-01 1.653137262073973990e-01
5.770134931630789652e+04 1.621109360926007525e+02 7.936954762370226346e-01 5.887447377751193756e-01 1.530592197255413733e-01
5.771136301688660024e+04 1.086132731655800683e+02 6.482185759314518236e-01 7.460518972517549141e-01 1.523786219404071607e-01
5.774123162674769992e+04 1.637164222185659526e+02 7.875496651778782775e-01 5.979120778903682654e-01 1.492202130779683722e-01
5.771925203789350053e+04 1.620946634897564991e+02 7.932995365396421361e-01 5.893137857912192912e-01 1.529218990282617263e-01
5.824427891273149726e+04 1.239723070677012231e+02 6.390993346396773855e-01 7.580973898556635504e-01 1.297705203701968457e-01
5.816835790402779821e+04 1.505618452943096202e+02 7.924157287062173483e-01 5.874462140438539981e-01 1.642688604225919502e-01
5.814031619839119958e+04 1.583032573951023210e+02 7.993040785595638686e-01 5.795200633802328749e-01 1.589637887627786961e-01
5.769339011508099793e+04 nan nan nan nan
5.781719053767360310e+04 1.550305006247889708e+02 7.976870863563089165e-01 5.809993335984307006e-01 1.616634981019587358e-01
5.790323764157410187e+04 1.596045982944052071e+02 7.921091989954741619e-01 5.904125493605663078e-01 1.548419788826837784e-01
5.780125410884260054e+04 1.345405914840225421e+02 7.418813758482067922e-01 6.508830656174805496e-01 1.611311858764855609e-01
5.756911800738429883e+04 1.498335725424392422e+02 7.764641058818015917e-01 6.099056499719657243e-01 1.584884551298563204e-01
5.828621623447920138e+04 1.295716263442992329e+02 7.537960811171839914e-01 6.340004972182023968e-01 1.727276399984903621e-01
5.753021926346060354e+04 1.698529471070667967e+02 7.939390897766395172e-01 5.901646893992538168e-01 1.461723678091151890e-01
5.795602759527780290e+04 1.838882977047938994e+02 8.218143312449172067e-01 5.510842357536172020e-01 1.446629533236520604e-01
5.795602554311339918e+04 1.857052367691546522e+02 8.226708380201809279e-01 5.500973979456389440e-01 1.435463167225488335e-01
5.819815355579859897e+04 1.441718394655925692e+02 7.834938934986801495e-01 5.983403835767959755e-01 1.677083904622894417e-01
5.780125822796300054e+04 1.407697718696981610e+02 7.508737884955605235e-01 6.413277639996793900e-01 1.577569423939746696e-01
5.790323556789349823e+04 1.665813697341365867e+02 8.015537769475227226e-01 5.783019429354154806e-01 1.519157840985736752e-01
5.816135376030090265e+04 1.489198867627740128e+02 7.904932539179270190e-01 5.897495490256325912e-01 1.652751794260430840e-01
5.805532454843750020e+04 1.567830214735732000e+02 7.803261546675154259e-01 6.063745400924470674e-01 1.529738849264207778e-01
5.791098589741899923e+04 1.859762076428717990e+02 8.231536552696669951e-01 5.493853310760542508e-01 1.435054626648085974e-01
5.758399652326390060e+04 1.483924555665247169e+02 7.768038721910307531e-01 6.090337033802493139e-01 1.601677005390275133e-01
5.753022130751160148e+04 1.713477160779694373e+02 7.952328628078733086e-01 5.886189796030456556e-01 1.453698413064543060e-01
5.824427479357639822e+04 1.172571856884311217e+02 6.209317464390844421e-01 7.730913492013266053e-01 1.295126714039246674e-01
5.754706797363430087e+04 1.522638808673796689e+02 7.923715618172882946e-01 5.880211138345320387e-01 1.624145243136455863e-01
5.752321513501159643e+04 8.697525431727484602e+01 6.438587026120222712e-01 7.417552572463376181e-01 1.877368089059333889e-01
5.825322797965280188e+04 1.378874161082699459e+02 7.633343957214067110e-01 6.241929847820845145e-01 1.664443392172512692e-01
5.769131419668979652e+04 nan nan nan nan
5.751604011126160185e+04 1.651931095649231906e+02 8.078309295839264381e-01 5.685045704050921689e-01 1.556012295455626582e-01
5.794902342686340126e+04 1.532853026287014586e+02 7.840631207109575174e-01 6.002429053885612875e-01 1.579666967170400838e-01
5.780937075761570304e+04 1.405993985877701107e+02 7.750973945212640270e-01 6.090139312432937269e-01 1.683034775574665520e-01
5.759899847901619796e+04 1.589168273711419772e+02 7.889593801219128011e-01 5.947616841919606268e-01 1.542777869130540491e-01
5.788727544106479763e+04 1.454035681792201444e+02 7.443504961120553931e-01 6.507043461541786034e-01 1.500872840509810957e-01
5.773335686430559872e+04 1.584592637608760697e+02 7.867579574755552141e-01 5.977781343100813105e-01 1.538610362946090659e-01
5.777934957790510089e+04 1.433262896341863097e+02 7.845577478197044430e-01 5.965360957994200186e-01 1.691562199402032451e-01
5.777233828069439915e+04 1.470952667129596989e+02 7.666740701353389476e-01 6.224452985969095575e-01 1.573935209489829568e-01
5.758399242811340082e+04 1.401606936313435767e+02 7.577881274720182914e-01 6.322306629493498198e-01 1.613739219610097197e-01
5.819022696206020191e+04 1.451952057089299615e+02 7.841684830846537002e-01 5.977065641093043391e-01 1.668132289639024657e-01
5.808635755370370316e+04 1.675703817229076549e+02 7.941185594847013363e-01 5.894094049879319286e-01 1.482304516410673234e-01
5.813237014164349966e+04 1.542299589142770344e+02 7.875831588688791962e-01 5.954984498385670344e-01 1.584120074551847446e-01
5.791804983322919725e+04 1.356278288300098325e+02 7.639861199688980919e-01 6.225695025196861243e-01 1.695064099887048370e-01
5.775723414351850079e+04 1.700141561104090897e+02 8.055466966575446364e-01 5.731438569600793009e-01 1.503350881632156966e-01
5.755422042105319997e+04 7.317118912593946334e+01 5.588792450804397349e-01 8.120248685679842815e-01 1.681356661909237937e-01
5.816835585621529754e+04 1.496136810242371382e+02 7.910437186740170157e-01 5.891614738412068730e-01 1.647379521775098332e-01
5.822935865428239777e+04 1.332828162263491265e+02 7.491090511902565030e-01 6.413531862901210578e-01 1.658364250107411675e-01
5.807036205874999723e+04 1.573168099302065173e+02 7.675374338094679283e-01 6.238032066299001865e-01 1.474986342290351415e-01
5.759101748648149805e+04 1.233069191938890299e+02 7.266270508515139115e-01 6.660094297177513445e-01 1.686551763150688776e-01
5.769338806991899764e+04 nan nan nan nan
5.774928157427079714e+04 1.670122497323233972e+02 8.119729168922785734e-01 5.626039943878617944e-01 1.554886739678084384e-01
5.812536396336810139e+04 1.584653285363943098e+02 7.848245531636388606e-01 6.005088188098942625e-01 1.530998996833123904e-01
5.758399447690969828e+04 1.455198748264658377e+02 7.729627148793759561e-01 6.134948083259958995e-01 1.617181547116901541e-01
5.815435159636569733e+04 9.000673589880788938e+01 6.179109052740711094e-01 7.682892026717316192e-01 1.670862477926081113e-01
5.756209453456020128e+04 1.601401300349426720e+02 7.856570417398831552e-01 5.997446208155730041e-01 1.518202969543922809e-01
5.756912210134259658e+04 1.339309378429549895e+02 7.509937983740683221e-01 6.391376887708780652e-01 1.658653960183057441e-01
5.794902135501160228e+04 1.483465591663686780e+02 7.785526312085820910e-01 6.065923659428862358e-01 1.609394358695388216e-01
5.818237350934030110e+04 1.339125248113919611e+02 7.125192269622997454e-01 6.855786176776110796e-01 1.493261872288403069e-01
5.827812482775459648e+04 1.097057098481076594e+02 7.119686762797909907e-01 6.782174199929353886e-01 1.819937779555342305e-01
5.785705548473379895e+04 7.766149514235669926e+01 5.830815596960504665e-01 7.939037958894028524e-01 1.724316027148690422e-01
5.829517626560189819e+04 1.159060245014813120e+02 6.938405940033478547e-01 7.012995061839171207e-01 1.635977773054244910e-01
5.825323209668979689e+04 1.387008913886454877e+02 7.652667095542099451e-01 6.218591986229599078e-01 1.663069461450198960e-01
5.772634621746530320e+04 1.687152784738288744e+02 8.106685505957202942e-01 5.650462451800442043e-01 1.534250366888248174e-01
5.786411259569440153e+04 1.524862934232372140e+02 7.919528144350517218e-01 5.886974694299593747e-01 1.620062628269747784e-01
5.822235129023149784e+04 1.430225705832082781e+02 7.684033476148085517e-01 6.189631813568869934e-01 1.626065050940990742e-01
5.809433617457179935e+04 1.711627197591693630e+02 8.049753089661649819e-01 5.742644090343627106e-01 1.491145213292178751e-01
5.791805190278939699e+04 1.609718951267535658e+02 8.021393208210324532e-01 5.760080995698466655e-01 1.574394462093486602e-01
5.814732800942129688e+04 1.536711490282245052e+02 7.954768996117888014e-01 5.838754792268984195e-01 1.621910199165662869e-01
5.811735835869210132e+04 1.611764862799080049e+02 8.040997082833389875e-01 5.731114905727363595e-01 1.580091089530774873e-01
5.777934750718750001e+04 1.426333171709101464e+02 7.830883059966863291e-01 5.984112443134629311e-01 1.693419253771885902e-01
5.805532867262729997e+04 1.583731559246107281e+02 7.831574193687662611e-01 6.028236440022401998e-01 1.525388826480473248e-01
5.794201711207180051e+04 1.153055372011648814e+02 7.075873110103986230e-01 6.856155768881948553e-01 1.710306347568796015e-01
5.830710000846059847e+04 1.280764498167795011e+02 7.451652058269039314e-01 6.446456372643288857e-01 1.707653898804299408e-01
5.772634417016200314e+04 1.686406824139319269e+02 8.108434522657577137e-01 5.647587856303034615e-01 1.535591416071759585e-01
5.787822169053240214e+04 2.152649890321581836e+02 8.525595494941459185e-01 5.054247315435571597e-01 1.329964484881530351e-01
5.807925724394679855e+04 1.564478726851704948e+02 7.792513062012396130e-01 6.077789425229793707e-01 1.528795565447223226e-01
5.793308914398150227e+04 1.862954319867985760e+02 8.320507219365049778e-01 5.350387830358265262e-01 1.463731422511742875e-01
5.823726240335650073e+04 nan nan nan nan
5.796499702621530014e+04 nan nan nan nan
5.752321720414349693e+04 6.127800229697510304e+01 5.625709676074264198e-01 8.013303475046341662e-01 2.034295469526151146e-01
5.779425399725689931e+04 1.465090732259049275e+02 7.744842934806168699e-01 6.116939797859671790e-01 1.612592764631994302e-01
5.791098794153940253e+04 1.945478541082630386e+02 8.312137818467670858e-01 5.380674377681425868e-01 1.398823837429895578e-01
5.790323971211809840e+04 1.751031799584227997e+02 8.120395404917489790e-01 5.644381894664065591e-01 1.483284023706652188e-01
5.806233003357639973e+04 1.540782161419081717e+02 7.642558052322632189e-01 6.273901675815539702e-01 1.493139035414138283e-01
5.822235336199070298e+04 1.428539995035828838e+02 7.681224033886964175e-01 6.192926600420479710e-01 1.626793614150772171e-01
5.830709796201389690e+04 1.291579086254808431e+02 7.482205507559402946e-01 6.411070832099243777e-01 1.707270197846274817e-01
5.831410002775459725e+04 1.264484417809379977e+02 7.373547026671017912e-01 6.539313518040292816e-01 1.693571066783588208e-01
5.824427684101850173e+04 1.204179112083958785e+02 6.286658898116189720e-01 7.668554721927660633e-01 1.292744512863034378e-01
5.819815770527780114e+04 1.488170335817402474e+02 7.902746891575739285e-01 5.900360152206972630e-01 1.652979625385050666e-01
5.809433205741900019e+04 1.695113549781339088e+02 8.025699199315179388e-01 5.774779706382546784e-01 1.496686909431624302e-01
5.759101543976849644e+04 1.502241708725006788e+02 7.776281357615477674e-01 6.084046052946612271e-01 1.585506818915243255e-01
5.806233210521990259e+04 1.539398651773083202e+02 7.642058980020696168e-01 6.274236568528620550e-01 1.494285791949868936e-01
5.822936277232639986e+04 1.329577289735407817e+02 7.478995104108174807e-01 6.427970220450638372e-01 1.657054941070366938e-01
5.785705957910879806e+04 nan nan nan nan
5.769338602006940346e+04 nan nan nan nan
5.822235540826390206e+04 1.427150438577662612e+02 7.674638917513525449e-01 6.201401878247370103e-01 1.625586734153800228e-01
5.827022465368059784e+04 nan nan nan nan
5.778635548760420352e+04 1.473290792745963813e+02 7.801089217435105416e-01 6.041183393156530634e-01 1.626994232278491936e-01
5.756912005475690239e+04 1.491809945624928844e+02 7.760608187780444478e-01 6.102813929790859016e-01 1.590164360720551784e-01
5.832900795686340280e+04 1.276971910750617241e+02 7.264859070342969405e-01 6.676200307589705840e-01 1.627934931437555743e-01
5.825323005146990181e+04 1.395169843547072048e+02 7.664855557022499655e-01 6.204755812977401641e-01 1.658612248629699193e-01
5.774122955451389862e+04 1.614151950210240045e+02 7.846387250194285512e-01 6.014754937394382051e-01 1.502308278309904266e-01
5.789498804668980301e+04 2.041653455124530581e+02 8.460445499834611249e-01 5.149167179350148116e-01 1.380919730987837657e-01
5.795602964086810243e+04 1.839679065461307914e+02 8.215150377505004986e-01 5.515743136610268271e-01 1.444950492548484344e-01
5.791804778619210265e+04 1.132173543360933508e+02 7.217761925100032450e-01 6.679752094098777571e-01 1.812408550509318761e-01
5.832900381342590117e+04 1.281167871175634048e+02 7.284146342147369557e-01 6.654344424385482126e-01 1.631230317224073856e-01
5.826023422604169900e+04 nan nan nan nan
5.818236926697919989e+04 1.334879696914068745e+02 7.107181609310789794e-01 6.875066230697037817e-01 1.490447548826759616e-01
5.814732389353009785e+04 1.567849229590336790e+02 7.953905907105848216e-01 5.848874690252613417e-01 1.589353855700202101e-01
5.829518035386569682e+04 1.150388933821990207e+02 6.911831316978713780e-01 7.039250656933173644e-01 1.635707197055201456e-01
5.787822373693290137e+04 2.133754976537707932e+02 8.503988661731632925e-01 5.089212808072617333e-01 1.334949375553038942e-01
5.829517830981480074e+04 1.164793594697281947e+02 6.943222422548810391e-01 7.009576002383102189e-01 1.630186080737522358e-01
5.807035998547449708e+04 1.588299506462702482e+02 7.779668575074601966e-01 6.101150299319411108e-01 1.500907021474476855e-01
5.780936871119210264e+04 1.385832329180212810e+02 7.722754562675994139e-01 6.122553839128328512e-01 1.695109569214358902e-01
5.777234237812500214e+04 1.473969017214848520e+02 7.718845177466002738e-01 6.155041058413402988e-01 1.592136519132408834e-01
5.794201918894679693e+04 nan nan nan nan
5.819023105809029948e+04 1.499981092182285352e+02 7.911246464933289202e-01 5.891613347339236251e-01 1.643493698355640853e-01
5.769131833840280160e+04 nan nan nan nan
5.756209657984950172e+04 1.614807649997448493e+02 7.858352302254385524e-01 5.998117590688248901e-01 1.506281667527483437e-01
5.815434955232639913e+04 7.375273104650537448e+01 5.659191738324713672e-01 8.065241524220434499e-01 1.710388267285457287e-01
5.827812689575229888e+04 1.087844846771727134e+02 7.088494136419821734e-01 6.814938582462337635e-01 1.819302887154315707e-01
5.816135583026619861e+04 1.503235822495586547e+02 7.927148119564425555e-01 5.869348082579634029e-01 1.646534474587452168e-01
5.779425195087960310e+04 1.435571440053403194e+02 7.697409651653843721e-01 6.173097311352427896e-01 1.625655018507836114e-01
5.775723207074069796e+04 1.695415478895793910e+02 8.028742366558443422e-01 5.770322679042330094e-01 1.497555405038251686e-01
5.831410207297449961e+04 1.271714769319348335e+02 7.369971341892452843e-01 6.546247579328298150e-01 1.682309439378601723e-01
5.788727339337959711e+04 1.371693745552525741e+02 7.286431681125189463e-01 6.677103756409396018e-01 1.524532315970601737e-01
5.830709591488430306e+04 1.302316471142680427e+02 7.501428476491264208e-01 6.389999131022794376e-01 1.701905378572464989e-01
5.786411466642360028e+04 1.512205332206535786e+02 7.905413214325632820e-01 5.903786303614801945e-01 1.627805022727219220e-01
5.778635344240740233e+04 1.457416775615053268e+02 7.767781675123254237e-01 6.082958416695642967e-01 1.630700692454325196e-01
5.820533120576389774e+04 1.441069073740413842e+02 7.777832503543591347e-01 6.063939134836326961e-01 1.653470204092374884e-01
5.781719258413190255e+04 1.550246773986224014e+02 7.982724664055431685e-01 5.801268933938116268e-01 1.619069391349736153e-01
5.787822578078699735e+04 2.130314953852449378e+02 8.497985452450066424e-01 5.099160360462792196e-01 1.335217910392157425e-01
5.769131626776619669e+04 nan nan nan nan
5.750802856400459859e+04 1.741009963668088574e+02 8.158260923424647260e-01 5.583497370678187632e-01 1.505767517564442215e-01
5.777934543577550357e+04 1.429392216482953870e+02 7.838996782416477460e-01 5.973513972572737085e-01 1.693298634246897527e-01
5.789498600013890245e+04 2.041546882549633040e+02 8.465518112834070630e-01 5.140358618688452008e-01 1.382648311232332616e-01
5.794902547202550340e+04 1.523125401534462924e+02 7.842603142893376234e-01 5.996975011143376166e-01 1.590555456059569994e-01
5.776435913623840315e+04 1.636858306142920867e+02 7.992738035990131218e-01 5.809733713437797986e-01 1.537248472752810458e-01
5.781718846579860110e+04 1.542566877168834765e+02 7.968019897825260323e-01 5.820872824329235140e-01 1.621141101460980560e-01
5.759101953285880154e+04 1.368896369558640060e+02 7.517660260413487894e-01 6.390652716304288106e-01 1.626143311209820863e-01
5.807036410302080185e+04 1.518756801649203680e+02 7.446922045720232308e-01 6.517272179103009710e-01 1.438233426275400129e-01
5.819022900959489925e+04 1.489104850002148055e+02 7.894185988566306822e-01 5.913097314294462059e-01 1.648365168767833566e-01
5.818237133792819805e+04 1.333864289559055862e+02 7.096971820038847634e-01 6.886285670969151118e-01 1.487299782619301014e-01
5.770135136431710271e+04 1.643102630622431661e+02 7.959299246998876587e-01 5.860319981890655949e-01 1.518619506846995981e-01
5.752321306202549749e+04 nan nan nan nan
5.817536914803239779e+04 1.459580815545588166e+02 7.818277010171675867e-01 6.012788344118517037e-01 1.649521421823175460e-01
5.779424990355320188e+04 1.442350704322494153e+02 7.700166292511639865e-01 6.171362642263706899e-01 1.619173309235134306e-01
5.770135341181710100e+04 1.642542613903984829e+02 7.981385714070072801e-01 5.827862520383898515e-01 1.527579957561241153e-01
5.777234032824070164e+04 1.450395532899559896e+02 7.678937182856078181e-01 6.202392969697662073e-01 1.601326072727031757e-01
5.772634212504629977e+04 1.708511281489813314e+02 8.138186755135803363e-01 5.607012653681733294e-01 1.526867852823256266e-01
5.813236604783560324e+04 1.557022553603981407e+02 7.990125806265825359e-01 5.792203286821734354e-01 1.615014143645929490e-01
5.750803061267360317e+04 1.722543021846981048e+02 8.136728048934578350e-01 5.612646625289994251e-01 1.513887220800181621e-01
5.826023217620370269e+04 6.243177922523830148e+01 5.744060328093270051e-01 7.916611174708549914e-01 2.081595170945769180e-01
5.832900588675930339e+04 1.286838408644630931e+02 7.296086834789085040e-01 6.641706645954514876e-01 1.629370960923578748e-01
5.759899435380790237e+04 1.581423573948679575e+02 7.873562372347713278e-01 5.968497162553131341e-01 1.544039244755609497e-01
5.775723621420140262e+04 1.715569549942033518e+02 8.080059244695723120e-01 5.697878218826328833e-01 1.498941761921278037e-01
5.759899642730320193e+04 1.598051552113530818e+02 7.898513243034394060e-01 5.937091131243540376e-01 1.537672737912596510e-01
5.776436118144680222e+04 1.629380570608397818e+02 7.965426787987607282e-01 5.848036675944920937e-01 1.533767623211711728e-01
5.831410411701389967e+04 1.250640078000442514e+02 7.325844370854822651e-01 6.593565852459816190e-01 1.690234777565106372e-01
5.755421834906250297e+04 8.480307491139254239e+01 5.971092597711432637e-01 7.848803810037437989e-01 1.655998774485518410e-01
5.750803268356480112e+04 1.769436473163449648e+02 8.202106013632001202e-01 5.521124610094066965e-01 1.497544650738473204e-01
5.792506044400460087e+04 2.056061554104745710e+02 8.521444417921125725e-01 5.044785601432213440e-01 1.391087081337146758e-01
5.832110434920139960e+04 nan nan nan nan
5.755421627608800191e+04 nan nan nan nan
5.793309323693290207e+04 1.891594161578525188e+02 8.339191836771543409e-01 5.325507186855634734e-01 1.448051350012089233e-01
5.812536600854169956e+04 1.583816683550044218e+02 7.819716229099303861e-01 6.044794120370855506e-01 1.520691335771628683e-01
5.776435706200230197e+04 1.649148676559154012e+02 7.991605449946904693e-01 5.814423465799410939e-01 1.525359660126123507e-01
5.756209248620369908e+04 1.588773734258280683e+02 7.904993630320231723e-01 5.925460540122114983e-01 1.549191108950831453e-01
5.751604420141199807e+04 1.860457979706587537e+02 8.322973886537127219e-01 5.345773467323534645e-01 1.466564597991095453e-01
5.753021721699069894e+04 1.703302439830858077e+02 7.948190608339119612e-01 5.890004444041286868e-01 1.460860603440209404e-01
5.792505632480319764e+04 2.025337029981634203e+02 8.496964625516089109e-01 5.082335009436236284e-01 1.404087961841065935e-01
5.793309119048609864e+04 1.883107830235668700e+02 8.337452925485915323e-01 5.326616980962780579e-01 1.453970513258546482e-01
5.832110846770829812e+04 nan nan nan nan
5.773335479246530303e+04 1.595874118695927564e+02 7.922251100513885147e-01 5.902407409172019115e-01 1.549039791792896359e-01
5.827022672664350102e+04 nan nan nan nan
5.791098384990740306e+04 1.919015256177776223e+02 8.293927867962243017e-01 5.405301032892078084e-01 1.411906960410321543e-01
5.811735423478009761e+04 1.626827408602158584e+02 8.066369777886831516e-01 5.696659669292694073e-01 1.575356219604954755e-01
5.816835994937500072e+04 1.495453157660301144e+02 7.909271646287613367e-01 5.893104566969751268e-01 1.647646985246254692e-01
5.789499009097219823e+04 2.079744781536838332e+02 8.501635040019902556e-01 5.084134670639209874e-01 1.368859487715999856e-01
5.806233414921299845e+04 1.538215850710970187e+02 7.660002468096049899e-01 6.250356736124386137e-01 1.502465593598386606e-01
5.815434747914350010e+04 6.780696548433917314e+01 5.413828565891021238e-01 8.233577569992047707e-01 1.702545346845784902e-01
5.811735631356480008e+04 1.635808678089373416e+02 8.076719445986355606e-01 5.683257064338508302e-01 1.570729808551524220e-01
5.814031824292820238e+04 1.585916776103102279e+02 7.995924413337270886e-01 5.791700244063907599e-01 1.587892017458087668e-01
5.814031412269680004e+04 1.578693296332304215e+02 7.918119323307223345e-01 5.903936102785182216e-01 1.564264963520719809e-01
5.809433412939820118e+04 1.690215833404697037e+02 8.018897530838673404e-01 5.783756384024605346e-01 1.498480723988146190e-01
5.785705753340280353e+04 nan nan nan nan
5.778635136835650337e+04 1.480898913040982166e+02 7.797877801335972858e-01 6.047927933597225802e-01 1.617303158175993072e-01
5.796499498196759669e+04 1.034558444347817385e+02 6.721163384420651976e-01 7.201942741394879999e-01 1.719878922945666522e-01
5.771924999274309812e+04 1.620081052201719842e+02 7.907313815354948261e-01 5.929885781358148478e-01 1.520145665896269482e-01
5.796499293421299808e+04 7.877103318964752532e+01 6.019459061378141795e-01 7.777111362406461392e-01 1.811808893101278795e-01
5.774928569214120216e+04 1.686036001992748083e+02 8.139630526717683834e-01 5.599180445312470500e-01 1.547770405892308909e-01
5.751604215731479781e+04 1.857255109125537444e+02 8.318491931959267616e-01 5.352485474464871995e-01 1.467511915989490046e-01
5.807925312800930260e+04 1.544486703531362366e+02 7.745739687317173550e-01 6.136975128788536571e-01 1.530049987729351080e-01
5.774928362151620240e+04 1.701024953509121360e+02 8.156863052326278618e-01 5.576022783372797109e-01 1.540634630566871666e-01
5.788727751406250172e+04 1.008778349297776487e+02 6.474904966018374397e-01 7.442849250127043792e-01 1.636948600571775381e-01
5.823726035914350359e+04 nan nan nan nan
5.812536191586810310e+04 1.589363321289456792e+02 7.850362959408753172e-01 6.003265760715996713e-01 1.527285700763943710e-01
5.813236809641199943e+04 1.558081086976717700e+02 7.983508741737340708e-01 5.802368315958991163e-01 1.611244890312672762e-01
