5.756912005475690239e+04 nan nan nan nan nan nan
5.812536600854169956e+04 nan 1.740000029200277237e-16 nan nan 2.087035913264628586e-17 nan
5.777234032824070164e+04 nan nan nan nan nan nan
5.758399652326390060e+04 nan nan nan nan nan nan
5.769338806991899764e+04 nan nan nan nan nan nan
5.756209453456020128e+04 nan 1.333087719446213038e-16 1.485801600007497309e-17 nan 1.531415538204504689e-17 1.403748002583431640e-17
5.791804983322919725e+04 nan 1.835365659122664819e-16 nan nan 2.517990186620456992e-17 nan
5.807925724394679855e+04 nan 1.476083089854412369e-16 1.641815581716431604e-17 nan 1.777958693375562959e-17 1.557400242299631036e-17
5.814031412269680004e+04 nan 1.543374499856328214e-16 nan nan 1.808480989521707197e-17 nan
5.753021926346060354e+04 nan 1.482610528066972377e-16 1.607981555806893628e-17 nan 1.641406663911433387e-17 1.511774763385225593e-17
5.774122674336809723e+04 nan nan nan nan nan nan
5.771136301688660024e+04 nan 1.574554799798115940e-16 2.019101895832834087e-17 nan 2.160849016902927133e-17 1.937686274758227363e-17
5.771135891380789690e+04 nan 1.644454710671337757e-16 3.914126092743531272e-17 nan 4.386701185179343189e-17 3.872664061582261764e-17
5.805532867262729997e+04 nan nan nan nan nan nan
5.774122955451389862e+04 nan nan nan nan nan nan
5.832110642223380273e+04 nan nan nan nan nan nan
5.831410207297449961e+04 nan 1.310015466736360569e-16 nan nan 1.801951481957550772e-17 nan
5.750802856400459859e+04 nan 1.536482985571883704e-16 nan nan 1.643627617027974201e-17 nan
5.756911800738429883e+04 nan nan nan nan nan nan
5.817536710152780142e+04 nan nan nan nan nan nan
5.772634417016200314e+04 nan 1.596677166137828427e-16 nan nan 1.840777843176022574e-17 nan
5.779425399725689931e+04 nan 1.816024125806355050e-16 nan nan 2.329484063587450832e-17 nan
5.770135341181710100e+04 nan 1.545718611641986811e-16 nan nan 1.757293128821154448e-17 nan
5.822235336199070298e+04 nan 1.494193328036219790e-16 nan nan 1.927191094602530709e-17 nan
5.773335686430559872e+04 nan 1.616497542708552180e-16 1.733675562517293346e-17 nan 1.861714801155477287e-17 1.635675371087910093e-17
5.769131833840280160e+04 nan nan nan nan nan nan
5.773335891081020236e+04 nan 1.609278910080017258e-16 1.723089242359591657e-17 nan 1.855894334265895942e-17 1.625954947262044233e-17
5.752321306202549749e+04 nan 1.494372425436050232e-16 nan nan 3.634232868446046436e-17 nan
5.807925519999999960e+04 nan 1.486312478264826664e-16 1.663296196588612083e-17 nan 1.785478560555939911e-17 1.577358472234170612e-17
5.754706797363430087e+04 nan 1.417665531330721805e-16 nan nan 1.694427609997119256e-17 nan
5.785705753340280353e+04 nan 1.916678476914320471e-16 5.861089593310550610e-17 nan 6.386104688042147141e-17 5.822258284369389307e-17
5.785705957910879806e+04 nan nan nan nan nan nan
5.809433412939820118e+04 nan nan nan nan nan nan
5.759101543976849644e+04 nan nan nan nan nan nan
5.827022877195599722e+04 nan nan nan nan nan nan
5.817536505616900104e+04 nan nan nan nan nan nan
5.811735631356480008e+04 nan 1.696005590359503762e-16 nan nan 2.008240467808452548e-17 nan
5.812536396336810139e+04 nan 1.713826204700114455e-16 nan nan 2.041520535171711481e-17 nan
5.750803061267360317e+04 nan 1.542236038565332359e-16 nan nan 1.653945766659233818e-17 nan
5.824427479357639822e+04 nan 1.350248062550815416e-16 nan nan 1.968798886698436294e-17 nan
5.778635548760420352e+04 nan 1.660114191561612833e-16 nan nan 2.052687573411319383e-17 nan
5.828621623447920138e+04 nan nan nan nan nan nan
5.755422042105319997e+04 nan 1.447056234067733133e-16 nan nan 2.646356792525556033e-17 nan
5.774928569214120216e+04 nan 1.691586628037426241e-16 1.809061168694747558e-17 nan 1.922224765228024851e-17 1.703723543096876758e-17
5.826023629657409765e+04 nan 1.808232618047464165e-16 nan nan 9.954159836242013322e-17 nan
5.820533120576389774e+04 nan nan nan nan nan nan
5.823725831040510093e+04 nan nan nan nan nan nan
5.772634621746530320e+04 nan 1.595957995196816131e-16 nan nan 1.838017342396212883e-17 nan
5.795602554311339918e+04 nan 1.798479129737238762e-16 nan nan 1.925299182353171842e-17 nan
5.759899435380790237e+04 nan 1.319553301989115299e-16 1.425465672732144849e-17 nan 1.516132534004649399e-17 1.346582798526450337e-17
5.823726240335650073e+04 nan nan nan nan nan nan
5.793309323693290207e+04 nan 1.785438242234285761e-16 nan nan 1.897096559622924616e-17 nan
5.819815770527780114e+04 nan 1.546897476190121919e-16 nan nan 1.977916203930235409e-17 nan
5.827022465368059784e+04 nan nan nan nan nan nan
5.785705548473379895e+04 nan 1.823638804643983578e-16 3.020547288682965795e-17 nan 3.239362388990648018e-17 2.945764679577407102e-17
5.807036205874999723e+04 nan 1.497412688128037182e-16 nan nan 1.730414429130442633e-17 nan
5.830710000846059847e+04 nan 1.353653624215058653e-16 nan nan 1.865153271615191247e-17 nan
5.751604011126160185e+04 nan 1.513757365073556004e-16 1.662180839104262895e-17 nan 1.742682513898213877e-17 1.569190955526785045e-17
5.813237014164349966e+04 nan 1.514697256938115224e-16 1.728265144730209732e-17 nan 1.830321122011527503e-17 1.639897094014905595e-17
5.826023422604169900e+04 nan 1.675184526302307454e-16 nan nan 8.646720987914236763e-17 nan
5.786411054701390094e+04 nan 1.880713410460305686e-16 nan nan 2.405812877148211006e-17 nan
5.832900381342590117e+04 nan 1.367315342137935623e-16 1.699163288177148620e-17 nan 1.816585927631980640e-17 1.627468673429927220e-17
5.775723621420140262e+04 nan 1.702127643586477803e-16 1.810838729077594780e-17 nan 1.903190362979761280e-17 1.702269270706370726e-17
5.808635959826390172e+04 nan 1.571360338550588187e-16 1.642433054826554646e-17 nan 1.763333013932480512e-17 1.545330452184720325e-17
5.796499702621530014e+04 nan 1.879032033505999420e-16 nan nan 5.468921128143936851e-17 nan
5.814732800942129688e+04 nan 1.493607761838227629e-16 1.700055570608574035e-17 nan 1.791457085271874657e-17 1.612102174129786479e-17
5.777234237812500214e+04 nan nan nan nan nan nan
5.811735423478009761e+04 nan 1.706435578259563137e-16 nan nan 2.023282873038973154e-17 nan
5.791098384990740306e+04 nan 1.753648313470703911e-16 nan nan 1.792980400848668530e-17 nan
5.822235540826390206e+04 nan 1.461798298984756939e-16 nan nan 1.890141194082101125e-17 nan
5.805532454843750020e+04 nan nan nan nan nan nan
5.814732594024309947e+04 nan 1.484004615101828150e-16 1.688955823901267504e-17 nan 1.785712199737915636e-17 1.602144038631320856e-17
5.775723414351850079e+04 nan 1.717666640648398972e-16 1.813734562436053968e-17 nan 1.912652270549266026e-17 1.703943994006752931e-17
5.786411259569440153e+04 nan 1.887147361316557516e-16 nan nan 2.410220756800193597e-17 nan
5.814732389353009785e+04 nan 1.501165451590197080e-16 1.706813397253243458e-17 nan 1.800377563524366491e-17 1.618432789400471646e-17
5.758399447690969828e+04 nan nan nan nan nan nan
5.812536191586810310e+04 nan 1.711361445731879758e-16 nan nan 2.039793699474442101e-17 nan
5.780125822796300054e+04 nan 1.601368912693781882e-16 1.890513937367095299e-17 nan 2.028310143272278770e-17 1.801356518391090028e-17
5.806233003357639973e+04 nan 1.473586454887954138e-16 nan nan 1.809704025302122564e-17 nan
5.790323764157410187e+04 nan nan nan nan nan nan
5.755421627608800191e+04 nan 1.484524232466796093e-16 nan nan 3.427217867534661901e-17 nan
5.808635755370370316e+04 nan 1.570249180387900632e-16 1.639689494446716620e-17 nan 1.760398036960554248e-17 1.542576691109254017e-17
5.822235129023149784e+04 nan 1.474238373264289433e-16 nan nan 1.907170260292968606e-17 nan
5.752321720414349693e+04 nan 1.524306649681746369e-16 nan nan 3.278036965169544716e-17 nan
5.790323971211809840e+04 nan nan nan nan nan nan
5.769131626776619669e+04 nan nan nan nan nan nan
5.779425195087960310e+04 nan 1.771346993878293661e-16 nan nan 2.289400508193004044e-17 nan
5.777934750718750001e+04 nan 1.630203103767077337e-16 nan nan 2.152250870977169998e-17 nan
5.750803268356480112e+04 nan 1.548661046199278032e-16 nan nan 1.639995032268861186e-17 nan
5.806233414921299845e+04 nan 1.482877650698934684e-16 nan nan 1.805703880788955398e-17 nan
5.777934543577550357e+04 nan 1.636558739840816145e-16 nan nan 2.165526523486203451e-17 nan
5.807036410302080185e+04 nan 1.510065970352602077e-16 nan nan 1.740037005326674898e-17 nan
5.822936277232639986e+04 nan 1.565184567713768921e-16 nan nan 2.148776654824044284e-17 nan
5.796499498196759669e+04 nan 1.788549058488044897e-16 nan nan 2.792221065254051048e-17 nan
5.771136096131939848e+04 nan 1.610580473846267798e-16 2.669698978312369833e-17 nan 2.935142589976858648e-17 2.607767641871728324e-17
5.809433617457179935e+04 nan nan nan nan nan nan
5.781719258413190255e+04 nan 1.749872572751173612e-16 nan nan 2.133922299970142307e-17 nan
5.794201711207180051e+04 nan nan nan nan nan nan
5.773335479246530303e+04 nan 1.616197250665858523e-16 1.737843053428977870e-17 nan 1.865378778549485757e-17 1.640007335952184336e-17
5.829517830981480074e+04 nan nan nan nan nan nan
5.788727751406250172e+04 nan 1.904258653545778900e-16 nan nan 3.047000988661851061e-17 nan
5.829518035386569682e+04 nan nan nan nan nan nan
5.816835994937500072e+04 nan nan nan nan nan nan
5.794902135501160228e+04 nan 1.775827496445276071e-16 nan nan 2.243634312207697117e-17 nan
5.780936665247679775e+04 nan nan nan nan nan nan
5.816135376030090265e+04 nan 1.491453931688955083e-16 nan nan 1.852226010482391405e-17 nan
5.807035998547449708e+04 nan 1.499218634535280150e-16 nan nan 1.736006341123899400e-17 nan
5.769131419668979652e+04 nan nan nan nan nan nan
5.754707211745370296e+04 nan 1.398667706660778436e-16 nan nan 1.658795178327868115e-17 nan
5.832110434920139960e+04 nan nan nan nan nan nan
5.820533327646990074e+04 nan nan nan nan nan nan
5.787822578078699735e+04 nan 1.893334291974479806e-16 nan nan 1.835869653860544463e-17 nan
5.809433205741900019e+04 nan nan nan nan nan nan
5.825322797965280188e+04 nan 1.439970968324235282e-16 1.774828990412706411e-17 nan 1.870745839867115517e-17 1.696298605647085951e-17
5.777233828069439915e+04 nan nan nan nan nan nan
5.818236926697919989e+04 nan 1.545117674182073243e-16 1.797666094197366884e-17 nan 1.917455846945253460e-17 1.710011644156673318e-17
5.790323556789349823e+04 nan nan nan nan nan nan
5.756912210134259658e+04 nan nan nan nan nan nan
5.816135583026619861e+04 nan 1.471932260014777214e-16 nan nan 1.830555314277218401e-17 nan
5.759899847901619796e+04 nan 1.323458154231384667e-16 1.418801730604731621e-17 nan 1.497728355554150771e-17 1.338067953136508492e-17
5.811735835869210132e+04 nan 1.699558441639058640e-16 nan nan 2.013041383125693745e-17 nan
5.789498804668980301e+04 nan 1.829355763306624853e-16 1.757378164192565125e-17 nan 1.822982684026819195e-17 1.626086036518448588e-17
5.808635550745369983e+04 nan 1.568245710583063243e-16 1.653021779069377216e-17 nan 1.763962533952999053e-17 1.555808151959334451e-17
5.814031824292820238e+04 nan 1.533183741178471136e-16 nan nan 1.797868757480865073e-17 nan
5.775723207074069796e+04 nan 1.675153207069382554e-16 1.772270379645715094e-17 nan 1.883448120838163662e-17 1.667140719768648768e-17
5.753021721699069894e+04 nan 1.479142883077940240e-16 1.599897615256402459e-17 nan 1.637363483204140015e-17 1.504146936040383664e-17
5.815434747914350010e+04 nan 1.511451075410017053e-16 nan nan 2.843093018553310787e-17 nan
5.780936871119210264e+04 nan nan nan nan nan nan
5.826023217620370269e+04 nan 1.494849900597983724e-16 nan nan 3.306032117912511134e-17 nan
5.794902342686340126e+04 nan 1.794636722867074095e-16 nan nan 2.226587420666733753e-17 nan
5.792505839787040168e+04 nan nan nan nan nan nan
5.823726035914350359e+04 nan nan nan nan nan nan
5.788727544106479763e+04 nan 1.892220242970965605e-16 nan nan 2.385609765564832808e-17 nan
5.759899642730320193e+04 nan 1.331470879442186552e-16 1.424022639163816421e-17 nan 1.505908785150498646e-17 1.342831367563228005e-17
5.751604420141199807e+04 nan 1.514366414579033694e-16 1.562295426683625808e-17 nan 1.596517495599332378e-17 1.459661545159234167e-17
5.791098589741899923e+04 nan 1.749387953463574503e-16 nan nan 1.796893262927301573e-17 nan
5.787822373693290137e+04 nan 1.898542140876906451e-16 nan nan 1.836401162408936273e-17 nan
5.772634212504629977e+04 nan 1.606662801778750783e-16 nan nan 1.834948295184192751e-17 nan
5.791805190278939699e+04 nan 1.817156340560547300e-16 nan nan 2.220385546726267488e-17 nan
5.832900795686340280e+04 nan 1.362952867579931692e-16 1.686042470892777815e-17 nan 1.812036935881349291e-17 1.614984162901604161e-17
5.806233210521990259e+04 nan 1.482759600687432405e-16 nan nan 1.817930533295763061e-17 nan
5.818237350934030110e+04 nan 1.505177765223959232e-16 1.751929833812013743e-17 nan 1.880303889937153961e-17 1.667788128827996843e-17
5.787822169053240214e+04 nan 1.905351840839021565e-16 nan nan 1.838327334633121424e-17 nan
5.816835585621529754e+04 nan nan nan nan nan nan
5.777934957790510089e+04 nan 1.638734587892477350e-16 nan nan 2.163145917556127566e-17 nan
5.827812689575229888e+04 nan 1.541069362099993661e-16 2.207768783298572228e-17 nan 2.375503841377775961e-17 2.136892431861848313e-17
5.770135136431710271e+04 nan 1.536611431411675637e-16 nan nan 1.755143937224671165e-17 nan
5.774928157427079714e+04 nan 1.697631244347603561e-16 1.842798992363540125e-17 nan 1.953233614798946439e-17 1.737953186910815148e-17
5.771924791943289893e+04 nan 1.571073737009395151e-16 1.831089869629543155e-17 nan 1.895722529910461605e-17 1.737059892680503049e-17
5.795602964086810243e+04 nan 1.798515035615017154e-16 nan nan 1.920007400369834362e-17 nan
5.819815355579859897e+04 nan 1.611095653223744168e-16 nan nan 2.108239287362546285e-17 nan
5.794201918894679693e+04 nan nan nan nan nan nan
5.824427684101850173e+04 nan 1.332217994214128727e-16 nan nan 1.957935560037148008e-17 nan
5.827022672664350102e+04 nan nan nan nan nan nan
5.829517626560189819e+04 nan nan nan nan nan nan
5.756209248620369908e+04 nan 1.327904291049265230e-16 1.479707714626126454e-17 nan 1.537478141351050890e-17 1.399147401074658608e-17
5.819022900959489925e+04 nan nan nan nan nan nan
5.824427891273149726e+04 nan 1.362182578738519962e-16 nan nan 1.932200415009408122e-17 nan
5.820532913385419670e+04 nan nan nan nan nan nan
5.770134931630789652e+04 nan 1.538928637017735546e-16 nan nan 1.764689820491397167e-17 nan
5.796499293421299808e+04 nan 1.796094230083697542e-16 nan nan 3.287022538366016655e-17 nan
5.758399242811340082e+04 nan nan nan nan nan nan
5.813236604783560324e+04 nan 1.521550678711257926e-16 1.738257212887591647e-17 nan 1.838121790676963810e-17 1.649299691345333660e-17
5.825323005146990181e+04 nan 1.434528663306784028e-16 1.767727595528341042e-17 nan 1.864072668249651152e-17 1.689575108065194941e-17
5.751604215731479781e+04 nan 1.491466084053877031e-16 1.540477751142041721e-17 nan 1.575152766183760594e-17 1.439780028664972349e-17
5.752321513501159643e+04 nan 1.488785018677291813e-16 nan nan 2.646588062457382167e-17 nan
5.805532662721059751e+04 nan nan nan nan nan nan
5.754707007224539848e+04 nan 1.410728209548312027e-16 nan nan 1.655717503581864066e-17 nan
5.774928362151620240e+04 nan 1.692224608909599846e-16 1.808937058855097241e-17 nan 1.919689378569331307e-17 1.703284785217535695e-17
5.780937075761570304e+04 nan nan nan nan nan nan
5.759101953285880154e+04 nan nan nan nan nan nan
5.830709591488430306e+04 nan 1.341887793454465244e-16 nan nan 1.851254600003009360e-17 nan
5.778635344240740233e+04 nan 1.649606441133115956e-16 nan nan 2.040387191679270923e-17 nan
5.819815560798609658e+04 nan 1.559949383809086913e-16 nan nan 2.009047957032156894e-17 nan
5.776435706200230197e+04 nan 1.733056552854064176e-16 nan nan 2.023059184321688268e-17 nan
5.814031619839119958e+04 nan 1.537023531938419517e-16 nan nan 1.802607881493603828e-17 nan
5.780125618298610061e+04 nan 1.590549322499239098e-16 1.884288964739113035e-17 nan 2.034947250176298681e-17 1.797115814731215742e-17
5.816135163695600204e+04 nan 1.482582065559846939e-16 nan nan 1.846814770828852720e-17 nan
5.827812482775459648e+04 nan 1.550619576674343385e-16 2.201526589334866638e-17 nan 2.373295461382002827e-17 2.129783855181315281e-17
5.786411466642360028e+04 nan 1.888290470589016481e-16 nan nan 2.411357617869125642e-17 nan
5.793308914398150227e+04 nan 1.802055033494895445e-16 nan nan 1.952858027642401330e-17 nan
5.832110846770829812e+04 nan nan nan nan nan nan
5.791098794153940253e+04 nan 1.777036774167868219e-16 nan nan 1.800058908319858387e-17 nan
5.771924999274309812e+04 nan 1.579378316487033962e-16 1.785870225584086445e-17 nan 1.865215674090408473e-17 1.690193147465127697e-17
5.776435913623840315e+04 nan 1.751057298257236697e-16 nan nan 2.052634006890370023e-17 nan
5.795602759527780290e+04 nan 1.804622376546956918e-16 nan nan 1.937985161791564421e-17 nan
5.819023105809029948e+04 nan nan nan nan nan nan
5.771925203789350053e+04 nan 1.560853216949088163e-16 1.765750504763574719e-17 nan 1.840505750331488823e-17 1.671038582807722354e-17
5.830709796201389690e+04 nan 1.343464986626860826e-16 nan nan 1.853310919126627740e-17 nan
5.753022130751160148e+04 nan 1.489292242479642338e-16 1.604706217023646528e-17 nan 1.645433938471418359e-17 1.508226457758261637e-17
5.756209657984950172e+04 nan 1.331316161995913057e-16 1.479880614868704751e-17 nan 1.524553263151984981e-17 1.397683071364273926e-17
5.774123162674769992e+04 nan nan nan nan nan nan
5.822935865428239777e+04 nan 1.570958895979464189e-16 nan nan 2.148352912391026913e-17 nan
5.818237133792819805e+04 nan 1.545255230547997472e-16 1.777669676026744991e-17 nan 1.906062970468705366e-17 1.689927127012719095e-17
5.791804778619210265e+04 nan 1.841707735083200141e-16 nan nan 2.886827790015484962e-17 nan
5.755421834906250297e+04 nan 1.374291451846555774e-16 nan nan 2.286876087954966516e-17 nan
5.819022696206020191e+04 nan nan nan nan nan nan
5.794202124114579783e+04 nan nan nan nan nan nan
5.793309119048609864e+04 nan 1.778848688741835233e-16 nan nan 1.901556012523624801e-17 nan
5.822936072609949770e+04 nan 1.578395578827337386e-16 nan nan 2.162177093779602837e-17 nan
5.779424990355320188e+04 nan 1.786614606941112770e-16 nan nan 2.300906887599469265e-17 nan
5.794902547202550340e+04 nan 1.801912424355869911e-16 nan nan 2.238863453815323047e-17 nan
5.778635136835650337e+04 nan 1.658779327528862724e-16 nan nan 2.050077250312047479e-17 nan
5.769338602006940346e+04 nan nan nan nan nan nan
5.832900588675930339e+04 nan 1.365949370324652308e-16 1.695797155291322681e-17 nan 1.812666476729853547e-17 1.624097944374115666e-17
5.815435159636569733e+04 nan 1.420369852521548397e-16 nan nan 2.232622363848951233e-17 nan
5.825323209668979689e+04 nan 1.422084862000381590e-16 1.764636383666970936e-17 nan 1.856300482223331156e-17 1.687398464899414709e-17
5.827812278018520010e+04 nan 1.544847004939772683e-16 2.269032344756501673e-17 nan 2.451612931195039633e-17 2.200183840347300130e-17
5.816835790402779821e+04 nan nan nan nan nan nan
5.817536914803239779e+04 nan nan nan nan nan nan
5.759101748648149805e+04 nan nan nan nan nan nan
5.780125410884260054e+04 nan 1.591589328051764635e-16 1.887411090742742815e-17 nan 2.051338662785046680e-17 1.801234697243144167e-17
5.792505632480319764e+04 nan nan nan nan nan nan
5.789498600013890245e+04 nan 1.832460722865802512e-16 1.747548592873239516e-17 nan 1.822608574739066465e-17 1.616408168920493924e-17
5.769339011508099793e+04 nan nan nan nan nan nan
5.792506044400460087e+04 nan nan nan nan nan nan
5.813236809641199943e+04 nan 1.518438209693357346e-16 1.732099517647828240e-17 nan 1.829526361100573028e-17 1.643048788771307211e-17
5.807925312800930260e+04 nan 1.489214027430918572e-16 1.696220521811757474e-17 nan 1.809184432538334460e-17 1.610472645955731743e-17
5.815434955232639913e+04 nan 1.415763337730712424e-16 nan nan 2.465685113608763137e-17 nan
5.781719053767360310e+04 nan 1.739648052771375530e-16 nan nan 2.129773419779777763e-17 nan
5.831410002775459725e+04 nan 1.307583409885876249e-16 nan nan 1.803127987503672375e-17 nan
5.781718846579860110e+04 nan 1.749182115274579032e-16 nan nan 2.144249396532448142e-17 nan
5.789499009097219823e+04 nan 1.856177246216635052e-16 1.768201123537102120e-17 nan 1.834338405462653064e-17 1.633831872730513894e-17
5.788727339337959711e+04 nan 1.871207129745156772e-16 nan nan 2.467753405559479068e-17 nan
5.776436118144680222e+04 nan 1.746436736834804806e-16 nan nan 2.046085415893330995e-17 nan
5.831410411701389967e+04 nan 1.314699135315772691e-16 nan nan 1.808423520013014544e-17 nan
