5.756912005475690239e+04 3.788023102304524627e+02 9.940760034761655373e-01 3.542474245039720082e-02 1.027520653572360776e-01
5.812536600854169956e+04 4.011409292461001996e+02 9.930892131818296331e-01 6.630470572259181128e-02 9.683749615172326797e-02
5.777234032824070164e+04 3.828269243998153115e+02 9.936878270531552815e-01 4.757599246875817561e-02 1.015924569394369703e-01
5.758399652326390060e+04 3.862477200089266489e+02 9.940249866754261587e-01 4.197067108223139636e-02 1.007610472048903194e-01
5.769338806991899764e+04 nan nan nan nan
5.756209453456020128e+04 4.035562898138273908e+02 9.941136986183989332e-01 4.933636183061845815e-02 9.645661004081368395e-02
5.791804983322919725e+04 3.528010092276774117e+02 9.933804948581497207e-01 3.252148338762456820e-02 1.101705294243718325e-01
5.807925724394679855e+04 3.898883345374974851e+02 9.940824424630491096e-01 4.282201295297196481e-02 9.983172237998413912e-02
5.814031412269680004e+04 4.035640056319793416e+02 9.949665611287830114e-01 2.657165481536268026e-02 9.662033634767021317e-02
5.753021926346060354e+04 4.249884582564681068e+02 9.938497820246604553e-01 6.230863359443215149e-02 9.154367782173673807e-02
5.774122674336809723e+04 3.959138055976183637e+02 9.938348804153543936e-01 5.134718204960349308e-02 9.826340806914379833e-02
5.771136301688660024e+04 3.441692052253232532e+02 9.884171428942102322e-01 1.026184339208023044e-01 1.118079096150549900e-01
5.771135891380789690e+04 1.717356764697831011e+02 9.558342659109712036e-01 2.060909888866601924e-01 2.095408323218971858e-01
5.805532867262729997e+04 3.714205501159379423e+02 9.936150172497010269e-01 4.204437355692078326e-02 1.046970302734624853e-01
5.774122955451389862e+04 4.076337032230305226e+02 9.940363787122292738e-01 5.268617061957346637e-02 9.547693555054452552e-02
5.832110642223380273e+04 nan nan nan nan
5.831410207297449961e+04 3.350869319069001335e+02 9.925132342045263067e-01 3.885431480073686661e-02 1.157921506417266128e-01
5.750802856400459859e+04 4.424219950566263719e+02 9.957952859290761793e-01 2.445827496820988239e-02 8.828103594209096849e-02
5.756911800738429883e+04 3.802717635053649019e+02 9.868331278778322835e-01 1.264351185014816747e-01 1.008689175731064536e-01
5.817536710152780142e+04 3.693309925599992312e+02 9.939791107252660129e-01 3.005690568526542608e-02 1.053665500167698943e-01
5.772634417016200314e+04 4.123298115105844204e+02 9.951508784399782925e-01 2.693180929899131881e-02 9.460130436744736138e-02
5.779425399725689931e+04 3.772172230603859475e+02 9.934504992528935263e-01 4.935558640200278513e-02 1.030540228476851811e-01
5.770135341181710100e+04 4.162450513915244414e+02 9.951012858857504195e-01 3.151730593111594370e-02 9.370213581007898196e-02
5.822235336199070298e+04 3.642556824596894671e+02 9.936368881778766537e-01 3.588593214124943809e-02 1.067611086797975589e-01
5.773335686430559872e+04 4.134558297932516666e+02 9.943051582578310565e-01 4.986725921350283752e-02 9.418337815348808151e-02
5.769131833840280160e+04 nan nan nan nan
5.773335891081020236e+04 4.125821632243898307e+02 9.938075342677347157e-01 5.879020709206351364e-02 9.428836822618957836e-02
5.752321306202549749e+04 1.877513366044413488e+02 9.737203435312051791e-01 1.109270511929062175e-01 1.989067165962930261e-01
5.807925519999999960e+04 3.913332856440399041e+02 9.941045942144226544e-01 4.315396306345122696e-02 9.946753859273126108e-02
5.754706797363430087e+04 3.908328745238646889e+02 9.946473422626431748e-01 2.712640397616743193e-02 9.970367464232432475e-02
5.785705753340280353e+04 1.367768559127034393e+02 9.330565140171661609e-01 2.579753947512427037e-01 2.507074736681657035e-01
5.785705957910879806e+04 nan nan nan nan
5.809433412939820118e+04 4.181586917036773343e+02 9.945852329088435972e-01 4.602537020063930673e-02 9.317660531246864386e-02
5.759101543976849644e+04 3.827470893518584489e+02 9.939209939679278794e-01 4.226144454915636145e-02 1.016613400188338956e-01
5.827022877195599722e+04 nan nan nan nan
5.817536505616900104e+04 3.685864665342108992e+02 9.939636609945999846e-01 2.983164577153493008e-02 1.055761030383943200e-01
5.811735631356480008e+04 4.049404579693095911e+02 9.949409014350185654e-01 2.866055232921805099e-02 9.628694299777548760e-02
5.812536396336810139e+04 4.030357355693790282e+02 9.934844989945698090e-01 6.069774920389493789e-02 9.645897313930745787e-02
5.750803061267360317e+04 4.415254374488081339e+02 9.957256043074095286e-01 2.659861971779198253e-02 8.844791888875906671e-02
5.824427479357639822e+04 3.134546439931871760e+02 9.256067463984913868e-01 3.628527515024524419e-01 1.076570097517957625e-01
5.778635548760420352e+04 3.861790920943280412e+02 9.940669768932232087e-01 4.089904339071484540e-02 1.007874679714330785e-01
5.828621623447920138e+04 3.258250486550907112e+02 9.923420418484079075e-01 3.295659776243156647e-02 1.190425749219914398e-01
5.755422042105319997e+04 2.527272431008838680e+02 9.811033868670531177e-01 1.221922218066929522e-01 1.500173496897660441e-01
5.774928569214120216e+04 4.220904017552394407e+02 9.953282122332406390e-01 2.784542922457156067e-02 9.244664409204002287e-02
5.826023629657409765e+04 7.079325593858750665e+01 8.875620832444300889e-01 1.418743077682705633e-01 4.382981053827195717e-01
5.820533120576389774e+04 3.634386149397261647e+02 9.936951408829570731e-01 3.343712329182295384e-02 1.070136709564144528e-01
5.823725831040510093e+04 nan nan nan nan
5.772634621746530320e+04 4.127450997055153721e+02 9.951899041153161596e-01 2.577298783117152811e-02 9.451353260354984631e-02
5.795602554311339918e+04 4.527967377688327133e+02 9.957470392801149872e-01 3.238492161171543232e-02 8.624993111352781405e-02
5.759899435380790237e+04 4.029955063041691687e+02 9.947183575066068650e-01 3.439303005509525973e-02 9.670836945677280250e-02
5.823726240335650073e+04 nan nan nan nan
5.793309323693290207e+04 4.557303513357444444e+02 9.960061772358992371e-01 2.490906250459876126e-02 8.573933468993388818e-02
5.819815770527780114e+04 3.693339604409302410e+02 9.940014975320117241e-01 2.929319487502990080e-02 1.053704495488742982e-01
5.827022465368059784e+04 nan nan nan nan
5.785705548473379895e+04 2.696702035618064315e+02 9.829135925986275391e-01 1.181883133401822189e-01 1.411112755050507039e-01
5.807036205874999723e+04 4.074493995431269582e+02 9.936548980550643506e-01 5.949661988743609742e-02 9.544682180748342848e-02
5.830710000846059847e+04 3.359290435800890009e+02 9.926871101968424149e-01 3.496091721636034044e-02 1.155423537774477455e-01
5.751604011126160185e+04 4.097490641212979767e+02 9.950775006770647968e-01 2.758523637306363810e-02 9.518309923788061122e-02
5.813237014164349966e+04 3.900551400239122017e+02 9.943804024318846357e-01 3.518267499702724260e-02 9.984885897924297704e-02
5.826023422604169900e+04 7.707394790948805507e+01 9.005174045012434014e-01 1.316227176182434289e-01 4.144199131281364745e-01
5.786411054701390094e+04 3.804961355078717702e+02 9.941960993675167391e-01 3.323947187738112569e-02 1.023193701687405421e-01
5.832900381342590117e+04 3.491290759487328614e+02 9.928758093707757970e-01 4.276208806901811432e-02 1.112161453670475614e-01
5.775723621420140262e+04 4.292086447019001412e+02 9.915819917243624548e-01 9.286351117644998931e-02 9.023038279830031261e-02
5.808635959826390172e+04 4.226632203299997173e+02 9.933499391877002038e-01 6.928366109610779866e-02 9.195473136773346656e-02
5.796499702621530014e+04 1.593954209178945973e+02 9.583159098869256098e-01 1.735804043951350850e-01 2.269371280060077101e-01
5.814732800942129688e+04 3.922543534249204527e+02 9.945998749486569812e-01 3.006771894900066300e-02 9.933287990046349436e-02
5.777234237812500214e+04 3.818889692862656489e+02 9.937470013398597146e-01 4.574536207064965054e-02 1.018541073156214449e-01
5.811735423478009761e+04 4.047787073535029663e+02 9.949877678469356557e-01 2.681430601542020981e-02 9.633449448605591048e-02
5.791098384990740306e+04 4.724823968133848666e+02 9.958938055425125002e-01 3.687032701862732326e-02 8.268075391281858033e-02
5.822235540826390206e+04 3.622083392011755336e+02 9.934831403529211791e-01 3.835665546838767231e-02 1.073313412558397073e-01
5.805532454843750020e+04 3.702563194283252983e+02 9.933699689761046336e-01 4.686652758258149504e-02 1.049744413119873959e-01
5.814732594024309947e+04 3.905954163356894355e+02 9.943580000381709860e-01 3.620539533020397660e-02 9.970625411212936939e-02
5.775723414351850079e+04 4.319001096172536904e+02 9.954311061771200508e-01 3.083784302462600282e-02 9.036559241538612286e-02
5.786411259569440153e+04 3.813347454371849494e+02 9.943233725676533519e-01 2.987365062301768417e-02 1.021204962979598008e-01
5.814732389353009785e+04 3.925582107766073818e+02 9.944944416553851418e-01 3.366348612718767647e-02 9.923494958082378081e-02
5.758399447690969828e+04 3.820537714914050298e+02 9.939682322172352924e-01 4.065229368651820940e-02 1.018555072687247071e-01
5.812536191586810310e+04 4.027375764297784713e+02 9.939896602254791880e-01 5.145360674944301355e-02 9.662857609066827225e-02
5.780125822796300054e+04 3.747382576652510693e+02 9.931272798585165651e-01 5.432401769989191748e-02 1.036682550338605818e-01
5.806233003357639973e+04 3.820946138777504189e+02 9.927053924848777688e-01 6.493295818901831384e-02 1.015859964378367508e-01
5.790323764157410187e+04 3.918639747502234627e+02 9.945209592002103305e-01 3.231886569639178669e-02 9.941605821793632336e-02
5.755421627608800191e+04 1.979649613758310807e+02 9.636808659661212362e-01 1.928148234213332146e-01 1.847745448912989918e-01
5.808635755370370316e+04 4.230954383087929500e+02 9.942443851620870188e-01 5.485675095856497319e-02 9.202629758897037937e-02
5.822235129023149784e+04 3.624557032811493968e+02 9.935541129201581612e-01 3.664203662782720278e-02 1.072734163304346205e-01
5.752321720414349693e+04 2.147964368419470418e+02 9.800507878083604130e-01 9.207914292442716253e-02 1.761303061784518786e-01
5.790323971211809840e+04 4.209885946293858296e+02 9.952613135562634605e-01 2.942875625643385021e-02 9.267613524236219258e-02
5.769131626776619669e+04 nan nan nan nan
5.779425195087960310e+04 3.728305592044185914e+02 9.933777377299412015e-01 4.829434222209642164e-02 1.042512670996348506e-01
5.777934750718750001e+04 3.602262777305689951e+02 9.938753486642015744e-01 2.337199447718682835e-02 1.080071349114049006e-01
5.750803268356480112e+04 4.474508720532180064e+02 9.953596671030408016e-01 4.065849977107662688e-02 8.721249624273601231e-02
5.806233414921299845e+04 3.857735184630631124e+02 9.930601642544509833e-01 6.077173413335323210e-02 1.006891578142746768e-01
5.777934543577550357e+04 3.596046790983661481e+02 9.938439291649947549e-01 2.387088991251542017e-02 1.081869912543527990e-01
5.807036410302080185e+04 4.090351857130315238e+02 9.923765753110518339e-01 7.871191369132833626e-02 9.483231209328030209e-02
5.822936277232639986e+04 3.439981050690084885e+02 9.927892400773493664e-01 4.041286280280619730e-02 1.128553291019991772e-01
5.796499498196759669e+04 3.074848839103000842e+02 9.885490857686868305e-01 8.426473597896357026e-02 1.251805068542573285e-01
5.771136096131939848e+04 2.574329373748411172e+02 9.790222858698627295e-01 1.414526303112750572e-01 1.466510045931182227e-01
5.809433617457179935e+04 4.205549761817289323e+02 9.945758871737904183e-01 4.728533343631260988e-02 9.264395228121680148e-02
5.781719258413190255e+04 3.949080618994232736e+02 9.948294223526836788e-01 2.388666636642734764e-02 9.871092944210797804e-02
5.794201711207180051e+04 3.288473777529047197e+02 9.909794168065395592e-01 6.421995647639695826e-02 1.176247960930877495e-01
5.773335479246530303e+04 4.125701470992191275e+02 9.947056144044141845e-01 4.046906430853357967e-02 9.446160863720652612e-02
5.829517830981480074e+04 3.212647543971737605e+02 9.885176992248438932e-01 9.208615111617801663e-02 1.198035854715112508e-01
5.788727751406250172e+04 3.028160185104562174e+02 9.876754782182709524e-01 9.163565628391753815e-02 1.268859969568172374e-01
5.829518035386569682e+04 3.199643864940607614e+02 9.888022105978686582e-01 8.822541076893299083e-02 1.203597325164071502e-01
5.816835994937500072e+04 3.857734209345321688e+02 9.945263387556422252e-01 2.681498677784395143e-02 1.009867219262113730e-01
5.794902135501160228e+04 3.817708109511672774e+02 9.942002140813331890e-01 3.415117080897640128e-02 1.019785852667469822e-01
5.780936665247679775e+04 3.570257370493529834e+02 9.930039726331070238e-01 4.592465751623379250e-02 1.087843562599158931e-01
5.816135376030090265e+04 3.785236944985534251e+02 9.944422309940917915e-01 2.226036305953431327e-02 1.029034763841881750e-01
5.807035998547449708e+04 4.066977424221592514e+02 9.938655328240273423e-01 5.549545565117487700e-02 9.566377091919757436e-02
5.769131419668979652e+04 nan nan nan nan
5.754707211745370296e+04 3.932157825547735115e+02 9.946848248684747595e-01 2.792695369757155696e-02 9.910693433632875027e-02
5.832110434920139960e+04 nan nan nan nan
5.820533327646990074e+04 3.658144071279651257e+02 9.938664264765851852e-01 3.029969429355411012e-02 1.063553235544889147e-01
5.787822578078699735e+04 5.045642355341241228e+02 9.938438111949364773e-01 7.955666652046973486e-02 7.710522525532340077e-02
5.809433205741900019e+04 4.176771687602099519e+02 9.944998937693623198e-01 4.765541153474295299e-02 9.326801726305437856e-02
5.825322797965280188e+04 3.597273504606619099e+02 9.935843576153631229e-01 3.325500350407464140e-02 1.080936124107726298e-01
5.777233828069439915e+04 3.836736564375764829e+02 9.937517953519545699e-01 4.668190832263592605e-02 1.013813033558158549e-01
5.818236926697919989e+04 3.804337260493848589e+02 9.900838853591865663e-01 9.712573584166579732e-02 1.014913365232335968e-01
5.790323556789349823e+04 4.058338039123937051e+02 9.948419082174897454e-01 3.260133294727998038e-02 9.605587303358564810e-02
5.756912210134259658e+04 3.482873640572963723e+02 9.856895232399486284e-01 1.278406099303629195e-01 1.098769412917730004e-01
5.816135583026619861e+04 3.772840239200487531e+02 9.943954106984407293e-01 2.282427747055702089e-02 1.032318726935950864e-01
5.759899847901619796e+04 4.093749539201256766e+02 9.943179322275368381e-01 4.778223722828173203e-02 9.512469425031411241e-02
5.811735835869210132e+04 4.049493103908301350e+02 9.949374256857231869e-01 2.879024949668700789e-02 9.628416538447426287e-02
5.789498804668980301e+04 4.882358830039842701e+02 9.962178363522160573e-01 3.375813612693925186e-02 8.006504092888641622e-02
5.808635550745369983e+04 4.216142926907539277e+02 9.944023717824546083e-01 5.128405562799422807e-02 9.237894041270407197e-02
5.814031824292820238e+04 4.028708832990290603e+02 9.948724258188946790e-01 2.940682455110931945e-02 9.676825416968293236e-02
5.775723207074069796e+04 4.259982827152263667e+02 9.949546348353904834e-01 4.107995593839634113e-02 9.152984125231666823e-02
5.753021721699069894e+04 4.249152597022240911e+02 9.940181425671258397e-01 5.949048535882874023e-02 9.159047111557101772e-02
5.815434747914350010e+04 2.467857648696142405e+02 9.781472835505059527e-01 1.410998466883583713e-01 1.527046985108442834e-01
5.780936871119210264e+04 3.576407513270837626e+02 9.931105705550042906e-01 4.396543275037694681e-02 1.086206029028829873e-01
5.826023217620370269e+04 2.080158205647655052e+02 9.816038431905138584e-01 5.627135267510120081e-02 1.824484308009463318e-01
5.794902342686340126e+04 3.895682440042593271e+02 9.944367784061143301e-01 3.314355990135285646e-02 9.998498982514490707e-02
5.792505839787040168e+04 4.828764328212977262e+02 9.964990367936047422e-01 2.070672056068150607e-02 8.099939131277401894e-02
5.823726035914350359e+04 nan nan nan nan
5.788727544106479763e+04 3.864450576120059395e+02 9.923518664303757619e-01 7.185725216842375751e-02 1.003708548481739848e-01
5.759899642730320193e+04 4.099332582601790023e+02 9.942403310682573769e-01 4.964780171846503581e-02 9.498031302225720673e-02
5.751604420141199807e+04 4.480827669416231060e+02 9.958747335246211918e-01 2.516389307862299321e-02 8.717966283711077458e-02
5.791098589741899923e+04 4.701032945262450085e+02 9.959194204623004198e-01 3.518981205084284469e-02 8.310346005950719483e-02
5.787822373693290137e+04 5.060866896007545961e+02 9.942696880153560901e-01 7.421692539567309455e-02 7.693916738995605631e-02
5.772634212504629977e+04 4.166749775914981910e+02 9.952114904831501629e-01 2.807536537281320188e-02 9.362618794701570157e-02
5.791805190278939699e+04 3.964827972270322789e+02 9.947731185347750138e-01 2.760489132082427632e-02 9.830774443432176157e-02
5.832900795686340280e+04 3.487029435542546594e+02 9.922864947219944831e-01 5.475074080119054359e-02 1.112199117696910100e-01
5.806233210521990259e+04 3.830783225660536004e+02 9.927430926934061040e-01 6.475190787674420245e-02 1.013328295067930096e-01
5.818237350934030110e+04 3.764410620019261842e+02 9.896547986806630837e-01 1.004064409290885973e-01 1.024789054795651189e-01
5.787822169053240214e+04 5.078724576461142988e+02 9.964666208550363447e-01 3.352713317812920646e-02 7.700782338568717966e-02
5.816835585621529754e+04 3.885755573378259555e+02 9.945650444080924579e-01 2.805433187038675058e-02 1.002662799989876147e-01
5.777934957790510089e+04 3.605650734450780419e+02 9.937829322897185902e-01 2.749881123634305424e-02 1.078855823093922972e-01
5.827812689575229888e+04 3.047239729279420999e+02 9.911485943840028234e-01 3.873723906817004570e-02 1.269798809260377637e-01
5.770135136431710271e+04 4.138950806800381770e+02 9.947774342583161067e-01 3.936160455780902956e-02 9.417282186000612565e-02
5.774928157427079714e+04 4.170178075739374890e+02 9.952493893025158300e-01 2.694185920051654984e-02 9.355634300136470016e-02
5.771924791943289893e+04 3.926834129245111171e+02 9.943675503096170987e-01 3.737512562188537862e-02 9.917799592651321827e-02
5.795602964086810243e+04 4.540843796881619596e+02 9.959070870868016456e-01 2.770191873116142900e-02 8.603300290524508454e-02
5.819815355579859897e+04 3.628598018624805945e+02 9.938161017561606414e-01 2.890451784829578541e-02 1.072104693495280758e-01
5.794201918894679693e+04 3.294838401204665956e+02 9.913905415019549361e-01 5.779028369504150137e-02 1.174950098127878345e-01
5.824427684101850173e+04 3.110452110377576105e+02 9.386894862337987755e-01 3.262086219121616004e-01 1.115794937445728219e-01
5.827022672664350102e+04 nan nan nan nan
5.829517626560189819e+04 3.149122535377846361e+02 9.889858335876371420e-01 8.331208266769313253e-02 1.223360856188314832e-01
5.756209248620369908e+04 4.001583619122114897e+02 9.941953063449524564e-01 4.593506125372608107e-02 9.729163884570263265e-02
5.819022900959489925e+04 3.731199648030542448e+02 9.942455394882119268e-01 2.421497864053263199e-02 1.043524892718563357e-01
5.824427891273149726e+04 3.237842542841311229e+02 9.446219772791267788e-01 3.096877685495932342e-01 1.085486345010680254e-01
5.820532913385419670e+04 3.654449422210641956e+02 9.937932208261663902e-01 3.231153242956096711e-02 1.064471658242159280e-01
5.770134931630789652e+04 4.123403206837453467e+02 9.947582664306351408e-01 3.900198382801543101e-02 9.452426474401547096e-02
5.796499293421299808e+04 2.608468156239086966e+02 9.838867247061994226e-01 1.029573667423558103e-01 1.461735050561045468e-01
5.758399242811340082e+04 3.758082843011371779e+02 9.871421858229542101e-01 1.229617353352444598e-01 1.021308798161731507e-01
5.813236604783560324e+04 3.904264786069621778e+02 9.946349897888951963e-01 2.720668230301530668e-02 9.980497745958037681e-02
5.825323005146990181e+04 3.594594517969302956e+02 9.935211079860265526e-01 3.488747186231051789e-02 1.081604007632856468e-01
5.751604215731479781e+04 4.463149536534670005e+02 9.958116342366222229e-01 2.646713916150225318e-02 8.751388269065316083e-02
5.752321513501159643e+04 2.615299006364186312e+02 9.864251477224228459e-01 7.409452920046280533e-02 1.465449715389707808e-01
5.805532662721059751e+04 3.696447296472649668e+02 9.933940871402731077e-01 4.594546388253053365e-02 1.051532309696783796e-01
5.754707007224539848e+04 3.978795331450208437e+02 9.948409187278013377e-01 2.631066329898531370e-02 9.797599410871696279e-02
5.774928362151620240e+04 4.228408303712021734e+02 9.953037451560444726e-01 2.924411641037444679e-02 9.227803928198842487e-02
5.780937075761570304e+04 3.579646365625110320e+02 9.932436038732251893e-01 4.103336417177239070e-02 1.085513997591669166e-01
5.759101953285880154e+04 3.629189209368126399e+02 9.930175779191731111e-01 4.962494103780872023e-02 1.070208165289951024e-01
5.830709591488430306e+04 3.351234173715218958e+02 9.927567468250094729e-01 3.187441611724449453e-02 1.158363640253294302e-01
5.778635344240740233e+04 3.856786766874657246e+02 9.941205584429529951e-01 3.921260393208412381e-02 1.009291185631618903e-01
5.819815560798609658e+04 3.670752431079300777e+02 9.940285531370186556e-01 2.580737844189239655e-02 1.060245951007708493e-01
5.776435706200230197e+04 4.122173726212507177e+02 9.947546488188223623e-01 3.902757318664135111e-02 9.455176986446527099e-02
5.814031619839119958e+04 4.029627164874918321e+02 9.948865770491930327e-01 2.898859797440734784e-02 9.674895345593276241e-02
5.780125618298610061e+04 3.705271425758564874e+02 9.927412124163721430e-01 5.906934211011115321e-02 1.047649654834595795e-01
5.816135163695600204e+04 3.770287443757072765e+02 9.942860083063420618e-01 2.699580631625925209e-02 1.032790401174204509e-01
5.827812482775459648e+04 3.072350980152197621e+02 9.912374468660094529e-01 3.976479691413056100e-02 1.259646174801990204e-01
5.786411466642360028e+04 3.814285630372032188e+02 9.943780416673722033e-01 2.804552370080345275e-02 1.021066053206613755e-01
5.793308914398150227e+04 4.466672815720646099e+02 9.865013363644125066e-01 1.394650205148464384e-01 8.581737239056969058e-02
5.832110846770829812e+04 nan nan nan nan
5.791098794153940253e+04 4.779731104460896631e+02 9.960864767861057345e-01 3.356501469893437978e-02 8.176258650570682185e-02
5.771924999274309812e+04 4.016813514488599139e+02 9.945645806986010973e-01 3.785907939915427595e-02 9.699476752312137517e-02
5.776435913623840315e+04 4.111366579762799915e+02 9.947589597192783017e-01 3.830610544776642118e-02 9.480113049770991229e-02
5.795602759527780290e+04 4.516028053683170356e+02 9.958181235286380772e-01 2.942264953781752526e-02 8.649030319103362396e-02
5.819023105809029948e+04 3.746987621706394407e+02 9.941425128484093765e-01 2.978706603344898063e-02 1.038912645248353389e-01
5.771925203789350053e+04 4.016222002564127820e+02 9.946236336428938563e-01 3.620546588569525936e-02 9.702057327704456668e-02
5.830709796201389690e+04 3.351910797481631903e+02 9.926593100184950558e-01 3.493010965465052214e-02 1.157902486098000006e-01
5.753022130751160148e+04 4.261248784259342415e+02 9.936461144746054908e-01 6.586822754299580251e-02 9.126212680988393666e-02
5.756209657984950172e+04 4.047993972462239753e+02 9.943440320779287633e-01 4.499500687012069483e-02 9.620496467316538847e-02
5.774123162674769992e+04 4.114023258624310415e+02 9.942537385225644897e-01 5.002072599537182168e-02 9.464370240433381265e-02
5.822935865428239777e+04 3.455618792721642194e+02 9.929975957562214850e-01 3.638491004325894451e-02 1.123917841459406847e-01
5.818237133792819805e+04 3.828200323438364876e+02 9.905780449197361115e-01 9.253289952562546161e-02 1.009593949485332876e-01
5.791804778619210265e+04 3.078000178189591338e+02 9.912843042272015959e-01 3.928795794268803709e-02 1.257453162288217074e-01
5.755421834906250297e+04 2.768579256695829827e+02 9.830089002093672645e-01 1.216317488003900299e-01 1.374744332337062558e-01
5.819022696206020191e+04 3.643995797992317307e+02 9.938608159386117524e-01 2.900817609862317223e-02 1.067670560672564772e-01
5.794202124114579783e+04 3.301579731701308447e+02 9.915686702946164832e-01 5.507203520985549938e-02 1.172972422012156513e-01
5.793309119048609864e+04 4.526755870048239103e+02 9.959474404768797751e-01 2.529168102258392073e-02 8.630774402453009198e-02
5.822936072609949770e+04 3.451950897788441353e+02 9.928680042692850094e-01 3.950900265355009738e-02 1.124818421241801369e-01
5.779424990355320188e+04 3.747056154684138960e+02 9.934521815057596461e-01 4.785091853381082810e-02 1.037451331722013537e-01
5.794902547202550340e+04 3.892511445069596334e+02 9.945307917384410556e-01 2.985673153988278178e-02 1.000853628952051017e-01
5.778635136835650337e+04 3.863108914077446912e+02 9.939890939559777872e-01 4.286815255754519022e-02 1.007372949452059463e-01
5.769338602006940346e+04 nan nan nan nan
5.832900588675930339e+04 3.494721579259049804e+02 9.924578503426537690e-01 5.199453316417385756e-02 1.110134397912180410e-01
5.815435159636569733e+04 2.949958001532940557e+02 9.850768009831503136e-01 1.132985294283973543e-01 1.295651936060196741e-01
5.825323209668979689e+04 3.573722731366488574e+02 9.934246280336758161e-01 3.572653343594227315e-02 1.087709668284850550e-01
5.827812278018520010e+04 2.958188444798425394e+02 9.906339094702828474e-01 3.963206889982615055e-02 1.306665853320687076e-01
5.816835790402779821e+04 3.889518689833610097e+02 9.945871524392617680e-01 2.759748023930859093e-02 1.001737255332051518e-01
5.817536914803239779e+04 3.698470835457743533e+02 9.935486943557535477e-01 4.253243976404742777e-02 1.051284143878110783e-01
5.759101748648149805e+04 3.348661061123198124e+02 9.917917257510142637e-01 5.443029958460781498e-02 1.157001089841957209e-01
5.780125410884260054e+04 3.677997493581765980e+02 9.928968792645561647e-01 5.486089936927436572e-02 1.055749443149262140e-01
5.792505632480319764e+04 4.799535329756788542e+02 9.964202960815857768e-01 2.253078585815619303e-02 8.147979654674522565e-02
5.789498600013890245e+04 4.893300005282895881e+02 9.964535051359838524e-01 2.631720100882135177e-02 7.992382018693333645e-02
5.769339011508099793e+04 nan nan nan nan
5.792506044400460087e+04 4.817254354853548080e+02 9.964799145624967380e-01 2.088048857456787505e-02 8.118980890731664068e-02
5.813236809641199943e+04 3.913609549620845769e+02 9.946239538965977456e-01 2.846241592156606090e-02 9.956445758907501997e-02
5.807925312800930260e+04 3.869741321490020027e+02 9.938353275434431700e-01 4.673704552834426901e-02 1.005335282475386532e-01
5.815434955232639913e+04 2.651070757571918648e+02 9.816926450366233459e-01 1.256103594684945812e-01 1.431837570229034795e-01
5.781719053767360310e+04 3.929704040016428621e+02 9.947345995446544853e-01 2.581962881672716578e-02 9.917874387439216954e-02
5.831410002775459725e+04 3.341487865681133371e+02 9.925033920953835187e-01 3.813576949672178168e-02 1.161149420361148876e-01
5.781718846579860110e+04 3.927794833733199198e+02 9.946621676833120596e-01 2.835580298073070785e-02 9.921250232129344426e-02
5.789499009097219823e+04 4.934688270428515011e+02 9.952812345267674221e-01 5.624637859571329085e-02 7.906711765165999606e-02
5.788727339337959711e+04 3.683391656770260170e+02 9.909685717805171157e-01 8.339019995562765852e-02 1.050112579423880532e-01
5.776436118144680222e+04 4.112001640227283588e+02 9.948057549346417394e-01 3.708558594251241264e-02 9.479540740045511171e-02
5.831410411701389967e+04 3.352340820789664804e+02 9.925185914653127384e-01 3.886518095385962240e-02 1.157425734340441492e-01
