5.778635604199999943e+04 2.365399110427427815e-16 2.715628842665488743e-16 nan 1.759336176324225260e-17 4.480777139263256775e-17 nan
5.809433671799999865e+04 2.364139028550768614e-16 2.729842397500462926e-16 nan 1.580918483645986852e-17 3.950473034649416702e-17 nan
5.793309379199999967e+04 2.363541156293253572e-16 2.696865526333019422e-16 nan 1.488841284167474106e-17 3.667757670611882465e-17 nan
5.792506100400000287e+04 2.363246110542868835e-16 2.583367627863354206e-16 nan 1.441244781373399678e-17 3.232072386350813532e-17 nan
5.791805243000000337e+04 2.366025423058794500e-16 2.694445387493932352e-16 2.660488901778091562e-16 1.841629407967632830e-17 4.640541016035661814e-17 2.531991793133182223e-17
5.791098849599999812e+04 2.363173025617400063e-16 2.686946319250428095e-16 2.640422381687876853e-16 1.429210803487759323e-17 3.447822683753854886e-17 1.916503531857893970e-17
5.790324025799999799e+04 2.364091299726064980e-16 2.737871333464497050e-16 nan 1.573764901211092937e-17 4.048917623499045437e-17 nan
5.789499064199999702e+04 2.362883430374416088e-16 nan nan 1.380499610298087827e-17 nan nan
5.788727804399999877e+04 2.379987049387645326e-16 2.735138932405340737e-16 2.622528493359640576e-16 3.165091490862072128e-17 8.463111339888205720e-17 4.341645327644951868e-17
5.787822632400000293e+04 2.362802542996739590e-16 2.761604156281015633e-16 2.689672632018516281e-16 1.366584918481991584e-17 3.414729681738209010e-17 1.875472582148882953e-17
5.786411510249999992e+04 nan nan nan nan nan nan
5.781719312199999695e+04 2.365946620435580430e-16 2.800328246378965947e-16 2.647107554298393897e-16 1.831477462403209314e-17 4.927289602984591253e-17 2.494240741229647147e-17
5.808636015600000246e+04 2.363867274028463846e-16 nan nan 1.539745934403616130e-17 nan nan
5.780937131200000294e+04 nan nan nan nan nan nan
5.780125876599999901e+04 2.365897917081486736e-16 nan nan 1.825175067024571180e-17 nan nan
5.779425455399999919e+04 2.365450040573289480e-16 2.773719381452692927e-16 nan 1.766170451868734822e-17 4.669209550878160235e-17 nan
5.777234281500000361e+04 2.365934993374601071e-16 2.831336430214130105e-16 nan 1.829974837991950671e-17 5.133635815349641885e-17 nan
5.776436173199999757e+04 2.365048716100533319e-16 2.734377902010042391e-16 nan 1.711581599899505066e-17 4.318895784184400654e-17 nan
5.775723675499999808e+04 nan nan nan nan nan nan
5.774928621600000042e+04 2.364715063294561409e-16 nan nan 1.664842838665726391e-17 nan nan
5.774123215599999821e+04 2.365610713691191274e-16 2.750719628781399252e-16 nan 1.787560766321334841e-17 4.544069770079885741e-17 nan
5.773335945999999967e+04 2.364683304686617014e-16 nan nan 1.660325801340936329e-17 nan nan
5.807925779399999738e+04 2.364551296877074111e-16 nan 2.565127636180329840e-16 1.641417733711246378e-17 nan 2.142305592693705684e-17
5.772634675399999833e+04 2.364368830761813146e-16 2.729131413075480516e-16 2.628793700130478668e-16 1.614919628970697261e-17 4.098007477091898504e-17 2.167872960213397114e-17
5.771925258400000166e+04 2.365254572550215130e-16 nan nan 1.739795366474596081e-17 nan nan
5.771136364332999801e+04 2.371030718372132040e-16 nan nan 2.400548971936031028e-17 nan nan
5.770135396400000172e+04 2.364474037598911329e-16 2.786333422686028816e-16 nan 1.630250308439218961e-17 4.235948328678753252e-17 nan
5.769339066399999865e+04 2.364221671419500455e-16 nan nan 1.593229356118586878e-17 nan nan
5.759899903600000107e+04 2.363402602960772600e-16 nan nan 1.466681624761149846e-17 nan nan
5.758399705600000016e+04 2.363314751301406684e-16 2.726085079514112354e-16 nan 1.452456537084494816e-17 3.666544374644037035e-17 nan
5.756912264600000344e+04 2.366420592928899923e-16 2.673512720449695616e-16 nan 1.891721671925614347e-17 4.769213813887390159e-17 nan
5.756209713000000193e+04 2.363885947054875945e-16 nan nan 1.542610024792139174e-17 nan nan
5.755422095200000331e+04 2.384297922841826929e-16 2.859021128007879158e-16 2.775271751845556468e-16 3.474424715981275520e-17 9.885493133788076250e-17 5.198018920147939328e-17
5.807036465799999860e+04 2.364076307788242402e-16 2.804735650218588416e-16 nan 1.571511223251498379e-17 4.113789964982681710e-17 nan
5.754707267400000273e+04 2.363518259862386384e-16 2.660154951979030679e-16 nan 1.485202036939341598e-17 3.556396382814495572e-17 nan
5.753022185000000172e+04 2.363523923365255359e-16 nan nan 1.486103042263699291e-17 nan nan
5.752321772999999666e+04 2.405782228283061407e-16 2.894649781367873224e-16 2.737830939798824186e-16 4.728930282050870950e-17 1.271090962609476624e-16 6.740836263246589921e-17
5.751604474399999890e+04 2.363158816176132388e-16 nan nan 1.426859371954488698e-17 nan nan
5.806233470400000078e+04 2.364516982567455065e-16 nan nan 1.636467141505358236e-17 nan nan
5.805532922400000098e+04 2.364405863401200567e-16 nan nan 1.620332468610764748e-17 nan nan
5.795603018600000360e+04 2.363607732199406108e-16 2.703319370098752399e-16 nan 1.499373132851952708e-17 3.686949903856832010e-17 nan
5.794902591750000283e+04 2.366327888266650548e-16 2.695320705478487975e-16 nan 1.880089385930075312e-17 4.810967465890050480e-17 nan
5.794202174499999819e+04 nan nan nan nan nan nan
