5.780125464600000123e+04 1.610145632959700548e-15 nan nan 7.869989103924500842e-17 nan nan
5.809433256599999731e+04 1.609631053955195634e-15 1.628388066293571522e-15 nan 6.735609376521349044e-17 1.902440552885041041e-16 nan
5.794201764199999889e+04 1.610549086963681353e-15 2.508139142200269068e-15 nan 8.656254981192617257e-17 5.721641013420768937e-16 nan
5.793308969999999681e+04 1.609536740374653625e-15 1.654471466984789789e-15 nan 6.506329323251078592e-17 1.879450396254145098e-16 nan
5.792505683999999746e+04 1.609397442650376953e-15 1.654543655518478232e-15 nan 6.152106891113024274e-17 1.751765071851855625e-16 nan
5.791804831600000034e+04 1.612222347084127289e-15 1.695753074493433396e-15 1.496479303952141406e-15 1.135148005673579514e-16 3.852690473970432692e-16 1.880298423247091897e-16
5.791098435800000152e+04 1.609425967493101944e-15 1.654342197033969944e-15 1.464125503576989206e-15 6.226281676492020275e-17 1.780235477463882139e-16 9.354834276532059749e-17
5.790323610400000325e+04 1.609716353389935602e-15 1.641503002273241343e-15 nan 6.936462990160414582e-17 2.005474262319047089e-16 nan
5.789498652399999992e+04 1.609378171170058676e-15 nan nan 6.101484531716194085e-17 nan nan
5.788727394199999981e+04 1.610988318670544628e-15 1.709760151174545229e-15 1.491579459706057578e-15 9.438260646614114959e-17 3.146084037715438306e-16 1.523970800111833157e-16
5.787822224200000346e+04 1.609282820148669393e-15 1.697354025378806003e-15 1.534925751523662801e-15 5.844577603256633217e-17 1.717132729882696344e-16 9.383492396104277637e-17
5.786411109399999987e+04 1.610438822196141438e-15 1.671097302169830522e-15 nan 8.448617370250331786e-17 2.643667286421886400e-16 nan
5.808635601399999723e+04 1.609607567840152269e-15 nan nan 6.679248429789446026e-17 nan nan
5.785705604199999652e+04 1.614049239502206687e-15 nan nan 1.370389034108432111e-16 nan nan
5.781718901400000323e+04 1.610081328663736760e-15 1.677859827030168294e-15 1.496646376734511302e-15 7.737311175064842376e-17 2.406360565566635352e-16 1.235355372622894339e-16
5.780936719199999789e+04 1.610502813505230193e-15 1.667899586318227417e-15 nan 8.569729178134190891e-17 2.675015003484095737e-16 nan
5.779425045400000090e+04 1.609973763157498329e-15 1.686774873387355814e-15 nan 7.510147512473399189e-17 2.329122155592604417e-16 nan
5.778635191399999894e+04 1.609953806470242633e-15 1.672665198524527873e-15 nan 7.467243452853175193e-17 2.278701706660656452e-16 nan
5.777233883400000195e+04 1.610136189704831782e-15 1.694651485645445958e-15 nan 7.850645137559253874e-17 2.478738975682158701e-16 nan
5.776435761199999979e+04 1.609822895466419796e-15 1.657125406360332067e-15 nan 7.179462569219298721e-17 2.133183773604499680e-16 nan
5.775723262200000318e+04 1.609723950781386382e-15 nan nan 6.954071634394924028e-17 nan nan
5.774928212199999689e+04 1.609837365413895423e-15 nan nan 7.211835129248473513e-17 nan nan
5.807925367800000095e+04 1.609735777921792067e-15 nan 1.446548954853249190e-15 6.981395442081555968e-17 nan 1.041593951166330586e-16
5.774122727999999915e+04 1.609843998606600681e-15 1.681728464055549391e-15 nan 7.226626709664464176e-17 2.197856406357740047e-16 nan
5.773335532799999783e+04 1.609820569406326447e-15 nan nan 7.174245043280371458e-17 nan nan
5.772634267800000089e+04 1.609654284216165571e-15 1.662511541330645042e-15 1.484083597414191055e-15 6.790896999550975801e-17 2.001501200312475312e-16 1.051387357584188117e-16
5.771924844599999778e+04 1.609852922214446537e-15 nan nan 7.246478229310653492e-17 nan nan
5.770134986000000208e+04 1.609611134791891523e-15 1.691038350894166602e-15 nan 6.687838781276876339e-17 2.018299291207791513e-16 nan
5.769338653799999884e+04 1.609640541701418713e-15 nan nan 6.758244593998815017e-17 nan nan
5.759899491000000125e+04 1.609425607392668182e-15 nan nan 6.225350786625226504e-17 nan nan
5.759101594399999885e+04 1.609529070732804168e-15 1.330260370701428471e-15 nan 6.487328451989114970e-17 1.272223547200513291e-16 nan
5.758399295800000255e+04 1.609449209073265433e-15 1.654426193270498630e-15 nan 6.286071982529471590e-17 1.799188626106489394e-16 nan
5.756911854999999923e+04 1.609730901673550330e-15 1.659765445418491480e-15 nan 6.970142977827352675e-17 2.060868103596044076e-16 nan
5.807036049600000115e+04 1.609593171723791843e-15 1.697341476502144219e-15 nan 6.644465343615532615e-17 2.019599456828167418e-16 nan
5.756209302400000161e+04 1.609554971850181140e-15 nan nan 6.551275385779541521e-17 nan nan
5.754706852200000139e+04 1.609490049889167251e-15 1.664816539381353125e-15 nan 6.389784192465824625e-17 1.851078632510054964e-16 nan
5.753021771799999988e+04 1.609471470569202420e-15 nan nan 6.342813324216536194e-17 nan nan
5.752321354799999972e+04 1.619794552797343179e-15 1.885081509672344631e-15 1.658689344984676435e-15 1.932850402445557916e-16 7.768777693422047066e-16 3.876774349349224649e-16
5.751604065599999740e+04 1.609601893812254554e-15 nan nan 6.665560797405541932e-17 nan nan
5.806233058400000300e+04 1.609770318647811813e-15 nan nan 7.060589429978407467e-17 nan nan
5.805532506200000353e+04 1.609633895378699359e-15 nan nan 6.742396207877341713e-17 nan nan
5.796499347000000125e+04 1.613957947122808204e-15 1.796292505391995820e-15 nan 1.359594373012165154e-16 5.171404164327809274e-16 nan
5.795602603000000090e+04 1.609488446078608660e-15 1.650500881151556211e-15 nan 6.385743160297908862e-17 1.824769383462226974e-16 nan
5.794902188600000227e+04 1.610196562925097264e-15 1.639296911884577459e-15 nan 7.973509118444014787e-17 2.383926691640783421e-16 nan
