5.812536600854169956e+04 nan 3.280342338140488047e-16 nan nan 2.120282067387024798e-16 nan
5.780125822796300054e+04 nan 3.409334121088243649e-16 nan nan 2.392909875581396985e-16 nan
5.769131626776619669e+04 nan nan nan nan nan nan
5.771924999274309812e+04 nan 2.876810622340391239e-16 nan nan 1.642346173706065134e-16 nan
5.808635755370370316e+04 nan 3.023935412323785951e-16 nan nan 1.867845674143714078e-16 nan
5.796499293421299808e+04 nan 6.635016724769003071e-16 nan nan 6.081119702312979373e-16 nan
5.770135136431710271e+04 nan 2.791353803178084712e-16 nan nan 1.546095376540427388e-16 nan
5.827812689575229888e+04 nan 3.544606951606965557e-16 nan nan 2.682404216265810639e-16 nan
5.814732594024309947e+04 nan 2.781546341950248825e-16 nan nan 1.589016233874141434e-16 nan
5.825323005146990181e+04 nan 2.815717119721124214e-16 nan nan 1.775106305197484366e-16 nan
5.752321720414349693e+04 nan 6.501112862283156851e-16 nan nan 6.086146605714207569e-16 nan
5.785705753340280353e+04 nan 2.622709957746831009e-15 nan nan 2.609709073303110621e-15 nan
5.816135376030090265e+04 nan 2.768759281223794712e-16 nan nan 1.580725767099384506e-16 nan
5.779425399725689931e+04 nan 3.314808371819623557e-16 nan nan 2.154648186274803855e-16 nan
5.832900795686340280e+04 nan 2.965870069780615711e-16 nan nan 2.085595284894432532e-16 nan
5.777934957790510089e+04 nan 2.988023074656327053e-16 nan nan 1.800127897410020563e-16 nan
5.813236809641199943e+04 nan 2.813888587140441453e-16 nan nan 1.576014728356374562e-16 nan
5.756912210134259658e+04 nan nan nan nan nan nan
5.777934750718750001e+04 nan 2.999904405506855448e-16 nan nan 1.812550912988291659e-16 nan
5.776436118144680222e+04 nan 3.073000501001627783e-16 nan nan 1.758814602233474948e-16 nan
5.750803268356480112e+04 nan 2.657331595140707089e-16 nan nan 1.220905532284584193e-16 nan
5.776435706200230197e+04 nan 3.068818583058989497e-16 nan nan 1.741877696520548857e-16 nan
5.771136301688660024e+04 nan 4.402880622724259106e-16 nan nan 3.723972873963342521e-16 nan
5.792505839787040168e+04 nan nan nan nan nan nan
5.824427684101850173e+04 nan 5.618464047395540272e-16 nan nan 5.297490321106039160e-16 nan
5.754706797363430087e+04 nan 2.433413128254123576e-16 nan nan 1.262941666731156453e-16 nan
5.775723621420140262e+04 nan 2.950270973203406894e-16 nan nan 1.513071447724714708e-16 nan
5.778635548760420352e+04 nan 2.923238317758850856e-16 nan nan 1.657049331262350947e-16 nan
5.788727544106479763e+04 nan 3.964055476654824871e-16 nan nan 2.891933956475471253e-16 nan
5.811735423478009761e+04 nan 2.956209042353651061e-16 nan nan 1.576404522714821578e-16 nan
5.822235129023149784e+04 nan 2.902638414959398175e-16 nan nan 1.848365647663215165e-16 nan
5.759899847901619796e+04 nan 2.444978646677618314e-16 nan nan 1.316533064280949150e-16 nan
5.825323209668979689e+04 nan 2.789880430134902519e-16 nan nan 1.761536687437508341e-16 nan
5.791098589741899923e+04 nan 2.998182100652969118e-16 nan nan 1.449053184030174864e-16 nan
5.777234237812500214e+04 nan nan nan nan nan nan
5.791098384990740306e+04 nan 3.003806414396036995e-16 nan nan 1.457094050849841222e-16 nan
5.793309323693290207e+04 nan 2.925083588805184112e-16 nan nan 1.350917938186595587e-16 nan
5.755421627608800191e+04 nan 1.105667428192552967e-15 nan nan 1.082278582693331038e-15 nan
5.796499498196759669e+04 nan 4.917513637573833480e-16 nan nan 4.153164319450457341e-16 nan
5.791804778619210265e+04 nan 4.042530905822163726e-16 nan nan 3.031192161107508411e-16 nan
5.755421834906250297e+04 nan 5.384004832645114750e-16 nan nan 4.957378674743686614e-16 nan
5.758399652326390060e+04 nan nan nan nan nan nan
5.752321513501159643e+04 nan 4.670479570300051917e-16 nan nan 4.095714285459218873e-16 nan
5.832900588675930339e+04 nan 2.948928925299830917e-16 nan nan 2.064369360974215976e-16 nan
5.771135891380789690e+04 nan 1.486150350593043379e-15 nan nan 1.466393590045951044e-15 nan
5.820532913385419670e+04 nan nan nan nan nan nan
5.828621623447920138e+04 nan nan nan nan nan nan
5.819023105809029948e+04 nan nan nan nan nan nan
5.758399242811340082e+04 nan nan nan nan nan nan
5.793308914398150227e+04 nan 2.934881947215167590e-16 nan nan 1.358188933054735353e-16 nan
5.829517626560189819e+04 nan nan nan nan nan nan
5.777234032824070164e+04 nan nan nan nan nan nan
5.812536396336810139e+04 nan 3.232970122895736640e-16 nan nan 2.071029611054222937e-16 nan
5.769131419668979652e+04 nan nan nan nan nan nan
5.806233414921299845e+04 nan 3.244043673075601021e-16 nan nan 2.336397611346933648e-16 nan
5.826023422604169900e+04 nan 3.114220254842598485e-15 nan nan 3.106668011511629087e-15 nan
5.819022696206020191e+04 nan nan nan nan nan nan
5.756209657984950172e+04 nan 2.539344142140501003e-16 nan nan 1.499554724127913794e-16 nan
5.781718846579860110e+04 nan 3.153269107005155367e-16 nan nan 1.755116635519331859e-16 nan
5.818237350934030110e+04 nan 3.791023789342174637e-16 nan nan 3.023660463945388348e-16 nan
5.751604011126160185e+04 nan 2.718002948190812053e-16 nan nan 1.442524835117087603e-16 nan
5.792505632480319764e+04 nan nan nan nan nan nan
5.778635344240740233e+04 nan 2.910141213803848701e-16 nan nan 1.666254016469289206e-16 nan
5.774122955451389862e+04 nan nan nan nan nan nan
5.823725831040510093e+04 nan nan nan nan nan nan
5.794902342686340126e+04 nan 3.247544044608266833e-16 nan nan 1.908216983401417230e-16 nan
5.773335891081020236e+04 nan 3.133373116314055903e-16 nan nan 1.970248051575326803e-16 nan
5.759899435380790237e+04 nan 2.461584184201692970e-16 nan nan 1.342180317273375883e-16 nan
5.770135341181710100e+04 nan 2.788437700094287344e-16 nan nan 1.519335303970300117e-16 nan
5.752321306202549749e+04 nan 8.560635154297597944e-16 nan nan 8.266984370383115509e-16 nan
5.815435159636569733e+04 nan 4.965729094251428289e-16 nan nan 4.475526478334098545e-16 nan
5.759101543976849644e+04 nan nan nan nan nan nan
5.759899642730320193e+04 nan 2.459044349563728388e-16 nan nan 1.322978135532681475e-16 nan
5.788727751406250172e+04 nan 5.755900988420901755e-16 nan nan 5.073159108754783994e-16 nan
5.809433617457179935e+04 nan nan nan nan nan nan
5.813237014164349966e+04 nan 2.830075689283541355e-16 nan nan 1.614815127294485383e-16 nan
5.807925519999999960e+04 nan 2.792893512496624334e-16 nan nan 1.674362746811551872e-16 nan
5.796499702621530014e+04 nan 1.772805468763132498e-15 nan nan 1.751528291432962085e-15 nan
5.791804983322919725e+04 nan 3.522465886089990289e-16 nan nan 2.288193164481096600e-16 nan
5.780937075761570304e+04 nan nan nan nan nan nan
5.789498804668980301e+04 nan 2.979972743166019666e-16 nan nan 1.265571067525877525e-16 nan
5.781719258413190255e+04 nan 3.138714715298526379e-16 nan nan 1.736398779176252507e-16 nan
5.824427891273149726e+04 nan 5.470995232201528388e-16 nan nan 5.119331909641685132e-16 nan
5.787822373693290137e+04 nan 3.083586894889023784e-16 nan nan 1.329564820733793507e-16 nan
5.827812482775459648e+04 nan 3.502287995810700840e-16 nan nan 2.615378730688733297e-16 nan
5.832110642223380273e+04 nan nan nan nan nan nan
5.780936665247679775e+04 nan nan nan nan nan nan
5.811735631356480008e+04 nan 2.943149913683676249e-16 nan nan 1.575921735156314130e-16 nan
5.817536505616900104e+04 nan nan nan nan nan nan
5.827812278018520010e+04 nan 3.649268522166194399e-16 nan nan 2.817065610948766404e-16 nan
5.774928362151620240e+04 nan 2.911603291524120703e-16 nan nan 1.465661050939568536e-16 nan
5.816835994937500072e+04 nan nan nan nan nan nan
5.826023629657409765e+04 nan 3.813879588067367731e-15 nan nan 3.806706908747387932e-15 nan
5.814031619839119958e+04 nan 2.759849146887555239e-16 nan nan 1.465735567022572692e-16 nan
5.806233003357639973e+04 nan 3.224887590405955679e-16 nan nan 2.346721100017707855e-16 nan
5.756209248620369908e+04 nan 2.562056554562193826e-16 nan nan 1.531727985162485784e-16 nan
5.780936871119210264e+04 nan nan nan nan nan nan
5.779425195087960310e+04 nan 3.276613133140146658e-16 nan nan 2.144565292641993797e-16 nan
5.818237133792819805e+04 nan 3.819518391127277977e-16 nan nan 3.020651049049002930e-16 nan
5.786411054701390094e+04 nan 3.403342594707947546e-16 nan nan 1.993386272282334753e-16 nan
5.774122674336809723e+04 nan nan nan nan nan nan
5.794202124114579783e+04 nan nan nan nan nan nan
5.751604215731479781e+04 nan 2.566942007213362055e-16 nan nan 1.187129955217419909e-16 nan
5.817536710152780142e+04 nan nan nan nan nan nan
5.815434955232639913e+04 nan 6.072656507012998093e-16 nan nan 5.664545916885239573e-16 nan
5.756911800738429883e+04 nan nan nan nan nan nan
5.753022130751160148e+04 nan 2.844874390071414214e-16 nan nan 1.747957786629699030e-16 nan
5.829518035386569682e+04 nan nan nan nan nan nan
5.813236604783560324e+04 nan 2.815385798209859589e-16 nan nan 1.572811419216902910e-16 nan
5.795602759527780290e+04 nan 2.963780516261836579e-16 nan nan 1.399051724684219433e-16 nan
5.807925724394679855e+04 nan 2.782612658756116712e-16 nan nan 1.660002530610997169e-16 nan
5.831410002775459725e+04 nan 2.821537190831106482e-16 nan nan 1.963139624425453428e-16 nan
5.777233828069439915e+04 nan nan nan nan nan nan
5.795602964086810243e+04 nan 2.952473306025151496e-16 nan nan 1.396920311553839610e-16 nan
5.826023217620370269e+04 nan 5.764197660334297257e-16 nan nan 5.310709189706614559e-16 nan
5.815434747914350010e+04 nan 7.554922194384772412e-16 nan nan 7.184661922821539042e-16 nan
5.774928157427079714e+04 nan 2.929089802797243055e-16 nan nan 1.485209033967413374e-16 nan
5.790323764157410187e+04 nan nan nan nan nan nan
5.827022672664350102e+04 nan nan nan nan nan nan
5.769338602006940346e+04 nan nan nan nan nan nan
5.830709591488430306e+04 nan 2.836812723634226620e-16 nan nan 1.917383760510394999e-16 nan
5.822936072609949770e+04 nan 3.268904911519187869e-16 nan nan 2.232071815925904059e-16 nan
5.773335686430559872e+04 nan 3.034013970042076308e-16 nan nan 1.810000643043046729e-16 nan
5.754707211745370296e+04 nan 2.419299130795210196e-16 nan nan 1.251515761814260072e-16 nan
5.772634417016200314e+04 nan 2.830874649511654610e-16 nan nan 1.477075665583797868e-16 nan
5.788727339337959711e+04 nan 4.007731592344455221e-16 nan nan 3.004608224781252372e-16 nan
5.816835790402779821e+04 nan nan nan nan nan nan
5.769131833840280160e+04 nan nan nan nan nan nan
5.780125618298610061e+04 nan 3.395610085119504789e-16 nan nan 2.376637361192891679e-16 nan
5.808635959826390172e+04 nan 3.171171970729362211e-16 nan nan 2.090984263609288790e-16 nan
5.795602554311339918e+04 nan 2.960101844148207304e-16 nan nan 1.401494733204807092e-16 nan
5.755422042105319997e+04 nan 6.674000040259315710e-16 nan nan 6.297747467170927356e-16 nan
5.772634212504629977e+04 nan 2.828390661608694633e-16 nan nan 1.474760147655627021e-16 nan
5.816135163695600204e+04 nan 2.771346368438314964e-16 nan nan 1.581438881218205031e-16 nan
5.786411466642360028e+04 nan 3.442501021149523124e-16 nan nan 2.050245569539891054e-16 nan
5.770134931630789652e+04 nan 2.770907064976234413e-16 nan nan 1.513622773537150560e-16 nan
5.774928569214120216e+04 nan 2.905982749196158071e-16 nan nan 1.465524128291948797e-16 nan
5.778635136835650337e+04 nan 2.932263153059658719e-16 nan nan 1.678555946062626449e-16 nan
5.816835585621529754e+04 nan nan nan nan nan nan
5.809433412939820118e+04 nan nan nan nan nan nan
5.751604420141199807e+04 nan 2.591892611251046444e-16 nan nan 1.208277968297244479e-16 nan
5.775723414351850079e+04 nan 2.962534213153452509e-16 nan nan 1.511212143086381921e-16 nan
5.792506044400460087e+04 nan nan nan nan nan nan
5.759101748648149805e+04 nan nan nan nan nan nan
5.791805190278939699e+04 nan 3.198863644932487422e-16 nan nan 1.780215932753062443e-16 nan
5.814732800942129688e+04 nan 2.757864165412672121e-16 nan nan 1.540977733412727361e-16 nan
5.756209453456020128e+04 nan 2.537772144856106373e-16 nan nan 1.488597643901992395e-16 nan
5.832110846770829812e+04 nan nan nan nan nan nan
5.790323971211809840e+04 nan nan nan nan nan nan
5.819815355579859897e+04 nan 2.820815655672050470e-16 nan nan 1.630823745078353963e-16 nan
5.811735835869210132e+04 nan 2.979343245504368001e-16 nan nan 1.622686468361249041e-16 nan
5.812536191586810310e+04 nan 3.246606907364255260e-16 nan nan 2.082041041358747745e-16 nan
5.807925312800930260e+04 nan 2.825020234532076364e-16 nan nan 1.715681488858724491e-16 nan
5.808635550745369983e+04 nan 2.932625686562488981e-16 nan nan 1.726921181396200232e-16 nan
5.753021926346060354e+04 nan 2.839662618007572335e-16 nan nan 1.745561877463897994e-16 nan
5.809433205741900019e+04 nan nan nan nan nan nan
5.825322797965280188e+04 nan 2.825784120936726261e-16 nan nan 1.779470703477350367e-16 nan
5.774123162674769992e+04 nan nan nan nan nan nan
5.823726240335650073e+04 nan nan nan nan nan nan
5.822936277232639986e+04 nan 3.255558580822623413e-16 nan nan 2.229152627297669764e-16 nan
5.786411259569440153e+04 nan 3.416758201665958621e-16 nan nan 2.012854108261558093e-16 nan
5.771925203789350053e+04 nan 2.820339647705030034e-16 nan nan 1.583834570847034030e-16 nan
5.785705957910879806e+04 nan nan nan nan nan nan
5.827022465368059784e+04 nan nan nan nan nan nan
5.816135583026619861e+04 nan 2.744239317257718849e-16 nan nan 1.571137547056737701e-16 nan
5.794201711207180051e+04 nan nan nan nan nan nan
5.794201918894679693e+04 nan nan nan nan nan nan
5.832900381342590117e+04 nan 2.942433959523214191e-16 nan nan 2.053975409260503927e-16 nan
5.794902135501160228e+04 nan 3.270141860730886220e-16 nan nan 1.969013522527397660e-16 nan
5.823726035914350359e+04 nan nan nan nan nan nan
5.789498600013890245e+04 nan 2.981196237041068033e-16 nan nan 1.257964045366926467e-16 nan
5.777934543577550357e+04 nan 2.986620351130995145e-16 nan nan 1.793181355304169958e-16 nan
5.831410411701389967e+04 nan 2.840008872306843838e-16 nan nan 1.974952492600648120e-16 nan
5.819815770527780114e+04 nan 2.765866169512087869e-16 nan nan 1.584603901006473797e-16 nan
5.753021721699069894e+04 nan 2.826988213281724710e-16 nan nan 1.736763922077550418e-16 nan
5.814031824292820238e+04 nan 2.766115568145751163e-16 nan nan 1.464897890713400034e-16 nan
5.779424990355320188e+04 nan 3.276465663376038281e-16 nan nan 2.148763924367293733e-16 nan
5.822235540826390206e+04 nan 2.881270607553935768e-16 nan nan 1.837756100222816741e-16 nan
5.820533327646990074e+04 nan nan nan nan nan nan
5.805532454843750020e+04 nan nan nan nan nan nan
5.829517830981480074e+04 nan nan nan nan nan nan
5.787822169053240214e+04 nan 3.078900773951942530e-16 nan nan 1.315954938729962651e-16 nan
5.807036205874999723e+04 nan 3.161354631136564010e-16 nan nan 2.194288618877004197e-16 nan
5.769339011508099793e+04 nan nan nan nan nan nan
5.831410207297449961e+04 nan 2.834118948499950009e-16 nan nan 1.974906340887493610e-16 nan
5.832110434920139960e+04 nan nan nan nan nan nan
5.820533120576389774e+04 nan nan nan nan nan nan
5.814732389353009785e+04 nan 2.825710186026347564e-16 nan nan 1.654356571496594272e-16 nan
5.750803061267360317e+04 nan 2.674329811254383647e-16 nan nan 1.267382553058140913e-16 nan
5.776435913623840315e+04 nan 3.085016754050107812e-16 nan nan 1.759861479844202332e-16 nan
5.750802856400459859e+04 nan 2.657083354336562521e-16 nan nan 1.242617308765487417e-16 nan
5.819815560798609658e+04 nan 2.801217208204379620e-16 nan nan 1.611841507963890101e-16 nan
5.769338806991899764e+04 nan nan nan nan nan nan
5.781719053767360310e+04 nan 3.132005417448980443e-16 nan nan 1.739158489944221735e-16 nan
5.805532867262729997e+04 nan nan nan nan nan nan
5.817536914803239779e+04 nan nan nan nan nan nan
5.787822578078699735e+04 nan 3.064762854518160215e-16 nan nan 1.322632224694363387e-16 nan
5.814031412269680004e+04 nan 2.785196847130781199e-16 nan nan 1.484742266489344569e-16 nan
5.819022900959489925e+04 nan nan nan nan nan nan
5.806233210521990259e+04 nan 3.249819324537832077e-16 nan nan 2.361112053101469608e-16 nan
5.775723207074069796e+04 nan 2.943898545510645478e-16 nan nan 1.551608413666860739e-16 nan
5.780125410884260054e+04 nan 3.393408232920306053e-16 nan nan 2.363009461335878861e-16 nan
5.791098794153940253e+04 nan 3.029993786857000033e-16 nan nan 1.463222918488541280e-16 nan
5.771924791943289893e+04 nan 2.862692192985561813e-16 nan nan 1.660976703852122703e-16 nan
5.822935865428239777e+04 nan 3.251795476372307590e-16 nan nan 2.219036882403986834e-16 nan
5.830709796201389690e+04 nan 2.825722633476125156e-16 nan nan 1.912017633863183433e-16 nan
5.805532662721059751e+04 nan nan nan nan nan nan
5.794902547202550340e+04 nan 3.261800195729807207e-16 nan nan 1.932509603858664152e-16 nan
5.756912005475690239e+04 nan nan nan nan nan nan
5.758399447690969828e+04 nan nan nan nan nan nan
5.773335479246530303e+04 nan 2.961950090839514180e-16 nan nan 1.688339734784183864e-16 nan
5.790323556789349823e+04 nan nan nan nan nan nan
5.772634621746530320e+04 nan 2.845832878058089619e-16 nan nan 1.508478051328512038e-16 nan
5.807036410302080185e+04 nan 3.400603816663494244e-16 nan nan 2.512263853733349828e-16 nan
5.771136096131939848e+04 nan 7.232221226136003665e-16 nan nan 6.820018773398200141e-16 nan
5.793309119048609864e+04 nan 2.910597924003792214e-16 nan nan 1.354911426415808111e-16 nan
5.830710000846059847e+04 nan 2.852083340644894166e-16 nan nan 1.928079105167213247e-16 nan
5.822235336199070298e+04 nan 2.937364983746809904e-16 nan nan 1.870992770905165826e-16 nan
5.759101953285880154e+04 nan nan nan nan nan nan
5.824427479357639822e+04 nan 5.567687548873553961e-16 nan nan 5.221741801229205030e-16 nan
5.785705548473379895e+04 nan 7.099494541010030966e-16 nan nan 6.590564043892481700e-16 nan
5.818236926697919989e+04 nan 3.830888164618960214e-16 nan nan 3.031163434918904810e-16 nan
5.754707007224539848e+04 nan 2.433922618574008917e-16 nan nan 1.256054852418223358e-16 nan
5.789499009097219823e+04 nan 3.009312206357355766e-16 nan nan 1.253449860172880998e-16 nan
5.827022877195599722e+04 nan nan nan nan nan nan
5.807035998547449708e+04 nan 3.001951709769419691e-16 nan nan 1.957889801808707764e-16 nan
