5.758399242811340082e+04 nan nan nan nan nan nan
5.777234032824070164e+04 nan nan nan nan nan nan
5.816835994937500072e+04 nan nan nan nan nan nan
5.791098589741899923e+04 nan 4.725228840530483202e-16 nan nan 5.479766894641752640e-17 nan
5.830710000846059847e+04 nan 3.433987702084360266e-16 nan nan 4.786024881258808347e-17 nan
5.814031619839119958e+04 nan 3.890358713125899112e-16 nan nan 3.618964389194658842e-17 nan
5.777934543577550357e+04 nan 4.456880679997744481e-16 nan nan 5.165414788657547257e-17 nan
5.785705753340280353e+04 nan nan nan nan nan nan
5.755422042105319997e+04 nan 3.984461040548629955e-16 nan nan 1.884499388425883299e-16 nan
5.817536914803239779e+04 nan nan nan nan nan nan
5.819815560798609658e+04 nan 4.225595827584997430e-16 nan nan 4.541027983151048405e-17 nan
5.792505632480319764e+04 nan nan nan nan nan nan
5.794201711207180051e+04 nan nan nan nan nan nan
5.819815355579859897e+04 nan 4.307201380471682226e-16 nan nan 4.525118760867356838e-17 nan
5.824427891273149726e+04 nan 6.860607659098581754e-16 nan nan 4.492592090069170792e-16 nan
5.774122955451389862e+04 nan nan nan nan nan nan
5.832900381342590117e+04 nan 3.500212398500206204e-16 7.583635919714876284e-17 nan 5.523721154967339449e-17 5.634396983601067754e-17
5.789498600013890245e+04 nan 4.856227636583560425e-16 7.918576891634068566e-17 nan 3.701518893880128421e-17 3.671649914269875858e-17
5.781719053767360310e+04 nan 4.586218299127127493e-16 nan nan 4.757822076012181602e-17 nan
5.807036410302080185e+04 nan 4.297725413395299601e-16 nan nan 7.490329965232178755e-17 nan
5.751604215731479781e+04 nan 3.861102151827792072e-16 6.770795535301576603e-17 nan 3.216147332464101179e-17 3.377896607073054444e-17
5.778635548760420352e+04 nan 4.515835166638648215e-16 nan nan 4.439727348375732016e-17 nan
5.759101953285880154e+04 nan nan nan nan nan nan
5.750803268356480112e+04 nan 3.806343867479197673e-16 nan nan 3.121999204348741450e-17 nan
5.769131419668979652e+04 nan nan nan nan nan nan
5.811735631356480008e+04 nan 4.530686088144981926e-16 nan nan 3.797960727393355997e-17 nan
5.777233828069439915e+04 nan nan nan nan nan nan
5.791098384990740306e+04 nan 4.677853697075866174e-16 nan nan 5.273628070740927811e-17 nan
5.807925312800930260e+04 nan 4.251098282187190428e-16 7.557535255007521248e-17 nan 5.419483004389991670e-17 5.017180292143738243e-17
5.754707007224539848e+04 nan 3.598571985775289792e-16 nan nan 3.760223368571917167e-17 nan
5.807925724394679855e+04 nan 4.201693038468047298e-16 7.312080320818205079e-17 nan 5.307257368139438557e-17 4.829490930931928857e-17
5.809433617457179935e+04 nan nan nan nan nan nan
5.832900588675930339e+04 nan 3.498424941348642575e-16 7.637606726500511675e-17 nan 5.663458769705002906e-17 5.741578800955872201e-17
5.816835790402779821e+04 nan nan nan nan nan nan
5.824427479357639822e+04 nan 6.029341154303449884e-16 nan nan 3.879334266886415695e-16 nan
5.830709796201389690e+04 nan 3.457356656526317413e-16 nan nan 4.791847065123315836e-17 nan
5.790323764157410187e+04 nan nan nan nan nan nan
5.795602964086810243e+04 nan 4.768944951991827675e-16 nan nan 3.714411346961951648e-17 nan
5.771924999274309812e+04 nan 4.384714728760399697e-16 8.369160973897939000e-17 nan 5.186962110827774816e-17 5.317361065362917967e-17
5.811735423478009761e+04 nan 4.543700488914639773e-16 nan nan 3.872828910719098199e-17 nan
5.808635959826390172e+04 nan 4.077889685953357871e-16 8.146793055068053736e-17 nan 5.870941440273555159e-17 5.788400725165918810e-17
5.771136301688660024e+04 nan 4.232164469800198206e-16 1.257911479650220251e-16 nan 1.073074343256734577e-16 1.103250685943043947e-16
5.805532867262729997e+04 nan nan nan nan nan nan
5.822936072609949770e+04 nan 4.161821910804533699e-16 nan nan 7.013893410689361479e-17 nan
5.751604420141199807e+04 nan 3.869307468623218434e-16 6.812289180054589770e-17 nan 3.063695342783318474e-17 3.268157116640590367e-17
5.787822578078699735e+04 nan 5.134587282351541677e-16 nan nan 3.898559332389868445e-17 nan
5.825323209668979689e+04 nan 3.924184850738425095e-16 7.490928319182326029e-17 nan 4.578165599912186868e-17 4.722353030422456467e-17
5.752321720414349693e+04 nan 3.978404869689243264e-16 nan nan 1.476143865748685211e-16 nan
5.759101748648149805e+04 nan nan nan nan nan nan
5.829518035386569682e+04 nan nan nan nan nan nan
5.831410207297449961e+04 nan 3.414229127380165938e-16 nan nan 5.505020107116150706e-17 nan
5.827812689575229888e+04 nan 4.043315686529700775e-16 9.367813213031505810e-17 nan 7.061927633967090021e-17 7.270239976591185187e-17
5.781718846579860110e+04 nan 4.597148713592087599e-16 nan nan 4.774200511193426234e-17 nan
5.820533120576389774e+04 nan nan nan nan nan nan
5.808635755370370316e+04 nan 4.103543939428983821e-16 7.733368196318637263e-17 nan 5.235495781473510544e-17 5.145833259732917798e-17
5.812536191586810310e+04 nan 4.617984229920901685e-16 nan nan 5.213670614474045565e-17 nan
5.759899642730320193e+04 nan 3.419443507463097939e-16 6.587432972126946684e-17 nan 3.191380522761286836e-17 3.584118906033616267e-17
5.776436118144680222e+04 nan 4.690448395340736454e-16 nan nan 4.520047736144497613e-17 nan
5.795602759527780290e+04 nan 4.805534244043212338e-16 nan nan 3.785640420214264204e-17 nan
5.813236604783560324e+04 nan 4.100047559477773173e-16 7.110982443416755607e-17 nan 4.466442320779198108e-17 4.287951002267920432e-17
5.794201918894679693e+04 nan nan nan nan nan nan
5.806233414921299845e+04 nan 4.136688911442963633e-16 nan nan 7.356182895562432064e-17 nan
5.756209453456020128e+04 nan 3.490989289697860537e-16 7.068300923047911407e-17 nan 4.169750572193837495e-17 4.531495088724143058e-17
5.818236926697919989e+04 nan 4.204608619026101073e-16 1.191176357552829991e-16 nan 9.918424050732160504e-17 1.025215810876028371e-16
5.756209657984950172e+04 nan 3.476318459349281197e-16 7.066155614826120242e-17 nan 4.163494733992226294e-17 4.537656201610716784e-17
5.780125822796300054e+04 nan 4.275227159500559511e-16 9.687327462714755441e-17 nan 7.038061490521959186e-17 7.336321548934646630e-17
5.753021721699069894e+04 nan 4.075703152184087898e-16 9.283688509099955720e-17 nan 5.854275284203118849e-17 6.593927611286617028e-17
5.826023629657409765e+04 nan 9.470590859926053533e-16 nan nan 8.741618266222513873e-16 nan
5.831410411701389967e+04 nan 3.441210108374176845e-16 nan nan 5.578279297140395610e-17 nan
5.817536710152780142e+04 nan nan nan nan nan nan
5.794902135501160228e+04 nan 5.122614780353945673e-16 nan nan 6.554901822058216342e-17 nan
5.814031824292820238e+04 nan 3.877958193107788079e-16 nan nan 3.642991902362888836e-17 nan
5.753022130751160148e+04 nan 4.030530122403157777e-16 9.227508432740093680e-17 nan 5.816020397205579574e-17 6.570262733053053563e-17
5.769131833840280160e+04 nan nan nan nan nan nan
5.827022465368059784e+04 nan nan nan nan nan nan
5.775723621420140262e+04 nan 4.495204932458590773e-16 8.097206844121139051e-17 nan 4.161960829144670056e-17 4.362503475068171268e-17
5.823726240335650073e+04 nan nan nan nan nan nan
5.750802856400459859e+04 nan 3.819235643817983055e-16 nan nan 3.188546959116274201e-17 nan
5.819022900959489925e+04 nan nan nan nan nan nan
5.755421627608800191e+04 nan 4.775758077235915080e-16 nan nan 3.206980377218128689e-16 nan
5.771136096131939848e+04 nan 4.600137717360219032e-16 2.187211629180055065e-16 nan 2.048149753491453359e-16 2.101541854586482504e-16
5.796499293421299808e+04 nan 5.026177453486287766e-16 nan nan 1.574357451127230487e-16 nan
5.832110642223380273e+04 nan nan nan nan nan nan
5.822935865428239777e+04 nan 4.160513389836500802e-16 nan nan 6.879327461385907687e-17 nan
5.811735835869210132e+04 nan 4.544276285594184070e-16 nan nan 3.954629517184997529e-17 nan
5.826023217620370269e+04 nan 3.990881793398166803e-16 nan nan 1.273875892146799958e-16 nan
5.825323005146990181e+04 nan 3.948011043428001515e-16 7.540785872397607543e-17 nan 4.649143627717445723e-17 4.782087416417486723e-17
5.759899847901619796e+04 nan 3.398247742190908087e-16 6.709940487649666821e-17 nan 3.149885300709923145e-17 3.633376320550943422e-17
5.827022877195599722e+04 nan nan nan nan nan nan
5.759101543976849644e+04 nan nan nan nan nan nan
5.788727751406250172e+04 nan 5.590028608763167758e-16 nan nan 1.852370674486792624e-16 nan
5.807036205874999723e+04 nan 4.250388857296038964e-16 nan nan 6.462575914500844252e-17 nan
5.781719258413190255e+04 nan 4.573163137163270553e-16 nan nan 4.821274531857400434e-17 nan
5.819023105809029948e+04 nan nan nan nan nan nan
5.774123162674769992e+04 nan nan nan nan nan nan
5.813236809641199943e+04 nan 4.056332471361003906e-16 7.044014960711919254e-17 nan 4.469948334012945477e-17 4.279965095208781458e-17
5.806233003357639973e+04 nan 4.136977372860401265e-16 nan nan 7.903358928979366088e-17 nan
5.754707211745370296e+04 nan 3.591961821130973967e-16 nan nan 3.836798435598893986e-17 nan
5.786411259569440153e+04 nan 5.195175056753314601e-16 nan nan 5.302682260013957588e-17 nan
5.780936665247679775e+04 nan nan nan nan nan nan
5.793308914398150227e+04 nan 5.141115330902202133e-16 nan nan 5.295624574082205542e-17 nan
5.812536396336810139e+04 nan 4.620894263823641402e-16 nan nan 5.331328783593208736e-17 nan
5.818237350934030110e+04 nan 4.092400586850233111e-16 1.169209182159890825e-16 nan 9.922966663747985896e-17 1.013879949955475560e-16
5.773335686430559872e+04 nan 4.358176558298781500e-16 7.547502506233260042e-17 nan 4.430728858943864760e-17 4.350286851459100607e-17
5.787822373693290137e+04 nan 5.130866933863080300e-16 nan nan 3.860900485744306677e-17 nan
5.752321513501159643e+04 nan 3.830972256224231460e-16 nan nan 1.041400493569310109e-16 nan
5.823725831040510093e+04 nan nan nan nan nan nan
5.791804778619210265e+04 nan 4.966818692345228798e-16 nan nan 7.314405254168426204e-17 nan
5.789499009097219823e+04 nan 4.900303699267577454e-16 7.950788620026311635e-17 nan 3.415368030444243374e-17 3.424084270166649615e-17
5.789498804668980301e+04 nan 4.868482396054435604e-16 7.927296605194668312e-17 nan 3.725673689705895082e-17 3.686679279401603363e-17
5.786411054701390094e+04 nan 5.199043154404624975e-16 nan nan 5.260276058638277771e-17 nan
5.775723207074069796e+04 nan 4.393104834797882151e-16 7.893361818573078669e-17 nan 4.348729589278399780e-17 4.460672943842370437e-17
5.770135341181710100e+04 nan 4.008995277514250600e-16 nan nan 3.655873808999977805e-17 nan
5.777934750718750001e+04 nan 4.441159196347691860e-16 nan nan 5.072589119662358872e-17 nan
5.769131626776619669e+04 nan nan nan nan nan nan
5.805532662721059751e+04 nan nan nan nan nan nan
5.814031412269680004e+04 nan 3.917327002587116811e-16 nan nan 3.653208038574558752e-17 nan
5.774122674336809723e+04 nan nan nan nan nan nan
5.817536505616900104e+04 nan nan nan nan nan nan
5.828621623447920138e+04 nan nan nan nan nan nan
5.787822169053240214e+04 nan 5.104120513355759963e-16 nan nan 3.833117769175125140e-17 nan
5.780125618298610061e+04 nan 4.223947275107999331e-16 9.818576990438062537e-17 nan 7.111875070863227274e-17 7.507922211834971892e-17
5.792505839787040168e+04 nan nan nan nan nan nan
5.805532454843750020e+04 nan nan nan nan nan nan
5.827812278018520010e+04 nan 4.011297853014848998e-16 9.670881822412804043e-17 nan 7.401170858643582381e-17 7.672215341528773443e-17
5.822936277232639986e+04 nan 4.127734483461556465e-16 nan nan 7.030487899978613748e-17 nan
5.771924791943289893e+04 nan 4.429148575837864409e-16 8.768139803968441856e-17 nan 5.631734546704570867e-17 5.814759872897587738e-17
5.813237014164349966e+04 nan 4.061232134029415752e-16 7.142699383554689474e-17 nan 4.514621180557309318e-17 4.365073978139478603e-17
5.796499702621530014e+04 nan 7.071556254387742331e-16 nan nan 4.907857702777253901e-16 nan
5.796499498196759669e+04 nan 4.845881611530763950e-16 nan nan 1.079854740719600638e-16 nan
5.824427684101850173e+04 nan 6.874135481245831007e-16 nan nan 4.593856049714128233e-16 nan
5.827022672664350102e+04 nan nan nan nan nan nan
5.831410002775459725e+04 nan 3.464320010060763445e-16 nan nan 5.543801533344120706e-17 nan
5.832110434920139960e+04 nan nan nan nan nan nan
5.778635344240740233e+04 nan 4.510430666517039166e-16 nan nan 4.450705379637952549e-17 nan
5.790323971211809840e+04 nan nan nan nan nan nan
5.822235129023149784e+04 nan 4.156061243479993328e-16 nan nan 5.846809142319610288e-17 nan
5.775723414351850079e+04 nan 4.531677500773577085e-16 8.131684627016801433e-17 nan 4.267170585723411131e-17 4.434924284742938933e-17
5.774928569214120216e+04 nan 4.522110187765650092e-16 7.954319546816408420e-17 nan 4.517696497087357846e-17 4.521542117958837390e-17
5.786411466642360028e+04 nan 5.209347309797239303e-16 nan nan 5.419100272472436870e-17 nan
5.818237133792819805e+04 nan 4.080378583235495462e-16 1.140219595439246717e-16 nan 9.468395619210926485e-17 9.769946180831029144e-17
5.807035998547449708e+04 nan 4.139413828117297017e-16 nan nan 5.943148935563500739e-17 nan
5.772634212504629977e+04 nan 4.252112983985149120e-16 nan nan 3.730742713703177046e-17 nan
5.780125410884260054e+04 nan 4.183551791726901012e-16 1.011651007481583398e-16 nan 7.428007068424516300e-17 7.909329549592786560e-17
5.793309119048609864e+04 nan 5.110101556970479153e-16 nan nan 5.119533109866816064e-17 nan
5.829517830981480074e+04 nan nan nan nan nan nan
5.794902342686340126e+04 nan 4.996769423033492277e-16 nan nan 6.352994778959080476e-17 nan
5.753021926346060354e+04 nan 4.078834884559893184e-16 9.307074486654314060e-17 nan 5.838222911345879193e-17 6.597880280658967696e-17
5.750803061267360317e+04 nan 3.853928458434480262e-16 nan nan 3.231255885769145420e-17 nan
5.832110846770829812e+04 nan nan nan nan nan nan
5.788727339337959711e+04 nan 5.361073692624934749e-16 nan nan 1.217043636840815883e-16 nan
5.814732594024309947e+04 nan 3.904187603728790863e-16 6.930781490866684066e-17 nan 4.296061150079616924e-17 4.211362808041325671e-17
5.769338602006940346e+04 nan 5.135041287839452843e-16 4.051229263428845551e-16 nan 3.672241147733532391e-16 4.008854676949345996e-16
5.770134931630789652e+04 nan 4.042355630770952851e-16 nan nan 3.762177118749740124e-17 nan
5.776435913623840315e+04 nan 4.661447749989297579e-16 nan nan 4.469892985701377734e-17 nan
5.815434747914350010e+04 nan 4.459972649526073558e-16 nan nan 2.295568760798117372e-16 nan
5.780937075761570304e+04 nan nan nan nan nan nan
5.788727544106479763e+04 nan 5.256028057155664473e-16 nan nan 1.008530424401859865e-16 nan
5.825322797965280188e+04 nan 3.930858296162456014e-16 7.528831156119108991e-17 nan 4.607456178833710347e-17 4.760139726472582851e-17
5.829517626560189819e+04 nan nan nan nan nan nan
5.774928157427079714e+04 nan 4.612397364481631658e-16 8.349442139508758815e-17 nan 4.800208765561375021e-17 4.879667851608395002e-17
5.759899435380790237e+04 nan 3.400826031723409933e-16 6.256098123387175926e-17 nan 3.340963998179134647e-17 3.527986717351494703e-17
5.820533327646990074e+04 nan nan nan nan nan nan
5.794202124114579783e+04 nan nan nan nan nan nan
5.792506044400460087e+04 nan nan nan nan nan nan
5.771925203789350053e+04 nan 4.302760827454289531e-16 8.249036388600148761e-17 nan 5.003959206487451331e-17 5.187385156232934303e-17
5.832900795686340280e+04 nan 3.464522719523632678e-16 7.656434515084751051e-17 nan 5.811191490778537423e-17 5.846580420870174380e-17
5.816135163695600204e+04 nan 3.773972396852010947e-16 nan nan 4.128210435058423041e-17 nan
5.785705957910879806e+04 nan nan nan nan nan nan
5.822235336199070298e+04 nan 4.244437889101503092e-16 nan nan 5.911422380890638050e-17 nan
5.770135136431710271e+04 nan 4.015827659966336096e-16 nan nan 3.729282807285471065e-17 nan
5.769339011508099793e+04 nan nan nan nan nan nan
5.769338806991899764e+04 nan nan nan nan nan nan
5.806233210521990259e+04 nan 4.143897223983317202e-16 nan nan 7.540587730960788249e-17 nan
5.776435706200230197e+04 nan 4.626251076450948696e-16 nan nan 4.398237039758044226e-17 nan
5.779424990355320188e+04 nan 4.780504852221127209e-16 nan nan 6.792112467948810371e-17 nan
5.778635136835650337e+04 nan 4.552000933393936232e-16 nan nan 4.630795756037861749e-17 nan
5.820532913385419670e+04 nan nan nan nan nan nan
5.785705548473379895e+04 nan 5.398556607810728293e-16 2.279908269452823613e-16 nan 2.117338076670735866e-16 2.160425762212927706e-16
5.755421834906250297e+04 nan 3.582030288701597168e-16 nan nan 1.481302582133565440e-16 nan
5.751604011126160185e+04 nan 3.842807156123541887e-16 7.015387383376748411e-17 nan 3.791891149343143787e-17 3.963341246353212342e-17
5.827812482775459648e+04 nan 4.025616045727379796e-16 9.328315154441612423e-17 nan 6.945725533952678113e-17 7.203681505610011658e-17
5.779425399725689931e+04 nan 4.726743886347155180e-16 nan nan 6.651747468024400094e-17 nan
5.814732389353009785e+04 nan 3.934789126753635176e-16 6.999675096838751273e-17 nan 4.363749263586381318e-17 4.274799437244302636e-17
5.809433412939820118e+04 nan nan nan nan nan nan
5.795602554311339918e+04 nan 4.849797096756412975e-16 nan nan 3.784660634434699598e-17 nan
5.816835585621529754e+04 nan nan nan nan nan nan
5.815435159636569733e+04 nan 3.843749583721881513e-16 nan nan 1.354682410637647378e-16 nan
5.756911800738429883e+04 nan nan nan nan nan nan
5.816135583026619861e+04 nan 3.724190590308305546e-16 nan nan 3.898362895448288526e-17 nan
5.791804983322919725e+04 nan 4.911876758111687327e-16 nan nan 5.692113729408402079e-17 nan
5.794902547202550340e+04 nan 5.010430169279513039e-16 nan nan 6.307426613874500236e-17 nan
5.819022696206020191e+04 nan nan nan nan nan nan
5.830709591488430306e+04 nan 3.429931418610239036e-16 nan nan 4.672571889658618640e-17 nan
5.816135376030090265e+04 nan 3.744649250097473876e-16 nan nan 3.969411342578279284e-17 nan
5.812536600854169956e+04 nan 4.664634536827547947e-16 nan nan 5.474730715495243118e-17 nan
5.756209248620369908e+04 nan 3.457076931118401949e-16 7.008026951966541503e-17 nan 4.188457496353670850e-17 4.531136282800897269e-17
5.823726035914350359e+04 nan nan nan nan nan nan
5.809433205741900019e+04 nan nan nan nan nan nan
5.780936871119210264e+04 nan nan nan nan nan nan
5.758399652326390060e+04 nan nan nan nan nan nan
5.777234237812500214e+04 nan nan nan nan nan nan
5.777934957790510089e+04 nan 4.468093502674494608e-16 nan nan 5.181620629138955546e-17 nan
5.793309323693290207e+04 nan 5.065164366406097483e-16 nan nan 5.023924922985553795e-17 nan
5.771135891380789690e+04 nan nan nan nan nan nan
5.772634621746530320e+04 nan 4.160322216482866730e-16 nan nan 3.818344815861277802e-17 nan
5.756912005475690239e+04 nan nan nan nan nan nan
5.826023422604169900e+04 nan 8.126309810415916007e-16 nan nan 7.357452182881538369e-16 nan
5.773335891081020236e+04 nan 4.356505248118250636e-16 7.717592101242526784e-17 nan 4.731232356843982864e-17 4.650797795582265617e-17
5.752321306202549749e+04 nan 4.208586508056434238e-16 nan nan 2.007443654779953629e-16 nan
5.822235540826390206e+04 nan 4.100613289354815699e-16 nan nan 5.764845322343872783e-17 nan
5.790323556789349823e+04 nan nan nan nan nan nan
5.773335479246530303e+04 nan 4.376703889209520739e-16 7.488865579957185218e-17 nan 4.259076182526285978e-17 4.184683694583104505e-17
5.772634417016200314e+04 nan 4.209546897122237493e-16 nan nan 3.872538527822063020e-17 nan
5.819815770527780114e+04 nan 4.162300778261444802e-16 nan nan 4.181584105035263315e-17 nan
5.808635550745369983e+04 nan 4.093127301963616201e-16 7.515055916120148396e-17 nan 4.828684553111267062e-17 4.771626668516351579e-17
5.791805190278939699e+04 nan 4.927517825881951861e-16 nan nan 4.595403403857501419e-17 nan
5.791098794153940253e+04 nan 4.739610269550234572e-16 nan nan 4.887200940930847431e-17 nan
5.756912210134259658e+04 nan nan nan nan nan nan
5.814732800942129688e+04 nan 3.915541421898147309e-16 6.871490879514974147e-17 nan 4.119812706523637201e-17 4.052021767240173695e-17
5.815434955232639913e+04 nan 3.960825066775862383e-16 nan nan 1.699464905609212934e-16 nan
5.758399447690969828e+04 nan nan nan nan nan nan
5.754706797363430087e+04 nan 3.640741062081395080e-16 nan nan 3.894293290123846373e-17 nan
5.807925519999999960e+04 nan 4.196261446280122268e-16 7.391598986080449070e-17 nan 5.334446258292064463e-17 4.900298750002036814e-17
5.779425195087960310e+04 nan 4.762658023684116041e-16 nan nan 6.807505805987572719e-17 nan
5.774928362151620240e+04 nan 4.488678241908633303e-16 7.883633986684971688e-17 nan 4.408291677930233283e-17 4.427349270338844114e-17
