5.794202174499999819e+04 nan nan nan nan nan nan
5.758399705600000016e+04 1.097224894722476850e-16 1.262155128350565923e-16 nan 8.675071590213805151e-18 1.611627805576792336e-17 nan
5.820533380400000169e+04 1.506238462758452455e-16 1.722633603805577411e-16 nan 1.303210008237038145e-17 2.842729748895008651e-17 nan
5.792506100400000287e+04 1.725555868588664321e-16 1.921741431514130533e-16 nan 1.097823470074603057e-17 2.290323260841198352e-17 nan
5.772634675399999833e+04 1.240245009393763499e-16 1.436889745800275733e-16 1.371486845419153356e-16 1.033012013519898911e-17 2.081151798332207014e-17 1.244228860604055245e-17
5.806233470400000078e+04 1.636972625107298172e-16 2.050633918647523555e-16 1.883687845429411050e-16 1.188821771423649305e-17 3.008627121553319302e-17 1.579958120064596265e-17
5.781719312199999695e+04 1.474363005414410042e-16 1.711662451890553618e-16 1.640636438898666480e-16 1.285427883618383064e-17 2.851414828952929750e-17 1.616961757273412540e-17
5.814031880200000160e+04 1.559796875872989760e-16 1.811838119738701280e-16 1.703045376287553604e-16 1.166636954509825356e-17 2.555663315171177497e-17 1.427762377078044877e-17
5.812536633666999842e+04 1.555887618222393369e-16 1.675570874370879355e-16 nan 1.359161973314252331e-17 2.797334738049836074e-17 nan
5.774928621600000042e+04 1.329227336335989135e-16 nan nan 1.091082101879921587e-17 nan nan
5.754707267400000273e+04 1.140378113036293527e-16 1.284739030128038460e-16 nan 9.229244948906323262e-18 1.701038352668365575e-17 nan
5.809433671799999865e+04 1.592247412036839904e-16 1.821878413150738780e-16 nan 1.158055379800779793e-17 2.513839490629055321e-17 nan
5.773335945999999967e+04 1.294008945423751121e-16 nan nan 1.071197219424635087e-17 nan nan
5.756912264600000344e+04 1.152551177645186100e-16 1.319262749478876624e-16 nan 1.145735874139341823e-17 2.212570323289826712e-17 nan
5.793309379199999967e+04 1.741326979054121990e-16 1.982914202402734528e-16 nan 1.171723448720685362e-17 2.556128549432684503e-17 nan
5.789499064199999702e+04 1.629475114485816267e-16 nan nan 1.019032081863776959e-17 nan nan
5.771925258400000166e+04 1.226448479950446290e-16 nan nan 1.078557615577514422e-17 nan nan
5.775723675499999808e+04 nan nan nan nan nan nan
5.822235595399999875e+04 1.471508471315579833e-16 1.703079547573367702e-16 nan 1.313751583431885927e-17 2.901182677679238838e-17 nan
5.776436173199999757e+04 1.402434207773471229e-16 1.618417624253226413e-16 nan 1.154376680663620920e-17 2.452716073169525948e-17 nan
5.805532922400000098e+04 1.664095567243754235e-16 nan nan 1.210446539250597014e-17 nan nan
5.811735889599999791e+04 1.557325568756681173e-16 1.778049445145458675e-16 nan 1.198193938170808179e-17 2.584573391448595858e-17 nan
5.816135636199999863e+04 1.528436994511342569e-16 1.770654736436350613e-16 1.679774474145582645e-16 1.214204321318598148e-17 2.675406409832147917e-17 1.502188942429845765e-17
5.808636015600000246e+04 1.571753803188443306e-16 nan nan 1.108562742971633926e-17 nan nan
5.829518090400000074e+04 1.371888098970324601e-16 1.602731307029645456e-16 nan 1.300264513691807914e-17 2.809074869800962746e-17 nan
5.780937131200000294e+04 nan nan nan nan nan nan
5.817536970000000292e+04 1.544439363926171349e-16 1.794698477246237432e-16 nan 1.290572250546002026e-17 2.892825498567699998e-17 nan
5.759899903600000107e+04 1.129354892047028433e-16 nan nan 8.912885948767544513e-18 nan nan
5.769339066399999865e+04 1.140495144636044753e-16 nan nan 9.691905997972941958e-18 nan nan
5.779425455399999919e+04 1.438952852285535069e-16 1.674103706286087182e-16 nan 1.212547755471402278e-17 2.634944388933536231e-17 nan
5.774123215599999821e+04 1.315293322449476234e-16 1.552872199382588522e-16 nan 1.179704683950144929e-17 2.577745531610768482e-17 nan
5.795603018600000360e+04 1.726390943273491491e-16 1.984885093513670773e-16 nan 1.162734652475970545e-17 2.579133611204746123e-17 nan
5.825323264000000199e+04 1.432683961561640356e-16 1.676241477087892140e-16 nan 1.228082270491152814e-17 2.680164270975431755e-17 nan
5.831410467200000130e+04 1.381953893843754385e-16 1.630433814517904128e-16 nan 1.248942481935433872e-17 2.735137709416890044e-17 nan
5.818237404399999650e+04 1.529932062626074386e-16 nan nan 1.225753621956455460e-17 nan nan
5.816836050399999658e+04 nan nan nan nan nan nan
5.813237073999999848e+04 nan nan nan nan nan nan
5.777234281500000361e+04 1.393355834053574616e-16 1.677255263083891500e-16 nan 1.217752121081003208e-17 2.753432056308178607e-17 nan
5.788727804399999877e+04 1.638933638937372091e-16 1.859432064918764974e-16 1.803747592141784192e-16 2.301490457057365135e-17 5.288678931256614602e-17 2.951887907009667665e-17
5.751604474399999890e+04 1.123249702554848921e-16 nan nan 8.572931567715637598e-18 nan nan
5.753022185000000172e+04 1.157490280348895625e-16 nan nan 9.192969126681664418e-18 nan nan
5.830710055599999760e+04 1.408282995207423710e-16 1.672486758014700313e-16 nan 1.269060423476166860e-17 2.829947433731249795e-17 nan
5.752321772999999666e+04 1.194650623422342514e-16 1.456839243472742421e-16 1.350886799467511327e-16 3.001703279861465223e-17 6.449509951812892106e-17 3.751169687644793057e-17
5.824427943799999775e+04 1.470157611126374942e-16 1.623357735417303059e-16 nan 1.335350757087193631e-17 2.688483444041205391e-17 nan
5.787822632400000293e+04 1.618198712310437790e-16 1.895020992762765125e-16 1.846037620281429186e-16 9.992393220050219253e-18 2.192782247048064653e-17 1.300486611679471704e-17
5.807925779399999738e+04 1.604577792999082847e-16 nan 1.738096084846230299e-16 1.194966044371792416e-17 nan 1.451048145607143512e-17
5.780125876599999901e+04 1.446207598529166203e-16 nan nan 1.255977768891431051e-17 nan nan
5.822936331800000335e+04 1.468448463536627087e-16 1.686755956146644833e-16 nan 1.363728540685889632e-17 2.953016495696685220e-17 nan
5.814732854000000225e+04 1.542315282403307884e-16 nan nan 1.202376886465215973e-17 nan nan
5.791098849599999812e+04 1.682455548829649995e-16 1.877592335973915131e-16 1.850529805261617685e-16 1.106314037142830536e-17 2.291551966929736184e-17 1.378664063014292541e-17
5.810934593000000314e+04 1.572734283323448055e-16 1.786597216971678049e-16 1.682099735430439002e-16 1.222126002568790193e-17 2.620436966520325774e-17 1.459180967761177438e-17
5.827812742399999843e+04 nan nan nan nan nan nan
5.815435213400000066e+04 nan nan nan nan nan nan
5.756209713000000193e+04 1.149813915880254855e-16 nan nan 9.429565321390623760e-18 nan nan
5.790324025799999799e+04 1.660186298826404077e-16 1.884262204068051433e-16 nan 1.243817527776466132e-17 2.687887512852359239e-17 nan
5.791805243000000337e+04 1.726538716388258160e-16 1.987636985320665243e-16 1.931975109440114237e-16 1.408940029183869276e-17 3.249994847028873973e-17 1.832684727301358002e-17
5.778635604199999943e+04 1.437710875752332638e-16 1.672498728377488287e-16 nan 1.183940079042686533e-17 2.551600944028339552e-17 nan
5.794902591750000283e+04 1.744172975272069998e-16 1.972526096622562774e-16 nan 1.460507901280968867e-17 3.270884302597987841e-17 nan
5.755422095200000331e+04 1.129536971090710950e-16 1.318520826205493675e-16 1.312586776748353938e-16 2.148814382278771223e-17 4.346024372042417551e-17 2.761711908091057487e-17
5.807036465799999860e+04 1.621618605013369728e-16 1.933884421115863445e-16 nan 1.160929077693523326e-17 2.718610324565285494e-17 nan
5.770135396400000172e+04 1.158961775760129534e-16 1.357907611564626125e-16 nan 1.009832067137132919e-17 2.034482098525483722e-17 nan
5.771136364332999801e+04 1.217766761034551197e-16 nan nan 1.541195470574266399e-17 nan nan
5.786411510249999992e+04 nan nan nan nan nan nan
5.819023160400000052e+04 1.511054908259382824e-16 1.720887345926808744e-16 nan 1.275861398187230318e-17 2.747269647017931942e-17 nan
5.819815802666999662e+04 nan nan nan nan nan nan
