5.771122439228009898e+04 nan nan nan nan nan nan
5.797027938540509786e+04 nan nan nan nan nan nan
5.805024026468749798e+04 nan 7.474622295130109335e-16 nan nan 2.388676864723288565e-16 nan
5.753429294650460361e+04 nan nan nan nan nan nan
5.808622070533560327e+04 nan nan nan nan nan nan
5.834437296673609671e+04 nan nan nan nan nan nan
5.823926595738429751e+04 nan nan nan nan nan nan
5.775210909396989882e+04 nan 5.565671980766510121e-16 nan nan 7.775764323249245316e-17 nan
5.759342219388890226e+04 nan nan nan nan nan nan
5.824428524973380263e+04 nan nan nan nan nan nan
5.806222562383100012e+04 nan nan nan nan nan nan
5.785732096162039670e+04 nan nan nan nan nan nan
5.754629907357640332e+04 nan nan nan nan nan nan
5.755039775870370067e+04 nan 2.159214359003440537e-15 nan nan 5.342188044128698097e-16 nan
5.833127475625000079e+04 nan 5.120050566875000038e-16 nan nan 8.228780146613858538e-17 nan
5.752032425738430175e+04 nan nan nan nan nan nan
5.757335886174769985e+04 nan nan nan nan nan nan
5.773614109170140000e+04 nan nan nan nan nan nan
5.754629702839120000e+04 nan nan nan nan nan nan
5.802104939627309795e+04 nan 5.224909371881224259e-16 nan nan 7.940598796154142614e-17 nan
5.807123806574069749e+04 nan nan nan nan nan nan
5.761624100755790278e+04 nan 5.200308305506433908e-16 nan nan 8.891633564502643448e-17 nan
5.790637585583329928e+04 nan 5.601685558028862139e-16 nan nan 5.399596589764133736e-17 nan
5.804723807749999833e+04 nan nan nan nan nan nan
5.753429499166669848e+04 nan nan nan nan nan nan
5.828425889914349682e+04 nan nan nan nan nan nan
5.796527198114580096e+04 nan nan nan nan nan nan
5.802105348754629813e+04 nan 5.242021922830004556e-16 nan nan 8.055282817305491009e-17 nan
5.828824002586810093e+04 nan nan nan nan nan nan
5.760642632716440130e+04 nan 6.208615829755049479e-16 nan nan 7.449225740620291372e-17 nan
5.787636561278929730e+04 nan nan nan nan nan nan
5.762618919959489722e+04 nan nan nan nan nan nan
5.762318700912039640e+04 nan nan nan nan nan nan
5.763231162777780264e+04 nan nan nan nan nan nan
5.757636109031250089e+04 nan 5.486578734067863550e-16 nan nan 5.221311814364771165e-17 nan
5.787323558943290118e+04 nan nan nan nan nan nan
5.827427001928239770e+04 nan 5.665173684675868730e-16 nan nan 1.031185875737677220e-16 nan
5.751622588629629900e+04 nan nan nan nan nan nan
5.762929076252310188e+04 nan nan nan nan nan nan
5.799617709755789838e+04 nan nan nan nan nan nan
5.829733242995369801e+04 nan 5.327911025606117573e-16 nan nan 1.014909043558214191e-16 nan
5.800711510732639726e+04 nan nan nan nan nan nan
5.771422651776619750e+04 nan nan nan nan nan nan
5.828426096879629767e+04 nan nan nan nan nan nan
5.832431320015050005e+04 nan nan nan nan nan nan
5.801012141791670001e+04 nan 5.252298527523982989e-16 nan nan 5.034068250876590465e-17 nan
5.795434915491900028e+04 nan 5.371449141770911580e-16 nan nan 6.878989939040608168e-17 nan
5.751128002734950132e+04 nan nan nan nan nan nan
5.834136940956019680e+04 nan nan nan nan nan nan
5.758430269878469699e+04 nan 5.145160654322664355e-16 nan nan 5.009445923852050817e-17 nan
5.832431525006939773e+04 nan nan nan nan nan nan
5.762619330261569849e+04 nan nan nan nan nan nan
5.760041916413189756e+04 nan nan nan nan nan nan
5.808221126275460119e+04 nan nan nan nan nan nan
5.808221538364580192e+04 nan nan nan nan nan nan
5.762318905652780086e+04 nan nan nan nan nan nan
5.758430476832180284e+04 nan 5.156999852532203874e-16 nan nan 5.059252712949462696e-17 nan
5.797328561118060315e+04 nan nan nan nan nan nan
5.796526993535880320e+04 nan nan nan nan nan nan
5.805629039309029758e+04 nan 6.039809942500215786e-16 nan nan 9.756582327453298590e-17 nan
5.833428754302080051e+04 nan nan nan nan nan nan
5.802708766583329998e+04 nan nan nan nan nan nan
5.794228652329860051e+04 nan nan nan nan nan nan
5.760643043196760118e+04 nan 6.143194108095212699e-16 nan nan 7.618755358877823688e-17 nan
5.824428320671300025e+04 nan nan nan nan nan nan
5.823538053755790315e+04 nan 4.559795419859771983e-16 nan nan 1.294335678198449246e-16 nan
5.831336456532409647e+04 nan 5.653694952284562351e-16 nan nan 7.948584875791467238e-17 nan
5.751622383775460185e+04 nan nan nan nan nan nan
5.769427222827549849e+04 nan nan nan nan nan nan
5.809417043305560219e+04 nan 5.928312577383892114e-16 nan nan 1.072748935723730870e-16 nan
5.762928869053239760e+04 nan nan nan nan nan nan
5.757335477071759669e+04 nan nan nan nan nan nan
5.761321910018519702e+04 nan nan nan nan nan nan
5.807124218600690074e+04 nan nan nan nan nan nan
5.793328153189810109e+04 nan 6.648300793948056183e-16 nan nan 9.899488421721794876e-17 nan
5.800314683020830125e+04 nan 5.630328384019866967e-16 nan nan 1.093370815562836165e-16 nan
5.761322332181710226e+04 nan nan nan nan nan nan
5.760342418274310330e+04 nan nan nan nan nan nan
5.834437502118059638e+04 nan nan nan nan nan nan
5.801011937150460290e+04 nan 5.124221084440296158e-16 nan nan 4.952105657763341133e-17 nan
5.761623896099539706e+04 nan 5.188530159481459139e-16 nan nan 8.646928695258781838e-17 nan
5.831828703347220289e+04 nan 6.596930684189531570e-16 nan nan 1.100494795261100077e-16 nan
5.772421063494210102e+04 nan nan nan nan nan nan
5.829430911765049677e+04 nan nan nan nan nan nan
5.799317696175930178e+04 nan 5.290012190130974327e-16 nan nan 5.123604770579043848e-17 nan
5.793327861822919658e+04 nan 6.687410043161537500e-16 nan nan 1.015095605581853938e-16 nan
5.774910491856480076e+04 nan nan nan nan nan nan
5.807822860027779825e+04 nan nan nan nan nan nan
5.760943263361109712e+04 nan 6.030263331081086428e-16 nan nan 7.841855823699370859e-17 nan
5.798637001756940299e+04 nan nan nan nan nan nan
5.828823795074070222e+04 nan nan nan nan nan nan
5.757636313547450118e+04 nan 5.499465656198731137e-16 nan nan 5.273841706285997977e-17 nan
5.823538261229170166e+04 nan nan nan nan nan nan
5.755426493841440242e+04 nan 5.381299055840699982e-16 nan nan 9.601367439729377396e-17 nan
5.752333383954859892e+04 nan nan nan nan nan nan
5.806823805357640231e+04 nan nan nan nan nan nan
5.769427429901620053e+04 nan nan nan nan nan nan
5.801708028812499833e+04 nan 5.348446429558070672e-16 nan nan 5.133783505142049400e-17 nan
5.834737719356479647e+04 nan 5.687705322087140706e-16 nan nan 7.608098631099610879e-17 nan
5.834822258515049907e+04 nan 5.221318457031947812e-16 nan nan 9.413760156733900860e-17 nan
5.800711715050930070e+04 nan nan nan nan nan nan
5.805628832104169851e+04 nan 6.077168562183348437e-16 nan nan 9.829860896409455102e-17 nan
5.758430065474539879e+04 nan 5.134052516822067940e-16 nan nan 5.053650500895678043e-17 nan
5.811810339833330363e+04 nan 5.770799552560851643e-16 nan nan 1.268553673905109631e-16 nan
5.791635771358799684e+04 nan nan nan nan nan nan
5.835129008620369859e+04 nan nan nan nan nan nan
5.832128978122679837e+04 nan 5.859038965624976862e-16 nan nan 9.996469643023267189e-17 nan
5.790938211894679989e+04 nan nan nan nan nan nan
5.811209092512729694e+04 nan nan nan nan nan nan
5.829430707340280060e+04 nan nan nan nan nan nan
5.774215002598379942e+04 nan nan nan nan nan nan
5.756640813357639854e+04 nan 5.776916642586598998e-16 nan nan 6.524956090942368151e-17 nan
5.811809930796299886e+04 nan 5.741407921207035011e-16 nan nan 1.229781419503060601e-16 nan
5.756941031233799731e+04 nan nan nan nan nan nan
5.759342423879630223e+04 nan nan nan nan nan nan
5.827123576915510057e+04 nan 3.912403200235842932e-16 nan nan 8.767027845028254370e-17 nan
5.759727180795140157e+04 nan 5.177733005854064081e-16 nan nan 1.041337591043092622e-16 nan
5.829127869806710078e+04 nan nan nan nan nan nan
5.795825764436340251e+04 nan nan nan nan nan nan
5.805024438494210335e+04 nan 6.996357746311885317e-16 nan nan 9.336964242207797580e-17 nan
5.770322185409720259e+04 nan nan nan nan nan nan
5.758735471921299904e+04 nan 5.406501956313393686e-16 nan nan 1.416719712839793529e-16 nan
5.750823888879630249e+04 nan nan nan nan nan nan
5.832129390026620240e+04 nan 5.624587272314575533e-16 nan nan 1.087079063495718134e-16 nan
5.795132316312500188e+04 nan 6.080813796465589183e-16 nan nan 7.410722642299215933e-17 nan
5.834437706734950189e+04 nan nan nan nan nan nan
5.771122646682870254e+04 nan nan nan nan nan nan
5.770725116266200348e+04 nan nan nan nan nan nan
5.770016469395830063e+04 nan 8.592578531866906736e-16 nan nan 1.389379549569266602e-16 nan
5.792224023196759663e+04 nan nan nan nan nan nan
5.772021178789350233e+04 nan nan nan nan nan nan
5.787636768714120262e+04 nan nan nan nan nan nan
5.771423062320600002e+04 nan nan nan nan nan nan
5.750823479354169831e+04 nan nan nan nan nan nan
5.796226476614580315e+04 nan nan nan nan nan nan
5.770724706540509942e+04 nan nan nan nan nan nan
5.756133432156249910e+04 nan 5.439039466815509950e-16 nan nan 7.442723716803765561e-17 nan
5.770724911196759786e+04 nan nan nan nan nan nan
5.832827059204859688e+04 nan 5.342085460982284103e-16 nan nan 1.417831690078037915e-16 nan
5.760342213885419915e+04 nan nan nan nan nan nan
5.831035831250000047e+04 nan 5.920348666258151984e-16 nan nan 9.012377956577175671e-17 nan
5.806523176767359837e+04 nan nan nan nan nan nan
5.774603562748840341e+04 nan nan nan nan nan nan
5.795434710633099894e+04 nan 5.335221040763227221e-16 nan nan 6.838843300239203245e-17 nan
5.806823600857640122e+04 nan nan nan nan nan nan
5.759041060892360110e+04 nan 5.897932663719210844e-16 nan nan 2.484153032819494082e-16 nan
5.827123162187499838e+04 nan 3.966461784348892097e-16 nan nan 9.161162150998667837e-17 nan
5.774214593089120171e+04 nan nan nan nan nan nan
5.790637790084489825e+04 nan 5.606000900006784811e-16 nan nan 5.310678552458826302e-17 nan
5.832827470641199761e+04 nan 5.380366092544510898e-16 nan nan 1.449394037877366931e-16 nan
5.772421270884259866e+04 nan nan nan nan nan nan
5.795132111849539797e+04 nan 6.026763947907776418e-16 nan nan 7.378364438063343805e-17 nan
5.773613697483800206e+04 nan nan nan nan nan nan
5.800014462671300134e+04 nan 5.338266855969542633e-16 nan nan 9.111162512287709756e-17 nan
5.826534876859949873e+04 nan nan nan nan nan nan
5.811509719284719904e+04 nan nan nan nan nan nan
5.832431115395829693e+04 nan nan nan nan nan nan
5.830734518155090336e+04 nan nan nan nan nan nan
5.807520775504630001e+04 nan 5.898824785451555815e-16 nan nan 7.723286496228768012e-17 nan
5.759342014512729656e+04 nan nan nan nan nan nan
5.801011732460650092e+04 nan 5.118372583685543468e-16 nan nan 4.947685927624736295e-17 nan
5.831336047291669820e+04 nan 5.614214269044954097e-16 nan nan 8.073911494739602399e-17 nan
5.833127687896989664e+04 nan 5.185160434522864729e-16 nan nan 8.550389140322120399e-17 nan
5.822336692063660303e+04 nan 5.644106280450305275e-16 nan nan 7.526399806662509095e-17 nan
5.827123369481480040e+04 nan nan nan nan nan nan
5.798637413616899721e+04 nan nan nan nan nan nan
5.833428344784719957e+04 nan nan nan nan nan nan
5.770322392438659881e+04 nan nan nan nan nan nan
5.755737465321760101e+04 nan 5.238761846029664459e-16 nan nan 5.681765991144447806e-17 nan
5.760041507263889798e+04 nan nan nan nan nan nan
5.807124011413189874e+04 nan nan nan nan nan nan
5.773313491203699959e+04 nan nan nan nan nan nan
5.830734313171300164e+04 nan nan nan nan nan nan
5.798009717217589787e+04 nan 5.458212924669039585e-16 nan nan 5.786156430346370862e-17 nan
5.811509514637730172e+04 nan nan nan nan nan nan
5.834136736096059758e+04 nan nan nan nan nan nan
5.792526005879630247e+04 nan nan nan nan nan nan
5.791636182935190300e+04 nan nan nan nan nan nan
5.755426286537040141e+04 nan 5.415973280338296223e-16 nan nan 9.242859695182082686e-17 nan
5.755039358618060214e+04 nan 2.185940999101569071e-15 nan nan 5.572705859522499478e-16 nan
5.825840302037040237e+04 nan nan nan nan nan nan
5.760041711899310030e+04 nan nan nan nan nan nan
5.793628368734950345e+04 nan nan nan nan nan nan
5.799017272325229715e+04 nan nan nan nan nan nan
5.752032221108800150e+04 nan nan nan nan nan nan
5.787323970866900345e+04 nan nan nan nan nan nan
5.763231367187500291e+04 nan nan nan nan nan nan
5.797328356476849876e+04 nan nan nan nan nan nan
5.756640274435179890e+04 nan 5.667396022968666285e-16 nan nan 6.485222961199127106e-17 nan
5.802105144168980041e+04 nan 5.213252272206968982e-16 nan nan 7.927800551087756861e-17 nan
5.805327784341439838e+04 nan nan nan nan nan nan
5.798637209084490314e+04 nan nan nan nan nan nan
5.829128281405090092e+04 nan nan nan nan nan nan
5.800315097386569687e+04 nan 8.546346026435826490e-16 nan nan 1.979773583442678544e-16 nan
5.758129862053239776e+04 nan 5.228827154802028381e-16 nan nan 5.032257294872961858e-17 nan
5.802408347208330088e+04 nan nan nan nan nan nan
5.751622793262729829e+04 nan nan nan nan nan nan
5.805024233653939882e+04 nan 7.057703228250383715e-16 nan nan 1.032800524927346545e-16 nan
5.773613904766199994e+04 nan nan nan nan nan nan
5.800711306057869660e+04 nan nan nan nan nan nan
5.752941032322919636e+04 nan 5.069864948877488605e-16 nan nan 7.194496112260879808e-17 nan
5.825840713835650240e+04 nan nan nan nan nan nan
5.811209296942129731e+04 nan nan nan nan nan nan
5.822336484763889894e+04 nan 5.461080848347950363e-16 nan nan 7.270162328581849725e-17 nan
5.773914310640050098e+04 nan 5.857698399102177485e-16 nan nan 1.135495724919012524e-16 nan
5.835129213258100208e+04 nan nan nan nan nan nan
5.826231871686340310e+04 nan nan nan nan nan nan
5.833428549665510218e+04 nan nan nan nan nan nan
5.807521185368060105e+04 nan 5.794208087922025877e-16 nan nan 7.650359719696086193e-17 nan
5.755737257791669981e+04 nan 5.165808986852919493e-16 nan nan 5.798184190415272073e-17 nan
5.794831891516200267e+04 nan nan nan nan nan nan
5.796226067233800131e+04 nan nan nan nan nan nan
5.752333588821760350e+04 nan nan nan nan nan nan
5.757335681866900268e+04 nan nan nan nan nan nan
5.774603357987270283e+04 nan nan nan nan nan nan
5.769003794601849950e+04 nan nan nan nan nan nan
5.805327577043980273e+04 nan nan nan nan nan nan
5.762929280788190226e+04 nan nan nan nan nan nan
5.831828907890050323e+04 nan 6.753890301807403522e-16 nan nan 1.167612286488153003e-16 nan
5.834137145361110015e+04 nan nan nan nan nan nan
5.774910287126160256e+04 nan nan nan nan nan nan
5.833824508746530046e+04 nan 5.428212847072548801e-16 nan nan 6.969299910566486077e-17 nan
5.794831481783559866e+04 nan nan nan nan nan nan
5.827735880615739734e+04 nan 5.510098979092329075e-16 nan nan 8.484673629086551839e-17 nan
5.790337370518520038e+04 nan 5.289085091429071840e-16 nan nan 5.572901312289873394e-17 nan
5.829128076983799838e+04 nan nan nan nan nan nan
5.800314890200230002e+04 nan 5.513476119085101325e-16 nan nan 9.827205980075406453e-17 nan
5.760943056070600142e+04 nan 6.067672575741474993e-16 nan nan 7.278173642341556822e-17 nan
5.792223818324069725e+04 nan nan nan nan nan nan
5.826232078871529666e+04 nan nan nan nan nan nan
5.828425685040510143e+04 nan nan nan nan nan nan
5.806222355206019711e+04 nan nan nan nan nan nan
5.759041265638890036e+04 nan 5.692377937172374817e-16 nan nan 1.559995905747195791e-16 nan
5.773313283907409641e+04 nan nan nan nan nan nan
5.772021386024310050e+04 nan nan nan nan nan nan
5.809417247935190244e+04 nan 5.977925590326552025e-16 nan nan 1.120639144672803579e-16 nan
5.802708559285879892e+04 nan nan nan nan nan nan
5.756133227755789994e+04 nan 5.464419690034075647e-16 nan nan 7.501014838053888872e-17 nan
5.830734722672450152e+04 nan nan nan nan nan nan
5.794228856964119768e+04 nan nan nan nan nan nan
5.753429089564809692e+04 nan nan nan nan nan nan
5.806222766803239938e+04 nan nan nan nan nan nan
5.792526223586809647e+04 nan nan nan nan nan nan
5.798336990800929925e+04 nan nan nan nan nan nan
5.756133022916669870e+04 nan 5.456887063472808818e-16 nan nan 7.263520396402096741e-17 nan
5.799017067341440270e+04 nan nan nan nan nan nan
5.823926800362270296e+04 nan nan nan nan nan nan
5.758735676368059649e+04 nan 5.404209313871769392e-16 nan nan 1.383395710425336978e-16 nan
5.832827263697919989e+04 nan 5.339359664156330727e-16 nan nan 1.406851715573952870e-16 nan
5.808221331371529959e+04 nan nan nan nan nan nan
5.806523383688659669e+04 nan nan nan nan nan nan
5.752940825335650152e+04 nan 5.112126039624306795e-16 nan nan 7.528150868659834881e-17 nan
5.799016862412040064e+04 nan nan nan nan nan nan
5.785732303363429673e+04 nan nan nan nan nan nan
5.831828496164349781e+04 nan 6.779869506757705507e-16 nan nan 1.204663734334599478e-16 nan
5.771422857567130268e+04 nan nan nan nan nan nan
5.807822652960650157e+04 nan nan nan nan nan nan
5.795825969094909669e+04 nan nan nan nan nan nan
5.794528865236110141e+04 nan nan nan nan nan nan
5.809417454857639677e+04 nan 6.034674552319282489e-16 nan nan 1.149876246501197812e-16 nan
5.798009921662040142e+04 nan 5.449130610598826035e-16 nan nan 5.611752512850348379e-17 nan
5.796226272096070170e+04 nan nan nan nan nan nan
5.750823684359950130e+04 nan nan nan nan nan nan
5.761623691380790115e+04 nan 5.169177367052189297e-16 nan nan 8.645939398716210909e-17 nan
5.795435120121530053e+04 nan 5.425930897531466312e-16 nan nan 8.163285888653091562e-17 nan
5.755039571016200352e+04 nan 1.620622121407360895e-15 nan nan 3.266280824492733295e-16 nan
5.792224230149309733e+04 nan nan nan nan nan nan
5.795131904060189845e+04 nan 6.153240471167840618e-16 nan nan 7.774386380866217601e-17 nan
5.790336961260419775e+04 nan 5.363099308349621776e-16 nan nan 5.819869594836292495e-17 nan
5.829733038506939920e+04 nan 5.339107022656804091e-16 nan nan 1.034301785796332762e-16 nan
5.761939725003470085e+04 nan 5.712376860049276511e-16 nan nan 1.358555924914155245e-16 nan
5.827736085368059867e+04 nan 5.537440002293561516e-16 nan nan 8.569230533550339073e-17 nan
5.827023104541670182e+04 nan nan nan nan nan nan
5.801707824304400128e+04 nan 5.227880051812718792e-16 nan nan 5.209641115120846274e-17 nan
5.774214797937499679e+04 nan nan nan nan nan nan
5.832129183077550260e+04 nan 5.651029886090640892e-16 nan nan 9.257271055522978743e-17 nan
5.758129654758099787e+04 nan nan nan nan nan nan
5.800014669960649917e+04 nan 5.344964382514706322e-16 nan nan 8.706247512066504093e-17 nan
5.793328357708329713e+04 nan nan nan nan nan nan
5.769003383031250269e+04 nan nan nan nan nan nan
5.793628576050930133e+04 nan nan nan nan nan nan
5.826535084216429823e+04 nan nan nan nan nan nan
5.762619125050929870e+04 nan nan nan nan nan nan
5.759726976038190332e+04 nan 5.453822750683553731e-16 nan nan 1.925027435619804476e-16 nan
5.763230957098380168e+04 nan nan nan nan nan nan
5.829732833850690076e+04 nan 5.170876096175130232e-16 nan nan 1.010479958045764332e-16 nan
5.761322127516200271e+04 nan nan nan nan nan nan
5.791335564643520047e+04 nan nan nan nan nan nan
5.799618119494210259e+04 nan 6.255652715641880045e-16 nan nan 2.839066931421250523e-16 nan
5.760342622562500037e+04 nan nan nan nan nan nan
5.831336252050929761e+04 nan 5.602878772196961908e-16 nan nan 8.006868646706305526e-17 nan
5.756941235986109677e+04 nan nan nan nan nan nan
5.770321977893519943e+04 nan nan nan nan nan nan
5.758130066709490347e+04 nan nan nan nan nan nan
5.790637381167819694e+04 nan 5.575670765659367611e-16 nan nan 5.367673562184528988e-17 nan
5.804723603105320217e+04 nan nan nan nan nan nan
5.755737672369209758e+04 nan 5.250022571056552760e-16 nan nan 5.703626485925239171e-17 nan
5.751128210050929920e+04 nan nan nan nan nan nan
5.787323766340279690e+04 nan nan nan nan nan nan
5.823927007418980065e+04 nan nan nan nan nan nan
5.831035626645830052e+04 nan 5.949463207968671590e-16 nan nan 9.351320062912951975e-17 nan
5.760943467989579949e+04 nan 6.103573448897262254e-16 nan nan 8.719917701826530484e-17 nan
5.798336786162039789e+04 nan nan nan nan nan nan
5.807822445435189729e+04 nan nan nan nan nan nan
5.752940620478009805e+04 nan 5.099634685974220481e-16 nan nan 7.359367242207874369e-17 nan
5.756640565740739839e+04 nan 5.653555690996561764e-16 nan nan 6.184904997942000705e-17 nan
5.787636973238430073e+04 nan nan nan nan nan nan
5.769003590199069731e+04 nan nan nan nan nan nan
5.809021082665510039e+04 nan 6.123534908725138293e-16 nan nan 2.003335197119710082e-16 nan
5.772813138064809755e+04 nan nan nan nan nan nan
5.790938007233799726e+04 nan nan nan nan nan nan
5.759041472459489887e+04 nan 5.735350231757701570e-16 nan nan 2.033829257573302624e-16 nan
5.773313695576389728e+04 nan nan nan nan nan nan
5.806823395875000278e+04 nan nan nan nan nan nan
5.829430420554400189e+04 nan nan nan nan nan nan
5.790937800020830036e+04 nan nan nan nan nan nan
5.794831686872689897e+04 nan nan nan nan nan nan
5.797028143182869826e+04 nan nan nan nan nan nan
5.802708970991899696e+04 nan nan nan nan nan nan
5.772020971459490102e+04 nan nan nan nan nan nan
5.758735880907410319e+04 nan 5.409686571549374860e-16 nan nan 1.463885711753231817e-16 nan
5.799317489197920077e+04 nan 5.278717089954159338e-16 nan nan 5.067849513196720784e-17 nan
5.790337165991900110e+04 nan 5.347601718070774045e-16 nan nan 5.979176997387792681e-17 nan
5.805629246236110339e+04 nan 5.828195790359421092e-16 nan nan 8.862009867300141235e-17 nan
5.760642838563660189e+04 nan 6.194861912739721319e-16 nan nan 7.544689489417521207e-17 nan
5.785731888864580105e+04 nan nan nan nan nan nan
5.791335360002310335e+04 nan nan nan nan nan nan
5.771122231931710121e+04 nan nan nan nan nan nan
5.757635904164350359e+04 nan 5.475130618175101219e-16 nan nan 5.238783065544050462e-17 nan
5.756940826380789804e+04 nan nan nan nan nan nan
5.774910696269680193e+04 nan nan nan nan nan nan
5.775210701935189718e+04 nan 5.617538858532195282e-16 nan nan 7.960631087914904297e-17 nan
5.811209502422450169e+04 nan nan nan nan nan nan
5.834822050653940096e+04 nan 5.194595396783619320e-16 nan nan 9.787058394713658101e-17 nan
5.761939520490739960e+04 nan 5.671455897029439354e-16 nan nan 1.292593904669158149e-16 nan
5.825840509017359727e+04 nan nan nan nan nan nan
5.752333793572919967e+04 nan nan nan nan nan nan
5.775211113959489739e+04 nan 5.691807664880791792e-16 nan nan 8.285330274519171503e-17 nan
5.831036035766200075e+04 nan 5.675096021770314692e-16 nan nan 8.069621323283496971e-17 nan
5.806522972351850331e+04 nan nan nan nan nan nan
5.827735675774310221e+04 nan 5.621649317593412050e-16 nan nan 9.041549404907680025e-17 nan
5.794529069642360264e+04 nan nan nan nan nan nan
5.791335771677079902e+04 nan nan nan nan nan nan
5.751127795192129997e+04 nan nan nan nan nan nan
5.802408551613429881e+04 nan nan nan nan nan nan
5.826535289314809779e+04 nan nan nan nan nan nan
5.834821840804399835e+04 nan 5.150952728326462664e-16 nan nan 8.347870685658306965e-17 nan
5.792526430643520143e+04 nan nan nan nan nan nan
5.811810135194440227e+04 nan 5.725975242032081117e-16 nan nan 1.232306125801676896e-16 nan
5.761939315737270226e+04 nan 5.681955976313382874e-16 nan nan 1.290543207136547106e-16 nan
5.773914103421299660e+04 nan 5.833257387435509957e-16 nan nan 1.141159706816710321e-16 nan
5.794529273826390272e+04 nan nan nan nan nan nan
5.796526788873840269e+04 nan nan nan nan nan nan
5.795825557232640131e+04 nan nan nan nan nan nan
5.804724014932870341e+04 nan nan nan nan nan nan
5.822336899138890294e+04 nan 5.640864086066909104e-16 nan nan 7.543443301572372407e-17 nan
5.773914515188660152e+04 nan 5.800125468837867931e-16 nan nan 1.154467659982972121e-16 nan
5.791635976077550004e+04 nan nan nan nan nan nan
5.801708233447920065e+04 nan 5.323242200885702155e-16 nan nan 4.987359608607716606e-17 nan
5.772813342998839653e+04 nan nan nan nan nan nan
5.797028347689809743e+04 nan nan nan nan nan nan
5.799617914864580234e+04 nan nan nan nan nan nan
5.797328765510419908e+04 nan nan nan nan nan nan
5.770016264601849980e+04 nan 1.479518484253513454e-15 nan nan 3.474834905122127015e-16 nan
5.824428116292820050e+04 nan nan nan nan nan nan
5.808622277482639765e+04 nan nan nan nan nan nan
5.833824304113430117e+04 nan 5.402898082555346721e-16 nan nan 6.899177794864437680e-17 nan
5.794228447361110011e+04 nan nan nan nan nan nan
5.759727385310189857e+04 nan 5.610120034971874870e-16 nan nan 2.203041656273651181e-16 nan
5.770016674040509679e+04 nan 6.332459285207212545e-16 nan nan 8.568775108332634076e-17 nan
5.772813550339119683e+04 nan nan nan nan nan nan
5.798336581408559869e+04 nan nan nan nan nan nan
5.754629497972220270e+04 nan nan nan nan nan nan
5.762318496390050132e+04 nan nan nan nan nan nan
5.774603153121530340e+04 nan nan nan nan nan nan
5.835128803995370254e+04 nan nan nan nan nan nan
5.769427015548609779e+04 nan nan nan nan nan nan
5.807520980290509760e+04 nan 5.696492924377893703e-16 nan nan 7.310938290849693365e-17 nan
5.800014257973380154e+04 nan 5.426070459113075943e-16 nan nan 9.726776013249864045e-17 nan
5.755426700672449806e+04 nan 5.404351863276460413e-16 nan nan 5.980165113713750161e-17 nan
5.805327991408570233e+04 nan nan nan nan nan nan
5.827427206804400339e+04 nan 5.628935019190044583e-16 nan nan 9.959558541570306057e-17 nan
5.811509924047449749e+04 nan nan nan nan nan nan
5.752032630150460318e+04 nan nan nan nan nan nan
5.799317281408570125e+04 nan 5.166009131012483706e-16 nan nan 4.937595832236945596e-17 nan
5.833824099243059754e+04 nan 5.393652389560843850e-16 nan nan 7.033058449229117406e-17 nan
5.793628783324069809e+04 nan nan nan nan nan nan
5.833127892640049686e+04 nan 5.189237448385155139e-16 nan nan 8.461565460558596631e-17 nan
5.826232285940970178e+04 nan nan nan nan nan nan
5.802408142475689965e+04 nan nan nan nan nan nan
5.828824209775459894e+04 nan nan nan nan nan nan
5.827426794648150099e+04 nan 5.625474264388495636e-16 nan nan 1.044434976575736602e-16 nan
5.798009512350690056e+04 nan 5.608626135111728827e-16 nan nan 6.310807989822287146e-17 nan
