5.751128210050929920e+04 1.383191760163997258e-15 nan nan 4.801954124408199440e-17 nan nan
5.755737465321760101e+04 1.065429846276655084e-15 4.444124456999873534e-16 nan 3.345497556055322959e-17 2.051268268190647295e-16 nan
5.761939725003470085e+04 1.084269176677224304e-15 4.742767551704622709e-16 nan 4.218408497671954369e-17 2.575595721586518659e-16 nan
5.760943056070600142e+04 1.082162434733837317e-15 4.537484392162061575e-16 nan 3.737550927408272330e-17 2.246505205237838870e-16 nan
5.799317696175930178e+04 1.075155573219746937e-15 4.502259101205853450e-16 nan 3.563372076446288072e-17 2.162715481052699273e-16 nan
5.769427429901620053e+04 1.149955529450288067e-15 nan nan 4.747795204725436280e-17 nan nan
5.808221331371529959e+04 nan nan nan nan nan nan
5.775210701935189718e+04 1.084383604220210821e-15 4.838714604872678885e-16 nan 4.474038760990054406e-17 2.729978327792746030e-16 nan
5.793328153189810109e+04 1.349821860077793688e-15 5.334396821675420700e-16 nan 5.260602816613819631e-17 2.834610476779680890e-16 nan
5.773614109170140000e+04 1.631798405083977302e-15 nan nan 1.045091236296224944e-16 nan nan
5.758130066709490347e+04 1.074706265074232547e-15 4.503816876194010258e-16 nan 3.357275392766363507e-17 2.071631858992644947e-16 nan
5.753429294650460361e+04 1.456824335489248066e-15 nan nan 5.118967837127614588e-17 nan nan
5.833127475625000079e+04 1.064372745123933082e-15 4.756450856534059399e-16 nan 4.505277345642901298e-17 2.728886651498573686e-16 nan
5.756941235986109677e+04 nan nan nan nan nan nan
5.797028143182869826e+04 nan nan nan nan nan nan
5.772421270884259866e+04 1.103369554543195993e-15 nan nan 5.269417120904536182e-17 nan nan
5.808622070533560327e+04 1.080450315110527279e-15 nan nan 5.612881176900135564e-17 nan nan
5.785732096162039670e+04 nan nan nan nan nan nan
5.832431525006939773e+04 nan nan nan nan nan nan
5.834136736096059758e+04 nan nan nan nan nan nan
5.794529273826390272e+04 nan nan nan nan nan nan
5.762318496390050132e+04 1.071561169726998895e-15 4.521669833703094725e-16 nan 3.441220001576825650e-17 2.126708639935979597e-16 nan
5.763231367187500291e+04 1.092037994579985662e-15 4.474965455251047735e-16 nan 3.548244599582181431e-17 2.109452074236144814e-16 nan
5.772021178789350233e+04 nan nan nan nan nan nan
5.827735675774310221e+04 1.048986829435696724e-15 4.729492177425963890e-16 nan 4.285758375343261626e-17 2.657084233154581598e-16 nan
5.807521185368060105e+04 1.078265447660424822e-15 4.804136224303608277e-16 nan 4.420333847806413254e-17 2.698603808927926802e-16 nan
5.752032221108800150e+04 nan nan nan nan nan nan
5.801708028812499833e+04 1.100860047798972659e-15 4.688488597043300262e-16 nan 3.674622001902537335e-17 2.272334879199893090e-16 nan
5.770016674040509679e+04 1.481607235546650566e-15 nan nan 5.618846438326376154e-17 nan nan
5.809021082665510039e+04 1.034747909915429460e-15 6.328145467756856580e-16 nan 7.050490445271447559e-17 4.821760672193740687e-16 nan
5.811509924047449749e+04 1.144461071533167408e-15 nan nan 4.967121089357925615e-17 nan nan
5.757636109031250089e+04 1.073526420086393844e-15 4.395825294684416825e-16 nan 3.323872824198262391e-17 1.998642485652435318e-16 nan
5.834437296673609671e+04 nan nan nan nan nan nan
5.787636768714120262e+04 1.390224057289716303e-15 nan nan 4.519172195546579562e-17 nan nan
5.762619125050929870e+04 1.421559689814146172e-15 nan nan 4.984216585742470594e-17 nan nan
5.828823795074070222e+04 nan nan nan nan nan nan
5.787636561278929730e+04 1.361457199313899026e-15 5.190408245627476122e-16 nan 4.427217614189844479e-17 2.411440117002015157e-16 nan
5.831828496164349781e+04 1.295874005461281446e-15 6.963190893381680930e-16 nan 5.790608801903520137e-17 4.282198980333050795e-16 nan
5.761624100755790278e+04 1.073869592901215552e-15 4.459987604853095718e-16 nan 3.681797697591726268e-17 2.194762578148465181e-16 nan
5.756133432156249910e+04 1.105077456259108451e-15 4.681298438439831180e-16 nan 3.589086214523841143e-17 2.226560240740513189e-16 nan
5.759342423879630223e+04 1.481445127134193298e-15 nan nan 5.235825541554763208e-17 nan nan
5.769003794601849950e+04 1.456411874507968315e-15 nan nan 5.257501939408650719e-17 nan nan
5.752940620478009805e+04 1.307217666304298672e-15 1.012285355303069883e-15 nan 4.605534330223285896e-17 5.992602581550013189e-16 nan
5.754629702839120000e+04 nan nan nan nan nan nan
5.773914515188660152e+04 1.047331993184382034e-15 4.756623827794198449e-16 nan 4.699577913460169093e-17 2.836210593627802175e-16 nan
5.834137145361110015e+04 nan nan nan nan nan nan
5.761322127516200271e+04 1.513275928356643140e-15 nan nan 5.340102731984537838e-17 nan nan
5.834136940956019680e+04 nan nan nan nan nan nan
5.811509514637730172e+04 1.125469794773130271e-15 nan nan 4.839000267220266119e-17 nan nan
5.806523176767359837e+04 nan nan nan nan nan nan
5.800711715050930070e+04 nan nan nan nan nan nan
5.774910491856480076e+04 1.151867305024656845e-15 nan nan 4.949141552092541000e-17 nan nan
5.760041711899310030e+04 1.482015729068930104e-15 nan nan 5.181162699093922076e-17 nan nan
5.800014462671300134e+04 1.058781176863728661e-15 4.565604051427915089e-16 nan 3.842927577166384611e-17 2.357053449833688776e-16 nan
5.826535084216429823e+04 nan nan nan nan nan nan
5.801012141791670001e+04 1.070687346296787867e-15 4.611923279778574049e-16 nan 3.540237440532326822e-17 2.224561656395853183e-16 nan
5.791635771358799684e+04 nan nan nan nan nan nan
5.809417454857639677e+04 1.108859430267779368e-15 5.218896422066320478e-16 nan 5.113520590935460553e-17 3.184214474651578784e-16 nan
5.751622383775460185e+04 nan nan nan nan nan nan
5.831036035766200075e+04 1.109836212305047223e-15 4.787964128009162827e-16 nan 4.514907302332249593e-17 2.660926440319887023e-16 nan
5.774214593089120171e+04 1.499750557547657713e-15 nan nan 6.975563729516138962e-17 nan nan
5.797028347689809743e+04 nan nan nan nan nan nan
5.823926595738429751e+04 nan nan nan nan nan nan
5.830734313171300164e+04 nan nan nan nan nan nan
5.794528865236110141e+04 nan nan nan nan nan nan
5.827023104541670182e+04 nan nan nan nan nan nan
5.755426286537040141e+04 1.037661772825005230e-15 4.760098271650682468e-16 nan 4.225687935377558904e-17 2.678400797732409123e-16 nan
5.799017067341440270e+04 nan nan nan nan nan nan
5.824428320671300025e+04 nan nan nan nan nan nan
5.793628368734950345e+04 nan nan nan nan nan nan
5.772813550339119683e+04 1.095103097615664187e-15 nan nan 4.147980056213636170e-17 nan nan
5.811209092512729694e+04 1.604018581777585873e-15 nan nan 7.224413194983456207e-17 nan nan
5.834737719356479647e+04 1.120010912798679171e-15 4.935537867210800355e-16 nan 4.665680652390968105e-17 2.795452802870197320e-16 nan
5.797328765510419908e+04 nan nan nan nan nan nan
5.759342014512729656e+04 1.478043727013544162e-15 nan nan 5.240881851634980996e-17 nan nan
5.772813138064809755e+04 1.107107461288110877e-15 nan nan 4.191284624102918344e-17 nan nan
5.787636973238430073e+04 1.398665864562756154e-15 3.435599738436984630e-15 nan 4.559681355829921779e-17 2.530708405298816121e-15 nan
5.790637790084489825e+04 1.117660749166561911e-15 4.557987030564001309e-16 nan 3.567410792904889443e-17 2.118812237105635418e-16 nan
5.758735471921299904e+04 1.083385877312094310e-15 4.736053428395002622e-16 nan 4.781025631843620795e-17 2.776957645225170677e-16 nan
5.772020971459490102e+04 nan nan nan nan nan nan
5.790337370518520038e+04 1.034920805090440058e-15 4.305426729650393243e-16 nan 3.385867583481808788e-17 2.045324034906482251e-16 nan
5.752333588821760350e+04 1.669367141830015176e-15 nan nan 1.405623432047000791e-16 nan nan
5.806522972351850331e+04 nan nan nan nan nan nan
5.763231162777780264e+04 1.097011242961473793e-15 4.471022495672346514e-16 nan 3.574667388738112153e-17 2.109719621437173533e-16 nan
5.829430420554400189e+04 nan nan nan nan nan nan
5.823926800362270296e+04 nan nan nan nan nan nan
5.756640813357639854e+04 1.104658440927154505e-15 4.469520041369631242e-16 nan 3.493358654204360069e-17 2.060430134492544871e-16 nan
5.770725116266200348e+04 1.098541783016425399e-15 8.134516675051438959e-16 nan 6.494600715102163387e-17 6.095515128505092792e-16 nan
5.798336990800929925e+04 1.492540674686213287e-15 nan nan 5.445790385994738678e-17 nan nan
5.750823684359950130e+04 1.138556581312186428e-15 nan nan 5.774911378405213102e-17 nan nan
5.758430269878469699e+04 1.048810202193984230e-15 4.354658538571719418e-16 nan 3.286327149090745428e-17 2.003471796123489997e-16 nan
5.800314890200230002e+04 nan nan nan nan nan nan
5.831336252050929761e+04 1.103765042458758443e-15 4.790275232356300191e-16 nan 4.467250816916814204e-17 2.656435170897201201e-16 nan
5.806222766803239938e+04 nan nan nan nan nan nan
5.823927007418980065e+04 nan nan nan nan nan nan
5.752333793572919967e+04 nan nan nan nan nan nan
5.807124011413189874e+04 nan nan nan nan nan nan
5.834822050653940096e+04 1.069644288956241747e-15 5.058764125432458511e-16 nan 5.453905511691470058e-17 3.256178420563651351e-16 nan
5.794228447361110011e+04 nan nan nan nan nan nan
5.802408142475689965e+04 nan nan nan nan nan nan
5.762929076252310188e+04 nan nan nan nan nan nan
5.798637413616899721e+04 1.534034288015126386e-15 nan nan 5.920116751453240041e-17 nan nan
5.774603153121530340e+04 nan nan nan nan nan nan
5.755039358618060214e+04 1.403264034500926075e-15 nan nan 4.659069320575299242e-17 nan nan
5.806222355206019711e+04 nan nan nan nan nan nan
5.826534876859949873e+04 nan nan nan nan nan nan
5.806823395875000278e+04 nan nan nan nan nan nan
5.833127892640049686e+04 1.059268856350211133e-15 4.715682980724780350e-16 nan 4.463057831135738612e-17 2.695764208500512561e-16 nan
5.834822258515049907e+04 1.058387506592432176e-15 4.977379705064761622e-16 nan 5.248382897173474171e-17 3.153760273487411815e-16 nan
5.794831686872689897e+04 1.417280263920935488e-15 5.210527783937203881e-16 nan 5.207822943123007780e-17 2.617899256739996253e-16 nan
5.773313491203699959e+04 1.113118747969597714e-15 nan nan 4.895136425922354418e-17 nan nan
5.755737257791669981e+04 1.063551147177815289e-15 4.386307289874636069e-16 nan 3.385366571159041775e-17 2.040087186401363720e-16 nan
5.809417247935190244e+04 1.121897485064667471e-15 5.219119866195116893e-16 nan 5.147284041374701978e-17 3.168233496209942701e-16 nan
5.772813342998839653e+04 1.098847497577192164e-15 nan nan 4.156401897994574452e-17 nan nan
5.790637585583329928e+04 1.122913711584700134e-15 4.557955988941973981e-16 nan 3.626275941618438689e-17 2.135033053217640765e-16 nan
5.785732303363429673e+04 nan nan nan nan nan nan
5.762929280788190226e+04 nan nan nan nan nan nan
5.800711306057869660e+04 nan nan nan nan nan nan
5.806222562383100012e+04 nan nan nan nan nan nan
5.794831891516200267e+04 1.410005574923341670e-15 4.890783133273910013e-16 nan 5.103918822014413568e-17 2.400561102471171967e-16 nan
5.832827263697919989e+04 1.037099105705499206e-15 4.993182946911063344e-16 nan 4.901357476360669093e-17 3.102779550744563983e-16 nan
5.804724014932870341e+04 nan nan nan nan nan nan
5.801708233447920065e+04 1.085266978391258930e-15 4.648280225577907300e-16 nan 3.617151397055600841e-17 2.252759951305322377e-16 nan
5.785731888864580105e+04 nan nan nan nan nan nan
5.802104939627309795e+04 1.046264021006388147e-15 4.426398543094294445e-16 nan 3.791447410624420267e-17 2.271408985361443099e-16 nan
5.750823479354169831e+04 1.137523636859133275e-15 nan nan 6.252426270867017689e-17 nan nan
5.793628576050930133e+04 nan nan nan nan nan nan
5.758129654758099787e+04 1.063348586600034417e-15 4.339270176407530762e-16 nan 3.377639185686668234e-17 2.009415178822155235e-16 nan
5.833824304113430117e+04 1.081521042314184484e-15 4.864036279284112405e-16 nan 4.325668931587807136e-17 2.694721208183001405e-16 nan
5.795131904060189845e+04 1.083554629762986524e-15 4.605339863243807907e-16 nan 3.777235098980848893e-17 2.301025120356444464e-16 nan
5.806523383688659669e+04 nan nan nan nan nan nan
5.801707824304400128e+04 1.083810938486372923e-15 4.594864671394362757e-16 nan 3.652220663927298181e-17 2.239694179321329010e-16 nan
5.829430911765049677e+04 nan nan nan nan nan nan
5.759727180795140157e+04 1.070837058210457400e-15 5.121288526965534813e-16 nan 5.439313420187411808e-17 3.296030757985030140e-16 nan
5.827123162187499838e+04 nan nan nan nan nan nan
5.797027938540509786e+04 nan nan nan nan nan nan
5.831035831250000047e+04 1.061303952280598640e-15 4.730697549778104850e-16 nan 4.364742367707265629e-17 2.662663168810286804e-16 nan
5.804723603105320217e+04 nan nan nan nan nan nan
5.829430707340280060e+04 nan nan nan nan nan nan
5.822336484763889894e+04 1.087548179412326654e-15 5.000971431522153094e-16 nan 4.432808907630796506e-17 2.816122503338470629e-16 nan
5.752032630150460318e+04 nan nan nan nan nan nan
5.826232078871529666e+04 1.275251746580801766e-15 4.935556215295456578e-16 nan 5.391543043652419347e-17 2.752942822666669749e-16 nan
5.800014257973380154e+04 1.053811793892142018e-15 4.552047021204660245e-16 nan 3.872495380730386598e-17 2.370694644249628727e-16 nan
5.756940826380789804e+04 nan nan nan nan nan nan
5.835129213258100208e+04 nan nan nan nan nan nan
5.823538053755790315e+04 1.292225077929876927e-15 5.614376177665843439e-16 nan 9.329283227451329667e-17 4.170137737585453425e-16 nan
5.774603562748840341e+04 1.527771934221950257e-15 nan nan 6.327873942442303052e-17 nan nan
5.755039775870370067e+04 1.385547814251208102e-15 nan nan 4.566382684735014197e-17 nan nan
5.751622588629629900e+04 nan nan nan nan nan nan
5.822336899138890294e+04 1.105759015337428375e-15 5.117341986662868381e-16 nan 4.473164055104700386e-17 2.872225221577308552e-16 nan
5.805628832104169851e+04 1.113530286297468639e-15 4.952013029824069842e-16 nan 4.885346102447287680e-17 2.900326161670881291e-16 nan
5.834437502118059638e+04 nan nan nan nan nan nan
5.774910287126160256e+04 1.166610145206337034e-15 nan nan 5.054913160487288607e-17 nan nan
5.775211113959489739e+04 1.078351963993592853e-15 4.899644523132445417e-16 nan 4.507272971248543102e-17 2.796087508454744940e-16 nan
5.761939520490739960e+04 1.074169920896173671e-15 4.738243207277448801e-16 nan 4.147994624818487578e-17 2.565482758181172048e-16 nan
5.758129862053239776e+04 1.069344919089373917e-15 4.391707760028176862e-16 nan 3.381708516564360283e-17 2.029810479134070249e-16 nan
5.795132111849539797e+04 1.101611923949475329e-15 4.582248233598969407e-16 nan 3.788358034688014954e-17 2.257833788587297100e-16 nan
5.754629497972220270e+04 nan nan nan nan nan nan
5.831035626645830052e+04 1.067361022602597145e-15 4.750223868388527564e-16 nan 4.419311834748562354e-17 2.684321534313368883e-16 nan
5.829733242995369801e+04 1.069392273250483604e-15 4.906563222644553446e-16 nan 4.717498247272420417e-17 2.904357730303760002e-16 nan
5.798009512350690056e+04 1.070992724512503068e-15 4.591919974985797626e-16 nan 3.628965265608570856e-17 2.252054173628734447e-16 nan
5.806823600857640122e+04 nan nan nan nan nan nan
5.752941032322919636e+04 1.312759106210337474e-15 9.618787942817259570e-16 nan 4.565548481693802133e-17 5.562705728170626828e-16 nan
5.756640565740739839e+04 1.096853705520663766e-15 4.433667648651094541e-16 nan 3.432859966827703834e-17 2.027601676956216628e-16 nan
5.800315097386569687e+04 nan nan nan nan nan nan
5.791636182935190300e+04 nan nan nan nan nan nan
5.795434915491900028e+04 1.086753374952604983e-15 4.658969734339568708e-16 nan 4.115954551002284660e-17 2.468036814072768403e-16 nan
5.761623896099539706e+04 1.069698481764527904e-15 4.469032498989329463e-16 nan 3.634828426466700093e-17 2.188069348467378939e-16 nan
5.827426794648150099e+04 1.071740210462017588e-15 5.073783571267807085e-16 nan 4.556368704505363882e-17 2.952782013568817940e-16 nan
5.798336786162039789e+04 1.475498313154867085e-15 nan nan 5.419331961777036504e-17 nan nan
5.775210909396989882e+04 1.084677469910613351e-15 4.877779150437075196e-16 nan 4.484498419438020187e-17 2.759635124464267896e-16 nan
5.773313695576389728e+04 1.092035865948900516e-15 nan nan 4.670088583146677782e-17 nan nan
5.792224230149309733e+04 nan nan nan nan nan nan
5.771122439228009898e+04 nan nan nan nan nan nan
5.811810339833330363e+04 1.032234126522873356e-15 5.075178678428152843e-16 nan 5.135196636527543272e-17 3.253119401012888040e-16 nan
5.801011937150460290e+04 1.061922984571293109e-15 4.512075981523445103e-16 nan 3.533632355368720058e-17 2.180032316752938983e-16 nan
5.835129008620369859e+04 nan nan nan nan nan nan
5.752940825335650152e+04 1.315254934726349795e-15 1.168582354159399797e-15 nan 4.638334192760284494e-17 7.190529800795571893e-16 nan
5.798336581408559869e+04 nan nan nan nan nan nan
5.800711510732639726e+04 nan nan nan nan nan nan
5.769003590199069731e+04 1.469601370605978894e-15 nan nan 5.237749745673938646e-17 nan nan
5.833428344784719957e+04 1.408573348373156134e-15 6.584139995683279698e-16 nan 6.324642387381883879e-17 3.954366272566909291e-16 nan
5.774603357987270283e+04 1.530502552015332986e-15 nan nan 6.543683725075486035e-17 nan nan
5.832128978122679837e+04 1.049320584013891873e-15 4.758666716460589451e-16 nan 4.465899959292808469e-17 2.744546041858302792e-16 nan
5.802708559285879892e+04 nan nan nan nan nan nan
5.787323558943290118e+04 nan nan nan nan nan nan
5.790637381167819694e+04 1.118566808784059004e-15 4.558652660324347404e-16 nan 3.577047076544254781e-17 2.121758452913037384e-16 nan
5.752333383954859892e+04 1.583477755524991721e-15 nan nan 1.095349996028929192e-16 nan nan
5.796527198114580096e+04 nan nan nan nan nan nan
5.762318905652780086e+04 1.086685534767133910e-15 4.618646800122136577e-16 nan 3.440485306223530835e-17 2.153379916937248730e-16 nan
5.761321910018519702e+04 1.480190278703557241e-15 nan nan 5.314010357082644068e-17 nan nan
5.793327861822919658e+04 1.334315417172352532e-15 5.612218070434926492e-16 nan 5.225843404204499312e-17 3.031123650052712446e-16 nan
5.807822445435189729e+04 1.110372250838913661e-15 nan nan 4.871557571289670129e-17 nan nan
5.799317281408570125e+04 1.067998613524795252e-15 4.519629772669760186e-16 nan 3.549718770271123726e-17 2.180157786676487506e-16 nan
5.833824099243059754e+04 1.088220076083156458e-15 4.873450386650535120e-16 nan 4.377096714039916041e-17 2.707664873301771810e-16 nan
5.795434710633099894e+04 1.086539241715743912e-15 4.668889464933325990e-16 nan 4.130626835469031853e-17 2.480607860887485363e-16 nan
5.759041472459489887e+04 1.065509544127414640e-15 5.189310578273533537e-16 nan 5.281910800362927665e-17 3.319029439681067695e-16 nan
5.792526223586809647e+04 1.427435175965679008e-15 nan nan 5.644637363393250114e-17 nan nan
5.829732833850690076e+04 1.041739690947053450e-15 4.756579708434070800e-16 nan 4.648876708393793823e-17 2.831018558784566369e-16 nan
5.809417043305560219e+04 1.104718864132556262e-15 5.217961856100774290e-16 nan 4.994713706861966696e-17 3.150014508749858556e-16 nan
5.806823805357640231e+04 nan nan nan nan nan nan
5.770724911196759786e+04 1.096816264453905737e-15 8.535086775057000922e-16 nan 6.458390004707182979e-17 6.441658597261004226e-16 nan
5.761623691380790115e+04 1.066442690470797255e-15 4.388299186379347533e-16 nan 3.661574053671638247e-17 2.156869800661632055e-16 nan
5.771422857567130268e+04 1.138598266317643757e-15 nan nan 5.018355159853603927e-17 nan nan
5.772421063494210102e+04 1.107645886413387011e-15 nan nan 5.189022624059332652e-17 nan nan
5.805024026468749798e+04 1.090854740503556836e-15 6.477223628239898776e-16 nan 7.222560745471259911e-17 4.845752041314999900e-16 nan
5.760041507263889798e+04 nan nan nan nan nan nan
5.808622277482639765e+04 1.094067780594666673e-15 nan nan 5.797637703694056542e-17 nan nan
5.832431115395829693e+04 nan nan nan nan nan nan
5.772021386024310050e+04 nan nan nan nan nan nan
5.831828907890050323e+04 1.277554171790641345e-15 6.886135623498729767e-16 nan 5.624448387921111117e-17 4.200950040627166655e-16 nan
5.800314683020830125e+04 nan nan nan nan nan nan
5.829128281405090092e+04 nan nan nan nan nan nan
5.759041265638890036e+04 1.072799764741267666e-15 4.862356648442777531e-16 nan 4.517502622494089991e-17 2.795374002914203322e-16 nan
5.826232285940970178e+04 1.276045692148755821e-15 4.857268009605634730e-16 nan 5.394078026582378053e-17 2.700443305000933965e-16 nan
5.757335886174769985e+04 nan nan nan nan nan nan
5.787323766340279690e+04 nan nan nan nan nan nan
5.823538261229170166e+04 nan nan nan nan nan nan
5.835128803995370254e+04 nan nan nan nan nan nan
5.811509719284719904e+04 1.124019700801422653e-15 nan nan 4.842088823714369591e-17 nan nan
5.787323970866900345e+04 2.073801308145015329e-15 nan nan 1.767448990815722842e-16 nan nan
5.832129390026620240e+04 1.060511099968358739e-15 4.950358947089223592e-16 nan 4.993136920149593423e-17 3.045012182964166105e-16 nan
5.759726976038190332e+04 1.058706790591309019e-15 6.175516743374364560e-16 nan 7.870223897105670382e-17 4.801404912669371971e-16 nan
5.826231871686340310e+04 1.285480487131550727e-15 4.988751940395483488e-16 nan 5.455534595921315516e-17 2.790600056916424679e-16 nan
5.805024438494210335e+04 1.107381524633452015e-15 5.345803710265001585e-16 nan 4.314964642864257299e-17 2.954328759303186789e-16 nan
5.795132316312500188e+04 1.110080798893254911e-15 4.608965363469780114e-16 nan 3.802898138349124299e-17 2.264089674158595076e-16 nan
5.799617914864580234e+04 nan nan nan nan nan nan
5.830734722672450152e+04 nan nan nan nan nan nan
5.756640274435179890e+04 1.073579735486433754e-15 4.395700912809775274e-16 nan 3.395408225517043015e-17 2.031370511420255234e-16 nan
5.758430065474539879e+04 1.063938410231448022e-15 4.385019072369713683e-16 nan 3.342478471453573999e-17 2.018563928643844162e-16 nan
5.762618919959489722e+04 1.436546838388212040e-15 nan nan 5.098004533239374952e-17 nan nan
5.771423062320600002e+04 1.133059631663056625e-15 nan nan 5.047191005239883302e-17 nan nan
5.790938211894679989e+04 nan nan nan nan nan nan
5.827123576915510057e+04 nan nan nan nan nan nan
5.811209502422450169e+04 1.583130538929560570e-15 nan nan 7.149766377488611342e-17 nan nan
5.755426493841440242e+04 1.036178386295377746e-15 4.826764529708795878e-16 nan 4.353667444819931127e-17 2.777049404809478891e-16 nan
5.795825969094909669e+04 nan nan nan nan nan nan
5.831828703347220289e+04 1.279810117994429185e-15 6.790467342038385382e-16 nan 5.607679453285638103e-17 4.118431960643894787e-16 nan
5.794228856964119768e+04 nan nan nan nan nan nan
5.794228652329860051e+04 nan nan nan nan nan nan
5.771122646682870254e+04 nan nan nan nan nan nan
5.790337165991900110e+04 1.028434425939480308e-15 4.313748679421025573e-16 nan 3.402213959729636163e-17 2.069277006030015899e-16 nan
5.829733038506939920e+04 1.050616698557807751e-15 4.906578873075406733e-16 nan 4.639826271372809848e-17 2.916062220112716382e-16 nan
5.761939315737270226e+04 1.093736308486546267e-15 4.737128706139476012e-16 nan 4.223060643696722644e-17 2.554313064790898934e-16 nan
5.832827470641199761e+04 1.029432688412067721e-15 5.070088814899935096e-16 nan 4.869305052569505980e-17 3.166086649231105412e-16 nan
5.760642838563660189e+04 1.076680847304664451e-15 4.551593415500872290e-16 nan 3.725797737355339407e-17 2.259704666164811271e-16 nan
5.773313283907409641e+04 1.103955527663780454e-15 nan nan 5.228839426348063285e-17 nan nan
5.824428116292820050e+04 nan nan nan nan nan nan
5.824428524973380263e+04 nan nan nan nan nan nan
5.756941031233799731e+04 nan nan nan nan nan nan
5.798637209084490314e+04 1.557056278194710339e-15 nan nan 6.075725647380541134e-17 nan nan
5.826535289314809779e+04 nan nan nan nan nan nan
5.827736085368059867e+04 1.068786681754713566e-15 4.728578589045754673e-16 nan 4.309634213258580785e-17 2.625560058254391036e-16 nan
5.794831481783559866e+04 1.409934045100094890e-15 5.347642489069383161e-16 nan 5.202283864881082664e-17 2.713542860505096781e-16 nan
5.807520980290509760e+04 1.077876995617433564e-15 4.730938234408264429e-16 nan 4.400968289535829572e-17 2.643311466702505490e-16 nan
5.822336692063660303e+04 1.099274144130147590e-15 5.063130945488040754e-16 nan 4.466038842513261987e-17 2.846632078202018848e-16 nan
5.771422651776619750e+04 1.134257249824033647e-15 nan nan 4.978312432555911958e-17 nan nan
5.830734518155090336e+04 nan nan nan nan nan nan
5.799317489197920077e+04 1.077212350510680916e-15 4.554766821066896939e-16 nan 3.562386215304587238e-17 2.188926768821296798e-16 nan
5.795825557232640131e+04 nan nan nan nan nan nan
5.827735880615739734e+04 1.081226837511491136e-15 4.731360847400847754e-16 nan 4.356873530469301773e-17 2.620714829366117977e-16 nan
5.798637001756940299e+04 1.567166628637591856e-15 nan nan 6.074702358658146765e-17 nan nan
5.828425685040510143e+04 nan nan nan nan nan nan
5.751127795192129997e+04 1.394603849524329021e-15 nan nan 4.904798448450762111e-17 nan nan
5.769003383031250269e+04 1.476633613901725597e-15 nan nan 5.298723658301465820e-17 nan nan
5.808221126275460119e+04 nan nan nan nan nan nan
5.802105144168980041e+04 1.049141130768768537e-15 4.454047912290181980e-16 nan 3.828872727719729672e-17 2.298635194321965663e-16 nan
5.802408347208330088e+04 1.454138407939312387e-15 nan nan 7.403959741330392972e-17 nan nan
5.798009921662040142e+04 1.087534149254930721e-15 4.584603525125045246e-16 nan 3.636193175080770281e-17 2.219612473584996123e-16 nan
5.792526430643520143e+04 1.441108136473286095e-15 nan nan 5.937375497454117163e-17 nan nan
5.797328561118060315e+04 nan nan nan nan nan nan
5.808221538364580192e+04 nan nan nan nan nan nan
5.834437706734950189e+04 nan nan nan nan nan nan
5.798009717217589787e+04 1.083564490943992157e-15 4.564253916049936639e-16 nan 3.636639307468885714e-17 2.215344745204310247e-16 nan
5.833127687896989664e+04 1.062089020019149448e-15 4.768506080684464009e-16 nan 4.473753806072040895e-17 2.730079846361091050e-16 nan
5.769427222827549849e+04 1.142027997023608582e-15 nan nan 4.690246601222537445e-17 nan nan
5.790336961260419775e+04 1.039762105777925492e-15 4.337341358966311322e-16 nan 3.443534078332234916e-17 2.080160677297931296e-16 nan
5.795825764436340251e+04 nan nan nan nan nan nan
5.825840302037040237e+04 nan nan nan nan nan nan
5.802708970991899696e+04 nan nan nan nan nan nan
5.756133227755789994e+04 1.106922375513512374e-15 4.714949774945253909e-16 nan 3.610882927100428596e-17 2.252544787192084851e-16 nan
5.801011732460650092e+04 1.060018794274069326e-15 4.509537127675138591e-16 nan 3.542120553159117403e-17 2.185923121632953029e-16 nan
5.792526005879630247e+04 1.380497421563651214e-15 5.406746995833923101e-16 nan 5.397952803609368997e-17 2.873727726900061887e-16 nan
5.790938007233799726e+04 nan nan nan nan nan nan
5.804723807749999833e+04 nan nan nan nan nan nan
5.802708766583329998e+04 nan nan nan nan nan nan
5.790937800020830036e+04 nan nan nan nan nan nan
5.802105348754629813e+04 1.054485751583103300e-15 4.465558030512181048e-16 nan 3.850638857116403638e-17 2.304487224534001234e-16 nan
5.828425889914349682e+04 nan nan nan nan nan nan
5.831336047291669820e+04 1.098807471747951153e-15 4.777972721759898702e-16 nan 4.466766599350609358e-17 2.657920702067491014e-16 nan
5.833824508746530046e+04 1.083183656913534488e-15 4.868564937843583704e-16 nan 4.313884526050167405e-17 2.689674882968370473e-16 nan
5.829128076983799838e+04 nan nan nan nan nan nan
5.796226476614580315e+04 1.469107325336279977e-15 nan nan 5.846731662547630086e-17 nan nan
5.811809930796299886e+04 1.023506364737233789e-15 5.087225849560376092e-16 nan 5.000445712436834072e-17 3.236134409254537177e-16 nan
5.811209296942129731e+04 1.584043581562045710e-15 nan nan 7.128062689536855586e-17 nan nan
5.759041060892360110e+04 1.049025238439987996e-15 5.395483471008688858e-16 nan 5.837552149684412175e-17 3.688166561964415276e-16 nan
5.791335564643520047e+04 nan nan nan nan nan nan
5.811810135194440227e+04 1.029972848663297018e-15 5.102350648866616767e-16 nan 5.036112278007623426e-17 3.245535080207412611e-16 nan
5.751128002734950132e+04 1.390782752616674094e-15 nan nan 4.866518555219800074e-17 nan nan
5.791335360002310335e+04 nan nan nan nan nan nan
5.762928869053239760e+04 nan nan nan nan nan nan
5.770321977893519943e+04 1.123552828327986008e-15 nan nan 4.522162403211503938e-17 nan nan
5.807822860027779825e+04 1.108106025361868543e-15 nan nan 4.956300272180959203e-17 nan nan
5.791335771677079902e+04 nan nan nan nan nan nan
5.807520775504630001e+04 1.082421447259840054e-15 4.850303384610026344e-16 nan 4.413058549797433936e-17 2.718138125060663670e-16 nan
5.792224023196759663e+04 nan nan nan nan nan nan
5.773613904766199994e+04 nan nan nan nan nan nan
5.773914310640050098e+04 1.064514306948171907e-15 4.792857880211316836e-16 nan 4.740348897458177042e-17 2.840676967125631559e-16 nan
5.760342622562500037e+04 nan nan nan nan nan nan
5.827427001928239770e+04 1.103997002310419902e-15 5.141597780711651709e-16 nan 4.652745170015333537e-17 2.967972994674640670e-16 nan
5.829127869806710078e+04 nan nan nan nan nan nan
5.831336456532409647e+04 1.107794385259902256e-15 4.769647412743241297e-16 nan 4.491025100496262977e-17 2.643877376499204571e-16 nan
5.795435120121530053e+04 1.101163460570421276e-15 nan nan 4.553327456269272552e-17 nan nan
5.802408551613429881e+04 1.486869655542191104e-15 nan nan 7.852948718787030582e-17 nan nan
5.769427015548609779e+04 1.156250344424129903e-15 nan nan 4.756792190680305689e-17 nan nan
5.770016469395830063e+04 1.476464987264411250e-15 nan nan 5.608489033338787640e-17 nan nan
5.761322332181710226e+04 1.513779158302562503e-15 nan nan 5.308670929556228412e-17 nan nan
5.807124218600690074e+04 nan nan nan nan nan nan
5.805024233653939882e+04 1.107428345693975368e-15 5.443264980551069744e-16 nan 4.494225069668785618e-17 3.097412370097400107e-16 nan
5.756133022916669870e+04 1.095492562184450422e-15 4.659916276650087056e-16 nan 3.558347753320377760e-17 2.218220591469894902e-16 nan
5.758430476832180284e+04 1.051599122364120217e-15 4.331611763027187432e-16 nan 3.293685652187470887e-17 1.988919436099337118e-16 nan
5.825840713835650240e+04 nan nan nan nan nan nan
5.807123806574069749e+04 nan nan nan nan nan nan
5.805629039309029758e+04 1.122171345500136832e-15 4.948151056537689838e-16 nan 4.976628039329372610e-17 2.912173146128302401e-16 nan
5.793328357708329713e+04 1.350339413270984405e-15 5.120876594478926527e-16 nan 5.200838404855943606e-17 2.676831037451506515e-16 nan
5.805327577043980273e+04 nan nan nan nan nan nan
5.834821840804399835e+04 1.061186838673701147e-15 4.862894770996928836e-16 nan 4.897553006911914846e-17 2.947973679125347203e-16 nan
5.828824002586810093e+04 nan nan nan nan nan nan
5.760943263361109712e+04 1.076979638786786029e-15 4.558471240374539394e-16 nan 3.787196236078465993e-17 2.290715683830761474e-16 nan
5.800014669960649917e+04 1.059816420758065537e-15 nan nan 3.803818270284392606e-17 nan nan
5.758735676368059649e+04 1.074124194159667323e-15 4.692232413520804435e-16 nan 4.688187118776931379e-17 2.732712854842003747e-16 nan
5.755426700672449806e+04 1.055981822314333816e-15 4.596826163617730403e-16 nan 3.466784701226832158e-17 2.211508710771390252e-16 nan
5.755039571016200352e+04 1.386662016876719782e-15 nan nan 4.571375249663693519e-17 nan nan
5.799016862412040064e+04 nan nan nan nan nan nan
5.825840509017359727e+04 nan nan nan nan nan nan
5.753429499166669848e+04 1.459946192755001539e-15 nan nan 5.096719710470234112e-17 nan nan
5.760041916413189756e+04 1.472741967696911106e-15 nan nan 5.142961929111137788e-17 nan nan
5.794529069642360264e+04 nan nan nan nan nan nan
5.763230957098380168e+04 1.105138764224039409e-15 4.502364369209515875e-16 nan 3.598708051556064460e-17 2.123368628305708686e-16 nan
5.796226272096070170e+04 1.444082982146098700e-15 nan nan 5.639522785210567212e-17 nan nan
5.760643043196760118e+04 1.084673556419491580e-15 4.568073436479518752e-16 nan 3.787985605430394104e-17 2.281182416194612480e-16 nan
5.828426096879629767e+04 nan nan nan nan nan nan
5.759342219388890226e+04 1.485824019152675251e-15 nan nan 5.266832371837244698e-17 nan nan
5.774214797937499679e+04 1.511408499873007312e-15 nan nan 7.095072007555852012e-17 nan nan
5.754629907357640332e+04 nan nan nan nan nan nan
5.799618119494210259e+04 1.060202248320881697e-15 5.852439483467154703e-16 nan 7.800884791646965592e-17 4.508226218285779203e-16 nan
5.833428754302080051e+04 1.398952052377887495e-15 6.450807415423354696e-16 nan 6.218782672315302973e-17 3.841030566568295331e-16 nan
5.797328356476849876e+04 nan nan nan nan nan nan
5.799017272325229715e+04 nan nan nan nan nan nan
5.757335477071759669e+04 nan nan nan nan nan nan
5.832129183077550260e+04 1.051800374116321351e-15 4.731788549426964916e-16 nan 4.455809685732499286e-17 2.717404326243025138e-16 nan
5.762318700912039640e+04 1.096565273819165008e-15 4.677321046931687302e-16 nan 3.492378253322123059e-17 2.192218166492161353e-16 nan
5.773914103421299660e+04 1.059519778715032900e-15 4.823074452586108983e-16 nan 4.686966541067067934e-17 2.853355828796624584e-16 nan
5.774215002598379942e+04 1.499581203389355260e-15 nan nan 7.086439662586759804e-17 nan nan
5.759727385310189857e+04 1.066719320963557338e-15 6.509880923079985544e-16 nan 8.550286342477188817e-17 5.208707287275601497e-16 nan
5.755737672369209758e+04 1.065531461341192630e-15 4.452673533959106306e-16 nan 3.344763589584527261e-17 2.055483296085596380e-16 nan
5.770016264601849980e+04 1.482503285695067838e-15 nan nan 5.622446616638997764e-17 nan nan
5.752032425738430175e+04 nan nan nan nan nan nan
5.760943467989579949e+04 1.066862630165684519e-15 4.611218161117299940e-16 nan 3.832551611494052814e-17 2.363235610902685962e-16 nan
5.760642632716440130e+04 1.089804939237771213e-15 4.568460909929847113e-16 nan 3.740530146038603776e-17 2.251206466346118260e-16 nan
5.791635976077550004e+04 nan nan nan nan nan nan
5.773613697483800206e+04 nan nan nan nan nan nan
5.770724706540509942e+04 1.125480827149837806e-15 9.851519298434378248e-16 nan 6.527411549518701876e-17 7.561054941905927158e-16 nan
5.796226067233800131e+04 1.446201020499954133e-15 nan nan 6.476010129672853089e-17 nan nan
5.827427206804400339e+04 1.104375921410499229e-15 5.109540304530783304e-16 nan 4.626695793451085162e-17 2.934855289811132980e-16 nan
5.796526993535880320e+04 nan nan nan nan nan nan
5.758735880907410319e+04 1.077012868433453585e-15 4.812600638131326792e-16 nan 4.892190564160433626e-17 2.882188252284277328e-16 nan
5.760342418274310330e+04 nan nan nan nan nan nan
5.770322185409720259e+04 1.127475671499319018e-15 nan nan 4.539653501723433988e-17 nan nan
5.805327784341439838e+04 nan nan nan nan nan nan
5.757635904164350359e+04 1.069387320277585852e-15 4.407477401451775983e-16 nan 3.328974453894689487e-17 2.014788509057045490e-16 nan
5.827123369481480040e+04 nan nan nan nan nan nan
5.751622793262729829e+04 nan nan nan nan nan nan
5.753429089564809692e+04 1.456963893705686924e-15 nan nan 5.152595443281742501e-17 nan nan
5.799617709755789838e+04 nan nan nan nan nan nan
5.762619330261569849e+04 1.428960451743920573e-15 nan nan 5.012530427046210199e-17 nan nan
5.796526788873840269e+04 nan nan nan nan nan nan
5.757636313547450118e+04 1.066840494592654027e-15 4.392763319979935525e-16 nan 3.300482488619291108e-17 1.998276942488351640e-16 nan
5.792223818324069725e+04 nan nan nan nan nan nan
5.832431320015050005e+04 nan nan nan nan nan nan
5.832827059204859688e+04 1.020808162205389887e-15 5.028079480131739913e-16 nan 4.813202508748086976e-17 3.133731580852511482e-16 nan
5.760342213885419915e+04 1.504392067255474812e-15 nan nan 5.479315991176423454e-17 nan nan
5.770322392438659881e+04 1.119541419697771990e-15 nan nan 4.549006592124183665e-17 nan nan
5.833428549665510218e+04 1.401494157744852625e-15 6.518240418700523346e-16 nan 6.266874284635042353e-17 3.901293542921265221e-16 nan
5.793628783324069809e+04 nan nan nan nan nan nan
5.805327991408570233e+04 nan nan nan nan nan nan
5.807822652960650157e+04 1.101586738488989804e-15 nan nan 4.881252403440616098e-17 nan nan
5.828824209775459894e+04 nan nan nan nan nan nan
5.750823888879630249e+04 1.124560547320177357e-15 nan nan 5.360511716958656032e-17 nan nan
5.757335681866900268e+04 nan nan nan nan nan nan
5.805629246236110339e+04 1.101059341149191375e-15 4.928068413767367085e-16 nan 4.841130647833231876e-17 2.892963226223151107e-16 nan
5.774910696269680193e+04 1.141143696331244356e-15 nan nan 4.893869596907883600e-17 nan nan
5.771122231931710121e+04 nan nan nan nan nan nan
