5.770724963199999911e+04 nan nan nan nan nan nan
5.770724963199999911e+04 nan nan nan nan nan nan
5.807822702199999912e+04 nan nan nan nan nan nan
5.807521031799999764e+04 8.058899857944171670e-17 nan nan 1.195277698221046911e-17 nan nan
5.802708815599999798e+04 8.030629830339264106e-17 nan nan 1.160107595969134938e-17 nan nan
5.802408396399999765e+04 8.101964091358744296e-17 nan nan 1.673610709612044827e-17 nan nan
5.802105194599999959e+04 nan nan nan nan nan nan
5.801708080599999812e+04 nan nan nan nan nan nan
5.801011987200000294e+04 nan nan nan nan nan nan
5.800711561800000345e+04 6.753915981801531104e-17 nan nan 1.055018101035621483e-17 nan nan
5.800314940999999817e+04 1.549497557846043628e-16 nan nan 2.404900908062347569e-17 nan nan
5.800014514800000325e+04 nan nan nan nan nan nan
5.799317538000000059e+04 nan nan nan nan nan nan
5.799017118599999958e+04 7.459007825351336053e-17 nan nan 1.047755405149498149e-17 nan nan
5.807124063600000227e+04 7.899789070388432738e-17 nan nan 1.259712521873395810e-17 nan nan
5.798637258399999700e+04 7.959857330698881774e-17 nan nan 1.063585865853074785e-17 nan nan
5.798336837199999718e+04 7.924076672909915673e-17 nan nan 1.091965016331924013e-17 nan nan
5.798009769200000301e+04 7.793447576833539689e-17 nan nan 1.127809495354696517e-17 nan nan
5.797328611999999703e+04 7.845632560880869678e-17 nan nan 1.179605060973049670e-17 nan nan
5.797028193599999940e+04 6.803275441527910485e-17 nan nan 1.016256452292111294e-17 nan nan
5.796226323399999819e+04 8.020920582623891815e-17 nan nan 1.270307562482982906e-17 nan nan
5.795434966600000189e+04 nan nan nan nan nan nan
5.795132162599999720e+04 7.796797705797709529e-17 nan nan 1.055418503090995693e-17 nan nan
5.794831738400000177e+04 8.136095726607689890e-17 nan nan 1.098944234099200932e-17 nan nan
5.806823653200000263e+04 7.888841921913965995e-17 nan nan 1.203484679582463877e-17 nan nan
5.794529109250000329e+04 nan nan nan nan nan nan
5.793628626600000280e+04 7.100674254915107712e-17 nan nan 1.021592609616327766e-17 nan nan
5.793328203999999823e+04 nan nan nan nan nan nan
5.792526272800000152e+04 8.023506880716767609e-17 nan nan 1.232528701999964887e-17 nan nan
5.791636026799999672e+04 7.809143509218260320e-17 nan nan 1.043798876728085011e-17 nan nan
5.791335616399999708e+04 6.976388806998634537e-17 nan nan 1.006233390079234214e-17 nan nan
5.790637637199999881e+04 5.203156996849042926e-17 nan nan 9.855993756628413142e-18 nan nan
5.790337216400000034e+04 7.784445021807074754e-17 nan nan 1.078753460756878944e-17 nan nan
5.787636818599999970e+04 7.831046933368184347e-17 nan nan 9.912238867741208951e-18 nan nan
5.785732145399999717e+04 8.133774774203293391e-17 nan nan 1.554917778551433011e-17 nan nan
5.806523226199999772e+04 8.076179257861329507e-17 nan nan 1.235492600667301758e-17 nan nan
5.774910542200000054e+04 nan nan nan nan nan nan
5.774603408399999898e+04 7.879317212306759419e-17 nan nan 1.317200985107212705e-17 nan nan
5.774214848799999891e+04 8.008878037330445784e-17 nan nan 1.311252695191597967e-17 nan nan
5.773914360599999782e+04 7.552950212877144543e-17 nan nan 1.281717620297960322e-17 nan nan
5.773613954599999852e+04 7.711591329920219884e-17 nan nan 1.311985300636042411e-17 nan nan
5.773313540800000192e+04 nan nan nan nan nan nan
5.772813394400000107e+04 nan nan nan nan nan nan
5.772421321799999714e+04 nan nan nan nan nan nan
5.772021227799999906e+04 9.183106368999905321e-17 nan nan 1.543050009650110306e-17 nan nan
5.806222611399999732e+04 nan nan nan nan nan nan
5.771422909600000276e+04 nan nan nan nan nan nan
5.770322236400000111e+04 nan nan nan nan nan nan
5.770016520399999717e+04 8.041000787431553017e-17 nan nan 1.154338972375473765e-17 nan nan
5.769427273799999966e+04 nan nan nan nan nan nan
5.769003639600000315e+04 7.985840907578670581e-17 nan nan 1.126180583243341575e-17 nan nan
5.762929125400000339e+04 6.678370645876095335e-17 nan nan 1.022244666114001009e-17 nan nan
5.762619176000000152e+04 7.848987845641741858e-17 nan nan 1.083902389264646597e-17 nan nan
5.762318751199999679e+04 nan nan nan nan nan nan
5.761939571199999773e+04 7.990044531872616639e-17 nan nan 1.104145867292823473e-17 nan nan
5.805629088600000250e+04 8.019359538851073787e-17 nan nan 1.134595590061560177e-17 nan nan
5.761623948399999790e+04 nan nan nan nan nan nan
5.761322177599999850e+04 7.928914110369167816e-17 nan nan 1.092306376562542136e-17 nan nan
5.760943312799999694e+04 7.880384418082979317e-17 nan nan 1.105622223262709508e-17 nan nan
5.760642889399999694e+04 5.430513989480183739e-17 nan nan 9.975543257739859345e-18 nan nan
5.760041762200000085e+04 8.058681089938712342e-17 nan nan 1.099920137280013184e-17 nan nan
5.759727232599999843e+04 nan nan nan nan nan nan
5.759342271600000095e+04 7.861038179589290731e-17 nan nan 1.055181631031703795e-17 nan nan
5.759041317200000049e+04 7.830323350586100471e-17 nan nan 1.345296866703477004e-17 nan nan
5.758735726599999907e+04 nan nan nan nan nan nan
5.758430321199999889e+04 nan nan nan nan nan nan
5.805327823499999795e+04 7.764964799509246066e-17 nan nan 1.825659478735365880e-17 nan nan
5.758129911400000128e+04 nan nan nan nan nan nan
5.757636160399999790e+04 7.866306071454755444e-17 nan nan 1.047037462205406330e-17 nan nan
5.756941082399999868e+04 7.183662515457043233e-17 nan nan 1.265097768817691656e-17 nan nan
5.756640616399999999e+04 nan nan nan nan nan nan
5.756133278399999836e+04 nan nan nan nan nan nan
5.755737514999999985e+04 nan nan nan nan nan nan
5.755426544399999693e+04 7.886653977624875692e-17 nan nan 1.783447207339152942e-17 nan nan
5.755039621199999965e+04 7.866015034693311565e-17 nan nan 1.044519570574218597e-17 nan nan
5.754629755200000363e+04 6.409179241303022483e-17 nan nan 1.023624942948475366e-17 nan nan
5.753429346400000213e+04 7.780604782141770061e-17 nan nan 1.027364272085166284e-17 nan nan
5.805024283200000355e+04 nan nan nan nan nan nan
5.752940875599999708e+04 7.934824743945432655e-17 nan nan 1.038131670652100011e-17 nan nan
5.752333647667000332e+04 nan nan nan nan nan nan
5.804723859600000287e+04 6.448259590429443165e-17 nan nan 1.069405383710895302e-17 nan nan
5.770724963199999911e+04 nan nan nan nan nan nan
5.795825814199999877e+04 7.267279597812538261e-17 nan nan 1.038447989387293026e-17 nan nan
5.775210959000000003e+04 7.819972895771229581e-17 nan nan 1.330789478525962242e-17 nan nan
5.763231214400000317e+04 nan nan nan nan nan nan
