5.770724756999999954e+04 nan nan nan nan nan nan
5.770724756999999954e+04 nan nan nan nan nan nan
5.807822493599999871e+04 nan nan nan nan nan nan
5.807520824800000264e+04 9.633254745472146887e-17 nan nan 2.312200893034347822e-17 nan nan
5.802708614600000146e+04 9.875109313508285297e-17 nan nan 2.242546238140092473e-17 nan nan
5.802408196999999927e+04 9.681981032917367038e-17 nan nan 3.123743320099027776e-17 nan nan
5.802104992599999969e+04 nan nan nan nan nan nan
5.801707873600000312e+04 nan nan nan nan nan nan
5.801011779599999863e+04 nan nan nan nan nan nan
5.800711355200000253e+04 9.241442065585085824e-17 nan nan 2.057566389898008687e-17 nan nan
5.800314731400000164e+04 1.986948334828984005e-16 nan nan 5.124900349039478301e-17 nan nan
5.800014307600000029e+04 nan nan nan nan nan nan
5.799317332000000170e+04 nan nan nan nan nan nan
5.799016912400000001e+04 8.485640987247498235e-17 nan nan 2.013561283139576415e-17 nan nan
5.807123857400000270e+04 9.602720975450498388e-17 nan nan 2.356073807317665856e-17 nan nan
5.798637056000000302e+04 9.737698111213803256e-17 nan nan 2.051957701366010057e-17 nan nan
5.798336635799999931e+04 9.580553380899915441e-17 nan nan 2.078069641588267860e-17 nan nan
5.798009566600000107e+04 9.489789772163179781e-17 nan nan 2.082063294148048233e-17 nan nan
5.797328410599999916e+04 9.634260153034339527e-17 nan nan 2.074365305993326802e-17 nan nan
5.797027992600000289e+04 7.821910973936345514e-17 nan nan 1.948470145603217576e-17 nan nan
5.795825610400000005e+04 8.708546150554926402e-17 nan nan 2.012602970475158361e-17 nan nan
5.795434759800000029e+04 nan nan nan nan nan nan
5.795131956599999830e+04 9.328558436547878367e-17 nan nan 2.062612927058978418e-17 nan nan
5.794831530400000338e+04 9.686371120283317573e-17 nan nan 2.067795536206688477e-17 nan nan
5.806823449999999866e+04 9.689881720116757997e-17 nan nan 2.338318659394035936e-17 nan nan
5.794528921750000154e+04 nan nan nan nan nan nan
5.793628421600000001e+04 8.789218686452677204e-17 nan nan 1.967893509356717174e-17 nan nan
5.793327915799999755e+04 9.844815715551797782e-17 nan nan 2.283449865811244324e-17 nan nan
5.792526056200000312e+04 9.729617286456283247e-17 nan nan 2.367584108073616196e-17 nan nan
5.791635822400000325e+04 9.082677495926189422e-17 nan nan 1.863267596873667544e-17 nan nan
5.791335411000000022e+04 8.262454571809697059e-17 nan nan 1.890648296427438251e-17 nan nan
5.790637431600000127e+04 9.660401731436852883e-17 nan nan 2.009501785606610655e-17 nan nan
5.790337015399999655e+04 9.407000824320627482e-17 nan nan 2.075494416578891269e-17 nan nan
5.787636616599999979e+04 9.607186327164524714e-17 nan nan 1.890611047264557033e-17 nan nan
5.785731943799999863e+04 9.718384123054567399e-17 nan nan 3.023378933215367521e-17 nan nan
5.775210756599999877e+04 9.881266493600170977e-17 nan nan 2.668285950244430911e-17 nan nan
5.774910341399999743e+04 nan nan nan nan nan nan
5.774603203400000348e+04 9.658751190206485572e-17 nan nan 2.546906338345837183e-17 nan nan
5.774214645600000222e+04 9.837144910417695828e-17 nan nan 2.689574581297322659e-17 nan nan
5.773914154399999825e+04 9.747285225220613178e-17 nan nan 2.525369902138624603e-17 nan nan
5.773613751600000251e+04 9.632322668117166522e-17 nan nan 2.653338777222778181e-17 nan nan
5.773313338600000134e+04 nan nan nan nan nan nan
5.772813188200000150e+04 nan nan nan nan nan nan
5.772421111999999994e+04 nan nan nan nan nan nan
5.772021019800000067e+04 1.097189047986680030e-16 nan nan 3.052912399627598122e-17 nan nan
5.806222411000000284e+04 nan nan nan nan nan nan
5.771422705799999676e+04 nan nan nan nan nan nan
5.771122275999999692e+04 1.145869718014833723e-16 nan nan 3.101075869846010208e-17 nan nan
5.770723677799999859e+04 nan nan nan nan nan nan
5.770322030400000222e+04 nan nan nan nan nan nan
5.769427068600000348e+04 nan nan nan nan nan nan
5.769003435400000308e+04 9.656366616436432022e-17 nan nan 2.143119684446625217e-17 nan nan
5.763231013600000006e+04 nan nan nan nan nan nan
5.762928918800000247e+04 8.035943787957942223e-17 nan nan 1.962105534994458006e-17 nan nan
5.762618971600000077e+04 9.610226573616049538e-17 nan nan 2.048137120434329312e-17 nan nan
5.805628883399999904e+04 9.835520965502851002e-17 nan nan 2.214254016122213746e-17 nan nan
5.762318547599999874e+04 nan nan nan nan nan nan
5.761939369799999986e+04 9.823938810029693819e-17 nan nan 2.135301930697223154e-17 nan nan
5.761623741000000155e+04 nan nan nan nan nan nan
5.761321960199999739e+04 9.486674190896948084e-17 nan nan 2.085737851314442271e-17 nan nan
5.760943109600000025e+04 1.006910939611475729e-16 nan nan 2.094397571527794167e-17 nan nan
5.760642687000000296e+04 9.693987869694586298e-17 nan nan 2.074748455658280238e-17 nan nan
5.760041556600000331e+04 9.647103576758143529e-17 nan nan 2.130026353074429986e-17 nan nan
5.759727025400000275e+04 nan nan nan nan nan nan
5.759342069400000037e+04 9.410703488831720833e-17 nan nan 2.096268202058438210e-17 nan nan
5.796226116200000251e+04 9.774460175563087083e-17 nan nan 2.803413413939698794e-17 nan nan
5.806523021799999697e+04 9.931367857975788425e-17 nan nan 2.315341997908469495e-17 nan nan
5.770016318599999795e+04 9.494999783236194733e-17 nan nan 2.231376922436781902e-17 nan nan
5.759041114199999720e+04 9.826349728007130342e-17 nan nan 3.557097875237687533e-17 nan nan
5.805327627799999755e+04 8.052919385449585214e-17 nan nan 2.129670746450835929e-17 nan nan
5.758735525000000052e+04 nan nan nan nan nan nan
5.758430115200000000e+04 nan nan nan nan nan nan
5.758129703400000290e+04 nan nan nan nan nan nan
5.757635955400000239e+04 9.605152531669911823e-17 nan nan 1.934005916323685552e-17 nan nan
5.756640323999999964e+04 9.340797693189378757e-17 nan nan 2.103831716304873852e-17 nan nan
5.756133076399999845e+04 nan nan nan nan nan nan
5.755737308599999960e+04 nan nan nan nan nan nan
5.755426339600000210e+04 9.720956257544974910e-17 nan nan 3.465706945968957034e-17 nan nan
5.755039413800000330e+04 9.506616977772750332e-17 nan nan 2.066473571480416623e-17 nan nan
5.754629552200000035e+04 7.845707215091706264e-17 nan nan 1.947476920462289088e-17 nan nan
5.805024065249999694e+04 nan nan nan nan nan nan
5.753429142799999681e+04 9.335702783217527086e-17 nan nan 2.024577123883088777e-17 nan nan
5.752940672800000175e+04 9.302922363713632356e-17 nan nan 1.988247814558693042e-17 nan nan
5.752333441499999753e+04 1.048108369832001059e-16 nan nan 5.070805116259603762e-17 nan nan
5.804723657600000297e+04 7.887302720117543131e-17 nan nan 2.109979407745131493e-17 nan nan
5.770724756999999954e+04 nan nan nan nan nan nan
