5.751128210050929920e+04 4.934172240701731198e+02 9.573316561498081967e-01 2.795777064136796275e-01 7.316014085505612163e-02
5.755737465321760101e+04 5.052509646780525259e+02 9.386707094528676798e-01 3.379041333971088967e-01 6.868839675227980668e-02
5.761939725003470085e+04 4.103130703733374389e+02 8.100035846379469717e-01 5.830328888319042946e-01 6.298288191247296275e-02
5.760943056070600142e+04 4.613209466724021013e+02 9.390966592128017210e-01 3.353024436922402707e-01 7.529764876387069761e-02
5.799317696175930178e+04 4.798069890493496814e+02 9.563209145210322948e-01 2.825133783537279175e-01 7.507662419701424672e-02
5.769427429901620053e+04 3.926367291535148070e+02 9.390163029697639052e-01 3.323013775234472389e-01 8.845437950161551266e-02
5.808221331371529959e+04 3.541213049218246169e+02 9.276375463418549128e-01 3.610092843034666266e-01 9.571248227667029929e-02
5.775210701935189718e+04 3.862853602330782792e+02 9.362074369449271405e-01 3.398945980545192147e-01 8.937168020333544072e-02
5.793328153189810109e+04 4.366158133837972741e+02 9.488615025221867061e-01 3.050654712066597218e-01 8.122134761746330200e-02
5.773614109170140000e+04 2.993204593713088570e+02 7.229836241676057540e-01 6.874325450254482606e-01 6.878353891236774209e-02
5.758130066709490347e+04 5.090098794620000149e+02 9.607160059381776307e-01 2.681860394568061357e-01 7.142131456832502556e-02
5.753429294650460361e+04 4.994883473049104623e+02 9.196109237750719201e-01 3.871285008439457886e-01 6.668787526888071693e-02
5.833127475625000079e+04 3.745723357933936200e+02 8.992756693759663689e-01 4.290358696330870969e-01 8.503818575550839420e-02
5.756941235986109677e+04 4.622547059039794135e+02 9.493522387250823424e-01 3.046846458023843573e-01 7.679579050931008288e-02
5.797028143182869826e+04 4.694364570684289788e+02 9.118243584016068048e-01 4.046106925649873842e-01 6.976049661218892972e-02
5.772421270884259866e+04 3.353705230555324874e+02 9.214960898373285580e-01 3.753649830088622852e-01 9.973006540292038424e-02
5.808622070533560327e+04 3.066407552060394437e+02 8.206322755751459530e-01 5.648715733840492526e-01 8.650302807986791354e-02
5.785732096162039670e+04 nan nan nan nan
5.832431525006939773e+04 3.634123355359467951e+02 8.632935434920433471e-01 4.981962729161648618e-01 8.077580960531219323e-02
5.834136736096059758e+04 3.900957668539696783e+02 9.374756358520828226e-01 3.365484912709868492e-01 8.873863424098493713e-02
5.794529273826390272e+04 3.711475632089432679e+02 8.386360296012211890e-01 5.395541356429399693e-01 7.463876047537193470e-02
5.762318496390050132e+04 4.947746283635568716e+02 9.481038947575067821e-01 3.098035115896235481e-01 7.155968804001598682e-02
5.763231367187500291e+04 4.915255312494827535e+02 9.580386035518539956e-01 2.770422355079524279e-01 7.355021311437326403e-02
5.772021178789350233e+04 3.801860005865859762e+02 9.344223178817070430e-01 3.444880359849880613e-01 9.045952082441938158e-02
5.827735675774310221e+04 3.864447909133828603e+02 9.257048274101090657e-01 3.680244576772972454e-01 8.734169142483685921e-02
5.807521185368060105e+04 3.881449423534311336e+02 9.376871406144280385e-01 3.358299369786818533e-01 8.922488304969876383e-02
5.752032221108800150e+04 nan nan nan nan
5.801708028812499833e+04 4.795276559298736743e+02 9.557599889097905255e-01 2.844169535871233778e-01 7.503226047092714790e-02
5.770016674040509679e+04 4.643716217707296892e+02 9.314614885895446950e-01 3.563197643339117704e-01 7.359158117322286974e-02
5.809021082665510039e+04 2.298640529906606957e+02 6.530616186562703263e-01 7.537703688261221391e-01 7.308045783781193239e-02
5.811509924047449749e+04 3.736285296168277341e+02 8.924415773172403865e-01 4.432813871704434083e-01 8.396215137645972326e-02
5.757636109031250089e+04 5.134121399408164734e+02 9.608586465175044111e-01 2.678316282629497613e-01 7.082993939406169448e-02
5.834437296673609671e+04 3.788779369384338338e+02 9.345705326798869894e-01 3.439958800625444457e-01 9.080062745613504127e-02
5.787636768714120262e+04 5.273838580497638304e+02 9.626064352266854307e-01 2.619152158241904726e-01 6.920455606346008481e-02
5.762619125050929870e+04 4.927376312235701903e+02 9.585025619998999158e-01 2.754620690954077689e-01 7.344036444153088927e-02
5.828823795074070222e+04 3.877609188722796034e+02 9.368441615450817661e-01 3.381934457997128329e-01 8.915273521888940345e-02
5.787636561278929730e+04 5.237950988582930449e+02 9.622415345996868652e-01 2.631415291905195852e-01 6.962589106442081122e-02
5.831828496164349781e+04 3.764822467547095357e+02 9.336086514855429508e-01 3.464955880732609739e-01 9.119042338486464672e-02
5.761624100755790278e+04 4.639177710349548533e+02 8.842689319160648154e-01 4.622348387111880896e-01 6.638832675752488754e-02
5.756133432156249910e+04 4.940119222881025394e+02 8.987327891428872340e-01 4.337418332586766012e-01 6.440027795630219598e-02
5.759342423879630223e+04 4.986699750153741206e+02 9.282746567056363585e-01 3.656142036930916661e-01 6.806185257469432592e-02
5.769003794601849950e+04 4.826137476736304279e+02 9.555411551561685535e-01 2.852860311304689644e-01 7.451832824641189956e-02
5.752940620478009805e+04 4.808878624549610095e+02 9.020002182029169813e-01 4.265615405223007195e-01 6.663976672477338326e-02
5.754629702839120000e+04 5.107794152503772125e+02 9.606922980163101755e-01 2.683376358635284897e-01 7.117037102132792170e-02
5.773914515188660152e+04 3.515326005496194739e+02 8.503251928524918624e-01 5.199841767332973319e-01 8.101556854930766494e-02
5.834137145361110015e+04 3.917913827422185022e+02 9.380535002318376447e-01 3.350072119048496666e-01 8.846354432497606501e-02
5.761322127516200271e+04 5.014377597196021838e+02 9.436566107813696425e-01 3.234493568130796248e-01 6.994794139803965638e-02
5.834136940956019680e+04 3.906162923465226413e+02 9.374972217530709306e-01 3.365184445199119745e-01 8.862446447326045862e-02
5.811509514637730172e+04 3.751505817702739023e+02 8.940492891271433207e-01 4.400372586493156990e-01 8.392305768765130625e-02
5.806523176767359837e+04 nan nan nan nan
5.800711715050930070e+04 4.805592894857244346e+02 9.557935848890176667e-01 2.843451078440031310e-01 7.487644977015456282e-02
5.774910491856480076e+04 3.775435572679312486e+02 9.328178722560690472e-01 3.487259537726324354e-01 9.078009894810605551e-02
5.760041711899310030e+04 5.008440222358616438e+02 9.590295253177173462e-01 2.739170899190125352e-01 7.233116492337997305e-02
5.800014462671300134e+04 4.362911439387148107e+02 8.695749328280638624e-01 4.890595569148202815e-01 6.826555491130084641e-02
5.826535084216429823e+04 3.926567338469038759e+02 9.026264835190913605e-01 4.225944645895142182e-01 8.172728888358753163e-02
5.801012141791670001e+04 4.803870659777473406e+02 9.566389097725728208e-01 2.814455868225005930e-01 7.503584454966562289e-02
5.791635771358799684e+04 4.565678416559056814e+02 9.005605196853398997e-01 4.290635930764594153e-01 6.996558782994033443e-02
5.809417454857639677e+04 3.483843929997060513e+02 8.556660116485201861e-01 5.108654545326059004e-01 8.277779819920556836e-02
5.751622383775460185e+04 nan nan nan nan
5.831036035766200075e+04 3.943985361168290638e+02 9.376715874950359852e-01 3.362467642601999485e-01 8.780721797827881203e-02
5.774214593089120171e+04 3.797345727742091412e+02 9.354577988536058042e-01 3.415843906901346316e-01 9.076789410808402958e-02
5.797028347689809743e+04 4.722690088529738546e+02 9.118227735868161821e-01 4.046862210110325764e-01 6.934184950125865665e-02
5.823926595738429751e+04 nan nan nan nan
5.830734313171300164e+04 4.027093529666677227e+02 9.373428140053966517e-01 3.376442729974893364e-01 8.593482381689757088e-02
5.794528865236110141e+04 3.727263805120016968e+02 8.349482951896637362e-01 5.453751153475111524e-01 7.367040056605721199e-02
5.827023104541670182e+04 nan nan nan nan
5.755426286537040141e+04 3.864790888332450436e+02 9.125477020712915444e-01 4.000674219898798789e-01 8.486901264169881276e-02
5.799017067341440270e+04 4.835865511916035757e+02 9.569684270619722710e-01 2.804418814511435709e-01 7.459075502150064318e-02
5.824428320671300025e+04 nan nan nan nan
5.793628368734950345e+04 4.840139963865253208e+02 9.570887732208724907e-01 2.800434391246912624e-01 7.454362734520543488e-02
5.772813550339119683e+04 4.220769692070319365e+02 9.300220713691926822e-01 3.585301904178814225e-01 8.071585547508032532e-02
5.811209092512729694e+04 4.029349507314943821e+02 9.245523881316642933e-01 3.717805956675778178e-01 8.355878341082707828e-02
5.834737719356479647e+04 3.861622369305811162e+02 9.369566797100222777e-01 3.377782899557020269e-01 8.954332572209004748e-02
5.797328765510419908e+04 nan nan nan nan
5.759342014512729656e+04 4.967708382218274892e+02 9.270094040565038940e-01 3.687967731773692526e-01 6.813592947018209944e-02
5.772813138064809755e+04 4.236187885725216802e+02 9.323171395456761879e-01 3.524953345417148887e-01 8.081949291905234090e-02
5.787636973238430073e+04 5.268579193085594170e+02 9.627713532945285646e-01 2.612837434936938208e-01 6.929737845938702123e-02
5.790637790084489825e+04 5.035983330117879291e+02 9.585712359509026559e-01 2.756380671734388610e-01 7.186683193552949322e-02
5.758735471921299904e+04 3.614141962474016623e+02 8.384825720135499205e-01 5.395148045422971661e-01 7.662083338902726803e-02
5.772020971459490102e+04 3.805738150359916290e+02 9.346947934458875729e-01 3.437584292794373941e-01 9.042004979252979413e-02
5.790337370518520038e+04 4.810693522762551879e+02 9.564594668513218823e-01 2.820905548172512045e-01 7.490131609912130395e-02
5.752333588821760350e+04 2.225227107539553799e+02 8.551758095216943634e-01 5.019134930251621940e-01 1.294495281111338325e-01
5.806522972351850331e+04 nan nan nan nan
5.763231162777780264e+04 4.907317774130777366e+02 9.577213364097046933e-01 2.781184626032236484e-01 7.362039489725885621e-02
5.829430420554400189e+04 3.600178178193829126e+02 8.859340738711223295e-01 4.557928410669362385e-01 8.587026718397570979e-02
5.823926800362270296e+04 nan nan nan nan
5.756640813357639854e+04 5.068011970818045597e+02 9.447042277000469168e-01 3.205041546880365577e-01 6.936143736518687875e-02
5.770725116266200348e+04 2.713181293962459790e+02 7.033315982981622749e-01 7.072252113061805456e-01 7.181339240198106322e-02
5.798336990800929925e+04 4.813234591854692894e+02 9.558388281944314446e-01 2.842224156881186237e-01 7.476465031220598523e-02
5.750823684359950130e+04 3.190667450572458392e+02 8.897693411650806627e-01 4.458239021629152310e-01 9.773212257435945349e-02
5.758430269878469699e+04 5.041241405132405475e+02 9.547108820218611624e-01 2.888868017554437340e-01 7.121479846598319230e-02
5.800314890200230002e+04 nan nan nan nan
5.831336252050929761e+04 3.957959043859900703e+02 9.383582464171739135e-01 3.343734278763432766e-01 8.762540790838009575e-02
5.806222766803239938e+04 3.603197726368413782e+02 8.184413589149609480e-01 5.699052968233571104e-01 7.322359367112206419e-02
5.823927007418980065e+04 nan nan nan nan
5.752333793572919967e+04 nan nan nan nan
5.807124011413189874e+04 3.716801680387957845e+02 9.333555174343125538e-01 3.468786098044784327e-01 9.231851458423227796e-02
5.834822050653940096e+04 3.112325714683898923e+02 9.092356496502839169e-01 4.029197493143573672e-01 1.046241320990594775e-01
5.794228447361110011e+04 nan nan nan nan
5.802408142475689965e+04 nan nan nan nan
5.762929076252310188e+04 5.036022361395552593e+02 9.595801165674917588e-01 2.720651774018776892e-01 7.201763071362467239e-02
5.798637413616899721e+04 4.596441399321910808e+02 9.521113960770258844e-01 2.957185631762750400e-01 7.768153482788651976e-02
5.774603153121530340e+04 nan nan nan nan
5.755039358618060214e+04 5.179098799577420777e+02 9.619766862774762339e-01 2.639085961293494154e-01 7.037832015359611615e-02
5.806222355206019711e+04 3.642483590813801015e+02 8.219536294880258609e-01 5.648494715441645386e-01 7.305686461749724692e-02
5.826534876859949873e+04 3.886582964260551307e+02 9.005644285616872802e-01 4.268820761539719455e-01 8.219125907197377678e-02
5.806823395875000278e+04 3.957053470072511914e+02 9.385949890857080424e-01 3.336914210145320303e-01 8.768969155209792310e-02
5.833127892640049686e+04 3.757655021909165498e+02 8.999840803231217157e-01 4.275749577937659751e-01 8.490177049157419942e-02
5.834822258515049907e+04 3.190475175485869386e+02 9.129033734124586408e-01 3.949959566918280207e-01 1.028864665991624655e-01
5.794831686872689897e+04 4.717959546799248187e+02 9.337166686082637446e-01 3.505361212854721797e-01 7.278468545801887457e-02
5.773313491203699959e+04 3.658942997324690509e+02 8.486845989999806106e-01 5.231851359096020282e-01 7.753557237483606202e-02
5.755737257791669981e+04 4.981682058117755219e+02 9.365068333370496489e-01 3.437242187424907058e-01 6.934416026512914277e-02
5.809417247935190244e+04 3.514987355098092507e+02 8.589765756608346292e-01 5.052951457804426560e-01 8.268045788883553182e-02
5.772813342998839653e+04 4.230644302714081277e+02 9.323144499267548291e-01 3.524782583986151296e-01 8.092492702530880433e-02
5.790637585583329928e+04 4.983970679392022021e+02 9.586762718473611500e-01 2.750714265314465057e-01 7.263274814296884208e-02
5.785732303363429673e+04 nan nan nan nan
5.762929280788190226e+04 5.030567136383428419e+02 9.594356140523905285e-01 2.725594224202524396e-01 7.207401569116712869e-02
5.800711306057869660e+04 4.711310044374421864e+02 9.544259917200966781e-01 2.885675272429578109e-01 7.615647411740296413e-02
5.806222562383100012e+04 3.633645153397999934e+02 8.205209122506871289e-01 5.669386451391371651e-01 7.297948483717610346e-02
5.794831891516200267e+04 4.779492023412547610e+02 9.355935028587883950e-01 3.456314291160610397e-01 7.213676327373969022e-02
5.832827263697919989e+04 3.325607422878881607e+02 7.985734714216895513e-01 5.971394672836239925e-01 7.553057231175815123e-02
5.804724014932870341e+04 4.392247148650677673e+02 9.488460370217627338e-01 3.052422831397895719e-01 8.073627816356350462e-02
5.801708233447920065e+04 4.783513214370245237e+02 9.554958493112800655e-01 2.852654382581802928e-01 7.517520657958821906e-02
5.785731888864580105e+04 nan nan nan nan
5.802104939627309795e+04 4.354263288575879187e+02 8.988443880842096334e-01 4.321314530281593624e-01 7.308333129581918997e-02
5.750823479354169831e+04 2.943725220729016314e+02 8.787376493410423706e-01 4.659882851300709561e-01 1.033201904378565211e-01
5.793628576050930133e+04 4.898542875136505472e+02 9.578815379125237284e-01 2.775246315912356376e-01 7.377694888301594700e-02
5.758129654758099787e+04 4.991452255519669166e+02 9.591812195692502874e-01 2.733140767889979394e-01 7.260029927364981817e-02
5.833824304113430117e+04 3.981881526179568027e+02 9.399709346883171612e-01 3.298728926754846968e-01 8.739860764954926475e-02
5.795131904060189845e+04 4.571779157681338006e+02 9.466203001818257468e-01 3.129693407015536333e-01 7.720232551228629891e-02
5.806523383688659669e+04 3.599452252676815078e+02 8.725287238271668411e-01 4.814077194983166219e-01 8.330806505954674313e-02
5.801707824304400128e+04 4.729435134809701822e+02 9.548516244158832267e-01 2.872153589553398390e-01 7.593229175063989644e-02
5.829430911765049677e+04 3.668148846308626503e+02 8.899680546675963200e-01 4.480219192200391443e-01 8.504834842351116642e-02
5.759727180795140157e+04 3.125277298591313411e+02 9.067009480952165079e-01 4.088499288654444674e-01 1.036104550224370563e-01
5.827123162187499838e+04 nan nan nan nan
5.797027938540509786e+04 4.721605999292978595e+02 9.124890899170278180e-01 4.031613621120561652e-01 6.945917421295677574e-02
5.831035831250000047e+04 3.851745820225892203e+02 9.354423932630823169e-01 3.419653840194019079e-01 8.948298731434908837e-02
5.804723603105320217e+04 4.400699417283386765e+02 9.481588744799889223e-01 3.074413877312926480e-01 8.046453787040437622e-02
5.829430707340280060e+04 3.634356320359904657e+02 8.882495376929663289e-01 4.513326378060410482e-01 8.550794605925637892e-02
5.822336484763889894e+04 3.913450518807838421e+02 9.375348306888888761e-01 3.364552198840067287e-01 8.846652620037327719e-02
5.752032630150460318e+04 nan nan nan nan
5.826232078871529666e+04 3.957173275464847393e+02 9.387052702932586756e-01 3.333763410390918058e-01 8.770764367515247739e-02
5.800014257973380154e+04 4.302870039203107240e+02 8.654381113697631189e-01 4.963025794891781084e-01 6.856110399581918924e-02
5.756940826380789804e+04 4.200172279634559800e+02 9.384148411686970004e-01 3.354962897405774358e-01 8.258223443717148393e-02
5.835129213258100208e+04 3.859724823046860251e+02 9.178004908190748878e-01 3.876246526558724814e-01 8.596154783203673044e-02
5.823538053755790315e+04 2.340794590307025089e+02 8.630432414870657931e-01 4.893342167211613414e-01 1.253331068368845336e-01
5.774603562748840341e+04 4.313920135786033825e+02 9.152675437995199115e-01 3.955187118897401932e-01 7.648706957567784348e-02
5.755039775870370067e+04 5.196679241181311681e+02 9.620125493916164006e-01 2.638398555537464496e-01 7.014545911476430251e-02
5.751622588629629900e+04 nan nan nan nan
5.822336899138890294e+04 3.961957811276067218e+02 9.380795931365004670e-01 3.351910710121659420e-01 8.748498645239102811e-02
5.805628832104169851e+04 3.661669576976298117e+02 9.195920472662080236e-01 3.821986390463980032e-01 9.096519617867887542e-02
5.834437502118059638e+04 3.819843458276249635e+02 9.354648854636588018e-01 3.417062381424831319e-01 9.023466561680508480e-02
5.774910287126160256e+04 3.758068041488392623e+02 9.324564892522045900e-01 3.496003498102436269e-01 9.112898037402086815e-02
5.775211113959489739e+04 3.806945069938405481e+02 9.342467953254922630e-01 3.450043137911759650e-01 9.030475563073922518e-02
5.761939520490739960e+04 4.120726716048633875e+02 8.110214959681490976e-01 5.816281351981119618e-01 6.287165834899019479e-02
5.758129862053239776e+04 5.021235436757048660e+02 9.597634820159779423e-01 2.713538983206068012e-01 7.225732111540948688e-02
5.795132111849539797e+04 4.655907300300467568e+02 9.483359141681705351e-01 3.080104963935590967e-01 7.608237647585405772e-02
5.754629497972220270e+04 5.115184866374714829e+02 9.606966089463728764e-01 2.683492866895139106e-01 7.106817777436667816e-02
5.831035626645830052e+04 3.832015854152078873e+02 9.347400561365872829e-01 3.437956150013602441e-01 8.980869979910691137e-02
5.829733242995369801e+04 3.600123914640440717e+02 8.349946861671593279e-01 5.449450867361428363e-01 7.628057757217723833e-02
5.798009512350690056e+04 4.688033305523625245e+02 9.543279191793122562e-01 2.887959221285061884e-01 7.651887372949126020e-02
5.806823600857640122e+04 3.961814481960927878e+02 9.385011343375680992e-01 3.339875399084787366e-01 8.756679754895860257e-02
5.752941032322919636e+04 4.876501371074683107e+02 9.059069440224212233e-01 4.182568044673300456e-01 6.628615457797654154e-02
5.756640565740739839e+04 5.110538870685896882e+02 9.457377701481181065e-01 3.175343414176625689e-01 6.893483978161209225e-02
5.800315097386569687e+04 nan nan nan nan
5.791636182935190300e+04 4.585863501146657768e+02 8.982705719871976191e-01 4.339434975034601183e-01 6.930382728433592820e-02
5.795434915491900028e+04 4.211035861170757357e+02 9.431456157983008071e-01 3.217977828769217341e-01 8.320176882699992227e-02
5.761623896099539706e+04 4.675234695274320984e+02 8.875115962423081317e-01 4.559818754808637742e-01 6.636034786214031755e-02
5.827426794648150099e+04 3.737302174374313495e+02 8.897435698514539748e-01 4.487709772573266753e-01 8.343254688366465166e-02
5.798336786162039789e+04 4.764072335348551519e+02 9.550931724197579964e-01 2.865468577853244048e-01 7.541836838940124688e-02
5.775210909396989882e+04 3.855207329481410170e+02 9.354574555772939837e-01 3.419444421580907778e-01 8.940552154116256089e-02
5.773313695576389728e+04 3.738854845212162559e+02 8.537034915473654673e-01 5.150683581357901053e-01 7.677847984389332692e-02
5.792224230149309733e+04 1.372216039304678077e+02 7.532340122007775696e-01 6.372728934227348541e-01 1.628550956296254126e-01
5.771122439228009898e+04 3.802321372384085976e+02 8.912506990278639130e-01 4.459837988941738329e-01 8.228391462652284716e-02
5.811810339833330363e+04 3.153742075659552029e+02 7.963929120091315372e-01 5.995696306142541676e-01 7.921229542629500131e-02
5.801011937150460290e+04 4.762727711863406626e+02 9.556487943160297815e-01 2.846594188794230873e-01 7.552745967889873402e-02
5.835129008620369859e+04 3.880406414056156450e+02 9.189271494742892177e-01 3.850014276723498496e-01 8.571344497399326079e-02
5.752940825335650152e+04 4.814377377879491746e+02 9.020320224145006449e-01 4.265054344044622581e-01 6.656834805120735721e-02
5.798336581408559869e+04 4.783652689457816223e+02 9.557048524162217173e-01 2.845563335580232334e-01 7.520590468907917270e-02
5.800711510732639726e+04 4.758587471272422817e+02 9.550339734788712009e-01 2.867236873479196424e-01 7.549593773688098586e-02
5.769003590199069731e+04 4.901014682826800595e+02 9.572670433234772291e-01 2.796715898778761034e-01 7.364515993539010041e-02
5.833428344784719957e+04 3.855111422015033895e+02 9.278650947373978664e-01 3.623934242976733500e-01 8.796233281221177425e-02
5.774603357987270283e+04 4.198557570859253474e+02 8.976553095418861039e-01 4.341665622668323121e-01 7.559326332856347586e-02
5.832128978122679837e+04 3.709766841409312406e+02 9.279975153085719963e-01 3.611928965591219565e-01 9.143469284876534764e-02
5.802708559285879892e+04 nan nan nan nan
5.787323558943290118e+04 nan nan nan nan
5.790637381167819694e+04 5.027530544306080742e+02 9.591467883055301291e-01 2.735740441807072432e-01 7.207413429101397484e-02
5.752333383954859892e+04 2.633707254166761231e+02 8.832816920791971560e-01 4.540917548590537867e-01 1.166796066445853902e-01
5.796527198114580096e+04 1.622071253916564331e+02 7.914700352291677010e-01 5.919773398325850478e-01 1.521118419422894386e-01
5.762318905652780086e+04 5.038334003956348965e+02 9.493331844445175305e-01 3.062720026660613604e-01 7.045541352764646270e-02
5.761321910018519702e+04 4.893940418531051364e+02 9.413014899315341744e-01 3.299486310167709102e-01 7.131203224444179756e-02
5.793327861822919658e+04 4.329325871278995805e+02 9.478549660410349187e-01 3.080418075333717365e-01 8.173865770198140979e-02
5.807822445435189729e+04 3.657489647641130546e+02 9.309715319066037553e-01 3.529592284452761630e-01 9.333696928220303057e-02
5.799317281408570125e+04 4.775712935204415430e+02 9.557759028226163744e-01 2.842815257235648541e-01 7.534213771784617486e-02
5.833824099243059754e+04 3.966412807570303016e+02 9.393838010787440851e-01 3.314801325504321272e-01 8.762988072112512516e-02
5.795434710633099894e+04 4.194998700433802128e+02 9.429680406387104252e-01 3.222436378391746459e-01 8.348839563775396766e-02
5.759041472459489887e+04 3.199818934301198965e+02 7.500872505822866465e-01 6.577025299402576852e-01 6.925675868888517273e-02
5.792526223586809647e+04 4.382405154823471776e+02 9.480077560208690635e-01 3.078258360911945712e-01 8.077468142328676770e-02
5.829732833850690076e+04 3.528371989931958979e+02 8.305722014195592307e-01 5.515608326132311889e-01 7.700951990544031844e-02
5.809417043305560219e+04 3.548725832648696041e+02 8.625155408508513588e-01 4.992484740142620336e-01 8.257059394962587562e-02
5.806823805357640231e+04 3.919658150036879078e+02 9.365446607568473913e-01 3.392866751444802431e-01 8.813994824848564447e-02
5.770724911196759786e+04 2.722366185417813540e+02 7.067493927456374170e-01 7.037631536924000564e-01 7.226838422574770326e-02
5.761623691380790115e+04 4.622560238455455419e+02 8.881537972150898019e-01 4.546043902681829452e-01 6.721369534039067783e-02
5.771422857567130268e+04 3.667664163954913192e+02 9.320447439110666199e-01 3.501271990825728375e-01 9.329276397634866935e-02
5.772421063494210102e+04 3.422808844984921848e+02 9.237110697495246603e-01 3.702933807229210061e-01 9.818692283078635230e-02
5.805024026468749798e+04 2.409364949653748909e+02 8.715433316703911082e-01 4.743336593520799949e-01 1.241764898301594838e-01
5.760041507263889798e+04 4.927505168530077526e+02 9.584108565612361463e-01 2.757852220037637081e-01 7.342439206348637393e-02
5.808622277482639765e+04 3.018875494089028848e+02 8.167384008134858098e-01 5.704065338535365681e-01 8.703315904771113942e-02
5.832431115395829693e+04 3.608235155599364816e+02 8.586296433313292953e-01 5.062393854471027854e-01 8.047869416717645663e-02
5.772021386024310050e+04 3.755780902706612778e+02 9.331831123961450425e-01 3.476042622501625545e-01 9.132664235678400466e-02
5.831828907890050323e+04 3.803578789942189928e+02 9.346612809817029799e-01 3.438377415525247227e-01 9.046489549931058249e-02
5.800314683020830125e+04 nan nan nan nan
5.829128281405090092e+04 3.812925506711327444e+02 9.338594818307581757e-01 3.461077191421687571e-01 9.008837297339471195e-02
5.759041265638890036e+04 3.776716744652870830e+02 8.020019997354743690e-01 5.935426791614825115e-01 6.708114812754599476e-02
5.826232285940970178e+04 3.958417551087139827e+02 9.390318732758442533e-01 3.324464479953403995e-01 8.774109748196830261e-02
5.757335886174769985e+04 nan nan nan nan
5.787323766340279690e+04 nan nan nan nan
5.823538261229170166e+04 nan nan nan nan
5.835128803995370254e+04 3.827971750648262628e+02 9.161477287837684891e-01 3.914266473947038416e-01 8.636271622456470620e-02
5.811509719284719904e+04 3.742862361796541677e+02 8.930170555921355113e-01 4.421283889636224429e-01 8.392273883748442576e-02
5.787323970866900345e+04 2.408399535714214039e+02 8.787691392634345844e-01 4.602330427365366461e-01 1.262946802192060070e-01
5.832129390026620240e+04 3.362771093464193655e+02 9.165273219207512589e-01 3.876812910432231862e-01 9.839148717157980562e-02
5.759726976038190332e+04 2.124288799511018624e+02 8.473184235562486455e-01 5.141308390417431706e-01 1.331201316420120295e-01
5.826231871686340310e+04 3.952096745631573071e+02 9.386161435468728387e-01 3.336019449268722292e-01 8.780362984640337209e-02
5.805024438494210335e+04 4.114819473686504239e+02 9.429847199561486315e-01 3.217680948803844365e-01 8.511821806330205353e-02
5.795132316312500188e+04 4.683896798103718311e+02 9.487324079051019377e-01 3.068838429832585479e-01 7.569098431394666315e-02
5.799617914864580234e+04 nan nan nan nan
5.830734722672450152e+04 4.025084816998793258e+02 9.376253397124384437e-01 3.368347361011594376e-01 8.602954658021093326e-02
5.756640274435179890e+04 5.026859412369646520e+02 9.438112200123265350e-01 3.230305595246985573e-01 6.979712452532872702e-02
5.758430065474539879e+04 5.047701348193435820e+02 9.535557778412375729e-01 2.927409105579796833e-01 7.095165841104363047e-02
5.762618919959489722e+04 4.885186328714921729e+02 9.578566560257049112e-01 2.775578367310623240e-01 7.397481852919485235e-02
5.771423062320600002e+04 3.623779879468638114e+02 9.308232416598110071e-01 3.531276276549248916e-01 9.417521634021236432e-02
5.790938211894679989e+04 nan nan nan nan
5.827123576915510057e+04 nan nan nan nan
5.811209502422450169e+04 4.000707447250515543e+02 9.227564603895218598e-01 3.761555310712094702e-01 8.383037190623252033e-02
5.755426493841440242e+04 3.743927331812487296e+02 9.096432312241828910e-01 4.061663951150611962e-01 8.705200380958204309e-02
5.795825969094909669e+04 4.918000710524167403e+02 9.580699221803663512e-01 2.769435353117766230e-01 7.351396100280360724e-02
5.831828703347220289e+04 3.823587049675936669e+02 9.353844898770489191e-01 3.419536379690547578e-01 9.013082478920163287e-02
5.794228856964119768e+04 nan nan nan nan
5.794228652329860051e+04 3.140828041212711810e+02 8.103472715470275700e-01 5.801343130890662669e-01 8.234973146869035976e-02
5.771122646682870254e+04 3.730900901971074290e+02 8.821208481136053603e-01 4.638040764439305130e-01 8.214979000171697410e-02
5.790337165991900110e+04 4.749445970329716715e+02 9.554245251624202684e-01 2.853647022999767913e-01 7.570312674790305452e-02
5.829733038506939920e+04 3.575348220045031553e+02 8.335929804757381545e-01 5.470490010319970509e-01 7.655150796339704744e-02
5.761939315737270226e+04 4.146702176695349635e+02 8.128039075869866181e-01 5.791475640615391107e-01 6.275274378790578200e-02
5.832827470641199761e+04 3.314377917773268791e+02 7.944793344212757180e-01 6.026407548111040180e-01 7.501138459080551601e-02
5.760642838563660189e+04 4.597254257321830551e+02 9.486180992723364236e-01 3.068867192358693541e-01 7.709891886131881034e-02
5.773313283907409641e+04 3.388418765041531628e+02 8.303017869858710931e-01 5.515222866369020593e-01 8.013806755139689375e-02
5.824428116292820050e+04 nan nan nan nan
5.824428524973380263e+04 nan nan nan nan
5.756941031233799731e+04 4.628080258758422474e+02 9.491919481265308489e-01 3.052132340695798973e-01 7.667807614011197537e-02
5.798637209084490314e+04 4.569374508415767195e+02 9.518332247282957903e-01 2.965038316680952413e-01 7.809603132984135887e-02
5.826535289314809779e+04 3.942414346245751062e+02 9.040589381326554763e-01 4.195348798988947081e-01 8.165733849860212779e-02
5.827736085368059867e+04 3.936657151100644683e+02 9.280710679450553391e-01 3.622945775662097523e-01 8.617848867000586777e-02
5.794831481783559866e+04 4.690786354016212840e+02 9.329856962249164498e-01 3.524135181732607758e-01 7.309174268310202061e-02
5.807520980290509760e+04 3.896744770564735063e+02 9.380597698876188550e-01 3.348620607360581203e-01 8.894531127602077480e-02
5.822336692063660303e+04 3.938336644663565949e+02 9.375078924883449849e-01 3.366780496488853136e-01 8.790245961680774600e-02
5.771422651776619750e+04 3.678882993927712732e+02 9.324226512372368880e-01 3.491753479561586770e-01 9.308370340407430554e-02
5.830734518155090336e+04 4.019768026137060133e+02 9.370686924648331528e-01 3.383773009362205375e-01 8.604108212572869618e-02
5.799317489197920077e+04 4.811116917955967551e+02 9.563548341189245239e-01 2.824511738265192973e-01 7.487833906668488193e-02
5.795825557232640131e+04 4.913869442293206475e+02 9.579821391777445516e-01 2.772342173697229795e-01 7.356228473769638176e-02
5.827735880615739734e+04 3.952444748703406390e+02 9.284964332881681104e-01 3.612662966191262370e-01 8.591295768539146394e-02
5.798637001756940299e+04 4.609369900686068036e+02 9.524534482011594028e-01 2.946577405226867841e-01 7.751931991307951797e-02
5.828425685040510143e+04 3.938625728962948074e+02 9.380887587312847220e-01 3.350292641012584949e-01 8.800495973390855264e-02
5.751127795192129997e+04 4.883694070964843377e+02 9.567605179523871461e-01 2.813515847404117753e-01 7.382815893369418236e-02
5.769003383031250269e+04 4.876810115796197920e+02 9.559300768554764849e-01 2.841665798202040460e-01 7.380408577016883687e-02
5.808221126275460119e+04 nan nan nan nan
5.802105144168980041e+04 4.326968970215296508e+02 8.935794925735937033e-01 4.429814185716568486e-01 7.268530286214278102e-02
5.802408347208330088e+04 3.456742863297277495e+02 8.965817139197079788e-01 4.333028923335623395e-01 9.159603572299566954e-02
5.798009921662040142e+04 4.771129730006143745e+02 9.555884397431879673e-01 2.848997119198371508e-01 7.538493203003789056e-02
5.792526430643520143e+04 4.221742690557150581e+02 9.448845503367805376e-01 3.166303592059849792e-01 8.329707176095034471e-02
5.797328561118060315e+04 nan nan nan nan
5.808221538364580192e+04 3.619187119859415134e+02 9.301134170494991249e-01 3.549994747384132565e-01 9.415096579406539989e-02
5.834437706734950189e+04 3.801409215670697108e+02 9.349038571967465128e-01 3.431516096945743666e-01 9.056351673089930998e-02
5.798009717217589787e+04 4.748329197860957152e+02 9.551513612844199086e-01 2.862844249202166624e-01 7.567763926432066746e-02
5.833127687896989664e+04 3.761646039975569806e+02 8.992889023091137357e-01 4.290788341658560712e-01 8.468071949705599510e-02
5.769427222827549849e+04 3.939097115316573650e+02 9.393439388421357394e-01 3.314338858473385718e-01 8.823006218220202923e-02
5.790336961260419775e+04 4.758103813178828432e+02 9.554357909129315152e-01 2.853630211820356033e-01 7.556715943081401821e-02
5.795825764436340251e+04 4.909947903648520651e+02 9.580035100902528633e-01 2.771438862715431273e-01 7.362432313482018820e-02
5.825840302037040237e+04 3.798046315489348785e+02 9.338666997220449462e-01 3.459958165808834640e-01 9.044270041735662236e-02
5.802708970991899696e+04 nan nan nan nan
5.756133227755789994e+04 4.920862623102096904e+02 8.999479918788014787e-01 4.311508319571381032e-01 6.482724748113560809e-02
5.801011732460650092e+04 4.740450737407852557e+02 9.552531262840597837e-01 2.859070794523737580e-01 7.581956636346662282e-02
5.792526005879630247e+04 4.383683009878277517e+02 9.482744210149448572e-01 3.069976166126748840e-01 8.079657073730356354e-02
5.790938007233799726e+04 nan nan nan nan
5.804723807749999833e+04 4.380655114805584276e+02 9.473295601619111661e-01 3.099283893206370433e-01 8.069137461064466998e-02
5.802708766583329998e+04 nan nan nan nan
5.790937800020830036e+04 nan nan nan nan
5.802105348754629813e+04 4.331010592893319995e+02 8.913512672355194955e-01 4.475176223335469716e-01 7.225576861789191618e-02
5.828425889914349682e+04 3.900783694031489404e+02 9.372741542613287624e-01 3.371181990214685564e-01 8.870445108466749884e-02
5.831336047291669820e+04 3.935509512105441559e+02 9.378704847116703380e-01 3.356322812374984421e-01 8.803366230033585205e-02
5.833824508746530046e+04 4.000687412950055659e+02 9.397252227260672885e-01 3.306925180654333163e-01 8.694230424819819614e-02
5.829128076983799838e+04 3.814371984652511856e+02 9.339879958517829373e-01 3.457632106498121360e-01 9.007899736289044779e-02
5.796226476614580315e+04 4.396463899875492416e+02 9.478484233493051914e-01 3.083907186293818325e-01 8.048932238185105281e-02
5.811809930796299886e+04 3.202683457194083303e+02 8.024893089961393500e-01 5.913866529601397026e-01 7.920060383293772710e-02
5.811209296942129731e+04 4.015534916380473760e+02 9.232925161767384648e-01 3.748852857266518068e-01 8.361789352569014289e-02
5.759041060892360110e+04 2.832968302161193037e+02 7.056953615701009319e-01 7.051240207081479472e-01 6.923996013011493589e-02
5.791335564643520047e+04 4.393184188934711756e+02 8.790557197332813377e-01 4.716578345212460444e-01 6.928151801838489110e-02
5.811810135194440227e+04 3.206727201647856873e+02 8.013367990200113145e-01 5.929909574659557592e-01 7.887368952934391275e-02
5.751128002734950132e+04 4.904183311065417570e+02 9.569825899347818021e-01 2.806673378247134809e-01 7.355384449575255723e-02
5.791335360002310335e+04 4.381649357726410017e+02 8.783919453952574452e-01 4.728815009649121048e-01 6.935903913627243511e-02
5.762928869053239760e+04 5.042070654406401218e+02 9.597440070094412912e-01 2.715028579412751553e-01 7.195581379695011048e-02
5.770321977893519943e+04 4.009490003089533730e+02 8.637828912659173408e-01 4.985044829292721857e-01 7.329663877499090208e-02
5.807822860027779825e+04 3.585449988974867779e+02 9.291465451932308106e-01 3.573404360470307517e-01 9.483939224394891121e-02
5.791335771677079902e+04 4.446682082321051439e+02 8.819407781418147074e-01 4.662976797824201491e-01 6.889802377529939681e-02
5.807520775504630001e+04 3.907126391154491785e+02 9.382512227292322260e-01 3.343784301666731240e-01 8.874518852519314160e-02
5.792224023196759663e+04 8.567792045306877924e+01 6.449014646700936826e-01 7.399632993472892162e-01 1.911973234264590371e-01
5.773613904766199994e+04 nan nan nan nan
5.773914310640050098e+04 3.560742792009742175e+02 8.541572538164224904e-01 5.137140548269969464e-01 8.070474351605877450e-02
5.760342622562500037e+04 4.837128079445668050e+02 9.554842567571175671e-01 2.855229866666250671e-01 7.434015855692512054e-02
5.827427001928239770e+04 3.804522017117437258e+02 8.933574784512888778e-01 4.416847647507309849e-01 8.262556675900209480e-02
5.829127869806710078e+04 3.835240666344918736e+02 9.341927417481192819e-01 3.453269738642691378e-01 8.962813390268772884e-02
5.831336456532409647e+04 3.955543446846406823e+02 9.381151686374521459e-01 3.350526825696799604e-01 8.763349973147296912e-02
5.795435120121530053e+04 3.871419153642145830e+02 9.352975817166888639e-01 3.424869469969268332e-01 8.900070096149789722e-02
5.802408551613429881e+04 3.364688354291811265e+02 8.897500458906817400e-01 4.469412634903046078e-01 9.267342028445756108e-02
5.769427015548609779e+04 3.946744670177673697e+02 9.392911933333293328e-01 3.316314077072861077e-01 8.804921094782058866e-02
5.770016469395830063e+04 4.630531310196894879e+02 9.314119801809449539e-01 3.564074564916070442e-01 7.379327972515001277e-02
5.761322332181710226e+04 5.045873027347424227e+02 9.440804783850605952e-01 3.222910747800367126e-01 6.957379858369101833e-02
5.807124218600690074e+04 3.708387587908132446e+02 9.331525853306373852e-01 3.473791428314872975e-01 9.248774846653383397e-02
5.805024233653939882e+04 3.950969622856406431e+02 9.388158920166940202e-01 3.330229356453511813e-01 8.786606416046797985e-02
5.756133022916669870e+04 4.926130245443987405e+02 9.015473722688968072e-01 4.277719669726052776e-01 6.498830531284548184e-02
5.758430476832180284e+04 5.046995940560616987e+02 9.551803056712824258e-01 2.873336656852243376e-01 7.120356888251558325e-02
5.825840713835650240e+04 3.473770312830112061e+02 9.228013169506869007e-01 3.729807855468726951e-01 9.655600989537517498e-02
5.807123806574069749e+04 3.739657033757238764e+02 9.344608628943650297e-01 3.439826923220095090e-01 9.197175165027771104e-02
5.805629039309029758e+04 3.630534859212297647e+02 9.212591346459755304e-01 3.778931130020201645e-01 9.207823834647818617e-02
5.793328357708329713e+04 4.418184326685928909e+02 9.496086701420451970e-01 3.029531297510653087e-01 8.039138489347323613e-02
5.805327577043980273e+04 3.985005482478590011e+02 9.402573598674737188e-01 3.290596480705117455e-01 8.738332350488334233e-02
5.834821840804399835e+04 3.431364233764068103e+02 9.225917644819449093e-01 3.731999322906009997e-01 9.770489572371686415e-02
5.828824002586810093e+04 3.906358564555616226e+02 9.375728002881623668e-01 3.363052219987999747e-01 8.863431511639009719e-02
5.760943263361109712e+04 4.525231110807998220e+02 9.255791419913573792e-01 3.711373332617383669e-01 7.456763218654699488e-02
5.800014669960649917e+04 4.413478347295593380e+02 8.731872614170409497e-01 4.826114909068442982e-01 6.804524482784594930e-02
5.758735676368059649e+04 3.643854320495743764e+02 8.427030721624911846e-01 5.328780051324906175e-01 7.676303676846475688e-02
5.755426700672449806e+04 4.820145545622209511e+02 9.449487579267918935e-01 3.189793285387242938e-01 7.296597054516697212e-02
5.755039571016200352e+04 5.196384480450415140e+02 9.621302765280710378e-01 2.634045900632986381e-01 7.016660830910549651e-02
5.799016862412040064e+04 4.829247220318150084e+02 9.569692052388609760e-01 2.804119844301914410e-01 7.469310016611191427e-02
5.825840509017359727e+04 3.479470769094214120e+02 9.229868734611162973e-01 3.725522984652581138e-01 9.643659226002569695e-02
5.753429499166669848e+04 5.030184891926477349e+02 9.207637852529649836e-01 3.844306837553209677e-01 6.638600119037524339e-02
5.760041916413189756e+04 5.003942413172475767e+02 9.588752041253095770e-01 2.744458211578357787e-01 7.237288278524613150e-02
5.794529069642360264e+04 3.676834634403604127e+02 8.331459608121911664e-01 5.480315539414375436e-01 7.435875111151526995e-02
5.763230957098380168e+04 4.920700234008025404e+02 9.580144576584693761e-01 2.771482896754564607e-01 7.346512402030036526e-02
5.796226272096070170e+04 4.453629286239140583e+02 9.492665103323741915e-01 3.042070682304068296e-01 7.969411521597571935e-02
5.760643043196760118e+04 4.564985692989943118e+02 9.439274315150024686e-01 3.210775371779029941e-01 7.687794972072750643e-02
5.828426096879629767e+04 3.965041749277003760e+02 9.392247856237962989e-01 3.319302582376255084e-01 8.763050688109154385e-02
5.759342219388890226e+04 4.977786671409551218e+02 9.276917237975089714e-01 3.670840673529119358e-01 6.809811372754052960e-02
5.774214797937499679e+04 3.773287930324322588e+02 9.345956305706496492e-01 3.438277517226920876e-01 9.117831136607325304e-02
5.754629907357640332e+04 5.129036231591027217e+02 9.609606960121669372e-01 2.674426511619696911e-01 7.091522445334733082e-02
5.799618119494210259e+04 2.147492673993124583e+02 7.766672511639612919e-01 6.201188014681243699e-01 1.106374847651251381e-01
5.833428754302080051e+04 3.884393553956783194e+02 9.286949372813829706e-01 3.603848719524848088e-01 8.745546029676466715e-02
5.797328356476849876e+04 nan nan nan nan
5.799017272325229715e+04 4.861321565934302384e+02 9.574926926228271018e-01 2.787292671334344885e-01 7.428148636872351773e-02
5.757335477071759669e+04 6.908569519541185855e+01 5.991250848199425327e-01 7.740592219670076046e-01 2.046495874105971891e-01
5.832129183077550260e+04 3.729495900033699627e+02 9.286249645151785082e-01 3.596681742764900602e-01 9.107403412499100182e-02
5.762318700912039640e+04 5.021298233449389272e+02 9.492893377394344689e-01 3.063543235481080429e-01 7.068791762109981336e-02
5.773914103421299660e+04 3.579065782037504277e+02 8.579638224541240588e-01 5.072826150866750483e-01 8.100881304359767998e-02
5.774215002598379942e+04 3.738019639777729139e+02 9.344599401418727247e-01 3.439744735216719307e-01 9.201185703775505154e-02
5.759727385310189857e+04 1.973862009172903242e+02 8.285374103398188694e-01 5.429189664463124343e-01 1.369845083951266029e-01
5.755737672369209758e+04 5.054210079702024814e+02 9.398552638300382567e-01 3.345643679803421144e-01 6.883870080763698773e-02
5.770016264601849980e+04 4.643985105235010451e+02 9.320152337399214559e-01 3.548515492478155342e-01 7.367484016368701372e-02
5.752032425738430175e+04 nan nan nan nan
5.760943467989579949e+04 4.417944510567697307e+02 9.037754913910439614e-01 4.217662412997114640e-01 7.282237884600173405e-02
5.760642632716440130e+04 4.650544174931462180e+02 9.514263123258375199e-01 2.981779456426221775e-01 7.666736558930024870e-02
5.791635976077550004e+04 4.538163429359248653e+02 8.980695876698774338e-01 4.342474924318105445e-01 7.000093584475253206e-02
5.773613697483800206e+04 nan nan nan nan
5.770724706540509942e+04 2.791829083882957434e+02 7.141783603577861461e-01 6.962550468204588006e-01 7.195956763144759072e-02
5.796226067233800131e+04 3.895054384594737371e+02 9.357459994985708462e-01 3.413782669614911502e-01 8.854548700407956219e-02
5.827427206804400339e+04 3.827602788528756150e+02 8.947641101499934635e-01 4.388732256995800940e-01 8.238615752379704893e-02
5.796526993535880320e+04 2.215169470526848272e+02 8.558809229925004036e-01 5.005020621651766755e-01 1.302518000870287740e-01
5.758735880907410319e+04 3.504312737285935100e+02 8.325075009301239337e-01 5.485096635963253586e-01 7.789999895074155301e-02
5.760342418274310330e+04 4.860636694586940507e+02 9.567055534636045300e-01 2.814486039204059376e-01 7.416985454450103488e-02
5.770322185409720259e+04 4.012667923402888164e+02 8.631169896978831968e-01 4.996815909197449002e-01 7.312571224116042046e-02
5.805327784341439838e+04 3.136679611826982068e+02 9.112023562395312748e-01 3.985471475011695963e-01 1.042613888369392644e-01
5.757635904164350359e+04 5.101109415015225750e+02 9.605134146190987821e-01 2.689595805646233795e-01 7.123709959888314958e-02
5.827123369481480040e+04 nan nan nan nan
5.751622793262729829e+04 nan nan nan nan
5.753429089564809692e+04 4.964471574321894423e+02 9.179719184689201228e-01 3.909701257500118876e-01 6.685744291782534654e-02
5.799617709755789838e+04 nan nan nan nan
5.762619330261569849e+04 4.933343084138389827e+02 9.584385526860965676e-01 2.757109526500138297e-01 7.334174332399000240e-02
5.796526788873840269e+04 1.831668911440761747e+02 8.172201367994843535e-01 5.581455207662823215e-01 1.436134591811205063e-01
5.757636313547450118e+04 5.129603256570939038e+02 9.607941242069537591e-01 2.680490230458692502e-01 7.088280562695176146e-02
5.792223818324069725e+04 1.462198531730120123e+02 7.662901808698230344e-01 6.227192773346195143e-01 1.581773066477718537e-01
5.832431320015050005e+04 3.627186338829116039e+02 8.614640893892127060e-01 5.013833398316213108e-01 8.058764937695804542e-02
5.832827059204859688e+04 3.315794064624399198e+02 7.982772054915765469e-01 5.975142920276904634e-01 7.569791288540889118e-02
5.760342213885419915e+04 4.833633044310058722e+02 9.566028805248814049e-01 2.816922287533624725e-01 7.456820523160433145e-02
5.770322392438659881e+04 3.967266779499605036e+02 8.598854537353739502e-01 5.051811692438720192e-01 7.340975885878438245e-02
5.833428549665510218e+04 3.864225969215208352e+02 9.282283711734140574e-01 3.614956554190783544e-01 8.782358488402566832e-02
5.793628783324069809e+04 4.944044079089866273e+02 9.586805735064918288e-01 2.749006996486200172e-01 7.321996526879304135e-02
5.805327991408570233e+04 3.940037994364887481e+02 9.390688691812341116e-01 3.322317600645262603e-01 8.815733967801879511e-02
5.807822652960650157e+04 3.612940515088625943e+02 9.298493825629861043e-01 3.556615506644441593e-01 9.426020966556714065e-02
5.828824209775459894e+04 3.922937897128969098e+02 9.378344074214710613e-01 3.356607625852965904e-01 8.830898435083116282e-02
5.750823888879630249e+04 3.381865795801050467e+02 8.952943418727697944e-01 4.355833056089927213e-01 9.335537095072123093e-02
5.757335681866900268e+04 nan nan nan nan
5.805629246236110339e+04 3.641145237873108158e+02 9.238548879005888947e-01 3.714400126337173424e-01 9.232801913208261990e-02
5.774910696269680193e+04 3.772017129092483287e+02 9.327782059080960142e-01 3.488126324359079322e-01 9.085464234702565756e-02
5.771122231931710121e+04 3.850050847502683382e+02 8.988740610673888742e-01 4.303402748204294692e-01 8.265996738262894328e-02
