5.750823479354169831e+04 nan nan nan nan nan nan
5.750823684359950130e+04 nan nan nan nan nan nan
5.750823888879630249e+04 nan nan nan nan nan nan
5.751127795192129997e+04 nan nan nan nan nan nan
5.751128002734950132e+04 nan nan nan nan nan nan
5.751128210050929920e+04 nan nan nan nan nan nan
5.751622383775460185e+04 nan nan nan nan nan nan
5.751622588629629900e+04 nan nan nan nan nan nan
5.751622793262729829e+04 nan nan nan nan nan nan
5.752032221108800150e+04 nan nan nan nan nan nan
5.752032425738430175e+04 nan nan nan nan nan nan
5.752032630150460318e+04 nan nan nan nan nan nan
5.752333383954859892e+04 nan nan nan nan nan nan
5.752333588821760350e+04 nan nan nan nan nan nan
5.752333793572919967e+04 nan nan nan nan nan nan
5.752940620478009805e+04 nan 1.245396388687361823e-15 nan nan 5.179591927616645206e-17 nan
5.752940825335650152e+04 nan 1.252694357451545060e-15 nan nan 5.393621160284879841e-17 nan
5.752941032322919636e+04 nan 1.245933191992302858e-15 nan nan 5.579021686306213169e-17 nan
5.753429089564809692e+04 nan nan nan nan nan nan
5.753429294650460361e+04 nan nan nan nan nan nan
5.753429499166669848e+04 nan nan nan nan nan nan
5.754629497972220270e+04 nan nan nan nan nan nan
5.754629702839120000e+04 nan nan nan nan nan nan
5.754629907357640332e+04 nan nan nan nan nan nan
5.755039358618060214e+04 nan 5.609560742955944887e-15 nan nan 3.992593448782831730e-16 nan
5.755039571016200352e+04 nan 4.010856946063709132e-15 nan nan 2.477971886027646506e-16 nan
5.755039775870370067e+04 nan 5.478288790362545033e-15 nan nan 3.859726115392042586e-16 nan
5.755426286537040141e+04 nan 1.213876713171378528e-15 nan nan 6.023516319118612199e-17 nan
5.755426493841440242e+04 nan 1.198665784008657019e-15 nan nan 6.378704536221578836e-17 nan
5.755426700672449806e+04 nan 1.218262140777902847e-15 nan nan 4.870821086940154744e-17 nan
5.755737257791669981e+04 nan 1.199121365745280678e-15 nan nan 4.503258631717554094e-17 nan
5.794831891516200267e+04 nan 8.227564552837430019e-15 nan nan 7.191354606299921242e-16 nan
5.795131904060189845e+04 nan 1.197835633881070573e-15 nan nan 4.845020131395709304e-17 nan
5.795132111849539797e+04 nan 1.205171840030173221e-15 nan nan 4.835988889042070470e-17 nan
5.795132316312500188e+04 nan 1.210036029252579497e-15 nan nan 4.848383702815410952e-17 nan
5.795434710633099894e+04 nan 1.205673770300665496e-15 nan nan 5.425928681688227355e-17 nan
5.795434915491900028e+04 nan 1.194603361225702603e-15 nan nan 5.363253337259449879e-17 nan
5.795435120121530053e+04 nan 1.205170927014719246e-15 nan nan 5.653668613917112715e-17 nan
5.795825557232640131e+04 nan nan nan nan nan nan
5.795825764436340251e+04 nan nan nan nan nan nan
5.795825969094909669e+04 nan nan nan nan nan nan
5.796226067233800131e+04 nan nan nan nan nan nan
5.796226272096070170e+04 nan nan nan nan nan nan
5.796226476614580315e+04 nan nan nan nan nan nan
5.796526788873840269e+04 nan nan nan nan nan nan
5.796526993535880320e+04 nan nan nan nan nan nan
5.796527198114580096e+04 nan nan nan nan nan nan
5.797027938540509786e+04 nan nan nan nan nan nan
5.797028143182869826e+04 nan nan nan nan nan nan
5.797028347689809743e+04 nan nan nan nan nan nan
5.797328356476849876e+04 nan nan nan nan nan nan
5.797328561118060315e+04 nan nan nan nan nan nan
5.797328765510419908e+04 nan nan nan nan nan nan
5.798009512350690056e+04 nan 1.213025044379424441e-15 nan nan 4.916004001474615155e-17 nan
5.798009717217589787e+04 nan 1.220805876584010969e-15 nan nan 4.919055314330256830e-17 nan
5.798009921662040142e+04 nan 1.231337835707326611e-15 nan nan 4.914127003175508558e-17 nan
5.798336581408559869e+04 nan nan nan nan nan nan
5.798336786162039789e+04 nan nan nan nan nan nan
5.798336990800929925e+04 nan nan nan nan nan nan
5.798637001756940299e+04 nan nan nan nan nan nan
5.798637209084490314e+04 nan nan nan nan nan nan
5.773313283907409641e+04 nan nan nan nan nan nan
5.773313491203699959e+04 nan nan nan nan nan nan
5.773313695576389728e+04 nan nan nan nan nan nan
5.773613697483800206e+04 nan nan nan nan nan nan
5.773613904766199994e+04 nan nan nan nan nan nan
5.773614109170140000e+04 nan nan nan nan nan nan
5.773914103421299660e+04 nan 1.240756324846576357e-15 nan nan 5.608138120291465660e-17 nan
5.773914310640050098e+04 nan 1.247015783724701100e-15 nan nan 5.678727658230387634e-17 nan
5.773914515188660152e+04 nan 1.235745927571829688e-15 nan nan 5.596177924164705883e-17 nan
5.774214593089120171e+04 nan 4.034129525927134995e-14 nan nan 9.446731315850609123e-15 nan
5.774214797937499679e+04 nan 3.316213087783839705e-14 nan nan 6.979146088064964167e-15 nan
5.774215002598379942e+04 nan 2.477479037667069177e-14 nan nan 4.476479578541438583e-15 nan
5.774603153121530340e+04 nan nan nan nan nan nan
5.774603357987270283e+04 nan nan nan nan nan nan
5.774603562748840341e+04 nan nan nan nan nan nan
5.774910287126160256e+04 nan nan nan nan nan nan
5.774910491856480076e+04 nan nan nan nan nan nan
5.774910696269680193e+04 nan nan nan nan nan nan
5.775210701935189718e+04 nan 1.242495902355722392e-15 nan nan 5.848315413817205160e-17 nan
5.775210909396989882e+04 nan 1.241957548167036542e-15 nan nan 5.824352803888026851e-17 nan
5.775211113959489739e+04 nan 1.255604223022158629e-15 nan nan 5.887667148189057133e-17 nan
5.785731888864580105e+04 nan nan nan nan nan nan
5.785732096162039670e+04 nan nan nan nan nan nan
5.785732303363429673e+04 nan nan nan nan nan nan
5.787323558943290118e+04 nan nan nan nan nan nan
5.787323766340279690e+04 nan nan nan nan nan nan
5.787323970866900345e+04 nan nan nan nan nan nan
5.787636561278929730e+04 nan nan nan nan nan nan
5.787636768714120262e+04 nan nan nan nan nan nan
5.787636973238430073e+04 nan nan nan nan nan nan
5.790336961260419775e+04 nan 1.194606055840630711e-15 nan nan 4.778150762448428129e-17 nan
5.759727180795140157e+04 nan 1.190942818213000162e-15 nan nan 7.776805725776947061e-17 nan
5.759727385310189857e+04 nan 1.216851848519194193e-15 nan nan 1.424492993291272752e-16 nan
5.760041507263889798e+04 nan nan nan nan nan nan
5.760041711899310030e+04 nan nan nan nan nan nan
5.760041916413189756e+04 nan nan nan nan nan nan
5.760342213885419915e+04 nan nan nan nan nan nan
5.760342418274310330e+04 nan nan nan nan nan nan
5.760342622562500037e+04 nan nan nan nan nan nan
5.760642632716440130e+04 nan 1.267443931658152515e-15 nan nan 5.445257022682505435e-17 nan
5.760642838563660189e+04 nan 1.257103328085489258e-15 nan nan 5.417341605769801700e-17 nan
5.760643043196760118e+04 nan 1.249690601050269579e-15 nan nan 5.309607220729751304e-17 nan
5.760943056070600142e+04 nan 1.278535552760502457e-15 nan nan 5.322246175777782022e-17 nan
5.760943263361109712e+04 nan 1.264216530188293500e-15 nan nan 5.268172344702244272e-17 nan
5.760943467989579949e+04 nan 1.268467030660408932e-15 nan nan 5.284308731953051998e-17 nan
5.761321910018519702e+04 nan nan nan nan nan nan
5.761322127516200271e+04 nan nan nan nan nan nan
5.761322332181710226e+04 nan nan nan nan nan nan
5.761623691380790115e+04 nan 1.193900861475054499e-15 nan nan 5.043842857157567374e-17 nan
5.761623896099539706e+04 nan 1.201606756337411120e-15 nan nan 4.915566421629937105e-17 nan
5.761624100755790278e+04 nan 1.191223759850604902e-15 nan nan 4.821067101378178427e-17 nan
5.761939315737270226e+04 nan 1.231802169515692280e-15 nan nan 5.325776167517343856e-17 nan
5.761939520490739960e+04 nan 1.232475002863091547e-15 nan nan 5.533683428637969839e-17 nan
5.761939725003470085e+04 nan 1.214843795574876214e-15 nan nan 5.359392152249230470e-17 nan
5.762318496390050132e+04 nan nan nan nan nan nan
5.762318700912039640e+04 nan nan nan nan nan nan
5.762318905652780086e+04 nan nan nan nan nan nan
5.762618919959489722e+04 nan nan nan nan nan nan
5.762619125050929870e+04 nan nan nan nan nan nan
5.762619330261569849e+04 nan nan nan nan nan nan
5.762928869053239760e+04 nan nan nan nan nan nan
5.762929076252310188e+04 nan nan nan nan nan nan
5.755737465321760101e+04 nan 1.205131433136298223e-15 nan nan 4.541229845954654854e-17 nan
5.759726976038190332e+04 nan 1.189457381461684003e-15 nan nan 1.209275089717028046e-16 nan
5.762929280788190226e+04 nan nan nan nan nan nan
5.772813550339119683e+04 nan nan nan nan nan nan
5.790337165991900110e+04 nan 1.190017076285211489e-15 nan nan 4.729415779744491985e-17 nan
5.792224230149309733e+04 nan nan nan nan nan nan
5.794831686872689897e+04 nan 1.213822467998300971e-14 nan nan 1.287728627902432631e-15 nan
5.798637413616899721e+04 nan nan nan nan nan nan
5.802708766583329998e+04 nan nan nan nan nan nan
5.790337370518520038e+04 nan 1.200922535262394597e-15 nan nan 4.748802717846133039e-17 nan
5.790637381167819694e+04 nan 1.247642259265417343e-15 nan nan 4.915629006942554323e-17 nan
5.790637585583329928e+04 nan 1.252788159052869267e-15 nan nan 4.939393673255786369e-17 nan
5.790637790084489825e+04 nan 1.260477902814359598e-15 nan nan 4.968918417613320588e-17 nan
5.790937800020830036e+04 nan nan nan nan nan nan
5.790938007233799726e+04 nan nan nan nan nan nan
5.790938211894679989e+04 nan nan nan nan nan nan
5.791335360002310335e+04 nan nan nan nan nan nan
5.791335564643520047e+04 nan nan nan nan nan nan
5.791335771677079902e+04 nan nan nan nan nan nan
5.791635771358799684e+04 nan nan nan nan nan nan
5.791635976077550004e+04 nan nan nan nan nan nan
5.791636182935190300e+04 nan nan nan nan nan nan
5.792223818324069725e+04 nan nan nan nan nan nan
5.792224023196759663e+04 nan nan nan nan nan nan
5.763230957098380168e+04 nan nan nan nan nan nan
5.763231162777780264e+04 nan nan nan nan nan nan
5.763231367187500291e+04 nan nan nan nan nan nan
5.769003383031250269e+04 nan nan nan nan nan nan
5.769003590199069731e+04 nan 6.823989243467283508e-15 nan nan 5.514686788428511046e-16 nan
5.769003794601849950e+04 nan 4.724118009839052160e-15 nan nan 3.276409329409639422e-16 nan
5.769427015548609779e+04 nan nan nan nan nan nan
5.769427222827549849e+04 nan nan nan nan nan nan
5.769427429901620053e+04 nan nan nan nan nan nan
5.770016264601849980e+04 nan 4.000745985704318791e-15 nan nan 2.643461134257328634e-16 nan
5.770016469395830063e+04 nan 2.260497191950930389e-15 nan nan 1.211694056263615623e-16 nan
5.770016674040509679e+04 nan 1.649367708672228408e-15 nan nan 7.875542536090751971e-17 nan
5.770321977893519943e+04 nan nan nan nan nan nan
5.770322185409720259e+04 nan nan nan nan nan nan
5.770322392438659881e+04 nan nan nan nan nan nan
5.770724706540509942e+04 nan nan nan nan nan nan
5.770724911196759786e+04 nan nan nan nan nan nan
5.770725116266200348e+04 nan nan nan nan nan nan
5.771122231931710121e+04 nan nan nan nan nan nan
5.771122439228009898e+04 nan nan nan nan nan nan
5.771122646682870254e+04 nan nan nan nan nan nan
5.771422651776619750e+04 nan nan nan nan nan nan
5.771422857567130268e+04 nan nan nan nan nan nan
5.771423062320600002e+04 nan nan nan nan nan nan
5.772020971459490102e+04 nan nan nan nan nan nan
5.772021178789350233e+04 nan nan nan nan nan nan
5.772021386024310050e+04 nan nan nan nan nan nan
5.772421063494210102e+04 nan nan nan nan nan nan
5.772421270884259866e+04 nan nan nan nan nan nan
5.772813138064809755e+04 nan nan nan nan nan nan
5.772813342998839653e+04 nan nan nan nan nan nan
5.799016862412040064e+04 nan nan nan nan nan nan
5.799017067341440270e+04 nan nan nan nan nan nan
5.799017272325229715e+04 nan nan nan nan nan nan
5.799317281408570125e+04 nan 1.198040609193832006e-15 nan nan 4.890993712870824427e-17 nan
5.799317489197920077e+04 nan 1.205053054257012905e-15 nan nan 4.886405211570550824e-17 nan
5.799317696175930178e+04 nan 1.209499601185466547e-15 nan nan 4.880906078621538741e-17 nan
5.799617709755789838e+04 nan nan nan nan nan nan
5.799617914864580234e+04 nan nan nan nan nan nan
5.799618119494210259e+04 nan 1.174974724875337472e-15 nan nan 1.460620445875676454e-16 nan
5.800014257973380154e+04 nan 1.182770045620693983e-15 nan nan 4.776211464170480630e-17 nan
5.800014462671300134e+04 nan 1.179112425757259829e-15 nan nan 4.607493284391552424e-17 nan
5.800014669960649917e+04 nan 1.201756114922872613e-15 nan nan 4.691087137190748078e-17 nan
5.800314683020830125e+04 nan 1.449639893992475967e-15 nan nan 7.049795124745509609e-17 nan
5.800314890200230002e+04 nan 1.650543584308242291e-15 nan nan 8.271329715357961211e-17 nan
5.800315097386569687e+04 nan 3.212412328367077298e-15 nan nan 1.979000716433860581e-16 nan
5.800711306057869660e+04 nan nan nan nan nan nan
5.800711510732639726e+04 nan nan nan nan nan nan
5.800711715050930070e+04 nan nan nan nan nan nan
5.801011732460650092e+04 nan 1.196542075142976833e-15 nan nan 4.996628782829101502e-17 nan
5.801011937150460290e+04 nan 1.197959159672811655e-15 nan nan 4.977012625643653932e-17 nan
5.801012141791670001e+04 nan 1.208749934668834990e-15 nan nan 4.984986814156383992e-17 nan
5.801707824304400128e+04 nan 1.191963864935039711e-15 nan nan 4.902971319891128820e-17 nan
5.801708028812499833e+04 nan 1.216364241263656695e-15 nan nan 5.005060126941661925e-17 nan
5.801708233447920065e+04 nan 1.211470721627825138e-15 nan nan 5.008698045120907280e-17 nan
5.802104939627309795e+04 nan 1.197042805913830189e-15 nan nan 4.733019286673870394e-17 nan
5.802105144168980041e+04 nan 1.187457957894879457e-15 nan nan 4.722380477363051350e-17 nan
5.802105348754629813e+04 nan 1.194566848377935902e-15 nan nan 4.655162462678078122e-17 nan
5.802408142475689965e+04 nan nan nan nan nan nan
5.802408347208330088e+04 nan nan nan nan nan nan
5.802408551613429881e+04 nan nan nan nan nan nan
5.802708559285879892e+04 nan nan nan nan nan nan
5.802708970991899696e+04 nan nan nan nan nan nan
5.804723603105320217e+04 nan nan nan nan nan nan
5.804723807749999833e+04 nan nan nan nan nan nan
5.804724014932870341e+04 nan nan nan nan nan nan
5.805024026468749798e+04 nan 1.585531475803987590e-15 nan nan 1.224841925554592437e-16 nan
5.805024233653939882e+04 nan 1.572866180377530246e-15 nan nan 8.242210132248908928e-17 nan
5.805024438494210335e+04 nan 1.562872019221529106e-15 nan nan 7.755513668889775065e-17 nan
5.805327577043980273e+04 nan nan nan nan nan nan
5.805327784341439838e+04 nan nan nan nan nan nan
5.805327991408570233e+04 nan nan nan nan nan nan
5.805628832104169851e+04 nan 1.276202455373255120e-15 nan nan 6.307978860472724117e-17 nan
5.805629039309029758e+04 nan 1.263875522465069394e-15 nan nan 6.097274925756406995e-17 nan
5.805629246236110339e+04 nan 1.249983169065051986e-15 nan nan 6.060011379196171084e-17 nan
5.806222355206019711e+04 nan nan nan nan nan nan
5.806222562383100012e+04 nan nan nan nan nan nan
5.806222766803239938e+04 nan nan nan nan nan nan
5.806522972351850331e+04 nan nan nan nan nan nan
5.806523176767359837e+04 nan nan nan nan nan nan
5.806523383688659669e+04 nan nan nan nan nan nan
5.806823395875000278e+04 nan nan nan nan nan nan
5.806823600857640122e+04 nan nan nan nan nan nan
5.806823805357640231e+04 nan nan nan nan nan nan
5.807123806574069749e+04 nan nan nan nan nan nan
5.807124011413189874e+04 nan nan nan nan nan nan
5.807124218600690074e+04 nan nan nan nan nan nan
5.755737672369209758e+04 nan 1.204606346808609892e-15 nan nan 4.487387525843596127e-17 nan
5.756133022916669870e+04 nan 1.215188873025021185e-15 nan nan 4.676933646861994628e-17 nan
5.756133227755789994e+04 nan 1.211053891747119944e-15 nan nan 4.670446698771039656e-17 nan
5.756133432156249910e+04 nan 1.212760537169797331e-15 nan nan 4.674277208868301460e-17 nan
5.756640274435179890e+04 nan 1.225531135375232546e-15 nan nan 4.698612818048758346e-17 nan
5.756640565740739839e+04 nan 1.242028660332829718e-15 nan nan 4.873228315607228260e-17 nan
5.756640813357639854e+04 nan 1.245139315853336360e-15 nan nan 4.858935412693250424e-17 nan
5.756940826380789804e+04 nan nan nan nan nan nan
5.756941031233799731e+04 nan nan nan nan nan nan
5.756941235986109677e+04 nan nan nan nan nan nan
5.757335477071759669e+04 nan nan nan nan nan nan
5.757335681866900268e+04 nan nan nan nan nan nan
5.757335886174769985e+04 nan nan nan nan nan nan
5.757635904164350359e+04 nan 1.212673062087488739e-15 nan nan 4.787303746595085009e-17 nan
5.757636109031250089e+04 nan 1.214094061425769876e-15 nan nan 4.768337361189693950e-17 nan
5.757636313547450118e+04 nan 1.212444079107072654e-15 nan nan 4.777332369206266877e-17 nan
5.758129654758099787e+04 nan nan nan nan nan nan
5.758129862053239776e+04 nan 1.182803527839912243e-15 nan nan 4.515191187746740155e-17 nan
5.758130066709490347e+04 nan nan nan nan nan nan
5.758430065474539879e+04 nan 1.192704624738002717e-15 nan nan 4.602325630771695199e-17 nan
5.758430269878469699e+04 nan 1.190033455146686419e-15 nan nan 4.635916924380222396e-17 nan
5.758430476832180284e+04 nan 1.188898587047987148e-15 nan nan 4.648614896793189231e-17 nan
5.758735471921299904e+04 nan 1.193828635990124925e-15 nan nan 6.009918292271062760e-17 nan
5.758735676368059649e+04 nan 1.189566419526498838e-15 nan nan 5.743627770697672152e-17 nan
5.758735880907410319e+04 nan 1.186954899302174427e-15 nan nan 6.150972707112921134e-17 nan
5.759041060892360110e+04 nan 1.184315890354047119e-15 nan nan 1.052946858143177431e-16 nan
5.759041265638890036e+04 nan 1.225876774342265824e-15 nan nan 7.105810403929000986e-17 nan
5.759041472459489887e+04 nan 1.184880128042409137e-15 nan nan 8.824334694154727700e-17 nan
5.759342014512729656e+04 nan nan nan nan nan nan
5.759342219388890226e+04 nan nan nan nan nan nan
5.759342423879630223e+04 nan nan nan nan nan nan
5.792526005879630247e+04 nan 2.345396858910245440e-15 nan nan 1.303704310452538466e-16 nan
5.792526223586809647e+04 nan nan nan nan nan nan
5.792526430643520143e+04 nan nan nan nan nan nan
5.793327861822919658e+04 nan 1.304336295952841112e-15 nan nan 5.880796317422363614e-17 nan
5.793328153189810109e+04 nan 1.301304660840823186e-15 nan nan 6.123833958329554278e-17 nan
5.793328357708329713e+04 nan 1.324623016021923416e-15 nan nan 6.139814686220282491e-17 nan
5.793628368734950345e+04 nan nan nan nan nan nan
5.793628576050930133e+04 nan nan nan nan nan nan
5.793628783324069809e+04 nan nan nan nan nan nan
5.794228447361110011e+04 nan nan nan nan nan nan
5.794228652329860051e+04 nan nan nan nan nan nan
5.794228856964119768e+04 nan nan nan nan nan nan
5.794528865236110141e+04 nan nan nan nan nan nan
5.794529069642360264e+04 nan nan nan nan nan nan
5.794529273826390272e+04 nan nan nan nan nan nan
5.794831481783559866e+04 nan 1.114839401443205778e-14 nan nan 1.133330710737670230e-15 nan
