5.800711561800000345e+04 3.968742151465505936e-16 4.427966904239623196e-16 nan 2.307204700771184755e-17 5.486691707848029071e-17 nan
5.758430321199999889e+04 nan nan 4.216195819430755526e-16 nan nan 1.942510725653661537e-17
5.805327823499999795e+04 4.181323333671041001e-16 4.207350348168560957e-16 nan 3.361955998273118506e-17 7.167677390088624108e-17 nan
5.761623948399999790e+04 nan nan 4.198987630062893566e-16 nan nan 1.929166562970066536e-17
5.752333647667000332e+04 nan nan nan nan nan nan
5.794529109250000329e+04 nan nan nan nan nan nan
5.760943312799999694e+04 4.170442857825146533e-16 4.040309420187995887e-16 nan 2.344160097622953286e-17 4.384202790612288065e-17 nan
5.797028193599999940e+04 3.962150593925559607e-16 4.390243446169199633e-16 nan 2.197028237140034607e-17 5.109363805959756986e-17 nan
5.770016520399999717e+04 4.298282274952577121e-16 4.115937100330619702e-16 nan 2.503223098830993520e-17 4.647799791766346858e-17 nan
5.761939571199999773e+04 4.408384698970146623e-16 4.178829488288668717e-16 nan 2.480741712648365452e-17 4.517505280230198688e-17 nan
5.831828752800000075e+04 nan nan nan nan nan nan
5.762318751199999679e+04 nan nan 4.230999597110729088e-16 nan nan 1.942305793076556564e-17
5.811509770600000047e+04 nan nan 4.276386453395830053e-16 nan nan 2.132939141370980607e-17
5.828824055599999701e+04 4.084867811707007881e-16 3.853902042410635958e-16 nan 2.778229246842414618e-17 5.121026135610174263e-17 nan
5.759342271600000095e+04 4.294987043411807581e-16 4.125817023268269171e-16 nan 2.365566367809522371e-17 4.366603508309181154e-17 nan
5.755737514999999985e+04 nan nan 4.183441699645662894e-16 nan nan 1.896706353202323826e-17
5.756941082399999868e+04 4.123921698047975873e-16 4.509669845613434017e-16 nan 2.629592995014428625e-17 6.206734531537489317e-17 nan
5.825840547749999678e+04 4.634800335695540667e-16 3.997952372212842776e-16 nan 3.886372963606871409e-17 6.475407115994775461e-17 nan
5.833127738800000225e+04 nan nan nan nan nan nan
5.807124063600000227e+04 4.239335888898065273e-16 4.058564546296692967e-16 nan 2.582957647352028131e-17 4.822226403818046893e-17 nan
5.829128132999999798e+04 nan nan nan nan nan nan
5.793628626600000280e+04 4.111231025103438364e-16 4.454050991414327503e-16 nan 2.211875801982783572e-17 4.952904572629894150e-17 nan
5.798637258399999700e+04 4.380278025775425040e-16 4.098401352011464111e-16 nan 2.456621930328362654e-17 4.366287407840534387e-17 nan
5.791636026799999672e+04 4.031089179805828932e-16 3.851650806764636617e-16 nan 2.162436483218627024e-17 3.889261274285832371e-17 nan
5.769427273799999966e+04 nan nan 4.486766054833166820e-16 nan nan 2.250759703634182221e-17
5.758735726599999907e+04 nan nan 4.223454424618289258e-16 nan nan 2.546426673105371947e-17
5.791335616399999708e+04 4.097276553565975040e-16 4.074083684232082519e-16 nan 2.382393991146163290e-17 4.673814495686915071e-17 nan
5.752940875599999708e+04 4.209741507239750816e-16 3.965521781324667726e-16 nan 2.360636994507266309e-17 4.214342215832624674e-17 nan
5.811209346999999980e+04 4.242961017777465886e-16 4.022237368275097588e-16 nan 2.641233495629759186e-17 4.866644771224956167e-17 nan
5.798336837199999718e+04 4.265264266005107235e-16 4.055367133318025279e-16 nan 2.343649811696061722e-17 4.243700851275753528e-17 nan
5.759041317200000049e+04 4.343918624564182001e-16 4.246550533813756873e-16 nan 2.838262137839459523e-17 5.590782682561184901e-17 nan
5.808622327599999699e+04 nan nan nan nan nan nan
5.807521031799999764e+04 4.009832142949726967e-16 3.881269676514986775e-16 nan 2.423690924433171985e-17 4.556194028414990743e-17 nan
5.771422909600000276e+04 nan nan 4.372058447689023767e-16 nan nan 2.346751440294783487e-17
5.828425941600000078e+04 4.178225175226136775e-16 3.999010528161819172e-16 nan 2.830536076196217960e-17 5.368964022798148592e-17 nan
5.773613954599999852e+04 4.291712511027203117e-16 4.214107126382047311e-16 nan 2.765891952326620029e-17 5.463744046606502931e-17 nan
5.802408396399999765e+04 4.224677530018527484e-16 3.925512633360446069e-16 nan 3.499299592557824031e-17 6.524817321792159871e-17 nan
5.797328611999999703e+04 4.188707035577796062e-16 3.997468306408471961e-16 nan 2.512869213884924011e-17 4.641727456591373943e-17 nan
5.762619176000000152e+04 4.143200352494493446e-16 3.980765434069205298e-16 nan 2.328439538678500690e-17 4.288024479322017924e-17 nan
5.832129233999999997e+04 3.951902250421059213e-16 3.939495485383089337e-16 nan 2.935170814945233926e-17 6.004812261088275954e-17 nan
5.824428372400000080e+04 4.218798207919814387e-16 4.047700562755442113e-16 nan 2.860048100685689581e-17 5.460724953331275772e-17 nan
5.757636160399999790e+04 4.224903008695873425e-16 5.931827795331320983e-16 nan 2.325389990459326620e-17 8.279576855421565102e-17 nan
5.799017118599999958e+04 3.991953821675390595e-16 4.056676287971290905e-16 nan 2.319392383455170789e-17 4.698577722919914688e-17 nan
5.835129060600000230e+04 4.009300862213493343e-16 3.970275374372941016e-16 nan 2.734422467876115437e-17 5.465030770190767115e-17 nan
5.831035882400000264e+04 3.915223578891781372e-16 3.901319985488731339e-16 nan 2.743536329079793028e-17 5.542678040987577804e-17 nan
5.833428602200000023e+04 4.225498049905761382e-16 3.948090069813717610e-16 nan 3.067775837840882387e-17 5.658979376216520762e-17 nan
5.827123418600000150e+04 4.382983161912457878e-16 4.203583497701061045e-16 nan 3.006999163824476880e-17 5.788149459352395477e-17 nan
5.785732145399999717e+04 4.362644299749150162e-16 4.155054107667094042e-16 nan 3.186575713599627024e-17 6.118967785869347413e-17 nan
5.801708080599999812e+04 nan nan 4.069997304739555266e-16 nan nan 1.894883869170902584e-17
5.759727232599999843e+04 nan nan nan nan nan nan
5.760041762200000085e+04 4.295197324960589740e-16 4.008930158993167572e-16 nan 2.410807767991471145e-17 4.252667548609615629e-17 nan
5.802708815599999798e+04 4.334606345653768190e-16 4.072961164954777275e-16 nan 2.928382447122496970e-17 5.413958883748328476e-17 nan
5.826535112500000105e+04 4.096977421554050399e-16 6.415468608237565769e-16 nan 2.692372902097167069e-17 1.205622236242659745e-16 nan
5.795825814199999877e+04 3.993276912162325565e-16 4.158529590941855374e-16 nan 2.246112105414644994e-17 4.715048724462845432e-17 nan
5.804723859600000287e+04 3.935590851514048868e-16 4.614669285048383435e-16 nan 2.318662736064035711e-17 6.018971943627746931e-17 nan
5.811810187600000063e+04 4.111828537647928545e-16 4.013606536231387996e-16 nan 2.564379328000527331e-17 4.945959045377591632e-17 nan
5.827427051400000346e+04 nan nan 4.259341463323957266e-16 nan nan 2.344486700200563559e-17
5.770322236400000111e+04 nan nan 4.407011397717461875e-16 nan nan 2.188454912881325140e-17
5.831336303800000314e+04 4.071780947490749716e-16 4.024129042370633664e-16 nan 2.721661432223590532e-17 5.418586116298514001e-17 nan
5.772421321799999714e+04 nan nan nan nan nan nan
5.827735931200000050e+04 4.026156081528838414e-16 4.005352639032399890e-16 nan 2.712068776091013918e-17 5.455928776911415829e-17 nan
5.802105194599999959e+04 nan nan nan nan nan nan
5.774603408399999898e+04 4.275804450843785412e-16 4.089950104015094941e-16 nan 2.721268747438522955e-17 5.121272682584610781e-17 nan
5.807822702199999912e+04 nan nan 4.369270255939258570e-16 nan nan 2.218508074234545198e-17
5.755426544399999693e+04 4.098598006337057254e-16 4.048951898698993935e-16 nan 3.327835306610869462e-17 6.847996924553591856e-17 nan
5.761322177599999850e+04 4.264708910265324126e-16 4.114874633629643492e-16 nan 2.372862367095138621e-17 4.416151709570507930e-17 nan
5.793328203999999823e+04 4.954106166819065573e-16 4.588982140879245908e-16 nan 3.687113617919700416e-17 6.913737803926775946e-17 nan
5.769003639600000315e+04 4.227021835631993616e-16 3.991334178950077166e-16 nan 2.427042403834457854e-17 4.371856000643001029e-17 nan
5.753429346400000213e+04 4.210029343157492508e-16 4.059697214807109691e-16 nan 2.270753509260966967e-17 4.186146754237349551e-17 nan
5.834822100599999976e+04 nan nan nan nan nan nan
5.806523226199999772e+04 4.255536179693503202e-16 3.898301659503513681e-16 nan 2.691717621552814507e-17 4.694540737070840781e-17 nan
5.758129911400000128e+04 nan nan 4.265253515009506064e-16 nan nan 1.985536198861007185e-17
5.805629088600000250e+04 4.148174451127820831e-16 3.987740293992307340e-16 nan 2.402054122461477777e-17 4.454739568750968784e-17 nan
5.832431375750000007e+04 3.983772065086584553e-16 3.789793895384862049e-16 nan 2.768560090966487951e-17 5.172666042881844813e-17 nan
5.795132162599999720e+04 4.106631299210965838e-16 4.046898038329341901e-16 nan 2.322954506253449146e-17 4.465122804307217552e-17 nan
5.775210959000000003e+04 4.347358313455997369e-16 4.227357366931248846e-16 nan 2.844118269293332259e-17 5.552635872609902021e-17 nan
5.773914360599999782e+04 4.277223350665148287e-16 4.253228700353862322e-16 nan 2.704066800249657984e-17 5.437726370780434315e-17 nan
5.799317538000000059e+04 nan nan 4.092239331821094406e-16 nan nan 1.979869888186927636e-17
5.773313540800000192e+04 nan nan 4.402455704304208150e-16 nan nan 2.385292762833787176e-17
5.801011987200000294e+04 nan nan 4.063363956839564270e-16 nan nan 1.968879807227884789e-17
5.787636818599999970e+04 4.245170604360696180e-16 4.058770322969062732e-16 nan 2.169414006076973778e-17 3.906448588964843690e-17 nan
5.833824355800000194e+04 nan nan nan nan nan nan
5.805024283200000355e+04 nan nan 3.970665767277385388e-16 nan nan 2.085006702834527496e-17
5.800314940999999817e+04 4.377276114982413148e-16 4.053543945873907579e-16 nan 2.774973823620135113e-17 4.955226354940020735e-17 nan
5.806823653200000263e+04 4.194246619933580459e-16 4.023913147945363226e-16 nan 2.494077392538963669e-17 4.642819516402560019e-17 nan
5.796226323399999819e+04 4.172180628253950231e-16 3.926847043507115584e-16 nan 2.697620534876092712e-17 4.928075820787514013e-17 nan
5.772813394400000107e+04 nan nan 4.260136158217522971e-16 nan nan 2.200005485908418275e-17
5.792526272800000152e+04 4.280479318240958918e-16 4.089768717714247450e-16 nan 2.600702690441249256e-17 4.843027087670059736e-17 nan
5.774910542200000054e+04 nan nan 4.478378307126428331e-16 nan nan 2.466084070391638710e-17
5.829733089599999948e+04 nan nan nan nan nan nan
5.754629755200000363e+04 4.140028984497305419e-16 4.985138016343709918e-16 nan 2.252061357764885670e-17 6.079854662366118696e-17 nan
5.822336742000000231e+04 nan nan 4.140362007946721109e-16 nan nan 2.188271283478715319e-17
5.830734569400000328e+04 3.884501694635442628e-16 4.464470168048324314e-16 nan 2.659470232368720749e-17 6.855491607295917841e-17 nan
5.755039621199999965e+04 4.302988908209584362e-16 4.133288454650936188e-16 nan 2.338058311620804370e-17 4.306713774664430807e-17 nan
5.826232127600000240e+04 4.326111728915609502e-16 4.087257787760650077e-16 nan 2.902237129019395408e-17 5.407306888295339542e-17 nan
5.774214848799999891e+04 4.370664189631813512e-16 4.179381159825180112e-16 nan 2.799780394562175184e-17 5.293152682468923140e-17 nan
5.808221383200000128e+04 nan nan nan nan nan nan
5.829430758400000195e+04 4.127197594055156771e-16 3.917058048424298412e-16 nan 3.054861719500201264e-17 5.784412319111661793e-17 nan
5.794831738400000177e+04 4.252530283820428858e-16 3.829484088610691316e-16 nan 2.540455331918675267e-17 4.256108277942374400e-17 nan
5.756133278399999836e+04 nan nan 4.233617771055669500e-16 nan nan 1.911201169907426123e-17
5.798009769200000301e+04 3.985129030364348927e-16 3.867955497502293382e-16 nan 2.323384007618736895e-17 4.352752176844114770e-17 nan
5.763231214400000317e+04 nan nan 4.266814220137893316e-16 nan nan 1.973736316501500478e-17
5.810908977400000003e+04 nan nan 4.224403844009316301e-16 nan nan 2.164928701393983725e-17
5.772021227799999906e+04 5.203967753066212846e-16 4.332621045569939376e-16 nan 3.585329495133531660e-17 5.553284907404372642e-17 nan
5.760642889399999694e+04 4.205854326500895936e-16 5.506572509526392369e-16 nan 2.411094806859460015e-17 7.655133022529904541e-17 nan
5.806222611399999732e+04 nan nan 4.309331386990267272e-16 nan nan 2.110163516391727357e-17
5.762929125400000339e+04 4.137502585568973234e-16 4.775219688975907059e-16 nan 2.274300965455851024e-17 5.715683606037305214e-17 nan
5.795434966600000189e+04 nan nan 4.160959204462081682e-16 nan nan 2.280667486522529490e-17
5.834437554400000226e+04 4.447660436302941537e-16 3.902337655794954905e-16 nan 3.253206421489266114e-17 5.435195029221407651e-17 nan
5.756640616399999999e+04 4.243547618880954986e-16 4.053090717039726311e-16 nan 2.337144533791657128e-17 4.262585547118775519e-17 nan
5.790637637199999881e+04 4.208102707989560363e-16 5.978020971871405142e-16 nan 2.300347288588493011e-17 8.339735125953933052e-17 nan
5.809417298599999776e+04 4.281469590544580271e-16 4.045041419378371684e-16 nan 2.543621011830467342e-17 4.629979725059911766e-17 nan
5.834136991999999736e+04 4.097238800556075657e-16 4.296683191607907330e-16 nan 2.805116028266155357e-17 6.227298640369468613e-17 nan
5.790337216400000034e+04 3.970677191482426503e-16 3.906795448941416734e-16 nan 2.493768053261747914e-17 4.846135184176003870e-17 nan
5.800014514800000325e+04 nan nan nan nan nan nan
5.770724963199999911e+04 nan nan nan nan nan nan
