5.795434915491900028e+04 nan nan nan nan nan nan
5.823926800362270296e+04 nan nan nan nan nan nan
5.835129213258100208e+04 nan nan nan nan nan nan
5.756640813357639854e+04 nan 2.051420279256497179e-16 nan nan 8.008652580623640015e-17 nan
5.796526993535880320e+04 nan nan nan nan nan nan
5.785731888864580105e+04 nan 2.498577560923064004e-16 nan nan 1.515057618248613020e-16 nan
5.833428344784719957e+04 nan 2.628160704872716567e-16 nan nan 1.335748379741321374e-16 nan
5.770724706540509942e+04 nan nan nan nan nan nan
5.835128803995370254e+04 nan nan nan nan nan nan
5.769003794601849950e+04 nan 3.438013602098290009e-16 nan nan 1.613477995036865843e-16 nan
5.825840509017359727e+04 nan nan nan nan nan nan
5.831828703347220289e+04 nan 3.342372053911344381e-16 nan nan 1.926034039973830745e-16 nan
5.831828496164349781e+04 nan 3.515298439866337117e-16 nan nan 2.105700650333866900e-16 nan
5.807520775504630001e+04 nan 2.014186918374276802e-16 nan nan 7.960265477588131786e-17 nan
5.805024026468749798e+04 nan 2.714039652906661133e-16 nan nan 1.954375260055589039e-16 nan
5.807124011413189874e+04 nan nan nan nan nan nan
5.752032221108800150e+04 nan nan nan nan nan nan
5.824428524973380263e+04 nan nan nan nan nan nan
5.759041472459489887e+04 nan 2.789418435427948521e-16 nan nan 2.058094128293352706e-16 nan
5.751622793262729829e+04 nan nan nan nan nan nan
5.827023104541670182e+04 nan nan nan nan nan nan
5.770016264601849980e+04 nan 2.614422895120801092e-16 nan nan 1.264605657091327399e-16 nan
5.829430420554400189e+04 nan nan nan nan nan nan
5.761939315737270226e+04 nan 2.281651655760805172e-16 nan nan 1.281051427478871267e-16 nan
5.753429089564809692e+04 nan 2.696712391008864899e-16 nan nan 1.252852828469530040e-16 nan
5.787636561278929730e+04 nan 2.139881813079582116e-16 nan nan 7.024600900180452309e-17 nan
5.796226476614580315e+04 nan 2.502939292349958785e-16 nan nan 1.057151996960026230e-16 nan
5.822336692063660303e+04 nan 2.044954185045297393e-16 nan nan 8.795516838820892430e-17 nan
5.811810135194440227e+04 nan 2.181530302660800979e-16 nan nan 1.147353183964377650e-16 nan
5.801708028812499833e+04 nan nan nan nan nan nan
5.751127795192129997e+04 nan 2.678448523423290335e-16 nan nan 1.112003329625752668e-16 nan
5.792224023196759663e+04 nan nan nan nan nan nan
5.834437502118059638e+04 nan nan nan nan nan nan
5.792526430643520143e+04 nan 2.376790165925099237e-16 nan nan 9.917769800332981558e-17 nan
5.799618119494210259e+04 nan 3.222606378467592115e-16 nan nan 2.652801219712465241e-16 nan
5.792223818324069725e+04 nan nan nan nan nan nan
5.832128978122679837e+04 nan 1.933346091875992005e-16 nan nan 8.901205431340452339e-17 nan
5.771423062320600002e+04 nan nan nan nan nan nan
5.790637790084489825e+04 nan 1.965518945781683533e-16 nan nan 6.395562397986025731e-17 nan
5.796226067233800131e+04 nan 2.665455085277639620e-16 nan nan 1.341953837669096371e-16 nan
5.797328765510419908e+04 nan nan nan nan nan nan
5.758430269878469699e+04 nan 1.769667552200607483e-16 nan nan 6.049126476783081964e-17 nan
5.759727180795140157e+04 nan 2.169368177064247948e-16 nan nan 1.336193911030069387e-16 nan
5.808221126275460119e+04 nan nan nan nan nan nan
5.760342213885419915e+04 nan 2.837904241720578358e-16 nan nan 1.131867644307826837e-16 nan
5.823538053755790315e+04 nan 3.486003023639400116e-16 nan nan 2.660596032510455767e-16 nan
5.754629907357640332e+04 nan nan nan nan nan nan
5.773313283907409641e+04 nan nan nan nan nan nan
5.758129654758099787e+04 nan 1.816605917473839938e-16 nan nan 6.414647781397358991e-17 nan
5.795434710633099894e+04 nan nan nan nan nan nan
5.805327577043980273e+04 nan nan nan nan nan nan
5.793328153189810109e+04 nan 4.321998385897911081e-16 nan nan 2.514498191885722065e-16 nan
5.834822050653940096e+04 nan nan nan nan nan nan
5.807822652960650157e+04 nan nan nan nan nan nan
5.751128210050929920e+04 nan 2.648432868842389221e-16 nan nan 1.073757498737730427e-16 nan
5.804723603105320217e+04 nan nan nan nan nan nan
5.772813550339119683e+04 nan nan nan nan nan nan
5.794529273826390272e+04 nan nan nan nan nan nan
5.774910491856480076e+04 nan nan nan nan nan nan
5.797028347689809743e+04 nan nan nan nan nan nan
5.757635904164350359e+04 nan 1.999286068610515153e-16 nan nan 7.114758398291151372e-17 nan
5.811509514637730172e+04 nan nan nan nan nan nan
5.809417454857639677e+04 nan 2.209762375056542152e-16 nan nan 1.059330603828598293e-16 nan
5.833127475625000079e+04 nan nan nan nan nan nan
5.798637413616899721e+04 nan 2.316372070754668746e-16 nan nan 8.565242508440994469e-17 nan
5.795132111849539797e+04 nan 1.968101249650797303e-16 nan nan 6.790223390785080441e-17 nan
5.829430911765049677e+04 nan nan nan nan nan nan
5.802408347208330088e+04 nan nan nan nan nan nan
5.809417247935190244e+04 nan 2.217208257061790932e-16 nan nan 1.063991617773486873e-16 nan
5.802708559285879892e+04 nan 3.463965298734127742e-16 nan nan 2.146842116014207214e-16 nan
5.794529069642360264e+04 nan nan nan nan nan nan
5.793628783324069809e+04 nan nan nan nan nan nan
5.756133022916669870e+04 nan 1.961818597095657217e-16 nan nan 8.185789587860795606e-17 nan
5.792526005879630247e+04 nan 2.487585855350257117e-16 nan nan 1.006570433192943407e-16 nan
5.752333383954859892e+04 nan 3.387381177246460911e-16 nan nan 2.542679968948113086e-16 nan
5.762318905652780086e+04 nan 1.846614394679270151e-16 nan nan 6.255049467658485009e-17 nan
5.758735471921299904e+04 nan 2.151389805281730110e-16 nan nan 1.308574611639753188e-16 nan
5.754629702839120000e+04 nan nan nan nan nan nan
5.796226272096070170e+04 nan 2.454388509337900467e-16 nan nan 9.982714346388466944e-17 nan
5.826232285940970178e+04 nan 2.586347530817889666e-16 nan nan 1.145484462149167586e-16 nan
5.800014257973380154e+04 nan nan nan nan nan nan
5.758735676368059649e+04 nan 2.104731257513412515e-16 nan nan 1.254884357509586578e-16 nan
5.775211113959489739e+04 nan 2.113699753812915312e-16 nan nan 9.565603232923437735e-17 nan
5.759342219388890226e+04 nan 2.664691702446704563e-16 nan nan 1.187924496952676483e-16 nan
5.829732833850690076e+04 nan nan nan nan nan nan
5.762928869053239760e+04 nan nan nan nan nan nan
5.760943467989579949e+04 nan 2.122384685394466672e-16 nan nan 9.741300973484922094e-17 nan
5.801707824304400128e+04 nan nan nan nan nan nan
5.808221538364580192e+04 nan nan nan nan nan nan
5.770725116266200348e+04 nan nan nan nan nan nan
5.761322127516200271e+04 nan 2.878765962443439436e-16 nan nan 1.265108623241034451e-16 nan
5.773313491203699959e+04 nan nan nan nan nan nan
5.831336456532409647e+04 nan 2.042588824972918099e-16 nan nan 8.433297931546463068e-17 nan
5.770724911196759786e+04 nan nan nan nan nan nan
5.761623691380790115e+04 nan 1.884361203829768526e-16 nan nan 9.054276054381892471e-17 nan
5.755039358618060214e+04 nan 2.422861822623890661e-16 nan nan 8.785924395142670807e-17 nan
5.771122439228009898e+04 nan nan nan nan nan nan
5.769427429901620053e+04 nan nan nan nan nan nan
5.797328561118060315e+04 nan nan nan nan nan nan
5.824428320671300025e+04 nan nan nan nan nan nan
5.757335681866900268e+04 nan nan nan nan nan nan
5.801011937150460290e+04 nan nan nan nan nan nan
5.793328357708329713e+04 nan 3.991492013831599509e-16 nan nan 2.194643183872914754e-16 nan
5.794228652329860051e+04 nan nan nan nan nan nan
5.833127687896989664e+04 nan nan nan nan nan nan
5.793628368734950345e+04 nan nan nan nan nan nan
5.828824209775459894e+04 nan nan nan nan nan nan
5.822336899138890294e+04 nan 2.056629830761005866e-16 nan nan 8.947258888395329485e-17 nan
5.796527198114580096e+04 nan nan nan nan nan nan
5.828823795074070222e+04 nan nan nan nan nan nan
5.774910287126160256e+04 nan nan nan nan nan nan
5.832431115395829693e+04 nan nan nan nan nan nan
5.758129862053239776e+04 nan 1.867989582115128110e-16 nan nan 6.554941274423541117e-17 nan
5.799017272325229715e+04 nan nan nan nan nan nan
5.772021178789350233e+04 nan nan nan nan nan nan
5.755426286537040141e+04 nan 2.167552398053969289e-16 nan nan 1.120705645822821138e-16 nan
5.802708766583329998e+04 nan 3.367467359398602178e-16 nan nan 2.073438979503205536e-16 nan
5.770322185409720259e+04 nan nan nan nan nan nan
5.773914310640050098e+04 nan 2.106306506507456236e-16 nan nan 1.042554561284449252e-16 nan
5.794831481783559866e+04 nan 2.769584893697235991e-16 nan nan 1.205559393155819091e-16 nan
5.759727385310189857e+04 nan 3.333750866256237156e-16 nan nan 2.854439885541060481e-16 nan
5.826231871686340310e+04 nan 2.627886389583171863e-16 nan nan 1.187399320449571930e-16 nan
5.806222766803239938e+04 nan nan nan nan nan nan
5.800314683020830125e+04 nan 3.858837945320535564e-16 nan nan 2.440819576610427064e-16 nan
5.752032630150460318e+04 nan nan nan nan nan nan
5.834822258515049907e+04 nan nan nan nan nan nan
5.790637381167819694e+04 nan 1.966059654313040207e-16 nan nan 6.427972523558564898e-17 nan
5.811809930796299886e+04 nan 2.175574843344834516e-16 nan nan 1.156922925102260718e-16 nan
5.806523176767359837e+04 nan nan nan nan nan nan
5.829430707340280060e+04 nan nan nan nan nan nan
5.824428116292820050e+04 nan nan nan nan nan nan
5.770322392438659881e+04 nan nan nan nan nan nan
5.829128076983799838e+04 nan nan nan nan nan nan
5.757636109031250089e+04 nan 1.984736686769400946e-16 nan nan 6.973611080830368679e-17 nan
5.806222562383100012e+04 nan nan nan nan nan nan
5.753429294650460361e+04 nan 2.669890867278330603e-16 nan nan 1.223822051440993737e-16 nan
5.773914103421299660e+04 nan 2.099127813216291966e-16 nan nan 1.021538808328747312e-16 nan
5.808622070533560327e+04 nan nan nan nan nan nan
5.752032425738430175e+04 nan nan nan nan nan nan
5.760041711899310030e+04 nan nan nan nan nan nan
5.774215002598379942e+04 nan 2.785369240034439967e-16 nan nan 1.378030418769916868e-16 nan
5.796526788873840269e+04 nan nan nan nan nan nan
5.823927007418980065e+04 nan nan nan nan nan nan
5.794528865236110141e+04 nan nan nan nan nan nan
5.799016862412040064e+04 nan nan nan nan nan nan
5.756640565740739839e+04 nan 2.009062025879482664e-16 nan nan 7.603892788451078051e-17 nan
5.829127869806710078e+04 nan nan nan nan nan nan
5.827123576915510057e+04 nan 3.184079002519579472e-16 nan nan 2.136376024594204964e-16 nan
5.787323970866900345e+04 nan 2.040866620087334827e-16 nan nan 1.365589868144266541e-16 nan
5.758430476832180284e+04 nan 1.792910699087586271e-16 nan nan 6.088151970149108936e-17 nan
5.805024438494210335e+04 nan 2.104684584861823348e-16 nan nan 8.294336099376448998e-17 nan
5.757335477071759669e+04 nan nan nan nan nan nan
5.772813342998839653e+04 nan nan nan nan nan nan
5.834737719356479647e+04 nan 2.021225546384962340e-16 nan nan 8.412587776534627179e-17 nan
5.801708233447920065e+04 nan nan nan nan nan nan
5.806823395875000278e+04 nan nan nan nan nan nan
5.829733038506939920e+04 nan nan nan nan nan nan
5.762619330261569849e+04 nan 3.027583039843340633e-16 nan nan 1.328847349908619459e-16 nan
5.752333793572919967e+04 nan nan nan nan nan nan
5.807822860027779825e+04 nan nan nan nan nan nan
5.799017067341440270e+04 nan nan nan nan nan nan
5.791335564643520047e+04 nan nan nan nan nan nan
5.795825969094909669e+04 nan nan nan nan nan nan
5.811209296942129731e+04 nan 2.367568484874518074e-16 nan nan 1.105216636186302691e-16 nan
5.775210909396989882e+04 nan 2.059844579406399103e-16 nan nan 9.007451656713792536e-17 nan
5.798009717217589787e+04 nan 1.979538957647994208e-16 nan nan 7.195541582541338117e-17 nan
5.771122231931710121e+04 nan nan nan nan nan nan
5.750823684359950130e+04 nan nan nan nan nan nan
5.797028143182869826e+04 nan nan nan nan nan nan
5.755039571016200352e+04 nan 2.411868131038146596e-16 nan nan 8.697485841059327250e-17 nan
5.829733242995369801e+04 nan nan nan nan nan nan
5.773914515188660152e+04 nan 2.083751171048457797e-16 nan nan 1.029026751931023937e-16 nan
5.750823888879630249e+04 nan nan nan nan nan nan
5.798009512350690056e+04 nan 1.987441298850957255e-16 nan nan 7.376112882544926602e-17 nan
5.834437296673609671e+04 nan nan nan nan nan nan
5.750823479354169831e+04 nan nan nan nan nan nan
5.798009921662040142e+04 nan 1.976953563152570745e-16 nan nan 7.055569091130610143e-17 nan
5.769427015548609779e+04 nan nan nan nan nan nan
5.756941031233799731e+04 nan nan nan nan nan nan
5.802104939627309795e+04 nan 1.851643507507992205e-16 nan nan 7.282475916761275647e-17 nan
5.758735880907410319e+04 nan 2.203178978069237961e-16 nan nan 1.391871519020780398e-16 nan
5.795131904060189845e+04 nan 1.974360462369543917e-16 nan nan 7.207710641199847440e-17 nan
5.826535084216429823e+04 nan nan nan nan nan nan
5.822336484763889894e+04 nan 1.975720819313550581e-16 nan nan 8.488307624869598733e-17 nan
5.828425889914349682e+04 nan nan nan nan nan nan
5.802708970991899696e+04 nan 3.376050953720692761e-16 nan nan 2.088634095750045973e-16 nan
5.806823805357640231e+04 nan nan nan nan nan nan
5.769003383031250269e+04 nan 3.169592337479065772e-16 nan nan 1.391040914295920344e-16 nan
5.772021386024310050e+04 nan nan nan nan nan nan
5.760943263361109712e+04 nan 2.060948620408257354e-16 nan nan 8.700912530666732766e-17 nan
5.807124218600690074e+04 nan nan nan nan nan nan
5.831336252050929761e+04 nan 2.026039160098400869e-16 nan nan 8.444608734794085908e-17 nan
5.806522972351850331e+04 nan nan nan nan nan nan
5.807822445435189729e+04 nan nan nan nan nan nan
5.833127892640049686e+04 nan nan nan nan nan nan
5.790337370518520038e+04 nan 1.885925144640847699e-16 nan nan 6.899230774482349130e-17 nan
5.834137145361110015e+04 nan nan nan nan nan nan
5.835129008620369859e+04 nan nan nan nan nan nan
5.790937800020830036e+04 nan 5.748892647803397026e-16 nan nan 5.220954802382089442e-16 nan
5.755039775870370067e+04 nan 2.445770576708459823e-16 nan nan 8.866573551876638001e-17 nan
5.832431320015050005e+04 nan nan nan nan nan nan
5.795132316312500188e+04 nan 1.992443789925637432e-16 nan nan 6.884565416427028527e-17 nan
5.799317489197920077e+04 nan nan nan nan nan nan
5.828824002586810093e+04 nan nan nan nan nan nan
5.827123162187499838e+04 nan 3.510268801514577698e-16 nan nan 2.437679280553868149e-16 nan
5.806523383688659669e+04 nan nan nan nan nan nan
5.787636973238430073e+04 nan 2.179562891284392790e-16 nan nan 7.211435774788500143e-17 nan
5.792526223586809647e+04 nan 2.372017173993982206e-16 nan nan 9.591271166805315812e-17 nan
5.756640274435179890e+04 nan 2.077021029345982577e-16 nan nan 8.315445616717208649e-17 nan
5.763231162777780264e+04 nan 1.869065342870133358e-16 nan nan 6.174237339973466225e-17 nan
5.827123369481480040e+04 nan 3.394541560566576517e-16 nan nan 2.355807467920692596e-16 nan
5.759342014512729656e+04 nan 2.651397621881829057e-16 nan nan 1.186535777240749659e-16 nan
5.752940825335650152e+04 nan 3.266357014154827575e-16 nan nan 1.907466290828745109e-16 nan
5.811209092512729694e+04 nan 2.347192507412831094e-16 nan nan 1.081938555232709972e-16 nan
5.759041060892360110e+04 nan 3.146992467861523745e-16 nan nan 2.515790557706250643e-16 nan
5.811810339833330363e+04 nan 2.186866236318997337e-16 nan nan 1.165361260117264852e-16 nan
5.798336786162039789e+04 nan 3.807700576489507559e-16 nan nan 1.857069826626081106e-16 nan
5.751622588629629900e+04 nan nan nan nan nan nan
5.751128002734950132e+04 nan 2.684392090833029267e-16 nan nan 1.122877689557800408e-16 nan
5.826535289314809779e+04 nan nan nan nan nan nan
5.790336961260419775e+04 nan 1.897633717819151383e-16 nan nan 7.039803248872956085e-17 nan
5.808221331371529959e+04 nan nan nan nan nan nan
5.800711510732639726e+04 nan nan nan nan nan nan
5.755737257791669981e+04 nan 1.812783343807805887e-16 nan nan 6.687222532438714395e-17 nan
5.754629497972220270e+04 nan nan nan nan nan nan
5.834136940956019680e+04 nan nan nan nan nan nan
5.774603562748840341e+04 nan 2.823360296320664420e-16 nan nan 1.534809582134304508e-16 nan
5.760342622562500037e+04 nan 2.767657648634224724e-16 nan nan 1.102002216864774962e-16 nan
5.772020971459490102e+04 nan nan nan nan nan nan
5.769003590199069731e+04 nan 3.143456588537197895e-16 nan nan 1.363815867462056576e-16 nan
5.760643043196760118e+04 nan 2.110131274411649592e-16 nan nan 8.397398254745148434e-17 nan
5.831336047291669820e+04 nan 2.040164367310630198e-16 nan nan 8.555571056104411244e-17 nan
5.759342423879630223e+04 nan 2.639989886168464274e-16 nan nan 1.158109964009923116e-16 nan
5.827735880615739734e+04 nan 2.027025191163107517e-16 nan nan 9.066528141610203570e-17 nan
5.794831686872689897e+04 nan 2.786528623190653138e-16 nan nan 1.233914001986391091e-16 nan
5.773313695576389728e+04 nan nan nan nan nan nan
5.755737672369209758e+04 nan 1.840309990012901595e-16 nan nan 6.484046862296149361e-17 nan
5.773613904766199994e+04 nan 4.178306089575650973e-16 nan nan 2.971353727463098639e-16 nan
5.791635976077550004e+04 nan nan nan nan nan nan
5.799617914864580234e+04 nan 6.546168375016911726e-16 nan nan 6.276234843892831099e-16 nan
5.802408551613429881e+04 nan 3.145440491311942442e-16 nan nan 2.083574092820422289e-16 nan
5.797027938540509786e+04 nan nan nan nan nan nan
5.760041507263889798e+04 nan nan nan nan nan nan
5.805629039309029758e+04 nan 2.107964414054758991e-16 nan nan 9.446401775558918504e-17 nan
5.770016674040509679e+04 nan 2.624664463491960561e-16 nan nan 1.285645982074970007e-16 nan
5.831828907890050323e+04 nan 3.434850320890425597e-16 nan nan 2.037172053082160123e-16 nan
5.772421270884259866e+04 nan nan nan nan nan nan
5.791335360002310335e+04 nan nan nan nan nan nan
5.771122646682870254e+04 nan nan nan nan nan nan
5.827427206804400339e+04 nan 2.168286675833550451e-16 nan nan 1.145154814334877254e-16 nan
5.755737465321760101e+04 nan 1.840200937548218761e-16 nan nan 6.611163108871941488e-17 nan
5.759726976038190332e+04 nan 3.056062432105538249e-16 nan nan 2.525983396258486030e-16 nan
5.762619125050929870e+04 nan 3.017857876006550408e-16 nan nan 1.339759997676325551e-16 nan
5.804724014932870341e+04 nan nan nan nan nan nan
5.809417043305560219e+04 nan 2.189502417625527776e-16 nan nan 1.023495692696743046e-16 nan
5.834821840804399835e+04 nan nan nan nan nan nan
5.805628832104169851e+04 nan 2.080209250052048865e-16 nan nan 9.206012746435022964e-17 nan
5.832827470641199761e+04 nan nan nan nan nan nan
5.827427001928239770e+04 nan 2.205730249290310658e-16 nan nan 1.181423927657532327e-16 nan
5.807521185368060105e+04 nan 2.020416229314915364e-16 nan nan 8.041542782043419588e-17 nan
5.790938007233799726e+04 nan 6.066505965215793669e-16 nan nan 5.597082050323638125e-16 nan
5.798637001756940299e+04 nan 2.245193061530701209e-16 nan nan 8.174553852078570264e-17 nan
5.771422857567130268e+04 nan nan nan nan nan nan
5.753429499166669848e+04 nan 2.647004103987378472e-16 nan nan 1.194490637154612974e-16 nan
5.827735675774310221e+04 nan 2.048956095297646618e-16 nan nan 9.530982580638315420e-17 nan
5.787323558943290118e+04 nan 4.216525583181098376e-16 nan nan 3.658137213990669951e-16 nan
5.787323766340279690e+04 nan nan nan nan nan nan
5.807123806574069749e+04 nan nan nan nan nan nan
5.823926595738429751e+04 nan nan nan nan nan nan
5.799317696175930178e+04 nan nan nan nan nan nan
5.809021082665510039e+04 nan 2.376207264770328088e-16 nan nan 1.500565392699362739e-16 nan
5.806823600857640122e+04 nan nan nan nan nan nan
5.800711306057869660e+04 nan nan nan nan nan nan
5.790337165991900110e+04 nan 1.915028715375519844e-16 nan nan 7.331766542461810354e-17 nan
5.800711715050930070e+04 nan nan nan nan nan nan
5.832827059204859688e+04 nan nan nan nan nan nan
5.828426096879629767e+04 nan nan nan nan nan nan
5.785732096162039670e+04 nan 2.438309550861028718e-16 nan nan 1.442290726021226522e-16 nan
5.800315097386569687e+04 nan 3.146768832066817511e-16 nan nan 1.788321541796134968e-16 nan
5.774910696269680193e+04 nan nan nan nan nan nan
5.761623896099539706e+04 nan 1.918471701742024953e-16 nan nan 9.008973670909155552e-17 nan
5.756133227755789994e+04 nan 1.992721436482053299e-16 nan nan 8.508119197063241330e-17 nan
5.802105348754629813e+04 nan 1.865486163202029967e-16 nan nan 7.187150181964074734e-17 nan
5.762318700912039640e+04 nan nan nan nan nan nan
5.830734518155090336e+04 nan nan nan nan nan nan
5.807520980290509760e+04 nan 1.955516706863591419e-16 nan nan 7.625757979841136337e-17 nan
5.831035626645830052e+04 nan 1.987434544427753745e-16 nan nan 8.662465386793728461e-17 nan
5.808622277482639765e+04 nan nan nan nan nan nan
5.761624100755790278e+04 nan 1.942138517363946748e-16 nan nan 9.537596872529296992e-17 nan
5.770321977893519943e+04 nan nan nan nan nan nan
5.804723807749999833e+04 nan nan nan nan nan nan
5.774214797937499679e+04 nan 2.737899236050380539e-16 nan nan 1.353776628732712011e-16 nan
5.762618919959489722e+04 nan 3.168090485075984644e-16 nan nan 1.479111899053623334e-16 nan
5.787636768714120262e+04 nan 2.171904388250063542e-16 nan nan 7.147602367847939864e-17 nan
5.833824099243059754e+04 nan nan nan nan nan nan
5.761939725003470085e+04 nan 2.341518223000129489e-16 nan nan 1.361250857173078957e-16 nan
5.794228856964119768e+04 nan nan nan nan nan nan
5.825840302037040237e+04 nan nan nan nan nan nan
5.825840713835650240e+04 nan nan nan nan nan nan
5.760041916413189756e+04 nan 2.837282768395603175e-16 nan nan 1.197394591458988166e-16 nan
5.834437706734950189e+04 nan nan nan nan nan nan
5.762929280788190226e+04 nan nan nan nan nan nan
5.827426794648150099e+04 nan 2.228261142686358858e-16 nan nan 1.239542474324176917e-16 nan
5.806222355206019711e+04 nan nan nan nan nan nan
5.795435120121530053e+04 nan nan nan nan nan nan
5.826232078871529666e+04 nan 2.624940545359169861e-16 nan nan 1.178225364329427322e-16 nan
5.834136736096059758e+04 nan nan nan nan nan nan
5.790938211894679989e+04 nan 1.935574325640735334e-15 nan nan 1.917605930818921591e-15 nan
5.829128281405090092e+04 nan nan nan nan nan nan
5.832431525006939773e+04 nan nan nan nan nan nan
5.760642838563660189e+04 nan 2.098772959780248342e-16 nan nan 8.209245595279440597e-17 nan
5.811509924047449749e+04 nan nan nan nan nan nan
5.811509719284719904e+04 nan nan nan nan nan nan
5.832827263697919989e+04 nan nan nan nan nan nan
5.823538261229170166e+04 nan nan nan nan nan nan
5.798336581408559869e+04 nan 4.311109098010077679e-16 nan nan 2.234432554305377440e-16 nan
5.772813138064809755e+04 nan nan nan nan nan nan
5.756940826380789804e+04 nan nan nan nan nan nan
5.800014462671300134e+04 nan nan nan nan nan nan
5.805327784341439838e+04 nan nan nan nan nan nan
5.799317281408570125e+04 nan nan nan nan nan nan
5.826534876859949873e+04 nan nan nan nan nan nan
5.793628576050930133e+04 nan nan nan nan nan nan
5.752941032322919636e+04 nan 3.052025808565533931e-16 nan nan 1.659920699372737334e-16 nan
5.752940620478009805e+04 nan 3.228176160930998780e-16 nan nan 1.852967925533761621e-16 nan
5.790637585583329928e+04 nan 1.967507305768843992e-16 nan nan 6.575908722490350634e-17 nan
5.798637209084490314e+04 nan 2.342341528378990567e-16 nan nan 9.146922770996866795e-17 nan
5.751622383775460185e+04 nan nan nan nan nan nan
5.800014669960649917e+04 nan nan nan nan nan nan
5.760943056070600142e+04 nan 2.029089300430842527e-16 nan nan 7.936086750608001070e-17 nan
5.801011732460650092e+04 nan nan nan nan nan nan
5.827736085368059867e+04 nan 2.037412550413888488e-16 nan nan 9.211851654450004489e-17 nan
5.769427222827549849e+04 nan nan nan nan nan nan
5.833824304113430117e+04 nan nan nan nan nan nan
5.758430065474539879e+04 nan 1.793810241000222981e-16 nan nan 6.190675229653127327e-17 nan
5.805024233653939882e+04 nan 2.149487245855693398e-16 nan nan 9.134485149643807398e-17 nan
5.794228447361110011e+04 nan nan nan nan nan nan
5.830734313171300164e+04 nan nan nan nan nan nan
5.791335771677079902e+04 nan nan nan nan nan nan
5.756133432156249910e+04 nan 1.982148838326151875e-16 nan nan 8.512815800981357625e-17 nan
5.774603153121530340e+04 nan 3.226376949689583959e-16 nan nan 2.086994915102731304e-16 nan
5.762929076252310188e+04 nan nan nan nan nan nan
5.833824508746530046e+04 nan nan nan nan nan nan
5.799617709755789838e+04 nan 8.601902401428800028e-16 nan nan 8.419484256803464730e-16 nan
5.762318496390050132e+04 nan 1.892973132491055994e-16 nan nan 6.795718471087071965e-17 nan
5.800314890200230002e+04 nan 3.138667296188115709e-16 nan nan 1.767565986067960168e-16 nan
5.757335886174769985e+04 nan nan nan nan nan nan
5.755426493841440242e+04 nan 2.171728904485051263e-16 nan nan 1.171791044907330700e-16 nan
5.774603357987270283e+04 nan 3.073600068480087077e-16 nan nan 1.822973213921951494e-16 nan
5.761321910018519702e+04 nan 3.133295471578972924e-16 nan nan 1.499972237544801666e-16 nan
5.770016469395830063e+04 nan 2.640446500832641680e-16 nan nan 1.305119420015347635e-16 nan
5.755426700672449806e+04 nan 1.998900449417471056e-16 nan nan 7.470124568873198234e-17 nan
5.833428549665510218e+04 nan 2.592126763682854396e-16 nan nan 1.289864475000877857e-16 nan
5.805327991408570233e+04 nan nan nan nan nan nan
5.805629246236110339e+04 nan 2.041415111362513595e-16 nan nan 8.709017356033171419e-17 nan
5.792224230149309733e+04 nan nan nan nan nan nan
5.832129390026620240e+04 nan 2.034143960958661522e-16 nan nan 1.037010280030580056e-16 nan
5.773613697483800206e+04 nan 4.011104698638967315e-16 nan nan 2.815184317689851047e-16 nan
5.794831891516200267e+04 nan 2.618819322255629081e-16 nan nan 1.086705605772361326e-16 nan
5.756941235986109677e+04 nan nan nan nan nan nan
5.760642632716440130e+04 nan 2.080929163474401608e-16 nan nan 7.958795357670229793e-17 nan
5.757636313547450118e+04 nan 1.988127807576454944e-16 nan nan 6.976040588871750667e-17 nan
5.775210701935189718e+04 nan 2.106053153963002157e-16 nan nan 9.395407696173865486e-17 nan
5.785732303363429673e+04 nan 2.473861918247453774e-16 nan nan 1.497018894076698381e-16 nan
5.801012141791670001e+04 nan nan nan nan nan nan
5.797328356476849876e+04 nan nan nan nan nan nan
5.793327861822919658e+04 nan 4.814581155830634462e-16 nan nan 2.971001316646362983e-16 nan
5.771422651776619750e+04 nan nan nan nan nan nan
5.802408142475689965e+04 nan 3.144128541928112861e-16 nan nan 1.985387614905640145e-16 nan
5.811209502422450169e+04 nan 2.335922011620942843e-16 nan nan 1.084773954987454648e-16 nan
5.763231367187500291e+04 nan 1.869027952901858165e-16 nan nan 6.154845011197145161e-17 nan
5.752333588821760350e+04 nan 4.279098739480989068e-16 nan nan 3.592554068128306440e-16 nan
5.761322332181710226e+04 nan 2.848948910095270314e-16 nan nan 1.245246479609126928e-16 nan
5.831035831250000047e+04 nan 1.958725896775759749e-16 nan nan 8.333447658750158840e-17 nan
5.831036035766200075e+04 nan 2.017252644759858473e-16 nan nan 8.305161835267710803e-17 nan
5.763230957098380168e+04 nan 1.867878511774822765e-16 nan nan 6.098152702673842123e-17 nan
5.773614109170140000e+04 nan 4.030521559600859931e-16 nan nan 2.841884442911485952e-16 nan
5.760342418274310330e+04 nan 2.789209559223418698e-16 nan nan 1.098230805065504054e-16 nan
5.772421063494210102e+04 nan nan nan nan nan nan
5.791635771358799684e+04 nan nan nan nan nan nan
5.774214593089120171e+04 nan 2.736325028631649014e-16 nan nan 1.351780611871709154e-16 nan
5.759041265638890036e+04 nan 2.401204835378783659e-16 nan nan 1.504454857846352817e-16 nan
5.795825764436340251e+04 nan nan nan nan nan nan
5.761939520490739960e+04 nan 2.302843996698080325e-16 nan nan 1.306136989301885669e-16 nan
5.791636182935190300e+04 nan nan nan nan nan nan
5.798336990800929925e+04 nan 3.630302329506854173e-16 nan nan 1.686722617474839622e-16 nan
5.830734722672450152e+04 nan nan nan nan nan nan
5.828425685040510143e+04 nan nan nan nan nan nan
5.832129183077550260e+04 nan 1.959950264418591201e-16 nan nan 8.694564174515956780e-17 nan
5.758130066709490347e+04 nan 1.875295234153477990e-16 nan nan 6.426926491205845563e-17 nan
5.802105144168980041e+04 nan 1.863570089064871080e-16 nan nan 7.189896468614845581e-17 nan
5.833428754302080051e+04 nan 2.606723003871545258e-16 nan nan 1.307511473763764441e-16 nan
5.795825557232640131e+04 nan nan nan nan nan nan
