5.750823479354169831e+04 5.313371084511692337e-16 nan nan 4.077466566916997916e-17 nan nan
5.752333793572919967e+04 nan nan nan nan nan nan
5.752940620478009805e+04 5.400578619679972679e-16 4.898992073095888742e-16 nan 2.925047187632585538e-17 2.644058121474933686e-16 nan
5.752333588821760350e+04 5.422314569573761801e-16 6.279441528804432048e-16 nan 5.916774374001410070e-17 4.967892738782437024e-16 nan
5.759041265638890036e+04 5.587471075241340020e-16 4.191301809795756079e-16 nan 3.503037330833810899e-17 2.401715960551624244e-16 nan
5.759342014512729656e+04 5.403712219792090379e-16 5.098825213721067480e-16 nan 2.829036575309341120e-17 2.701003357465737992e-16 nan
5.759041472459489887e+04 5.662578573662290564e-16 4.511669501660702578e-16 nan 4.115706469026835767e-17 2.876457668020918708e-16 nan
5.759726976038190332e+04 5.241981957641339100e-16 5.323033915510738649e-16 nan 6.174593776442922912e-17 4.233090389570205654e-16 nan
5.759342219388890226e+04 5.398756841241919270e-16 5.134412764246938232e-16 nan 2.819238850975201998e-17 2.719076344754936284e-16 nan
5.759342423879630223e+04 5.376674561553900209e-16 5.099846084347393462e-16 nan 2.807279080739322241e-17 2.697986806655253692e-16 nan
5.758430476832180284e+04 5.215740260514838215e-16 3.636298386017362391e-16 nan 2.751087608364540535e-17 1.779140551025632333e-16 nan
5.758735471921299904e+04 5.528350618341668120e-16 3.965700282860546292e-16 nan 3.705978845226136206e-17 2.324551941916740131e-16 nan
5.758430269878469699e+04 5.185076291282617143e-16 3.618138634847526211e-16 nan 2.728242861308405325e-17 1.765697845166473879e-16 nan
5.757335477071759669e+04 nan nan nan nan nan nan
5.756941235986109677e+04 nan nan nan nan nan nan
5.756941031233799731e+04 nan nan nan nan nan nan
5.756133227755789994e+04 5.349420711975522800e-16 3.788242350187238475e-16 nan 2.828470182547332620e-17 1.877471076903538098e-16 nan
5.756640274435179890e+04 5.401599504866905895e-16 3.868155603501049530e-16 nan 2.866053199192749307e-17 1.921388724328212049e-16 nan
5.756133432156249910e+04 5.325639043378176399e-16 3.804496983184606965e-16 nan 2.819006190612904591e-17 1.894101746323272885e-16 nan
5.752940825335650152e+04 5.413704364007653010e-16 4.941460102838653662e-16 nan 2.956276410697796374e-17 2.694881151416820919e-16 nan
5.752941032322919636e+04 5.417549589040078078e-16 4.843340758957841764e-16 nan 2.891053907686554484e-17 2.578105246456286896e-16 nan
5.753429089564809692e+04 5.354028587372010876e-16 4.828140799873135440e-16 nan 2.771678847789666647e-17 2.513455249779640571e-16 nan
5.755039775870370067e+04 5.418183155993849016e-16 4.752371880990246058e-16 nan 2.755708480818329314e-17 2.409393469093031684e-16 nan
5.755039571016200352e+04 5.391508028216777044e-16 4.694611067599354054e-16 nan 2.744583309700568322e-17 2.377265670742209508e-16 nan
5.755426286537040141e+04 5.393881420894718680e-16 4.186838662216518647e-16 nan 3.579749764418646597e-17 2.456158876265079829e-16 nan
5.756133022916669870e+04 5.335556309511632525e-16 3.768674944176207307e-16 nan 2.810771743247091828e-17 1.860208437904839071e-16 nan
5.755737672369209758e+04 5.310861136341370675e-16 3.703763183852889823e-16 nan 2.762666496286736930e-17 1.799474455072979956e-16 nan
5.755737465321760101e+04 5.288729089992913091e-16 3.690338791527088526e-16 nan 2.763141181281447093e-17 1.798801339715639376e-16 nan
5.757635904164350359e+04 5.225206714553885510e-16 3.746587990419650407e-16 nan 2.743048981782989885e-17 1.838073711748455942e-16 nan
5.757335681866900268e+04 nan nan nan nan nan nan
5.757335886174769985e+04 nan nan nan nan nan nan
5.751128002734950132e+04 5.353001958438462907e-16 5.152768279244408341e-16 nan 2.794012584397970120e-17 2.726959841443910658e-16 nan
5.751622383775460185e+04 nan nan nan nan nan nan
5.751128210050929920e+04 5.353635388594127790e-16 5.090685023795741511e-16 nan 2.776817788401923981e-17 2.673021931176290063e-16 nan
5.752032221108800150e+04 nan nan nan nan nan nan
5.751622793262729829e+04 nan nan nan nan nan nan
5.751622588629629900e+04 nan nan nan nan nan nan
5.750823888879630249e+04 5.362357882241717292e-16 nan nan 3.653615194849576771e-17 nan nan
5.751127795192129997e+04 5.377351879254742158e-16 5.122210242418416417e-16 nan 2.810169702456698558e-17 2.706911594505545879e-16 nan
5.750823684359950130e+04 5.379929685444523805e-16 nan nan 3.856554548084306946e-17 nan nan
5.758129862053239776e+04 5.230376753255791063e-16 3.637302355109137554e-16 nan 2.813371029881313817e-17 1.801623665677799158e-16 nan
5.758130066709490347e+04 5.278283399129955872e-16 3.701799170949363406e-16 nan 2.798161029632438896e-17 1.819418957997891759e-16 nan
5.758430065474539879e+04 5.245140244312031668e-16 3.638439089666943201e-16 nan 2.769523797790581209e-17 1.779081499864426400e-16 nan
5.754629907357640332e+04 nan nan nan nan nan nan
5.755039358618060214e+04 5.397176351619325879e-16 4.731982768617107431e-16 nan 2.747040534422665174e-17 2.399086925550890917e-16 nan
5.754629702839120000e+04 nan nan nan nan nan nan
5.756640565740739839e+04 5.462113669171599861e-16 3.877663371707643719e-16 nan 2.871580409647697123e-17 1.911292547046679036e-16 nan
5.756640813357639854e+04 5.463071495183225340e-16 3.892045207502593953e-16 nan 2.895511659867597571e-17 1.930838603070260142e-16 nan
5.756940826380789804e+04 nan nan nan nan nan nan
5.755737257791669981e+04 5.270436758574234788e-16 3.623212325087133272e-16 nan 2.786999160026838483e-17 1.774247756130476822e-16 nan
5.755426493841440242e+04 5.377193836714977904e-16 4.184898272765675768e-16 nan 3.695728479016913386e-17 2.509557091302087430e-16 nan
5.755426700672449806e+04 5.388695705559917263e-16 3.924393079975220984e-16 nan 2.943825012223255947e-17 1.994413103839511537e-16 nan
5.752032425738430175e+04 nan nan nan nan nan nan
5.752032630150460318e+04 nan nan nan nan nan nan
5.752333383954859892e+04 5.328508996915602241e-16 5.466401271383195227e-16 nan 4.954199825294055916e-17 4.004836631149517192e-16 nan
5.760342213885419915e+04 5.332326956906388448e-16 5.281676016165937202e-16 nan 2.772606992909859157e-17 2.799784305461271744e-16 nan
5.760041916413189756e+04 5.521084790797425665e-16 5.183650091451367705e-16 nan 2.958699440396365911e-17 2.773956507225541637e-16 nan
5.760041711899310030e+04 5.475992101024909861e-16 nan nan 2.938348776874380531e-17 nan nan
5.758735676368059649e+04 5.537000397921916507e-16 3.975032291125730059e-16 nan 3.678796613678750710e-17 2.317290812681166723e-16 nan
5.759041060892360110e+04 5.621443632166744160e-16 4.726055272639143612e-16 nan 4.508441620917828204e-17 3.217731289269631248e-16 nan
5.758735880907410319e+04 5.518246194820201421e-16 4.060524753056033434e-16 nan 3.801913209103173002e-17 2.434462092467972680e-16 nan
5.760041507263889798e+04 5.586034125231177877e-16 nan nan 3.054414777540002392e-17 nan nan
5.759727385310189857e+04 5.330927811115571228e-16 5.578373896410617653e-16 nan 6.679719406434316917e-17 4.538249132963630212e-16 nan
5.759727180795140157e+04 5.227034269702406244e-16 4.277964885444623017e-16 nan 4.295275245347428193e-17 2.842683187042756393e-16 nan
5.753429499166669848e+04 5.332788946831914504e-16 4.777502617595238536e-16 nan 2.739808549835236460e-17 2.466685649900800592e-16 nan
5.753429294650460361e+04 5.369678714768304603e-16 4.831372159194030929e-16 nan 2.763393544224838306e-17 2.502225579339600599e-16 nan
5.754629497972220270e+04 nan nan nan nan nan nan
5.758129654758099787e+04 5.200463085766677484e-16 3.595532416121628400e-16 nan 2.817141713090515977e-17 1.787512193914792283e-16 nan
5.757636109031250089e+04 5.253503233494390017e-16 3.739525751371751432e-16 nan 2.746239242788133239e-17 1.826412093509916838e-16 nan
5.757636313547450118e+04 5.238502840873559427e-16 3.738228161062967232e-16 nan 2.739476748049884506e-17 1.827014227735369824e-16 nan
5.834822050653940096e+04 5.410782574845318443e-16 nan nan 4.246975283587505597e-17 nan nan
5.834822258515049907e+04 5.361237853170804040e-16 nan nan 4.074578751458397664e-17 nan nan
5.835128803995370254e+04 nan nan nan nan nan nan
5.799618119494210259e+04 5.598201419558983438e-16 5.140818625287060797e-16 nan 5.767749901177345973e-17 3.887365083895242600e-16 nan
5.799617914864580234e+04 5.535802284917226725e-16 7.577473854123298192e-16 nan 9.242718292213897701e-17 6.780052913691014371e-16 nan
5.800014257973380154e+04 5.380207584237290775e-16 nan nan 3.052435508636081215e-17 nan nan
5.790637585583329928e+04 5.513556494616872781e-16 3.886056952508402195e-16 nan 2.853836312251312479e-17 1.887121129485836613e-16 nan
5.790937800020830036e+04 5.490457428393431074e-16 8.009429037260097778e-16 nan 7.227411601849008109e-17 6.845263676339986403e-16 nan
5.790637790084489825e+04 5.501378681943113809e-16 3.886667026728547232e-16 nan 2.820579608356748099e-17 1.875343732690132279e-16 nan
5.774214797937499679e+04 5.427670949908300566e-16 5.249973103676754881e-16 nan 3.337823706590299206e-17 3.086539402153593987e-16 nan
5.774603153121530340e+04 5.443338200157988274e-16 5.193207001391143367e-16 nan 3.338827487035759544e-17 3.086234366424292074e-16 nan
5.774215002598379942e+04 5.490285058090493766e-16 5.292680864173388640e-16 nan 3.389133118973256897e-17 3.118038020831102966e-16 nan
5.794831686872689897e+04 5.458203228428126247e-16 4.477111011056230032e-16 nan 2.909233653568950827e-17 2.310135006343542550e-16 nan
5.795131904060189845e+04 5.372992649528505807e-16 3.815160148751439894e-16 nan 2.895000725979427586e-17 1.905963112129482923e-16 nan
5.794831891516200267e+04 5.411640573928284742e-16 4.393542236239018255e-16 nan 2.847947361748011802e-17 2.237382953711618409e-16 nan
5.827735675774310221e+04 5.308290144880241146e-16 3.924783128335664098e-16 nan 3.293888215866353144e-17 2.180190284542128250e-16 nan
5.827427206804400339e+04 5.515873430038663066e-16 4.043346834999984911e-16 nan 3.500566672858383982e-17 2.291960574473536683e-16 nan
5.827427001928239770e+04 5.534889334264341468e-16 4.058718614632289414e-16 nan 3.512784866647136684e-17 2.299162336275736040e-16 nan
5.802708970991899696e+04 5.621956693737050208e-16 4.473523643990065461e-16 nan 3.303199046649739819e-17 2.469895778074495381e-16 nan
5.804723603105320217e+04 nan nan nan nan nan nan
5.802708766583329998e+04 5.619794252999451482e-16 4.518260862126501007e-16 nan 3.302355513909897374e-17 2.498766393385139439e-16 nan
5.808221538364580192e+04 nan nan nan nan nan nan
5.808622070533560327e+04 nan nan nan nan nan nan
5.808221331371529959e+04 nan nan nan nan nan nan
5.802408142475689965e+04 5.565164730853729162e-16 4.708605002819749108e-16 nan 3.872366230668917650e-17 2.905150764596852776e-16 nan
5.802105348754629813e+04 5.526051661044118771e-16 3.645775507776837788e-16 nan 3.086955514081820725e-17 1.840276492747990444e-16 nan
5.802105144168980041e+04 5.525949385497368817e-16 3.635004200972837698e-16 nan 3.088586592301288363e-17 1.833426340396392609e-16 nan
5.760642838563660189e+04 5.330268968585543922e-16 3.899018152935131570e-16 nan 2.927629978166414961e-17 1.987945293392943261e-16 nan
5.760643043196760118e+04 5.379086989675696478e-16 3.906622321422302447e-16 nan 2.971101851925084027e-17 1.998014513699360676e-16 nan
5.760943056070600142e+04 5.456915116445554105e-16 3.895134913456698510e-16 nan 2.962347282445936381e-17 1.965223868849789431e-16 nan
5.827735880615739734e+04 5.457726677526961141e-16 3.983263434019827443e-16 nan 3.345447644566520848e-17 2.191351685667984235e-16 nan
5.827736085368059867e+04 5.421017845481087684e-16 3.998803361615285495e-16 nan 3.332984761024019953e-17 2.210789372362545170e-16 nan
5.828425685040510143e+04 nan nan nan nan nan nan
5.801707824304400128e+04 5.368295109749786116e-16 nan nan 2.926546182533405344e-17 nan nan
5.801011937150460290e+04 5.322076600658867982e-16 nan nan 2.877035838438826978e-17 nan nan
5.801012141791670001e+04 5.373548891076862507e-16 nan nan 2.876562096765218950e-17 nan nan
5.807124218600690074e+04 9.296163492186841287e-16 nan nan 6.541006870506744360e-17 nan nan
5.807124011413189874e+04 9.171623784694945352e-16 nan nan 6.434566313632555744e-17 nan nan
5.807520775504630001e+04 5.447034199445033706e-16 3.996594670818589693e-16 nan 3.169797040203890316e-17 2.125652289344530760e-16 nan
5.770016469395830063e+04 5.350690556309162672e-16 4.769038443698191726e-16 nan 2.983437905356865515e-17 2.596355216914576385e-16 nan
5.770321977893519943e+04 5.533777512143897751e-16 nan nan 3.257820334247810543e-17 nan nan
5.770016674040509679e+04 5.339658291880216626e-16 4.778932843357773047e-16 nan 2.979091706565794403e-17 2.607799377170438178e-16 nan
5.791636182935190300e+04 nan nan nan nan nan nan
5.791635976077550004e+04 nan nan nan nan nan nan
5.792223818324069725e+04 nan nan nan nan nan nan
5.771122646682870254e+04 nan nan nan nan nan nan
5.771122439228009898e+04 nan nan nan nan nan nan
5.771422651776619750e+04 5.487156538978007463e-16 nan nan 3.450983505216247610e-17 nan nan
5.799017067341440270e+04 nan nan nan nan nan nan
5.799017272325229715e+04 nan nan nan nan nan nan
5.799317281408570125e+04 5.325837882395105329e-16 nan nan 2.866718962733664157e-17 nan nan
5.798637001756940299e+04 5.402085718577595601e-16 4.249242664886049646e-16 nan 2.842400931388531917e-17 2.144244207158828251e-16 nan
5.798336990800929925e+04 5.409107072129926007e-16 6.511905856231173143e-16 nan 2.847247270683162757e-17 3.669176533461534894e-16 nan
5.798336786162039789e+04 5.410095596689868344e-16 6.739251870259104385e-16 nan 2.868842621390588239e-17 3.845709289381525316e-16 nan
5.796527198114580096e+04 nan nan nan nan nan nan
5.797027938540509786e+04 nan nan nan nan nan nan
5.796526993535880320e+04 nan nan nan nan nan nan
5.800711715050930070e+04 nan nan nan nan nan nan
5.801011732460650092e+04 5.335635240391195857e-16 nan nan 2.892692585684533387e-17 nan nan
5.800711510732639726e+04 nan nan nan nan nan nan
5.828425889914349682e+04 nan nan nan nan nan nan
5.828823795074070222e+04 nan nan nan nan nan nan
5.828426096879629767e+04 nan nan nan nan nan nan
5.807822652960650157e+04 5.574449633030994855e-16 nan nan 3.369234944901738371e-17 nan nan
5.808221126275460119e+04 nan nan nan nan nan nan
5.807822860027779825e+04 5.613826723710547438e-16 nan nan 3.406180096250540068e-17 nan nan
5.761939315737270226e+04 5.589728350309805118e-16 4.071573873665023218e-16 nan 3.148812868504678836e-17 2.160101329680459755e-16 nan
5.761623896099539706e+04 5.317856741455697641e-16 3.718638331891305873e-16 nan 2.889152721363132143e-17 1.880090914981026841e-16 nan
5.761624100755790278e+04 5.320096389483015931e-16 3.705269231814817404e-16 nan 2.914851005626504175e-17 1.884994282049959544e-16 nan
5.809021082665510039e+04 5.467021529300848908e-16 4.131505560744785636e-16 nan 3.537887699353070215e-17 2.406144454189242557e-16 nan
5.808622277482639765e+04 nan nan nan nan nan nan
5.811509514637730172e+04 nan nan nan nan nan nan
5.811209502422450169e+04 5.444516314799287990e-16 4.024885057076262589e-16 nan 3.231990631466027730e-17 2.178244970269282860e-16 nan
5.811209296942129731e+04 5.413084260707028631e-16 4.065794650197904391e-16 nan 3.201131117939878513e-17 2.201085829138216644e-16 nan
5.787636973238430073e+04 5.362324206043572816e-16 4.142252674388804791e-16 nan 2.637950424625104675e-17 1.981383098803714966e-16 nan
5.787636768714120262e+04 5.343702862162431544e-16 4.139200591675158440e-16 nan 2.623016391434047850e-17 1.977342681043907930e-16 nan
5.790336961260419775e+04 5.069059093723636605e-16 3.709321581473714055e-16 nan 2.736396503054880832e-17 1.862622797669343016e-16 nan
5.773313491203699959e+04 5.579508641454515016e-16 nan nan 3.539180891257473684e-17 nan nan
5.773613697483800206e+04 5.498798156426099461e-16 7.404141989236993502e-16 nan 3.491962877130795393e-17 4.905548139265695282e-16 nan
5.773313695576389728e+04 5.485349391104384948e-16 nan nan 3.424282593048516461e-17 nan nan
5.832827059204859688e+04 5.424962297368362269e-16 nan nan 3.698026798470037303e-17 nan nan
5.832431320015050005e+04 nan nan nan nan nan nan
5.832431525006939773e+04 nan nan nan nan nan nan
5.775210701935189718e+04 5.505270645287146060e-16 4.096769357826063157e-16 nan 3.383997043216187099e-17 2.267372316737740745e-16 nan
5.774910696269680193e+04 5.751564732075330003e-16 nan nan 3.593679925392455727e-17 nan nan
5.774910491856480076e+04 5.754944623558093360e-16 nan nan 3.616010206406018444e-17 nan nan
5.827123162187499838e+04 5.283230843617576986e-16 5.838463371948288431e-16 nan 3.418548548268096305e-17 3.715468484214885081e-16 nan
5.760342622562500037e+04 5.343839450919306921e-16 5.194631877395399628e-16 nan 2.770986893971028736e-17 2.737745700464907039e-16 nan
5.760342418274310330e+04 5.312546032209627242e-16 5.220566118194358579e-16 nan 2.752400846685493571e-17 2.754847679019251944e-16 nan
5.760642632716440130e+04 5.379273800074893713e-16 3.884599334021257686e-16 nan 2.949771806515965220e-17 1.973148900727996861e-16 nan
5.834821840804399835e+04 nan nan nan nan nan nan
5.769427015548609779e+04 5.740217735303280566e-16 nan nan 3.367791616591768143e-17 nan nan
5.769003794601849950e+04 5.461506557087308701e-16 5.156544373220394850e-16 nan 2.968105885271845019e-17 2.787074645005115267e-16 nan
5.769003590199069731e+04 5.385942254077836687e-16 4.953622128968327539e-16 nan 2.876763839544540929e-17 2.624113368061594261e-16 nan
5.787636561278929730e+04 5.362546751944320591e-16 4.148238661753112883e-16 nan 2.638148196239754028e-17 1.984234052972382837e-16 nan
5.787323970866900345e+04 4.543206293857657226e-16 3.397462949814160889e-16 nan 3.974150751708248646e-17 2.279267812090362042e-16 nan
5.787323766340279690e+04 nan nan nan nan nan nan
5.791635771358799684e+04 nan nan nan nan nan nan
5.791335771677079902e+04 nan nan nan nan nan nan
5.791335564643520047e+04 nan nan nan nan nan nan
5.806523383688659669e+04 1.696545409580458690e-15 nan nan 1.664627444595514391e-16 nan nan
5.806523176767359837e+04 1.982782604557206625e-15 nan nan 2.050412583718362980e-16 nan nan
5.806823395875000278e+04 1.923875816936648374e-15 nan nan 1.820517519336163836e-16 nan nan
5.797028347689809743e+04 nan nan nan nan nan nan
5.797328356476849876e+04 5.577389539227445223e-16 nan nan 3.206753164328409323e-17 nan nan
5.797028143182869826e+04 nan nan nan nan nan nan
5.790337370518520038e+04 5.090761220683291881e-16 3.709815855997926162e-16 nan 2.709190529664089028e-17 1.842117382001428442e-16 nan
5.790337165991900110e+04 5.113016929953760884e-16 3.743943328901247161e-16 nan 2.762006294749247005e-17 1.883153974238610551e-16 nan
5.790637381167819694e+04 5.480912713575116496e-16 3.862139740796186196e-16 nan 2.815314915524318313e-17 1.864622222789037560e-16 nan
5.774910287126160256e+04 5.797484722467527552e-16 nan nan 3.657690975524966991e-17 nan nan
5.774603562748840341e+04 5.387583451458933206e-16 5.027395581472093348e-16 nan 3.200245140155466758e-17 2.887509313246123263e-16 nan
5.774603357987270283e+04 5.407777578477726757e-16 5.158584137416291547e-16 nan 3.264594509780650115e-17 3.020174855880969725e-16 nan
5.806823600857640122e+04 1.485623063555291488e-15 nan nan 1.231724103129208056e-16 nan nan
5.807123806574069749e+04 9.052801772400624012e-16 nan nan 6.292606202895583276e-17 nan nan
5.806823805357640231e+04 1.340960109772701742e-15 nan nan 1.074321386202971410e-16 nan nan
5.770724706540509942e+04 5.647718478686988624e-16 nan nan 3.663529394667277258e-17 nan nan
5.770322185409720259e+04 5.515157490151847762e-16 nan nan 3.238167511532807693e-17 nan nan
5.770322392438659881e+04 5.517535607293767423e-16 nan nan 3.256623292226049046e-17 nan nan
5.793628576050930133e+04 nan nan nan nan nan nan
5.793628783324069809e+04 nan nan nan nan nan nan
5.794228447361110011e+04 nan nan nan nan nan nan
5.832827263697919989e+04 5.413896671184911562e-16 nan nan 3.696173582554456067e-17 nan nan
5.833127475625000079e+04 5.447396936628362032e-16 nan nan 3.465993134816079638e-17 nan nan
5.832827470641199761e+04 5.463573858067344668e-16 nan nan 3.741170960117746027e-17 nan nan
5.763231162777780264e+04 5.500804338583800984e-16 3.818974097854199988e-16 nan 2.885754693338203018e-17 1.865369302669013798e-16 nan
5.769003383031250269e+04 5.388996684306917862e-16 4.987978625072309258e-16 nan 2.883537230675711227e-17 2.650346876989159449e-16 nan
5.763231367187500291e+04 5.494018497577909833e-16 3.836356635054343836e-16 nan 2.871474847155669449e-17 1.870874923642239795e-16 nan
5.796226476614580315e+04 5.457232688717496603e-16 4.535244199083430545e-16 nan 3.145697165705412571e-17 2.466746824460374451e-16 nan
5.796526788873840269e+04 nan nan nan nan nan nan
5.796226272096070170e+04 5.462503208995774279e-16 4.496771211588406812e-16 nan 3.105873249301577043e-17 2.418799329603421086e-16 nan
5.793328153189810109e+04 5.829577272512537420e-16 5.734001692359007266e-16 nan 3.392497294710905206e-17 3.284074923441884870e-16 nan
5.793628368734950345e+04 nan nan nan nan nan nan
5.793328357708329713e+04 5.747817353124273034e-16 5.545297674318860048e-16 nan 3.295932322834741806e-17 3.128431362517476213e-16 nan
5.831336456532409647e+04 5.540234693049781858e-16 4.098193254748902167e-16 nan 3.420892866824269080e-17 2.270485952692052112e-16 nan
5.831828496164349781e+04 5.510100784355076230e-16 5.136283764250020101e-16 nan 3.648893154586933043e-17 3.130244657838216528e-16 nan
5.831336252050929761e+04 5.547368564299740711e-16 4.092626639594934832e-16 nan 3.431296865259625499e-17 2.269206709064356682e-16 nan
5.795434915491900028e+04 5.695077595952035875e-16 nan nan 3.379223536927473319e-17 nan nan
5.795825557232640131e+04 nan nan nan nan nan nan
5.795435120121530053e+04 5.726484732458454299e-16 nan nan 3.690451586123437577e-17 nan nan
5.807822445435189729e+04 5.597440180578764825e-16 nan nan 3.369025256998514743e-17 nan nan
5.807521185368060105e+04 5.438875493589822741e-16 4.007935573106077604e-16 nan 3.168254768372953343e-17 2.135236059404995530e-16 nan
5.807520980290509760e+04 5.387473323933619948e-16 3.917132330577772363e-16 nan 3.135251452441397545e-17 2.077150550457652269e-16 nan
5.762619330261569849e+04 5.479332210969277764e-16 5.168889790139053203e-16 nan 2.942026641641568112e-17 2.770350375594838272e-16 nan
5.762928869053239760e+04 nan nan nan nan nan nan
5.762619125050929870e+04 5.469317088209814900e-16 5.145792817674203787e-16 nan 2.948352854982040057e-17 2.762191212712865144e-16 nan
5.796226067233800131e+04 5.469741367494824048e-16 4.742998964292214617e-16 nan 3.526208147993271470e-17 2.796291788705034533e-16 nan
5.795825764436340251e+04 nan nan nan nan nan nan
5.795825969094909669e+04 nan nan nan nan nan nan
5.792526005879630247e+04 5.329793707499033544e-16 4.761521129324229510e-16 nan 2.982195422390019191e-17 2.581167533038447111e-16 nan
5.792224023196759663e+04 nan nan nan nan nan nan
5.792224230149309733e+04 nan nan nan nan nan nan
5.772813550339119683e+04 5.478522659295650002e-16 nan nan 3.280009786474914094e-17 nan nan
5.773313283907409641e+04 5.531659649388571763e-16 nan nan 3.780787667212063994e-17 nan nan
5.772813342998839653e+04 5.491458699370951600e-16 nan nan 3.288494086713525443e-17 nan nan
5.835129008620369859e+04 nan nan nan nan nan nan
5.835129213258100208e+04 nan nan nan nan nan nan
5.822336899138890294e+04 5.505370554885232235e-16 3.982497252727984182e-16 nan 3.393518348426934535e-17 2.194339091562276301e-16 nan
5.823538053755790315e+04 5.463136769191601625e-16 6.160687282387570975e-16 nan 5.175708959904003056e-17 4.623461190822617226e-16 nan
5.822336692063660303e+04 5.517968444488479211e-16 3.978896763122686388e-16 nan 3.398766323040099389e-17 2.189235557783457014e-16 nan
5.833824508746530046e+04 5.544045713310858895e-16 nan nan 3.472143175345153022e-17 nan nan
5.833824304113430117e+04 5.506527250241568798e-16 nan nan 3.459748408412439149e-17 nan nan
5.834136736096059758e+04 nan nan nan nan nan nan
5.795132111849539797e+04 5.451185695024411026e-16 3.819813408023430330e-16 nan 2.903507310629327825e-17 1.888329189349720516e-16 nan
5.795434710633099894e+04 5.714592669362147728e-16 nan nan 3.404760964818835435e-17 nan nan
5.795132316312500188e+04 5.493506168745164578e-16 3.844105927832564434e-16 nan 2.910449042594758406e-17 1.893244682194867487e-16 nan
5.832129390026620240e+04 5.325130239303815233e-16 4.105041428440346241e-16 nan 3.777982489754208153e-17 2.493431202774725101e-16 nan
5.832129183077550260e+04 5.328545068181815516e-16 3.963673855932702858e-16 nan 3.425927003474271922e-17 2.251115649862503396e-16 nan
5.832431115395829693e+04 nan nan nan nan nan nan
5.809417043305560219e+04 5.654167147079084975e-16 4.136844056822039967e-16 nan 3.349061684033413269e-17 2.238424945967068914e-16 nan
5.806222355206019711e+04 nan nan nan nan nan nan
5.805629039309029758e+04 5.618620215989100759e-16 4.026158769379033007e-16 nan 3.295634395657408938e-17 2.150409020066954223e-16 nan
5.805629246236110339e+04 5.548503875708056527e-16 3.990279754329104143e-16 nan 3.230677926624593040e-17 2.120952418216406387e-16 nan
5.831035831250000047e+04 5.339376932173531057e-16 3.961503280656399210e-16 nan 3.336017541850578538e-17 2.207624975080458940e-16 nan
5.831036035766200075e+04 5.557549671809951034e-16 4.048978829586949263e-16 nan 3.433015876696660216e-17 2.235547988606012844e-16 nan
5.831336047291669820e+04 5.559708493291480364e-16 4.086268472129600631e-16 nan 3.443418366076064429e-17 2.265009910062723529e-16 nan
5.787323558943290118e+04 6.601875871829110735e-16 5.476957373747394232e-16 nan 8.499526062462652715e-17 4.391067022760581190e-16 nan
5.785732096162039670e+04 5.317026283703617364e-16 4.228463399201773603e-16 nan 3.658748415680681457e-17 2.549598502842162627e-16 nan
5.785732303363429673e+04 5.351605907524410659e-16 4.197730996301017403e-16 nan 3.749146412205218971e-17 2.552706071058238501e-16 nan
5.822336484763889894e+04 5.433750657821403697e-16 3.908145594794501651e-16 nan 3.368439552517817898e-17 2.156099426817233071e-16 nan
5.811810135194440227e+04 5.553024504094755322e-16 4.116918058131242064e-16 nan 3.417444601005864640e-17 2.299127648609478509e-16 nan
5.811810339833330363e+04 5.529669404645656588e-16 4.134664440610628835e-16 nan 3.405942741797434518e-17 2.314552221068116488e-16 nan
5.762318496390050132e+04 5.301837919493877852e-16 3.700155238045300720e-16 nan 2.838622520821625459e-17 1.831437636764468969e-16 nan
5.761939520490739960e+04 5.576802455697568370e-16 4.072659217705875577e-16 nan 3.126221752577039391e-17 2.153554898433867654e-16 nan
5.761939725003470085e+04 5.575918898372802898e-16 4.067191662842279672e-16 nan 3.176649608823171339e-17 2.179738345676662301e-16 nan
5.826535084216429823e+04 nan nan nan nan nan nan
5.826535289314809779e+04 nan nan nan nan nan nan
5.827023104541670182e+04 nan nan nan nan nan nan
5.805628832104169851e+04 5.578678570814033085e-16 4.019074591877452972e-16 nan 3.255616796340010456e-17 2.142464637513898509e-16 nan
5.805327784341439838e+04 nan nan nan nan nan nan
5.805327991408570233e+04 nan nan nan nan nan nan
5.771422857567130268e+04 5.558738742530555055e-16 nan nan 3.494273550129810002e-17 nan nan
5.771423062320600002e+04 5.534021121719936015e-16 nan nan 3.487436576716727656e-17 nan nan
5.772020971459490102e+04 nan nan nan nan nan nan
5.831035626645830052e+04 5.349643885288761925e-16 3.975977287551689683e-16 nan 3.352245314073971267e-17 2.221346266850068718e-16 nan
5.830734518155090336e+04 nan nan nan nan nan nan
5.830734722672450152e+04 nan nan nan nan nan nan
5.792526223586809647e+04 5.343422177467750344e-16 4.562798500104160389e-16 nan 2.994811660027144770e-17 2.449301392239965342e-16 nan
5.793327861822919658e+04 5.957750878087653714e-16 5.901669299389710026e-16 nan 3.521492397772967042e-17 3.422973157656292483e-16 nan
5.792526430643520143e+04 5.340378537192331312e-16 4.552922277825516766e-16 nan 3.094631892917789055e-17 2.496498109015390937e-16 nan
5.834137145361110015e+04 nan nan nan nan nan nan
5.834136940956019680e+04 nan nan nan nan nan nan
5.834437296673609671e+04 nan nan nan nan nan nan
5.797328765510419908e+04 5.574012753025739234e-16 nan nan 3.238029294892697769e-17 nan nan
5.798009512350690056e+04 5.332994283853857409e-16 3.851178005539067073e-16 nan 2.883168340234847858e-17 1.936710370520067400e-16 nan
5.797328561118060315e+04 5.674845690844338033e-16 nan nan 3.631395227235434909e-17 nan nan
5.802408347208330088e+04 5.391627673817414312e-16 nan nan 3.805222106574269311e-17 nan nan
5.802408551613429881e+04 5.401551478206020168e-16 4.535024557891113931e-16 nan 3.900683875646113471e-17 2.847209149291258301e-16 nan
5.802708559285879892e+04 5.586423099059593195e-16 4.631017036390577185e-16 nan 3.280854432221990572e-17 2.580627429264497210e-16 nan
5.798336581408559869e+04 5.421457490767711546e-16 7.595968002855591098e-16 nan 2.877216619299709127e-17 4.469915378537104497e-16 nan
5.798009717217589787e+04 5.357267143823486634e-16 3.877932554200566405e-16 nan 2.866954098323410179e-17 1.937921411345838549e-16 nan
5.798009921662040142e+04 5.373804755616839338e-16 3.893071215713380376e-16 nan 2.869197899400802575e-17 1.942860928250038014e-16 nan
5.800315097386569687e+04 5.475020751710435266e-16 4.624583490656124273e-16 nan 3.046401206882264216e-17 2.497277775390782198e-16 nan
5.800314890200230002e+04 5.463580695924330606e-16 4.646621114700769632e-16 nan 3.024933848846978888e-17 2.502788596113670385e-16 nan
5.800711306057869660e+04 nan nan nan nan nan nan
5.773914515188660152e+04 5.410775845870199262e-16 4.002026837815230640e-16 nan 3.274141768401314647e-17 2.198060192628225179e-16 nan
5.774214593089120171e+04 5.377729084595867039e-16 5.200358131722034941e-16 nan 3.297873160252727275e-17 3.052069160198229569e-16 nan
5.773914310640050098e+04 5.436293328346989326e-16 4.026670489885610853e-16 nan 3.294624263690264051e-17 2.215988481800680892e-16 nan
5.834437502118059638e+04 nan nan nan nan nan nan
5.834737719356479647e+04 5.534904831469935985e-16 4.070949537235192409e-16 nan 3.484298560435790257e-17 2.280709843939175714e-16 nan
5.834437706734950189e+04 nan nan nan nan nan nan
5.829430707340280060e+04 nan nan nan nan nan nan
5.829430911765049677e+04 nan nan nan nan nan nan
5.829732833850690076e+04 5.299390309118075061e-16 nan nan 3.409130247809520862e-17 nan nan
5.832128978122679837e+04 5.195226997953893172e-16 3.883573364392914637e-16 nan 3.335781616498397332e-17 2.202791186624408649e-16 nan
5.831828907890050323e+04 5.497368994224395322e-16 5.088433960752766585e-16 nan 3.601012641488341141e-17 3.074937389574566233e-16 nan
5.831828703347220289e+04 5.467281244970053794e-16 5.056667209921310233e-16 nan 3.566465203202199013e-17 3.048498611941486863e-16 nan
5.828824209775459894e+04 nan nan nan nan nan nan
5.828824002586810093e+04 nan nan nan nan nan nan
5.829127869806710078e+04 nan nan nan nan nan nan
5.823927007418980065e+04 nan nan nan nan nan nan
5.823926800362270296e+04 nan nan nan nan nan nan
5.824428116292820050e+04 nan nan nan nan nan nan
5.794529273826390272e+04 nan nan nan nan nan nan
5.794831481783559866e+04 5.415791776396656211e-16 4.440253467049880885e-16 nan 2.884151801693630039e-17 2.285711282133218319e-16 nan
5.794529069642360264e+04 nan nan nan nan nan nan
5.794228652329860051e+04 nan nan nan nan nan nan
5.794528865236110141e+04 nan nan nan nan nan nan
5.794228856964119768e+04 nan nan nan nan nan nan
5.771122231931710121e+04 nan nan nan nan nan nan
5.770724911196759786e+04 5.610076011319666444e-16 nan nan 3.644525349145902002e-17 nan nan
5.770725116266200348e+04 5.714432928077563047e-16 nan nan 3.721194593794724038e-17 nan nan
5.769427429901620053e+04 5.661343572700174594e-16 nan nan 3.298975903662042688e-17 nan nan
5.769427222827549849e+04 5.666937487316759049e-16 nan nan 3.304666757391117431e-17 nan nan
5.770016264601849980e+04 5.382514893717872139e-16 4.821834229005688287e-16 nan 2.995360508958496387e-17 2.627454122961481041e-16 nan
5.826232078871529666e+04 5.382475793144284609e-16 5.063806979544880398e-16 nan 3.219648834270168697e-17 2.903124917611059122e-16 nan
5.826232285940970178e+04 5.354540543387012688e-16 4.991925532631838437e-16 nan 3.213093880066062398e-17 2.861048957658272622e-16 nan
5.826534876859949873e+04 nan nan nan nan nan nan
5.772813138064809755e+04 5.473982480695395288e-16 nan nan 3.265762101154034017e-17 nan nan
5.772421270884259866e+04 5.506902260787449430e-16 nan nan 3.555556164942809271e-17 nan nan
5.772021178789350233e+04 nan nan nan nan nan nan
5.772021386024310050e+04 nan nan nan nan nan nan
5.772421063494210102e+04 5.484942277969741746e-16 nan nan 3.514720618253429744e-17 nan nan
5.806522972351850331e+04 2.129735019872974739e-15 nan nan 2.281391642943305889e-16 nan nan
5.806222562383100012e+04 nan nan nan nan nan nan
5.806222766803239938e+04 nan nan nan nan nan nan
5.829128076983799838e+04 nan nan nan nan nan nan
5.829128281405090092e+04 nan nan nan nan nan nan
5.829430420554400189e+04 nan nan nan nan nan nan
5.773914103421299660e+04 5.475142835412455276e-16 4.053905051870918474e-16 nan 3.330764619531715199e-17 2.238107754631873626e-16 nan
5.773614109170140000e+04 5.492615648580786865e-16 7.448806387299483096e-16 nan 3.493840793924569983e-17 4.949792598752785703e-16 nan
5.773613904766199994e+04 5.552127114063130922e-16 7.607149729317908870e-16 nan 3.556953359779855921e-17 5.092857849805902826e-16 nan
5.798637413616899721e+04 5.412761906556355978e-16 4.346084932358994475e-16 nan 2.850870852903825304e-17 2.207382919977955927e-16 nan
5.798637209084490314e+04 5.404307858412648802e-16 4.330911830973658443e-16 nan 2.876600708727712129e-17 2.216989149824098626e-16 nan
5.799016862412040064e+04 nan nan nan nan nan nan
5.804724014932870341e+04 nan nan nan nan nan nan
5.805024026468749798e+04 5.586916468780511285e-16 4.975293286478528106e-16 nan 5.367711405187852385e-17 3.613643250878831272e-16 nan
5.804723807749999833e+04 nan nan nan nan nan nan
5.761321910018519702e+04 5.405869895098195078e-16 5.399082845135530093e-16 nan 2.884935595736565788e-17 2.930336334691729501e-16 nan
5.760943263361109712e+04 5.367397676302706787e-16 3.880082750840233824e-16 nan 2.934750979320420299e-17 1.974000427298181870e-16 nan
5.760943467989579949e+04 5.352639391104260366e-16 3.913902270817150781e-16 nan 2.951063059121523969e-17 2.015456155258191974e-16 nan
5.791335360002310335e+04 nan nan nan nan nan nan
5.790938211894679989e+04 5.949267989090405414e-16 1.958697138649361444e-15 nan 1.629039777673237041e-16 1.902268909979374684e-15 nan
5.790938007233799726e+04 5.466612515854731223e-16 8.141945856182521682e-16 nan 7.795910508872702145e-17 7.089640087638167557e-16 nan
5.805024438494210335e+04 5.572166957518597925e-16 4.190686013562554019e-16 nan 3.265249380998494523e-17 2.254766440800549954e-16 nan
5.805024233653939882e+04 5.566039421460316947e-16 4.251976839776310500e-16 nan 3.388882361438791080e-17 2.353371838100870996e-16 nan
5.805327577043980273e+04 nan nan nan nan nan nan
5.823538261229170166e+04 nan nan nan nan nan nan
5.823926595738429751e+04 nan nan nan nan nan nan
5.811509924047449749e+04 nan nan nan nan nan nan
5.811509719284719904e+04 nan nan nan nan nan nan
5.811809930796299886e+04 5.540618961318696848e-16 4.071735142106889273e-16 nan 3.438234432000723105e-17 2.283099845631628592e-16 nan
5.826231871686340310e+04 5.387354362964111395e-16 5.040028088618387753e-16 nan 3.241294490744116186e-17 2.894711977228323300e-16 nan
5.825840713835650240e+04 nan nan nan nan nan nan
5.825840509017359727e+04 nan nan nan nan nan nan
5.761322332181710226e+04 5.428379325804714434e-16 5.084199091231886992e-16 nan 2.836562348829193557e-17 2.675982957306495387e-16 nan
5.761623691380790115e+04 5.312845709923036879e-16 3.654478997564099935e-16 nan 2.920474612575600447e-17 1.854821400573214119e-16 nan
5.761322127516200271e+04 5.464136489134638835e-16 5.214484220558786181e-16 nan 2.874920183884530983e-17 2.776286708456001990e-16 nan
5.775210909396989882e+04 5.491894293780579800e-16 4.054540259376919656e-16 nan 3.375386980736494282e-17 2.240738472482710417e-16 nan
5.775211113959489739e+04 5.515064961893354150e-16 4.112989141475345671e-16 nan 3.412086621524343400e-17 2.287153906356370385e-16 nan
5.785731888864580105e+04 5.301011460653357145e-16 4.280727387040904864e-16 nan 3.691347073435639376e-17 2.609502766566533886e-16 nan
5.827426794648150099e+04 5.474662623377335621e-16 4.040123767579343705e-16 nan 3.520240090943744715e-17 2.311905016338747287e-16 nan
5.827123369481480040e+04 5.303199789247588323e-16 5.557590081579090715e-16 nan 3.472965527600983958e-17 3.521924211112879977e-16 nan
5.827123576915510057e+04 5.283346162014680991e-16 5.372162848364568666e-16 nan 3.409367291843208279e-17 3.342426429414017468e-16 nan
5.825840302037040237e+04 nan nan nan nan nan nan
5.824428524973380263e+04 nan nan nan nan nan nan
5.824428320671300025e+04 nan nan nan nan nan nan
5.833127892640049686e+04 5.456347372046963181e-16 nan nan 3.447825683466163553e-17 nan nan
5.833428344784719957e+04 5.546191715297630896e-16 4.553384738275944275e-16 nan 3.538482979108167767e-17 2.636787593383051032e-16 nan
5.833127687896989664e+04 5.444860092512600941e-16 nan nan 3.454004584610256373e-17 nan nan
5.833428754302080051e+04 5.450702118985984401e-16 4.531126779775820046e-16 nan 3.471006847463117225e-17 2.629106100403347096e-16 nan
5.833428549665510218e+04 5.495710918181585041e-16 4.546188459725086020e-16 nan 3.505964466564220419e-17 2.637009978061593266e-16 nan
5.833824099243059754e+04 5.518342542118383792e-16 nan nan 3.476870024095184631e-17 nan nan
5.800314683020830125e+04 5.698597795115318989e-16 5.077888342774227640e-16 nan 3.271115566898413615e-17 2.842271170634567129e-16 nan
5.800014462671300134e+04 5.374511479052829866e-16 nan nan 2.998556513275155180e-17 nan nan
5.800014669960649917e+04 5.409843854818200358e-16 nan nan 2.988012221380443828e-17 nan nan
5.762929280788190226e+04 nan nan nan nan nan nan
5.763230957098380168e+04 5.496766251966396599e-16 3.823192361006849084e-16 nan 2.884803897799130185e-17 1.868943844600000487e-16 nan
5.762929076252310188e+04 nan nan nan nan nan nan
5.809417247935190244e+04 5.681416495820481774e-16 4.121301484285579425e-16 nan 3.395440912634127744e-17 2.241082309205750682e-16 nan
5.811209092512729694e+04 5.485154366787249185e-16 4.042859972100202917e-16 nan 3.261427655753502217e-17 2.189165460718459666e-16 nan
5.809417454857639677e+04 5.589357726707321190e-16 4.136844239265583525e-16 nan 3.331732005806495140e-17 2.254803302074438999e-16 nan
5.830734313171300164e+04 nan nan nan nan nan nan
5.829733242995369801e+04 5.373279830405613787e-16 nan nan 3.409628476466831413e-17 nan nan
5.829733038506939920e+04 5.385182086810425614e-16 nan nan 3.417149551078245459e-17 nan nan
5.799617709755789838e+04 5.581811983750097536e-16 9.537160764384742142e-16 nan 1.240053248676692449e-16 8.949146276806104301e-16 nan
5.799317696175930178e+04 5.361108117509566519e-16 nan nan 2.859867537216585513e-17 nan nan
5.799317489197920077e+04 5.369580386828032608e-16 nan nan 2.867513614363000678e-17 nan nan
5.762318700912039640e+04 5.311504630736471057e-16 nan nan 2.808039488626323164e-17 nan nan
5.762318905652780086e+04 5.313989580267086284e-16 3.767158703511131043e-16 nan 2.798125762359557955e-17 1.850552189776159451e-16 nan
5.762618919959489722e+04 5.572194136832644553e-16 5.239012484215380063e-16 nan 3.050349990969832902e-17 2.846219654431277922e-16 nan
5.801708233447920065e+04 5.419267092285728351e-16 nan nan 2.903612514825263368e-17 nan nan
5.801708028812499833e+04 5.403866159422204045e-16 nan nan 2.900586932868919948e-17 nan nan
5.802104939627309795e+04 5.532680013246317441e-16 3.607058640937002901e-16 nan 3.109598910310800529e-17 1.823105613601750709e-16 nan
