5.833824304113430117e+04 nan 2.844364349733378268e-16 nan nan 1.046516841135154272e-16 nan
5.756941031233799731e+04 nan nan nan nan nan nan
5.798637413616899721e+04 nan 7.341244996296304595e-16 nan nan 3.485972797520905319e-16 nan
5.754629497972220270e+04 nan nan nan nan nan nan
5.755039571016200352e+04 nan nan nan nan nan nan
5.796226476614580315e+04 nan nan nan nan nan nan
5.806222355206019711e+04 nan nan nan nan nan nan
5.792526223586809647e+04 nan nan nan nan nan nan
5.828425889914349682e+04 nan nan nan nan nan nan
5.772813550339119683e+04 nan nan nan nan nan nan
5.798336786162039789e+04 nan nan nan nan nan nan
5.804723807749999833e+04 nan nan nan nan nan nan
5.800711510732639726e+04 nan nan nan nan nan nan
5.794228856964119768e+04 nan nan nan nan nan nan
5.790336961260419775e+04 nan 2.642427367756453165e-16 nan nan 7.824713130904909912e-17 nan
5.758129654758099787e+04 nan 2.603176901865228868e-16 nan nan 6.933827126066430172e-17 nan
5.806823395875000278e+04 nan nan nan nan nan nan
5.795434915491900028e+04 nan 2.766861226482111607e-16 nan nan 9.825860825513485569e-17 nan
5.762618919959489722e+04 nan nan nan nan nan nan
5.800314890200230002e+04 nan nan nan nan nan nan
5.774603562748840341e+04 nan nan nan nan nan nan
5.770725116266200348e+04 nan 5.462929789822519946e-16 nan nan 4.380426531071863177e-16 nan
5.758735880907410319e+04 nan 3.097058770499721694e-16 nan nan 1.820576506689194099e-16 nan
5.751127795192129997e+04 nan nan nan nan nan nan
5.799617914864580234e+04 nan nan nan nan nan nan
5.800314683020830125e+04 nan nan nan nan nan nan
5.756133227755789994e+04 nan 2.925392509485390764e-16 nan nan 1.105241914318101942e-16 nan
5.750823684359950130e+04 nan nan nan nan nan nan
5.806823805357640231e+04 nan nan nan nan nan nan
5.755737465321760101e+04 nan 2.635822782426952560e-16 nan nan 7.789691753069679059e-17 nan
5.750823888879630249e+04 nan nan nan nan nan nan
5.775210909396989882e+04 nan 2.872517610738424413e-16 nan nan 1.131256748526241339e-16 nan
5.773613904766199994e+04 nan nan nan nan nan nan
5.827735880615739734e+04 nan 2.885948915932349364e-16 nan nan 1.158027140346308584e-16 nan
5.834822050653940096e+04 nan 2.894527520508185056e-16 nan nan 1.512476789210711593e-16 nan
5.800315097386569687e+04 nan nan nan nan nan nan
5.827735675774310221e+04 nan 2.913817050472125879e-16 nan nan 1.224201185030213113e-16 nan
5.793328357708329713e+04 nan 3.627634275236380948e-16 nan nan 1.360906440422534569e-16 nan
5.761623691380790115e+04 nan 2.671777501833433002e-16 nan nan 1.108511300319456351e-16 nan
5.772021386024310050e+04 nan nan nan nan nan nan
5.833824508746530046e+04 nan 2.845107014464688005e-16 nan nan 1.038883266119387792e-16 nan
5.751128210050929920e+04 nan nan nan nan nan nan
5.794529069642360264e+04 nan nan nan nan nan nan
5.759041060892360110e+04 nan 3.906926249615586255e-16 nan nan 2.902010235177949224e-16 nan
5.807520980290509760e+04 nan 2.819004470191579937e-16 nan nan 1.060827937007437888e-16 nan
5.797328561118060315e+04 nan nan nan nan nan nan
5.756133432156249910e+04 nan 2.884797440681322721e-16 nan nan 1.083186184514501721e-16 nan
5.831828703347220289e+04 nan 4.627852533002008192e-16 nan nan 2.239360341442856182e-16 nan
5.797028347689809743e+04 nan nan nan nan nan nan
5.760342418274310330e+04 nan nan nan nan nan nan
5.802105144168980041e+04 nan 2.704034591833333592e-16 nan nan 1.132435951024038196e-16 nan
5.761939520490739960e+04 nan 3.127781612319278001e-16 nan nan 1.680357038192435720e-16 nan
5.757335886174769985e+04 nan nan nan nan nan nan
5.806523383688659669e+04 nan nan nan nan nan nan
5.799017272325229715e+04 nan nan nan nan nan nan
5.834136940956019680e+04 nan nan nan nan nan nan
5.832129183077550260e+04 nan 2.932255823847002288e-16 nan nan 1.253328401678297767e-16 nan
5.790938007233799726e+04 nan nan nan nan nan nan
5.796226272096070170e+04 nan nan nan nan nan nan
5.774603153121530340e+04 nan nan nan nan nan nan
5.828823795074070222e+04 nan nan nan nan nan nan
5.769003383031250269e+04 nan nan nan nan nan nan
5.792223818324069725e+04 nan nan nan nan nan nan
5.757335681866900268e+04 nan nan nan nan nan nan
5.759727385310189857e+04 nan 3.916584928388496437e-16 nan nan 3.045542409187630885e-16 nan
5.823926800362270296e+04 nan nan nan nan nan nan
5.826232285940970178e+04 nan 3.263287276679293094e-16 nan nan 1.288086398111163675e-16 nan
5.773914310640050098e+04 nan 3.118762038497704874e-16 nan nan 1.751922118403997611e-16 nan
5.755039775870370067e+04 nan nan nan nan nan nan
5.795131904060189845e+04 nan 3.018675745001448500e-16 nan nan 1.009674894532493814e-16 nan
5.756640565740739839e+04 nan 2.738921088815762446e-16 nan nan 7.715380805888160946e-17 nan
5.831036035766200075e+04 nan 2.918586598910158270e-16 nan nan 1.107765726883211631e-16 nan
5.785732096162039670e+04 nan nan nan nan nan nan
5.771122231931710121e+04 nan nan nan nan nan nan
5.791636182935190300e+04 nan nan nan nan nan nan
5.759342423879630223e+04 nan nan nan nan nan nan
5.752032425738430175e+04 nan nan nan nan nan nan
5.774603357987270283e+04 nan nan nan nan nan nan
5.801708028812499833e+04 nan 2.738705588006288454e-16 nan nan 7.522182346399803217e-17 nan
5.824428116292820050e+04 nan nan nan nan nan nan
5.832431115395829693e+04 nan nan nan nan nan nan
5.760943263361109712e+04 nan 2.892933101251834090e-16 nan nan 1.076676247047394861e-16 nan
5.793628368734950345e+04 nan nan nan nan nan nan
5.762619125050929870e+04 nan nan nan nan nan nan
5.770321977893519943e+04 nan nan nan nan nan nan
5.795434710633099894e+04 nan 2.746126080243524547e-16 nan nan 9.508825808229905880e-17 nan
5.807822652960650157e+04 nan nan nan nan nan nan
5.773914515188660152e+04 nan 3.063839856994771302e-16 nan nan 1.686681245268830188e-16 nan
5.799317281408570125e+04 nan 2.624915485288544501e-16 nan nan 7.354869238950861220e-17 nan
5.798009921662040142e+04 nan 2.705610890237459790e-16 nan nan 7.613694685679296522e-17 nan
5.760342213885419915e+04 nan nan nan nan nan nan
5.825840713835650240e+04 nan nan nan nan nan nan
5.787323766340279690e+04 nan nan nan nan nan nan
5.833428344784719957e+04 nan 4.448086547910006408e-16 nan nan 2.099097139911583733e-16 nan
5.754629702839120000e+04 nan nan nan nan nan nan
5.797328356476849876e+04 nan nan nan nan nan nan
5.759342219388890226e+04 nan nan nan nan nan nan
5.774910287126160256e+04 nan nan nan nan nan nan
5.761321910018519702e+04 nan nan nan nan nan nan
5.806823600857640122e+04 nan nan nan nan nan nan
5.806523176767359837e+04 nan nan nan nan nan nan
5.785731888864580105e+04 nan nan nan nan nan nan
5.796526788873840269e+04 nan nan nan nan nan nan
5.772020971459490102e+04 nan nan nan nan nan nan
5.759041472459489887e+04 nan 3.632235429244705388e-16 nan nan 2.488059020975281382e-16 nan
5.791635771358799684e+04 nan nan nan nan nan nan
5.833127475625000079e+04 nan 2.803573877815757265e-16 nan nan 1.314448097203901688e-16 nan
5.824428320671300025e+04 nan nan nan nan nan nan
5.797328765510419908e+04 nan nan nan nan nan nan
5.801011732460650092e+04 nan 2.587805142048415613e-16 nan nan 7.222772284995058776e-17 nan
5.762318700912039640e+04 nan 2.740222738738780804e-16 nan nan 7.773091834173355835e-17 nan
5.834737719356479647e+04 nan 2.958640475989174880e-16 nan nan 1.143322228235069961e-16 nan
5.792224023196759663e+04 nan nan nan nan nan nan
5.758129862053239776e+04 nan 2.641263942805393526e-16 nan nan 6.980503607550914534e-17 nan
5.761939315737270226e+04 nan 3.149093248342278785e-16 nan nan 1.680931645220952526e-16 nan
5.805024233653939882e+04 nan 3.176181972281877210e-16 nan nan 1.218285133997661905e-16 nan
5.827023104541670182e+04 nan nan nan nan nan nan
5.808622277482639765e+04 nan nan nan nan nan nan
5.811509719284719904e+04 nan nan nan nan nan nan
5.772421063494210102e+04 nan nan nan nan nan nan
5.794831686872689897e+04 nan 3.706442641920993107e-16 nan nan 1.375863152095840044e-16 nan
5.769427015548609779e+04 nan nan nan nan nan nan
5.759727180795140157e+04 nan 2.914177468294499601e-16 nan nan 1.532509374647984668e-16 nan
5.760342622562500037e+04 nan nan nan nan nan nan
5.751128002734950132e+04 nan nan nan nan nan nan
5.770016264601849980e+04 nan nan nan nan nan nan
5.769427429901620053e+04 nan nan nan nan nan nan
5.796527198114580096e+04 nan nan nan nan nan nan
5.827123369481480040e+04 nan nan nan nan nan nan
5.769003590199069731e+04 nan nan nan nan nan nan
5.794528865236110141e+04 nan nan nan nan nan nan
5.827736085368059867e+04 nan 2.877305929279084130e-16 nan nan 1.169599695654504354e-16 nan
5.811209296942129731e+04 nan nan nan nan nan nan
5.811809930796299886e+04 nan 3.431113315029670586e-16 nan nan 2.195457718722062342e-16 nan
5.773614109170140000e+04 nan nan nan nan nan nan
5.757636313547450118e+04 nan 2.657893178129957502e-16 nan nan 6.772643153548415880e-17 nan
5.760943056070600142e+04 nan 2.866736715438800345e-16 nan nan 9.514684510820475097e-17 nan
5.774214593089120171e+04 nan nan nan nan nan nan
5.798637209084490314e+04 nan nan nan nan nan nan
5.769427222827549849e+04 nan nan nan nan nan nan
5.831828907890050323e+04 nan 4.754043011654936785e-16 nan nan 2.346421309327119235e-16 nan
5.827427001928239770e+04 nan 3.241136622950505213e-16 nan nan 1.548227795410224698e-16 nan
5.795825764436340251e+04 nan nan nan nan nan nan
5.755426286537040141e+04 nan 2.858043982374039292e-16 nan nan 1.223141239132584193e-16 nan
5.773313283907409641e+04 nan nan nan nan nan nan
5.791335360002310335e+04 nan nan nan nan nan nan
5.761939725003470085e+04 nan 3.205717886135166347e-16 nan nan 1.746192966223711594e-16 nan
5.759041265638890036e+04 nan 3.232242338045081007e-16 nan nan 1.863172398057922243e-16 nan
5.787323970866900345e+04 nan nan nan nan nan nan
5.807520775504630001e+04 nan 2.910635639500531925e-16 nan nan 1.102931096807375226e-16 nan
5.793328153189810109e+04 nan 3.780879306872042701e-16 nan nan 1.502066142613180413e-16 nan
5.826534876859949873e+04 nan nan nan nan nan nan
5.799618119494210259e+04 nan 4.301636110296470033e-16 nan nan 3.454477857914838944e-16 nan
5.758430269878469699e+04 nan 2.547932463321933425e-16 nan nan 6.829634361872101044e-17 nan
5.773613697483800206e+04 nan nan nan nan nan nan
5.800014462671300134e+04 nan 2.880816154623718320e-16 nan nan 1.304968427915195805e-16 nan
5.752333383954859892e+04 nan nan nan nan nan nan
5.828824002586810093e+04 nan nan nan nan nan nan
5.806222562383100012e+04 nan nan nan nan nan nan
5.760041507263889798e+04 nan nan nan nan nan nan
5.832128978122679837e+04 nan 2.998739632901904376e-16 nan nan 1.323789101549520698e-16 nan
5.827123162187499838e+04 nan nan nan nan nan nan
5.756640813357639854e+04 nan 2.801942569816720849e-16 nan nan 8.097772465417548504e-17 nan
5.811810135194440227e+04 nan 3.387570982836584527e-16 nan nan 2.154466598021873991e-16 nan
5.828425685040510143e+04 nan nan nan nan nan nan
5.756133022916669870e+04 nan 2.885475059366827207e-16 nan nan 1.073213114747241960e-16 nan
5.757635904164350359e+04 nan 2.659403786178369253e-16 nan nan 6.888526265814386885e-17 nan
5.750823479354169831e+04 nan nan nan nan nan nan
5.807822445435189729e+04 nan nan nan nan nan nan
5.771422857567130268e+04 nan nan nan nan nan nan
5.832827059204859688e+04 nan 3.286245276631395676e-16 nan nan 2.106772380783520495e-16 nan
5.823538261229170166e+04 nan nan nan nan nan nan
5.797028143182869826e+04 nan nan nan nan nan nan
5.763231367187500291e+04 nan 2.644062073191922262e-16 nan nan 7.195435358753156554e-17 nan
5.811810339833330363e+04 nan 3.386291528590402759e-16 nan nan 2.168454899991161670e-16 nan
5.801011937150460290e+04 nan 2.585682377579578619e-16 nan nan 7.195771500776990473e-17 nan
5.799017067341440270e+04 nan nan nan nan nan nan
5.802104939627309795e+04 nan 2.678983213640051734e-16 nan nan 1.095576130929283153e-16 nan
5.752032221108800150e+04 nan nan nan nan nan nan
5.811509514637730172e+04 nan nan nan nan nan nan
5.833127892640049686e+04 nan 2.770990648950482462e-16 nan nan 1.272510345468157867e-16 nan
5.805327991408570233e+04 nan nan nan nan nan nan
5.770724706540509942e+04 nan 5.995693306329947310e-16 nan nan 4.818576249420198457e-16 nan
5.798336990800929925e+04 nan nan nan nan nan nan
5.757335477071759669e+04 nan nan nan nan nan nan
5.774910491856480076e+04 nan nan nan nan nan nan
5.829127869806710078e+04 nan nan nan nan nan nan
5.801012141791670001e+04 nan 2.679697574188445914e-16 nan nan 7.259666639309728024e-17 nan
5.807124218600690074e+04 nan nan nan nan nan nan
5.802708766583329998e+04 nan nan nan nan nan nan
5.771122439228009898e+04 nan nan nan nan nan nan
5.809417043305560219e+04 nan 3.366838470462366835e-16 nan nan 1.829993076751186082e-16 nan
5.834437706734950189e+04 nan nan nan nan nan nan
5.833127687896989664e+04 nan 2.795133118141053865e-16 nan nan 1.302183157048770047e-16 nan
5.796526993535880320e+04 nan nan nan nan nan nan
5.753429499166669848e+04 nan nan nan nan nan nan
5.773313695576389728e+04 nan nan nan nan nan nan
5.804724014932870341e+04 nan nan nan nan nan nan
5.758130066709490347e+04 nan 2.692404295745074928e-16 nan nan 6.830698714846818029e-17 nan
5.802708970991899696e+04 nan nan nan nan nan nan
5.793628576050930133e+04 nan nan nan nan nan nan
5.770322185409720259e+04 nan nan nan nan nan nan
5.774215002598379942e+04 nan nan nan nan nan nan
5.772021178789350233e+04 nan nan nan nan nan nan
5.809417247935190244e+04 nan 3.404509512474120595e-16 nan nan 1.885956387963758943e-16 nan
5.769003794601849950e+04 nan nan nan nan nan nan
5.760041916413189756e+04 nan nan nan nan nan nan
5.795132111849539797e+04 nan 2.985578116668823348e-16 nan nan 9.729248623792296629e-17 nan
5.759726976038190332e+04 nan 3.689190001334257838e-16 nan nan 2.749678091401983709e-16 nan
5.770016674040509679e+04 nan nan nan nan nan nan
5.832431320015050005e+04 nan nan nan nan nan nan
5.751622588629629900e+04 nan nan nan nan nan nan
5.822336692063660303e+04 nan 3.022624484926342853e-16 nan nan 1.141859190830731303e-16 nan
5.801708233447920065e+04 nan 2.708938961323915760e-16 nan nan 7.480857720783128653e-17 nan
5.831336047291669820e+04 nan 2.871964329908064908e-16 nan nan 1.098115957731598736e-16 nan
5.832129390026620240e+04 nan 3.047104600078566023e-16 nan nan 1.501946178813131629e-16 nan
5.795435120121530053e+04 nan nan nan nan nan nan
5.763231162777780264e+04 nan 2.645175717973841731e-16 nan nan 7.153407783197741326e-17 nan
5.758735471921299904e+04 nan 3.014842297131272783e-16 nan nan 1.717674127517985101e-16 nan
5.800711306057869660e+04 nan nan nan nan nan nan
5.808622070533560327e+04 nan nan nan nan nan nan
5.787636561278929730e+04 nan 3.199646227512010038e-16 nan nan 8.025930077920154936e-17 nan
5.805628832104169851e+04 nan 3.075534170689549768e-16 nan nan 1.389514938676974771e-16 nan
5.752333588821760350e+04 nan nan nan nan nan nan
5.827426794648150099e+04 nan 3.199070172015373364e-16 nan nan 1.585751130235168138e-16 nan
5.752940620478009805e+04 nan 5.323431809525194753e-16 nan nan 2.638680262156913019e-16 nan
5.761322332181710226e+04 nan nan nan nan nan nan
5.829733242995369801e+04 nan 3.045945668445551967e-16 nan nan 1.703965730032055646e-16 nan
5.833428754302080051e+04 nan 4.297145004090954887e-16 nan nan 1.965806867308061425e-16 nan
5.795825557232640131e+04 nan nan nan nan nan nan
5.775210701935189718e+04 nan 2.886551549083690977e-16 nan nan 1.146820181054872330e-16 nan
5.828426096879629767e+04 nan nan nan nan nan nan
5.811209092512729694e+04 nan nan nan nan nan nan
5.832827470641199761e+04 nan 3.286063685288146850e-16 nan nan 2.099273856197338296e-16 nan
5.808221126275460119e+04 nan nan nan nan nan nan
5.773914103421299660e+04 nan 3.114681630420051235e-16 nan nan 1.686964837681027327e-16 nan
5.831336456532409647e+04 nan 2.862135490720363151e-16 nan nan 1.075591098934475261e-16 nan
5.791335771677079902e+04 nan nan nan nan nan nan
5.795825969094909669e+04 nan nan nan nan nan nan
5.805629246236110339e+04 nan 2.989294849857477999e-16 nan nan 1.295650295509962837e-16 nan
5.752940825335650152e+04 nan 5.933864139041588225e-16 nan nan 3.032840869202309409e-16 nan
5.752333793572919967e+04 nan nan nan nan nan nan
5.770724911196759786e+04 nan 5.419538765212583547e-16 nan nan 4.312423604526037689e-16 nan
5.822336899138890294e+04 nan 3.046129666821668387e-16 nan nan 1.139848866789900674e-16 nan
5.758735676368059649e+04 nan 2.974643659801823632e-16 nan nan 1.665394395094334282e-16 nan
5.785732303363429673e+04 nan nan nan nan nan nan
5.792224230149309733e+04 nan nan nan nan nan nan
5.762929076252310188e+04 nan nan nan nan nan nan
5.825840509017359727e+04 nan nan nan nan nan nan
5.811509924047449749e+04 nan nan nan nan nan nan
5.763230957098380168e+04 nan 2.671618001940507185e-16 nan nan 7.146752876532001843e-17 nan
5.831035626645830052e+04 nan 2.973473965831899631e-16 nan nan 1.220182024634240568e-16 nan
5.757636109031250089e+04 nan 2.653449184697911243e-16 nan nan 6.642482256482498707e-17 nan
5.829430707340280060e+04 nan nan nan nan nan nan
5.756640274435179890e+04 nan 2.753730898264530775e-16 nan nan 8.122332686108253033e-17 nan
5.794831891516200267e+04 nan 3.553910783316891456e-16 nan nan 1.258071257313066165e-16 nan
5.808221331371529959e+04 nan nan nan nan nan nan
5.793327861822919658e+04 nan 3.918466704442984971e-16 nan nan 1.614694750104575441e-16 nan
5.787636973238430073e+04 nan nan nan nan nan nan
5.795132316312500188e+04 nan 3.018739066149580661e-16 nan nan 9.759714105848813479e-17 nan
5.799016862412040064e+04 nan nan nan nan nan nan
5.798009717217589787e+04 nan 2.733493986487922562e-16 nan nan 7.713413842810452107e-17 nan
5.772813138064809755e+04 nan nan nan nan nan nan
5.831035831250000047e+04 nan 2.953326418697157919e-16 nan nan 1.182762387531140362e-16 nan
5.834437296673609671e+04 nan nan nan nan nan nan
5.761322127516200271e+04 nan nan nan nan nan nan
5.762619330261569849e+04 nan nan nan nan nan nan
5.762929280788190226e+04 nan nan nan nan nan nan
5.802408142475689965e+04 nan nan nan nan nan nan
5.798637001756940299e+04 nan nan nan nan nan nan
5.790938211894679989e+04 nan nan nan nan nan nan
5.770322392438659881e+04 nan nan nan nan nan nan
5.761623896099539706e+04 nan 2.714165621756635941e-16 nan nan 1.130959021450542562e-16 nan
5.805327577043980273e+04 nan nan nan nan nan nan
5.805024438494210335e+04 nan 3.133860562066772090e-16 nan nan 1.111850555035345663e-16 nan
5.829732833850690076e+04 nan 2.997063888124681223e-16 nan nan 1.720645033465910846e-16 nan
5.829128281405090092e+04 nan nan nan nan nan nan
5.775211113959489739e+04 nan 2.910275667235793937e-16 nan nan 1.165149982364861188e-16 nan
5.829430420554400189e+04 nan nan nan nan nan nan
5.824428524973380263e+04 nan nan nan nan nan nan
5.826232078871529666e+04 nan 3.278125523907222837e-16 nan nan 1.299376888962922031e-16 nan
5.755039358618060214e+04 nan nan nan nan nan nan
5.802105348754629813e+04 nan 2.737746791888103424e-16 nan nan 1.177288609982979044e-16 nan
5.756941235986109677e+04 nan nan nan nan nan nan
5.826231871686340310e+04 nan 3.300976088429978421e-16 nan nan 1.334605397369541385e-16 nan
5.801707824304400128e+04 nan 2.705625084240731875e-16 nan nan 7.756604888114564077e-17 nan
5.758430065474539879e+04 nan 2.571966326566836843e-16 nan nan 6.935986136768137725e-17 nan
5.799617709755789838e+04 nan nan nan nan nan nan
5.806222766803239938e+04 nan nan nan nan nan nan
5.830734722672450152e+04 nan nan nan nan nan nan
5.831828496164349781e+04 nan 4.814985093937583301e-16 nan nan 2.430920424101420365e-16 nan
5.807123806574069749e+04 nan nan nan nan nan nan
5.772813342998839653e+04 nan nan nan nan nan nan
5.809417454857639677e+04 nan 3.454036120469191612e-16 nan nan 1.972791199246026800e-16 nan
5.790337370518520038e+04 nan 2.578326406334099067e-16 nan nan 7.274298802109654575e-17 nan
5.827123576915510057e+04 nan nan nan nan nan nan
5.823538053755790315e+04 nan 4.028221939973965967e-16 nan nan 2.855841376923403051e-16 nan
5.829128076983799838e+04 nan nan nan nan nan nan
5.802408347208330088e+04 nan nan nan nan nan nan
5.828824209775459894e+04 nan nan nan nan nan nan
5.770016469395830063e+04 nan nan nan nan nan nan
5.823927007418980065e+04 nan nan nan nan nan nan
5.794228652329860051e+04 nan nan nan nan nan nan
5.822336484763889894e+04 nan 2.916112915305927295e-16 nan nan 1.091859516399979118e-16 nan
5.752941032322919636e+04 nan 4.950022976923074638e-16 nan nan 2.238771974964656201e-16 nan
5.808221538364580192e+04 nan nan nan nan nan nan
5.760041711899310030e+04 nan nan nan nan nan nan
5.759342014512729656e+04 nan nan nan nan nan nan
5.761624100755790278e+04 nan 2.716150892808113002e-16 nan nan 1.126272402554663149e-16 nan
5.771422651776619750e+04 nan nan nan nan nan nan
5.794831481783559866e+04 nan 3.769890100647972508e-16 nan nan 1.433644463158079004e-16 nan
5.790637585583329928e+04 nan 2.720388857332263247e-16 nan nan 6.967262133462595585e-17 nan
5.758430476832180284e+04 nan 2.552886893435853324e-16 nan nan 6.719151255032962114e-17 nan
5.802408551613429881e+04 nan nan nan nan nan nan
5.830734313171300164e+04 nan nan nan nan nan nan
5.771122646682870254e+04 nan nan nan nan nan nan
5.760943467989579949e+04 nan 2.987871688748179966e-16 nan nan 1.257845591434491958e-16 nan
5.790637790084489825e+04 nan 2.694043378017111018e-16 nan nan 6.681963307067337907e-17 nan
5.799317696175930178e+04 nan 2.649772725950786109e-16 nan nan 7.315179002255200595e-17 nan
5.800014669960649917e+04 nan nan nan nan nan nan
5.787636768714120262e+04 nan nan nan nan nan nan
5.755426493841440242e+04 nan 2.889572549595053212e-16 nan nan 1.289208941181635482e-16 nan
5.755426700672449806e+04 nan 2.764627311231219402e-16 nan nan 8.311191108227083839e-17 nan
5.755737672369209758e+04 nan 2.643675655951302147e-16 nan nan 7.863804833046037660e-17 nan
5.796226067233800131e+04 nan nan nan nan nan nan
5.790937800020830036e+04 nan nan nan nan nan nan
5.806522972351850331e+04 nan nan nan nan nan nan
5.753429294650460361e+04 nan nan nan nan nan nan
5.834822258515049907e+04 nan 2.826580320106282157e-16 nan nan 1.408378993142555611e-16 nan
5.762318905652780086e+04 nan 2.701792261584777141e-16 nan nan 7.562837451597129769e-17 nan
5.792526005879630247e+04 nan 6.117425027107311745e-16 nan nan 2.804033800651825546e-16 nan
5.791335564643520047e+04 nan nan nan nan nan nan
5.811209502422450169e+04 nan nan nan nan nan nan
5.791635976077550004e+04 nan nan nan nan nan nan
5.751622793262729829e+04 nan nan nan nan nan nan
5.833428549665510218e+04 nan 4.383606655888253693e-16 nan nan 2.067380145355480054e-16 nan
5.807521185368060105e+04 nan 2.887004126306491829e-16 nan nan 1.089497541347839734e-16 nan
5.798336581408559869e+04 nan nan nan nan nan nan
5.835128803995370254e+04 nan nan nan nan nan nan
5.832827263697919989e+04 nan 3.238374527416450239e-16 nan nan 2.077279570789252261e-16 nan
5.807822860027779825e+04 nan nan nan nan nan nan
5.827427206804400339e+04 nan 3.167047093315900582e-16 nan nan 1.487670843025507501e-16 nan
5.790337165991900110e+04 nan 2.616972277974092375e-16 nan nan 7.561525640989383503e-17 nan
5.797027938540509786e+04 nan nan nan nan nan nan
5.751622383775460185e+04 nan nan nan nan nan nan
5.774214797937499679e+04 nan nan nan nan nan nan
5.829430911765049677e+04 nan nan nan nan nan nan
5.834821840804399835e+04 nan 2.769174429858559194e-16 nan nan 1.259964107848455606e-16 nan
5.809021082665510039e+04 nan 5.146476175342346166e-16 nan nan 4.322610895189032157e-16 nan
5.798009512350690056e+04 nan 2.810586831410552087e-16 nan nan 8.291334485758254240e-17 nan
5.794529273826390272e+04 nan nan nan nan nan nan
5.832431525006939773e+04 nan nan nan nan nan nan
5.802708559285879892e+04 nan nan nan nan nan nan
5.800711715050930070e+04 nan nan nan nan nan nan
5.771423062320600002e+04 nan nan nan nan nan nan
5.790637381167819694e+04 nan 2.719177876715561378e-16 nan nan 6.951877548319712928e-17 nan
5.800014257973380154e+04 nan 2.944240712843594445e-16 nan nan 1.406808611287618588e-16 nan
5.805629039309029758e+04 nan 3.074836581756249524e-16 nan nan 1.394651456383344981e-16 nan
5.760643043196760118e+04 nan 2.950946243991354798e-16 nan nan 1.009435907025898577e-16 nan
5.834137145361110015e+04 nan nan nan nan nan nan
5.754629907357640332e+04 nan nan nan nan nan nan
5.805024026468749798e+04 nan 3.856782319383144302e-16 nan nan 2.636496307319510223e-16 nan
5.794228447361110011e+04 nan nan nan nan nan nan
5.772421270884259866e+04 nan nan nan nan nan nan
5.825840302037040237e+04 nan nan nan nan nan nan
5.760642838563660189e+04 nan 2.931052582547652128e-16 nan nan 9.710044976837643144e-17 nan
5.826535084216429823e+04 nan nan nan nan nan nan
5.787323558943290118e+04 nan nan nan nan nan nan
5.755737257791669981e+04 nan 2.598418582708638411e-16 nan nan 8.027332769534200283e-17 nan
5.805327784341439838e+04 nan nan nan nan nan nan
5.833824099243059754e+04 nan 2.878923239129882337e-16 nan nan 1.068089081286164376e-16 nan
5.823926595738429751e+04 nan nan nan nan nan nan
5.804723603105320217e+04 nan nan nan nan nan nan
5.835129008620369859e+04 nan nan nan nan nan nan
5.807124011413189874e+04 nan nan nan nan nan nan
5.762928869053239760e+04 nan nan nan nan nan nan
5.752032630150460318e+04 nan nan nan nan nan nan
5.834437502118059638e+04 nan nan nan nan nan nan
5.835129213258100208e+04 nan nan nan nan nan nan
5.753429089564809692e+04 nan nan nan nan nan nan
5.834136736096059758e+04 nan nan nan nan nan nan
5.762318496390050132e+04 nan 2.687578370554919153e-16 nan nan 7.833469288655089180e-17 nan
5.756940826380789804e+04 nan nan nan nan nan nan
5.799317489197920077e+04 nan 2.664505968616405536e-16 nan nan 7.383915209481522857e-17 nan
5.760642632716440130e+04 nan 2.913139514190891530e-16 nan nan 9.235837163951066819e-17 nan
5.792526430643520143e+04 nan nan nan nan nan nan
5.831336252050929761e+04 nan 2.859655341211293808e-16 nan nan 1.079231485852444268e-16 nan
5.774910696269680193e+04 nan nan nan nan nan nan
5.829733038506939920e+04 nan 3.073364080305200388e-16 nan nan 1.723357638381281674e-16 nan
5.830734518155090336e+04 nan nan nan nan nan nan
5.773313491203699959e+04 nan nan nan nan nan nan
5.793628783324069809e+04 nan nan nan nan nan nan
5.826535289314809779e+04 nan nan nan nan nan nan
