5.770724963199999911e+04 nan nan nan nan nan nan
5.807822702199999912e+04 nan nan nan nan nan nan
5.807521031799999764e+04 5.685374281113876474e-16 5.380055410326712403e-16 nan 3.565585405793342953e-17 7.357794404491878509e-17 nan
5.802708815599999798e+04 5.592141113788227790e-16 5.306230049726612200e-16 nan 3.461034801034165787e-17 7.152906729319050782e-17 nan
5.802408396399999765e+04 5.713498013365932038e-16 5.477131713258146612e-16 nan 4.771360706127226532e-17 1.045672046936579607e-16 nan
5.802105194599999959e+04 nan nan nan nan nan nan
5.801708080599999812e+04 nan nan nan nan nan nan
5.801011987200000294e+04 nan nan nan nan nan nan
5.800711561800000345e+04 5.554938002884863206e-16 6.288164358690979014e-16 nan 3.226633355176799280e-17 9.045677781274507245e-17 nan
5.800314940999999817e+04 1.080986242109700738e-15 5.308228875109844819e-16 nan 9.820172962283086662e-17 6.802657571917852233e-17 nan
5.800014514800000325e+04 nan nan nan nan nan nan
5.799317538000000059e+04 nan nan nan nan nan nan
5.799017118599999958e+04 5.582271234637911328e-16 5.698570851424153142e-16 nan 3.222297928340365558e-17 7.509670075583023177e-17 nan
5.807124063600000227e+04 5.886116182510486507e-16 5.696944237732583668e-16 nan 3.775413229290920773e-17 8.160228092247027021e-17 nan
5.798637258399999700e+04 5.937687693970030142e-16 5.669779156088959723e-16 nan 3.405445171048083290e-17 7.096131786630270026e-17 nan
5.798336837199999718e+04 5.931276965557480475e-16 5.692792903614087180e-16 nan 3.408127871153483546e-17 7.148796476545841542e-17 nan
5.798009769200000301e+04 5.661213270332603624e-16 5.532955491815665239e-16 nan 3.336601830276853781e-17 7.199419071032791356e-17 nan
5.797328611999999703e+04 5.814769988359948929e-16 5.655217016101571644e-16 nan 3.600664398177278715e-17 7.812917048646888922e-17 nan
5.796226323399999819e+04 5.850793237688196149e-16 5.581157503203800411e-16 nan 3.942010960640726838e-17 8.400890064778517155e-17 nan
5.795825814199999877e+04 5.589966734827530739e-16 5.860158679795041309e-16 nan 3.195059067911067371e-17 7.792191244612686980e-17 nan
5.795434966600000189e+04 nan nan nan nan nan nan
5.795132162599999720e+04 5.760802810919039262e-16 5.618495451417845655e-16 nan 3.308246847838776283e-17 7.130080340762218731e-17 nan
5.794831738400000177e+04 5.741000689870331658e-16 5.363589142693393795e-16 nan 3.346607632059446201e-17 6.681092060333187864e-17 nan
5.806823653200000263e+04 5.838805619131381027e-16 5.650135140719786500e-16 nan 3.655041952233263197e-17 7.873388921604240925e-17 nan
5.794529109250000329e+04 nan nan nan nan nan nan
5.793628626600000280e+04 5.716697416714036044e-16 6.134408217686534786e-16 nan 3.196759681793011034e-17 8.117434316204096637e-17 nan
5.793328203999999823e+04 nan nan nan nan nan nan
5.792526272800000152e+04 5.860698551446267037e-16 5.578261397701186739e-16 nan 3.757506122365266256e-17 7.894585121745783696e-17 nan
5.791636026799999672e+04 5.658649829019027196e-16 5.504710631210461847e-16 nan 3.120322993007520113e-17 6.598262163087524433e-17 nan
5.791335616399999708e+04 5.489882638809910334e-16 5.996552977170207866e-16 nan 3.054335706909718465e-17 7.947551100270973854e-17 nan
5.790637637199999881e+04 5.833565695800464491e-16 8.670835676272022719e-16 nan 3.319642743905794791e-17 1.537178825626521937e-16 nan
5.790337216400000034e+04 5.441417842045638177e-16 5.319211969024392002e-16 nan 3.199858750677099428e-17 6.890968627219937353e-17 nan
5.787636818599999970e+04 5.872106966749715017e-16 5.688220329368370219e-16 nan 3.110045984680314417e-17 6.524499831064045612e-17 nan
5.806523226199999772e+04 5.890856830194821248e-16 5.571850859088979103e-16 nan 3.850962251637565787e-17 8.054262333215706207e-17 nan
5.775210959000000003e+04 5.943913151241770018e-16 5.835382320940131638e-16 nan 4.140459211350344564e-17 9.349871718710884824e-17 nan
5.774910542200000054e+04 nan nan nan nan nan nan
5.774603408399999898e+04 5.955874645908994398e-16 5.795686607006497030e-16 nan 4.057905054990642883e-17 8.977889452173105291e-17 nan
5.774214848799999891e+04 5.962703810087475546e-16 5.703716385417840470e-16 nan 4.072774723203133073e-17 8.750751786439980658e-17 nan
5.773914360599999782e+04 5.941685293148427667e-16 6.038747793522317155e-16 nan 4.016496710374232495e-17 9.613440931244350626e-17 nan
5.773613954599999852e+04 5.837451935534138380e-16 5.810984947939035712e-16 nan 4.020575785351070655e-17 9.268538749854228423e-17 nan
5.773313540800000192e+04 nan nan nan nan nan nan
5.772813394400000107e+04 nan nan nan nan nan nan
5.772421321799999714e+04 nan nan nan nan nan nan
5.772021227799999906e+04 7.112540438780474409e-16 5.937591265109254750e-16 nan 5.340713506932778315e-17 9.266624216776726934e-17 nan
5.806222611399999732e+04 nan nan nan nan nan nan
5.771422909600000276e+04 nan nan nan nan nan nan
5.770322236400000111e+04 nan nan nan nan nan nan
5.770016520399999717e+04 5.905555825529628218e-16 5.596135723579733677e-16 nan 3.641675124966688014e-17 7.573339645297385406e-17 nan
5.769003639600000315e+04 5.844394134556481829e-16 5.571517315391123696e-16 nan 3.492787264469343650e-17 7.280978745605923482e-17 nan
5.763231214400000317e+04 nan nan nan nan nan nan
5.762929125400000339e+04 5.716540393711490696e-16 6.541918897326751958e-16 nan 3.288503325619038858e-17 9.455765858629962018e-17 nan
5.762619176000000152e+04 5.759455172897084570e-16 5.582487106806586577e-16 nan 3.348468169377142710e-17 7.143409720332387035e-17 nan
5.762318751199999679e+04 nan nan nan nan nan nan
5.761939571199999773e+04 6.025588615913953156e-16 5.738221582991258887e-16 nan 3.556729814720221035e-17 7.427382837005073883e-17 nan
5.805629088600000250e+04 5.817547341761606788e-16 5.524157220521230301e-16 nan 3.525668252607574004e-17 7.318283640318773568e-17 nan
5.761623948399999790e+04 nan nan nan nan nan nan
5.761322177599999850e+04 5.901293698197381850e-16 5.662154903107101062e-16 nan 3.449548065780429380e-17 7.261912743493249097e-17 nan
5.760943312799999694e+04 5.781750792288318230e-16 5.582808382929287837e-16 nan 3.351574797700110466e-17 7.084742096067872124e-17 nan
5.760642889399999694e+04 5.768995842319491887e-16 8.204054022234454755e-16 nan 3.361878660511393436e-17 1.443099937322214893e-16 nan
5.760041762200000085e+04 5.933445633313483230e-16 5.599248067880196613e-16 nan 3.471251151717897825e-17 7.098706482445825297e-17 nan
5.759727232599999843e+04 nan nan nan nan nan nan
5.759342271600000095e+04 5.911365499799153126e-16 5.717628024216490867e-16 nan 3.411111050383819863e-17 7.285843422665020830e-17 nan
5.759041317200000049e+04 5.942904625844038321e-16 5.829358648834350699e-16 nan 4.172117827494160296e-17 9.414755922549883533e-17 nan
5.797028193599999940e+04 5.584951036790906712e-16 6.264731559248203184e-16 nan 3.144287426124041426e-17 8.630831211687405915e-17 nan
5.785732145399999717e+04 5.947551474675117605e-16 5.648348656861313572e-16 nan 4.637843238794227759e-17 9.979414813525379454e-17 nan
5.769427273799999966e+04 nan nan nan nan nan nan
5.758735726599999907e+04 nan nan nan nan nan nan
5.758430321199999889e+04 nan nan nan nan nan nan
5.805327823499999795e+04 5.853661322450196355e-16 5.911934931873871735e-16 nan 5.074937586994438053e-17 1.223309671074005490e-16 nan
5.758129911400000128e+04 nan nan nan nan nan nan
5.757636160399999790e+04 5.794639924024667403e-16 5.597434714625241234e-16 nan 3.263282758714927509e-17 6.886969039374742676e-17 nan
5.756941082399999868e+04 5.792271729006576844e-16 6.203127001261516018e-16 nan 3.914655819681537228e-17 1.026674875027382433e-16 nan
5.756640616399999999e+04 nan nan nan nan nan nan
5.756133278399999836e+04 nan nan nan nan nan nan
5.755737514999999985e+04 nan nan nan nan nan nan
5.755426544399999693e+04 5.739844345303041319e-16 5.696990084164881958e-16 nan 5.078875022524954816e-17 1.191808119424411710e-16 nan
5.755039621199999965e+04 5.940068728821817439e-16 5.739425679263060982e-16 nan 3.383810924096138963e-17 7.200832920238141054e-17 nan
5.754629755200000363e+04 5.714827236345409098e-16 6.824772329827564509e-16 nan 3.247334259282410066e-17 1.003860868007256690e-16 nan
5.753429346400000213e+04 5.811388402139767696e-16 5.675765681641976816e-16 nan 3.278301459829205205e-17 7.075932306554640198e-17 nan
5.805024283200000355e+04 nan nan nan nan nan nan
5.752940875599999708e+04 5.769376791231932196e-16 5.523678256827649683e-16 nan 3.284493853714641895e-17 6.847988783487689101e-17 nan
5.752333647667000332e+04 nan nan nan nan nan nan
5.804723859600000287e+04 5.527169923165853877e-16 6.574757794680040946e-16 nan 3.310930606356447664e-17 1.022330340519265474e-16 nan
5.770724963199999911e+04 nan nan nan nan nan nan
