5.759342477599999984e+04 2.611703827598254321e-16 3.583610806464196661e-16 nan 2.973027086794178164e-17 8.594418103371673236e-17 nan
5.759342477599999984e+04 2.611703827598254321e-16 3.583610806464196661e-16 nan 2.973027086794178164e-17 8.594418103371673236e-17 nan
5.758735934000000270e+04 nan nan nan nan nan nan
5.760041970800000126e+04 2.620051239244499154e-16 3.393487866229788137e-16 nan 2.963833832120945613e-17 7.672871126200125080e-17 nan
5.807822912599999836e+04 nan nan nan nan nan nan
5.807124271399999998e+04 2.640111433168554744e-16 3.598956057817917187e-16 nan 3.834626556286830812e-17 1.111327765026508106e-16 nan
5.801012195400000201e+04 nan nan nan nan nan nan
5.800315159333000338e+04 nan nan nan nan nan nan
5.800014724199999910e+04 nan nan nan nan nan nan
5.799317749400000321e+04 nan nan nan nan nan nan
5.799017327200000000e+04 2.422919710929440837e-16 3.776107905448699668e-16 nan 2.557541273112493728e-17 9.117656428484647292e-17 nan
5.798637467599999945e+04 2.648319609647255108e-16 3.371223727298315286e-16 nan 2.975700138149767043e-17 7.493402838115498736e-17 nan
5.798337044600000081e+04 2.578391324534555039e-16 3.390276069588984592e-16 nan 2.882121088865061731e-17 7.696477095640372149e-17 nan
5.798009976599999936e+04 2.442986628555519754e-16 3.136306915192296028e-16 nan 2.670575851360907811e-17 6.742983091397599429e-17 nan
5.797328820200000337e+04 2.582487959162082256e-16 3.368233933851100205e-16 nan 2.968070646705272223e-17 7.796316763814128902e-17 nan
5.796226511333000235e+04 nan nan nan nan nan nan
5.806823849000000337e+04 nan nan nan nan nan nan
5.795826023800000257e+04 2.476005226365891208e-16 3.776163113834168739e-16 nan 2.564904705441164993e-17 8.755678988835647072e-17 nan
5.795435174399999960e+04 nan nan nan nan nan nan
5.795132370400000218e+04 2.510506999669103213e-16 3.296878868377714596e-16 nan 2.685077330549692554e-17 7.080534810494118778e-17 nan
5.794831947400000354e+04 2.493850322684641500e-16 3.431301728535109406e-16 nan 2.590080069250509255e-17 7.339511494947918957e-17 nan
5.793628842750000331e+04 2.564902397678719681e-16 3.431085184468807775e-16 nan 3.124317191309856661e-17 8.822736989198234724e-17 nan
5.793328380499999912e+04 nan nan nan nan nan nan
5.791636236400000053e+04 2.521076012033831093e-16 3.678305983692226038e-16 nan 2.716069630579028754e-17 8.756869076721203539e-17 nan
5.791335831250000047e+04 nan nan nan nan nan nan
5.790637844400000176e+04 nan nan nan nan nan nan
5.806523438200000237e+04 nan nan nan nan nan nan
5.790337424199999805e+04 nan nan nan nan nan nan
5.787637027600000147e+04 2.575303654987903400e-16 3.585783800457310523e-16 nan 2.652111694843719699e-17 7.836934079895754822e-17 nan
5.774910750600000028e+04 nan nan nan nan nan nan
5.774603617800000211e+04 2.633510645088440432e-16 3.495881770444157283e-16 nan 3.864729866679906477e-17 1.064993453312936122e-16 nan
5.774215047749999940e+04 nan nan nan nan nan nan
5.773614154250000138e+04 nan nan nan nan nan nan
5.773313749600000301e+04 nan nan nan nan nan nan
5.772813603400000284e+04 nan nan nan nan nan nan
5.771423116399999708e+04 nan nan nan nan nan nan
5.770322446399999899e+04 nan nan nan nan nan nan
5.806222821400000248e+04 nan nan nan nan nan nan
5.769427482199999940e+04 nan nan nan nan nan nan
5.769003839999999764e+04 nan nan nan nan nan nan
5.763231425399999716e+04 nan nan nan nan nan nan
5.762929341500000010e+04 2.480519694393117847e-16 3.243865580395602601e-16 nan 2.902454767339560422e-17 7.736269932802759387e-17 nan
5.762619383999999991e+04 2.566330356007733289e-16 3.350094753277300843e-16 nan 2.909890016986811971e-17 7.674765612719582165e-17 nan
5.762318959799999720e+04 nan nan nan nan nan nan
5.761939778600000136e+04 nan nan nan nan nan nan
5.761624154799999815e+04 nan nan nan nan nan nan
5.761322387400000298e+04 2.564848306926372264e-16 3.491076133395016366e-16 nan 2.851491883646511676e-17 8.077249568184314582e-17 nan
5.805328033500000311e+04 nan nan nan nan nan nan
5.760943523000000278e+04 nan nan nan nan nan nan
5.760643098800000007e+04 nan nan nan nan nan nan
5.760041970800000126e+04 2.620051239244499154e-16 3.393487866229788137e-16 nan 2.963833832120945613e-17 7.672871126200125080e-17 nan
5.759342477599999984e+04 2.611703827598254321e-16 3.583610806464196661e-16 nan 2.973027086794178164e-17 8.594418103371673236e-17 nan
5.758735934000000270e+04 nan nan nan nan nan nan
5.758130120599999645e+04 nan nan nan nan nan nan
5.757636367400000017e+04 2.515502483099281950e-16 3.335326728056234799e-16 nan 2.767022419027782629e-17 7.500777966470422772e-17 nan
5.756640866200000164e+04 2.552751796596240802e-16 3.280317081034739242e-16 nan 2.784437059102114329e-17 7.061998997868816195e-17 nan
5.756133485400000063e+04 nan nan nan nan nan nan
5.805024492199999804e+04 nan nan nan nan nan nan
5.755737726600000315e+04 nan nan nan nan nan nan
5.755426752799999667e+04 nan nan nan nan nan nan
5.755039830600000278e+04 2.561281238867939293e-16 3.355774987911156558e-16 nan 2.857817011504888903e-17 7.596392859285403982e-17 nan
5.753429553000000305e+04 2.531523947090955548e-16 3.478030301445612735e-16 nan 2.682823240605560309e-17 7.635299320310283956e-17 nan
5.752941087600000174e+04 2.507487878678491962e-16 3.285355791424979083e-16 nan 2.629549972719960077e-17 6.854425854435965085e-17 nan
5.804724067667000054e+04 nan nan nan nan nan nan
5.802105402399999730e+04 nan nan nan nan nan nan
5.801708287399999972e+04 nan nan nan nan nan nan
5.770725171599999885e+04 nan nan nan nan nan nan
5.792526473000000260e+04 2.526176119712747906e-16 3.394665279408865266e-16 nan 3.355946716892742918e-17 9.385360852787243797e-17 nan
5.770016729599999962e+04 2.593706029631909731e-16 3.416598505400537236e-16 nan 3.243981078427803038e-17 8.751588744752249862e-17 nan
5.758430528999999660e+04 nan nan nan nan nan nan
