5.834822258515049907e+04 5.688567598275545424e-16 8.031152171385682850e-16 nan 9.358621619987662769e-17 7.140483689477636173e-16 nan
5.834822050653940096e+04 5.660101244892695377e-16 8.059551354088552412e-16 nan 9.576808371600171072e-17 7.201644696593589504e-16 nan
5.835128803995370254e+04 nan nan nan nan nan nan
5.799618119494210259e+04 5.440501705143894778e-16 1.194232470538176717e-15 nan 1.231564924035655053e-16 1.131418863365655686e-15 nan
5.799617914864580234e+04 nan nan nan nan nan nan
5.800014257973380154e+04 5.825437580884004131e-16 6.510041691931195063e-16 nan 6.866278634335094652e-17 5.269053313913158220e-16 nan
5.790937800020830036e+04 nan nan nan nan nan nan
5.790637585583329928e+04 5.401764007017309134e-16 6.364267059695312248e-16 nan 5.820310413487066379e-17 5.011951958802435548e-16 nan
5.790637790084489825e+04 5.397409935594005447e-16 6.283223684805514326e-16 nan 5.771433771813924465e-17 4.930834899422442195e-16 nan
5.774603153121530340e+04 nan nan nan nan nan nan
5.774214797937499679e+04 1.092913070964954266e-15 nan nan 1.752314104277601287e-16 nan nan
5.774215002598379942e+04 1.098854989937607795e-15 nan nan 1.763771516391840973e-16 nan nan
5.795131904060189845e+04 5.351252814769441811e-16 6.550291819817720923e-16 nan 6.066820866359210578e-17 5.266219246653110828e-16 nan
5.794831686872689897e+04 9.868302338972926186e-16 nan nan 1.345142591754559211e-16 nan nan
5.794831891516200267e+04 9.798449592923807801e-16 nan nan 1.309171228621624087e-16 nan nan
5.827427206804400339e+04 5.774962530987541053e-16 7.222542765962913706e-16 nan 7.825520319584190524e-17 6.129754099721147444e-16 nan
5.827427001928239770e+04 5.924713654693417609e-16 7.244682635775898475e-16 nan 8.083882551606921752e-17 6.148031381517378272e-16 nan
5.827735675774310221e+04 5.327361110777278307e-16 7.241136496921123022e-16 nan 6.900294575466722326e-17 6.107574989281269078e-16 nan
5.804723603105320217e+04 nan nan nan nan nan nan
5.802708970991899696e+04 nan nan nan nan nan nan
5.802708766583329998e+04 nan nan nan nan nan nan
5.808221538364580192e+04 nan nan nan nan nan nan
5.808622070533560327e+04 6.018808383490166545e-16 nan nan 7.873702389589891669e-17 nan nan
5.808221331371529959e+04 nan nan nan nan nan nan
5.802105348754629813e+04 5.720890121090309445e-16 6.122991959526223716e-16 nan 6.682821487780954459e-17 4.896771321080533991e-16 nan
5.802408142475689965e+04 nan nan nan nan nan nan
5.802105144168980041e+04 5.766856262233050532e-16 6.168657975151920515e-16 nan 6.739819827933640797e-17 4.934343954784793525e-16 nan
5.760643043196760118e+04 5.449199029774539267e-16 6.608127480832907364e-16 nan 6.092837462551672886e-17 5.284277649910045185e-16 nan
5.760642838563660189e+04 5.415060941725851060e-16 6.611191535208005434e-16 nan 6.045157962996682133e-17 5.289807420004585979e-16 nan
5.760943056070600142e+04 5.502539722013340981e-16 6.482688845304994574e-16 nan 6.108381492406274744e-17 5.163412195622100068e-16 nan
5.827736085368059867e+04 5.498539508559751495e-16 7.365956162287011290e-16 nan 7.040527240855998436e-17 6.192143331375498567e-16 nan
5.828425685040510143e+04 nan nan nan nan nan nan
5.827735880615739734e+04 5.495638275436213469e-16 7.403512488188193005e-16 nan 7.045340255181419093e-17 6.229663883930416268e-16 nan
5.801012141791670001e+04 5.873141136548088656e-16 6.405472942312293304e-16 nan 6.536050181680892287e-17 5.056496945214911726e-16 nan
5.801707824304400128e+04 5.724995938499646593e-16 6.144927723981126442e-16 nan 6.533295704615417455e-17 4.880033309890882329e-16 nan
5.801011937150460290e+04 5.694090036123611261e-16 6.084758725533691348e-16 nan 6.421991190201895672e-17 4.807369964884864039e-16 nan
5.807124011413189874e+04 nan nan nan nan nan nan
5.807520775504630001e+04 5.572393346790011381e-16 6.738982697078838019e-16 nan 6.523018854648943436e-17 5.468158042457497210e-16 nan
5.807124218600690074e+04 nan nan nan nan nan nan
5.770321977893519943e+04 6.030462401096023562e-16 nan nan 7.511854741504286414e-17 nan nan
5.770016674040509679e+04 nan nan nan nan nan nan
5.770016469395830063e+04 1.051848161083484340e-15 nan nan 1.552925620507908609e-16 nan nan
5.791636182935190300e+04 nan nan nan nan nan nan
5.791635976077550004e+04 nan nan nan nan nan nan
5.792223818324069725e+04 nan nan nan nan nan nan
5.771122439228009898e+04 nan nan nan nan nan nan
5.771422651776619750e+04 6.174019080574310911e-16 nan nan 8.266317221090678934e-17 nan nan
5.771122646682870254e+04 nan nan nan nan nan nan
5.799017272325229715e+04 nan nan nan nan nan nan
5.799317281408570125e+04 5.755257440195009010e-16 6.120380600454124897e-16 nan 6.462517704596728006e-17 4.825357497583500372e-16 nan
5.799017067341440270e+04 nan nan nan nan nan nan
5.798336786162039789e+04 nan nan nan nan nan nan
5.798637001756940299e+04 1.025583160963282800e-15 nan nan 1.380525186667458979e-16 nan nan
5.798336990800929925e+04 nan nan nan nan nan nan
5.797027938540509786e+04 nan nan nan nan nan nan
5.796527198114580096e+04 nan nan nan nan nan nan
5.796526993535880320e+04 nan nan nan nan nan nan
5.801011732460650092e+04 5.671481878456817940e-16 6.105518254692543018e-16 nan 6.383169480835163875e-17 4.824322925635811174e-16 nan
5.800711715050930070e+04 nan nan nan nan nan nan
5.800711510732639726e+04 nan nan nan nan nan nan
5.828426096879629767e+04 nan nan nan nan nan nan
5.828823795074070222e+04 nan nan nan nan nan nan
5.828425889914349682e+04 nan nan nan nan nan nan
5.808221126275460119e+04 nan nan nan nan nan nan
5.807822652960650157e+04 6.141918438828229664e-16 nan nan 7.752153052340322867e-17 nan nan
5.807822860027779825e+04 6.168957657971805272e-16 nan nan 7.837552927128512373e-17 nan nan
5.761623896099539706e+04 5.769110857561609865e-16 6.419098321441159955e-16 nan 6.631264214144693321e-17 5.149983158774179317e-16 nan
5.761939315737270226e+04 5.426566352063969172e-16 6.757444632671565774e-16 nan 6.345095442600379081e-17 5.529098087812374918e-16 nan
5.761624100755790278e+04 5.736112035662462380e-16 6.302164262876427323e-16 nan 6.615433539949761048e-17 5.052396426416055290e-16 nan
5.808622277482639765e+04 6.085640715146690746e-16 nan nan 7.971572915657467935e-17 nan nan
5.809021082665510039e+04 5.480911974620183977e-16 6.936356292285360063e-16 nan 6.995688887202233594e-17 5.815833289727372116e-16 nan
5.811209502422450169e+04 1.025615512708173006e-15 nan nan 1.563532099811435426e-16 nan nan
5.811209296942129731e+04 9.973965698630488384e-16 nan nan 1.499849198026332140e-16 nan nan
5.811509514637730172e+04 6.502166222807854739e-16 nan nan 8.079417185294462312e-17 nan nan
5.787636973238430073e+04 1.031039697873573110e-15 nan nan 1.308129092013099799e-16 nan nan
5.787636768714120262e+04 1.016508160972485006e-15 nan nan 1.279451221191810011e-16 nan nan
5.790336961260419775e+04 4.919184480444125314e-16 6.166301926746722324e-16 nan 5.610432468076212931e-17 4.962044467516776161e-16 nan
5.773313695576389728e+04 5.904423705176872603e-16 nan nan 7.824308272298100364e-17 nan nan
5.773613697483800206e+04 nan nan nan nan nan nan
5.773313491203699959e+04 6.005888315822061658e-16 nan nan 8.172445186243773453e-17 nan nan
5.832431320015050005e+04 nan nan nan nan nan nan
5.832827059204859688e+04 5.707913633048310029e-16 7.380118167151486812e-16 nan 8.157352985999172670e-17 6.368916312672098717e-16 nan
5.832431525006939773e+04 nan nan nan nan nan nan
5.774910491856480076e+04 6.244919035699177176e-16 nan nan 8.376044524944548302e-17 nan nan
5.774910696269680193e+04 6.367249314644995829e-16 nan nan 8.505615770415282386e-17 nan nan
5.775210701935189718e+04 5.339953912362913144e-16 7.000636604949245397e-16 nan 6.823728967732903922e-17 5.862347598169829815e-16 nan
5.827123162187499838e+04 nan nan nan nan nan nan
5.760342418274310330e+04 9.256092068426467551e-16 nan nan 1.194457996207190691e-16 nan nan
5.760642632716440130e+04 5.423227232960235726e-16 6.411530564391102893e-16 nan 6.027141152304928400e-17 5.098724177769903617e-16 nan
5.760342622562500037e+04 nan nan nan nan nan nan
5.834821840804399835e+04 5.614435742325999128e-16 7.256219336335192563e-16 nan 8.659813106183302876e-17 6.329663092844494004e-16 nan
5.769003794601849950e+04 1.091620134142951094e-15 nan nan 1.579203562713339250e-16 nan nan
5.769003590199069731e+04 1.070475482115441764e-15 nan nan 1.517475677416994574e-16 nan nan
5.769427015548609779e+04 6.287463716459149642e-16 nan nan 7.839630302006560103e-17 nan nan
5.787636561278929730e+04 9.736267688508769650e-16 nan nan 1.202364148768092988e-16 nan nan
5.787323766340279690e+04 nan nan nan nan nan nan
5.787323970866900345e+04 nan nan nan nan nan nan
5.791335564643520047e+04 nan nan nan nan nan nan
5.791335771677079902e+04 nan nan nan nan nan nan
5.791635771358799684e+04 nan nan nan nan nan nan
5.806823395875000278e+04 nan nan nan nan nan nan
5.806523176767359837e+04 nan nan nan nan nan nan
5.806523383688659669e+04 nan nan nan nan nan nan
5.797028347689809743e+04 nan nan nan nan nan nan
5.797028143182869826e+04 nan nan nan nan nan nan
5.797328356476849876e+04 nan nan nan nan nan nan
5.790637381167819694e+04 5.436496799535987353e-16 6.310067018780607551e-16 nan 5.801545311828304344e-17 4.945347921687611479e-16 nan
5.790337165991900110e+04 4.942843329595242234e-16 6.210364946830539011e-16 nan 5.642382483164580641e-17 5.003737399411467370e-16 nan
5.790337370518520038e+04 4.972671453590213597e-16 6.160176324834343465e-16 nan 5.587127635014170173e-17 4.930414942534197198e-16 nan
5.774603562748840341e+04 1.075340579765506294e-15 nan nan 1.718361287064908250e-16 nan nan
5.774910287126160256e+04 6.324167708723774310e-16 nan nan 8.557263468006081688e-17 nan nan
5.774603357987270283e+04 nan nan nan nan nan nan
5.806823600857640122e+04 nan nan nan nan nan nan
5.807123806574069749e+04 nan nan nan nan nan nan
5.806823805357640231e+04 nan nan nan nan nan nan
5.770322392438659881e+04 5.979072192723156469e-16 nan nan 7.448483388356585773e-17 nan nan
5.770724706540509942e+04 6.038977461952935050e-16 nan nan 8.170592036463859832e-17 nan nan
5.770322185409720259e+04 5.969388440139829381e-16 nan nan 7.385793468009277677e-17 nan nan
5.794228447361110011e+04 nan nan nan nan nan nan
5.793628576050930133e+04 nan nan nan nan nan nan
5.793628783324069809e+04 nan nan nan nan nan nan
5.832827263697919989e+04 5.678531460270701496e-16 7.536419473291512657e-16 nan 8.026804127269749141e-17 6.500367643265456967e-16 nan
5.832827470641199761e+04 5.803501193892008094e-16 7.594883982834219401e-16 nan 8.288266488186257337e-17 6.566878308403618114e-16 nan
5.833127475625000079e+04 5.741523171563682929e-16 6.974492535117129864e-16 nan 7.687484529299007210e-17 5.869817899162876564e-16 nan
5.769003383031250269e+04 1.069547307501581160e-15 nan nan 1.500519135377301455e-16 nan nan
5.763231367187500291e+04 6.018440768063919676e-16 nan nan 6.719056612057086141e-17 nan nan
5.763231162777780264e+04 6.040594236001637630e-16 nan nan 6.753535214398698230e-17 nan nan
5.796526788873840269e+04 nan nan nan nan nan nan
5.796226476614580315e+04 1.098388922486581952e-15 nan nan 1.737343567297575870e-16 nan nan
5.796226272096070170e+04 1.092869390769271575e-15 nan nan 1.702769271514574521e-16 nan nan
5.793328357708329713e+04 1.053914434075434895e-15 nan nan 1.565800501134636272e-16 nan nan
5.793328153189810109e+04 1.048151822047042724e-15 nan nan 1.573886873233955341e-16 nan nan
5.793628368734950345e+04 nan nan nan nan nan nan
5.831828496164349781e+04 nan nan nan nan nan nan
5.831336456532409647e+04 5.649744662285699748e-16 7.436962698611870222e-16 nan 7.433440848933787379e-17 6.282675933549682288e-16 nan
5.831336252050929761e+04 5.696177295758847008e-16 7.483594362616588702e-16 nan 7.503822555679929573e-17 6.326335611530139267e-16 nan
5.795435120121530053e+04 6.065137762741157531e-16 nan nan 8.426165997514690949e-17 nan nan
5.795825557232640131e+04 nan nan nan nan nan nan
5.795434915491900028e+04 6.037137389807033773e-16 7.093881973691023428e-16 nan 7.645317178739758632e-17 5.878568962678115108e-16 nan
5.807521185368060105e+04 5.488346216432691925e-16 6.558139931572483103e-16 nan 6.453966025001943958e-17 5.318643136856133118e-16 nan
5.807520980290509760e+04 5.417673111236309089e-16 6.546572556829756294e-16 nan 6.380670058414079946e-17 5.317703154280146313e-16 nan
5.807822445435189729e+04 6.151336983828602134e-16 nan nan 7.790776652277458016e-17 nan nan
5.762619125050929870e+04 1.057243968617448169e-15 nan nan 1.534800753776236157e-16 nan nan
5.762928869053239760e+04 nan nan nan nan nan nan
5.762619330261569849e+04 1.073186767488633876e-15 nan nan 1.555510715815091937e-16 nan nan
5.796226067233800131e+04 1.143974863260885769e-15 nan nan 2.072958955864960793e-16 nan nan
5.795825969094909669e+04 nan nan nan nan nan nan
5.795825764436340251e+04 nan nan nan nan nan nan
5.792224023196759663e+04 nan nan nan nan nan nan
5.792224230149309733e+04 nan nan nan nan nan nan
5.792526005879630247e+04 9.995336014150044929e-16 nan nan 1.440811806580555652e-16 nan nan
5.772813342998839653e+04 5.707105358165937649e-16 nan nan 7.264381997049526902e-17 nan nan
5.772813550339119683e+04 5.707258301454497480e-16 nan nan 7.231753343568000924e-17 nan nan
5.773313283907409641e+04 5.875739400997669242e-16 nan nan 8.552077631507544402e-17 nan nan
5.835129213258100208e+04 nan nan nan nan nan nan
5.835129008620369859e+04 nan nan nan nan nan nan
5.822336692063660303e+04 5.958403463674218190e-16 7.141083110969110791e-16 nan 7.903806550590043226e-17 5.997077526995786998e-16 nan
5.822336899138890294e+04 5.888505824702345891e-16 7.262632810260105316e-16 nan 7.902511876681909683e-17 6.138930355975958083e-16 nan
5.823538053755790315e+04 nan nan nan nan nan nan
5.833824304113430117e+04 5.984783528041200933e-16 7.266468407097015348e-16 nan 7.995116837218196861e-17 6.119121665788012899e-16 nan
5.833824508746530046e+04 6.098067224933500420e-16 7.284129893393537339e-16 nan 8.203938403750681367e-17 6.141431310359403102e-16 nan
5.834136736096059758e+04 nan nan nan nan nan nan
5.795434710633099894e+04 6.155704457054043327e-16 7.320063882527475395e-16 nan 7.774828631149737171e-17 6.073362225997815505e-16 nan
5.795132316312500188e+04 5.460877343371222309e-16 6.428117103959800461e-16 nan 6.094203034780078794e-17 5.121403343317876929e-16 nan
5.795132111849539797e+04 5.510548237446091907e-16 6.431174847577999264e-16 nan 6.146964750219836337e-17 5.115677761106469856e-16 nan
5.832129183077550260e+04 5.392799248466322980e-16 7.452261134812233475e-16 nan 7.316296586350294698e-17 6.363040435104359269e-16 nan
5.832129390026620240e+04 5.445281572199950362e-16 8.102290146499086909e-16 nan 8.215647380325271532e-17 7.116277294101785652e-16 nan
5.832431115395829693e+04 nan nan nan nan nan nan
5.809417043305560219e+04 5.613376744046894614e-16 7.160191889206134514e-16 nan 6.883823630252405752e-17 5.942499964900180728e-16 nan
5.805629246236110339e+04 5.520654596589277484e-16 6.811154017136052233e-16 nan 6.494509368701502420e-17 5.559935992682251431e-16 nan
5.805629039309029758e+04 5.518928388122017437e-16 6.760924673796538027e-16 nan 6.560875297294225126e-17 5.532671114741382036e-16 nan
5.806222355206019711e+04 nan nan nan nan nan nan
5.831336047291669820e+04 5.610976189837123899e-16 7.240524603748777978e-16 nan 7.416805495919588407e-17 6.111063592011048323e-16 nan
5.831036035766200075e+04 5.555417610771299374e-16 7.337589649610923985e-16 nan 7.257376916543965583e-17 6.186062917244276390e-16 nan
5.831035831250000047e+04 5.492808211341972638e-16 7.300055921865886275e-16 nan 7.234889075363727717e-17 6.165792907238728499e-16 nan
5.785732096162039670e+04 nan nan nan nan nan nan
5.785732303363429673e+04 nan nan nan nan nan nan
5.787323558943290118e+04 nan nan nan nan nan nan
5.811810339833330363e+04 5.579989768071688898e-16 7.102085081380108109e-16 nan 7.002925216340318367e-17 5.927743267778889310e-16 nan
5.822336484763889894e+04 5.808974286436290114e-16 6.862074453520192476e-16 nan 7.791537107866845830e-17 5.767034630663053477e-16 nan
5.811810135194440227e+04 5.543833137645150825e-16 7.049130565067991645e-16 nan 6.914531875226245725e-17 5.869316284882946616e-16 nan
5.761939725003470085e+04 5.344233015146955831e-16 6.841163765023452865e-16 nan 6.320684988460024571e-17 5.634652301788021619e-16 nan
5.761939520490739960e+04 5.435414780893540213e-16 6.724580883844497790e-16 nan 6.337614903041992067e-17 5.494689973151605376e-16 nan
5.762318496390050132e+04 5.827920024881348260e-16 nan nan 6.588837836680444800e-17 nan nan
5.826535084216429823e+04 nan nan nan nan nan nan
5.826535289314809779e+04 nan nan nan nan nan nan
5.827023104541670182e+04 nan nan nan nan nan nan
5.805628832104169851e+04 5.497843012929336033e-16 6.707992250307416289e-16 nan 6.488157364635413568e-17 5.472734412088540881e-16 nan
5.805327991408570233e+04 nan nan nan nan nan nan
5.805327784341439838e+04 nan nan nan nan nan nan
5.771422857567130268e+04 6.294078145239114044e-16 nan nan 8.458253821857462867e-17 nan nan
5.772020971459490102e+04 nan nan nan nan nan nan
5.771423062320600002e+04 6.244752872110264484e-16 nan nan 8.359075524829365498e-17 nan nan
5.830734518155090336e+04 nan nan nan nan nan nan
5.830734722672450152e+04 nan nan nan nan nan nan
5.831035626645830052e+04 5.243706688317853091e-16 7.087592684131144231e-16 nan 6.970478985355128024e-17 6.002302592773860022e-16 nan
5.793327861822919658e+04 1.023205849415537563e-15 nan nan 1.537976708844041190e-16 nan nan
5.792526430643520143e+04 1.072227012519520182e-15 nan nan 1.656970420030878142e-16 nan nan
5.792526223586809647e+04 1.031674000518342089e-15 nan nan 1.502971354769230129e-16 nan nan
5.834137145361110015e+04 nan nan nan nan nan nan
5.834136940956019680e+04 nan nan nan nan nan nan
5.834437296673609671e+04 nan nan nan nan nan nan
5.797328561118060315e+04 nan nan nan nan nan nan
5.798009512350690056e+04 5.200428676969996129e-16 6.321878690545596839e-16 nan 5.904275707852535234e-17 5.078464802242473216e-16 nan
5.797328765510419908e+04 nan nan nan nan nan nan
5.802408551613429881e+04 nan nan nan nan nan nan
5.802408347208330088e+04 nan nan nan nan nan nan
5.802708559285879892e+04 nan nan nan nan nan nan
5.798009921662040142e+04 5.266185350192296023e-16 6.370058494749557064e-16 nan 5.835389075664973372e-17 5.073939219529604915e-16 nan
5.798009717217589787e+04 5.271822489078519632e-16 6.387708725162800823e-16 nan 5.873289221646027130e-17 5.100456356968219120e-16 nan
5.798336581408559869e+04 nan nan nan nan nan nan
5.800711306057869660e+04 nan nan nan nan nan nan
5.800314890200230002e+04 nan nan nan nan nan nan
5.800315097386569687e+04 9.847794954927452921e-16 nan nan 1.407844200737080912e-16 nan nan
5.774214593089120171e+04 1.065023259293169095e-15 nan nan 1.689136328243190633e-16 nan nan
5.773914515188660152e+04 5.369510271447490053e-16 6.867153326874954705e-16 nan 6.685137534500136807e-17 5.710445932841977192e-16 nan
5.773914310640050098e+04 5.361548808522736410e-16 6.877123420722874653e-16 nan 6.700844512697242554e-17 5.726741505156616471e-16 nan
5.834437502118059638e+04 nan nan nan nan nan nan
5.834437706734950189e+04 nan nan nan nan nan nan
5.834737719356479647e+04 5.475218849403289107e-16 7.041463098178916447e-16 nan 7.053772732959105447e-17 5.893391335783943401e-16 nan
5.829732833850690076e+04 5.623562700781326416e-16 6.850332829599281054e-16 nan 7.686784132737256116e-17 5.803363290790817572e-16 nan
5.829430911765049677e+04 nan nan nan nan nan nan
5.829430707340280060e+04 nan nan nan nan nan nan
5.831828703347220289e+04 8.039282356737667421e-16 8.718133571517608711e-15 nan 1.256599629873466676e-16 8.524681142851961830e-15 nan
5.831828907890050323e+04 8.062291329719350959e-16 8.598074646080150611e-15 nan 1.277498114657637025e-16 8.410133086919638865e-15 nan
5.832128978122679837e+04 5.248573407181341004e-16 7.289141270146474037e-16 nan 7.086721161508819442e-17 6.211172994473111483e-16 nan
5.828824002586810093e+04 nan nan nan nan nan nan
5.829127869806710078e+04 nan nan nan nan nan nan
5.828824209775459894e+04 nan nan nan nan nan nan
5.823926800362270296e+04 nan nan nan nan nan nan
5.824428116292820050e+04 nan nan nan nan nan nan
5.823927007418980065e+04 nan nan nan nan nan nan
5.794529069642360264e+04 nan nan nan nan nan nan
5.794831481783559866e+04 9.838853750739272554e-16 nan nan 1.344725853617199870e-16 nan nan
5.794529273826390272e+04 nan nan nan nan nan nan
5.794228652329860051e+04 nan nan nan nan nan nan
5.794228856964119768e+04 nan nan nan nan nan nan
5.794528865236110141e+04 nan nan nan nan nan nan
5.770724911196759786e+04 6.100458649205769692e-16 nan nan 8.278733740359220822e-17 nan nan
5.770725116266200348e+04 6.045907070086200210e-16 nan nan 8.220156156068592752e-17 nan nan
5.771122231931710121e+04 nan nan nan nan nan nan
5.769427222827549849e+04 6.303242029576982683e-16 nan nan 7.843982218576636088e-17 nan nan
5.770016264601849980e+04 nan nan nan nan nan nan
5.769427429901620053e+04 6.317046102827387412e-16 nan nan 7.824201425164076415e-17 nan nan
5.826232078871529666e+04 8.288756072468386330e-16 nan nan 1.187846522627407938e-16 nan nan
5.826534876859949873e+04 nan nan nan nan nan nan
5.826232285940970178e+04 8.369123617914000653e-16 nan nan 1.217334715530716568e-16 nan nan
5.772421270884259866e+04 5.777240240866326981e-16 nan nan 7.717409549319431642e-17 nan nan
5.772813138064809755e+04 5.692971650967938435e-16 nan nan 7.177772144796862142e-17 nan nan
5.772021386024310050e+04 nan nan nan nan nan nan
5.772021178789350233e+04 nan nan nan nan nan nan
5.772421063494210102e+04 5.817382377952116539e-16 nan nan 7.723427350960393965e-17 nan nan
5.806222562383100012e+04 nan nan nan nan nan nan
5.806522972351850331e+04 nan nan nan nan nan nan
5.806222766803239938e+04 nan nan nan nan nan nan
5.829128281405090092e+04 nan nan nan nan nan nan
5.829430420554400189e+04 nan nan nan nan nan nan
5.829128076983799838e+04 nan nan nan nan nan nan
5.773614109170140000e+04 nan nan nan nan nan nan
5.773914103421299660e+04 5.381849004923686245e-16 6.870179896246792455e-16 nan 6.676618231801975623e-17 5.705726149743455954e-16 nan
5.773613904766199994e+04 nan nan nan nan nan nan
5.798637413616899721e+04 1.036175396610656406e-15 nan nan 1.414475033385496433e-16 nan nan
5.798637209084490314e+04 1.042985687230606762e-15 nan nan 1.435734717271255088e-16 nan nan
5.799016862412040064e+04 nan nan nan nan nan nan
5.805024026468749798e+04 nan nan nan nan nan nan
5.804723807749999833e+04 nan nan nan nan nan nan
5.804724014932870341e+04 nan nan nan nan nan nan
5.760943263361109712e+04 5.407101657918612727e-16 6.434373869906933900e-16 nan 6.000296346151992478e-17 5.125827301345151221e-16 nan
5.761321910018519702e+04 nan nan nan nan nan nan
5.760943467989579949e+04 5.346334022467726427e-16 6.414410782390915025e-16 nan 5.982467804323015410e-17 5.132876517464173815e-16 nan
5.791335360002310335e+04 nan nan nan nan nan nan
5.790938211894679989e+04 nan nan nan nan nan nan
5.790938007233799726e+04 nan nan nan nan nan nan
5.805327577043980273e+04 nan nan nan nan nan nan
5.805024233653939882e+04 5.609735225450902825e-16 7.780821229593276986e-16 nan 7.092345459914870857e-17 6.544845145358883915e-16 nan
5.805024438494210335e+04 5.684379740068312131e-16 7.448927198320149932e-16 nan 6.866081057451113199e-17 6.155860117556566241e-16 nan
5.823538261229170166e+04 nan nan nan nan nan nan
5.823926595738429751e+04 nan nan nan nan nan nan
5.811809930796299886e+04 5.511873292114288793e-16 6.985891346375399459e-16 nan 6.948498676874765802e-17 5.833283920830345011e-16 nan
5.811509719284719904e+04 6.496143706733170607e-16 nan nan 8.105430998469642500e-17 nan nan
5.811509924047449749e+04 6.518104099925151499e-16 nan nan 8.135377975171538832e-17 nan nan
5.825840509017359727e+04 nan nan nan nan nan nan
5.825840713835650240e+04 nan nan nan nan nan nan
5.826231871686340310e+04 8.141876670215946618e-16 nan nan 1.162723071556674832e-16 nan nan
5.761322332181710226e+04 1.104466492541792094e-15 nan nan 1.592613007644655652e-16 nan nan
5.761322127516200271e+04 1.090341209742023021e-15 nan nan 1.562400969709879618e-16 nan nan
5.761623691380790115e+04 5.704971673716612235e-16 6.233531642186774340e-16 nan 6.593053236114728819e-17 4.995006771921862849e-16 nan
5.785731888864580105e+04 nan nan nan nan nan nan
5.775211113959489739e+04 5.335840496855073328e-16 7.007761379687667141e-16 nan 6.857190115705432586e-17 5.876114770424543910e-16 nan
5.775210909396989882e+04 5.329088137390432469e-16 7.077752819455006932e-16 nan 6.808315824818915967e-17 5.938041039263273293e-16 nan
5.827123576915510057e+04 nan nan nan nan nan nan
5.827123369481480040e+04 nan nan nan nan nan nan
5.827426794648150099e+04 5.700925507324300311e-16 7.269243557956086159e-16 nan 7.840312989704801196e-17 6.199337062540892784e-16 nan
5.824428524973380263e+04 nan nan nan nan nan nan
5.825840302037040237e+04 nan nan nan nan nan nan
5.824428320671300025e+04 nan nan nan nan nan nan
5.833428344784719957e+04 1.021291713476589451e-15 nan nan 1.738672934363568147e-16 nan nan
5.833127687896989664e+04 5.865744118362891936e-16 7.058703950602150326e-16 nan 7.798817478628830613e-17 5.930144177709478261e-16 nan
5.833127892640049686e+04 5.818397061143827385e-16 7.019692039646586084e-16 nan 7.779069252760541227e-17 5.906250535041031792e-16 nan
5.833428754302080051e+04 1.029307336007659802e-15 nan nan 1.756101823637102759e-16 nan nan
5.833428549665510218e+04 nan nan nan nan nan nan
5.833824099243059754e+04 5.997469298830111327e-16 7.362900843771330442e-16 nan 8.099365934743921401e-17 6.228559471310738818e-16 nan
5.800014462671300134e+04 5.823493008114184955e-16 6.484069568905050361e-16 nan 6.727883615688711680e-17 5.212740942597714232e-16 nan
5.800014669960649917e+04 5.977619218324080424e-16 nan nan 6.855856874634582137e-17 nan nan
5.800314683020830125e+04 nan nan nan nan nan nan
5.762929280788190226e+04 nan nan nan nan nan nan
5.762929076252310188e+04 nan nan nan nan nan nan
5.763230957098380168e+04 5.995510042263163510e-16 nan nan 6.683496152695352073e-17 nan nan
5.809417247935190244e+04 5.614765804806057451e-16 7.041354017121708053e-16 nan 6.915672172847426100e-17 5.835814127247171369e-16 nan
5.811209092512729694e+04 nan nan nan nan nan nan
5.809417454857639677e+04 5.573469595229428062e-16 7.260095738873679147e-16 nan 6.787575003838040679e-17 6.022793400211256136e-16 nan
5.829733242995369801e+04 5.846857214920278724e-16 7.118631784621135097e-16 nan 7.874957186645745077e-17 6.014628070874306796e-16 nan
5.830734313171300164e+04 nan nan nan nan nan nan
5.829733038506939920e+04 5.781774765506018777e-16 7.272065654474478857e-16 nan 7.798019124561028695e-17 6.164646073999855730e-16 nan
5.799317489197920077e+04 5.899187414863912017e-16 6.256915197466625850e-16 nan 6.557347139159451961e-17 4.919647902246593386e-16 nan
5.799317696175930178e+04 5.892123158348328008e-16 6.268240934970953844e-16 nan 6.581952379866941656e-17 4.940284277871861439e-16 nan
5.799617709755789838e+04 nan nan nan nan nan nan
5.762318700912039640e+04 5.946619182733909812e-16 nan nan 6.657405398714051195e-17 nan nan
5.762318905652780086e+04 5.931900978261354738e-16 nan nan 6.612039368475423226e-17 nan nan
5.762618919959489722e+04 nan nan nan nan nan nan
5.801708028812499833e+04 5.930344179543954065e-16 6.398126969213333951e-16 nan 6.665715551743218600e-17 5.064800429673848913e-16 nan
5.801708233447920065e+04 5.997614078527389076e-16 6.460297085241717247e-16 nan 6.744052972660263513e-17 5.117199041905827383e-16 nan
5.802104939627309795e+04 5.709278172917803502e-16 6.088346661476675068e-16 nan 6.695083882990502036e-17 4.872765695754534295e-16 nan
5.752940620478009805e+04 nan nan nan nan nan nan
5.752333588821760350e+04 nan nan nan nan nan nan
5.752333793572919967e+04 nan nan nan nan nan nan
5.759342014512729656e+04 1.062952140862505464e-15 nan nan 1.463265720250541181e-16 nan nan
5.759041472459489887e+04 5.419392464235453800e-16 9.038345995339818956e-16 nan 8.395742465304178679e-17 8.098776531671091844e-16 nan
5.759041265638890036e+04 5.422415328334881193e-16 7.799934485207914839e-16 nan 7.276765781916732892e-17 6.716275436999238770e-16 nan
5.759726976038190332e+04 nan nan nan nan nan nan
5.759342423879630223e+04 1.068388603403633311e-15 nan nan 1.477573285236251187e-16 nan nan
5.759342219388890226e+04 1.071593466844660007e-15 nan nan 1.473034578566610902e-16 nan nan
5.758735471921299904e+04 5.804965527831006779e-16 7.543359526968101321e-16 nan 8.360972770698012036e-17 6.519001339251015600e-16 nan
5.758430476832180284e+04 5.648522317983763532e-16 6.018530885510173740e-16 nan 6.234980691808610621e-17 4.721171133235166447e-16 nan
5.758430269878469699e+04 5.628798392129882013e-16 5.986292018258346113e-16 nan 6.220530791621882623e-17 4.695085516621744740e-16 nan
5.756941031233799731e+04 nan nan nan nan nan nan
5.757335477071759669e+04 nan nan nan nan nan nan
5.756941235986109677e+04 nan nan nan nan nan nan
5.756133432156249910e+04 5.907035015576743650e-16 6.551277051013702798e-16 nan 6.600673044955876074e-17 5.209855157042584625e-16 nan
5.756640274435179890e+04 5.307978955904157967e-16 6.460609959570891502e-16 nan 5.882301138642985738e-17 5.159878350223135462e-16 nan
5.756133227755789994e+04 5.898752700978704188e-16 6.627206083731546746e-16 nan 6.613183890342561023e-17 5.282897118399642261e-16 nan
5.752940825335650152e+04 nan nan nan nan nan nan
5.753429089564809692e+04 1.053095472859220751e-15 nan nan 1.443863779365792925e-16 nan nan
5.752941032322919636e+04 nan nan nan nan nan nan
5.755039775870370067e+04 1.049667139033590642e-15 nan nan 1.429873417070273965e-16 nan nan
5.755426286537040141e+04 5.264805898366984168e-16 7.711864586120914952e-16 nan 7.489199443177690135e-17 6.687390212348725812e-16 nan
5.755039571016200352e+04 1.035785264870597504e-15 nan nan 1.398380488795021689e-16 nan nan
5.755737672369209758e+04 5.816838341403659626e-16 6.246077497276392818e-16 nan 6.326785395725077699e-17 4.888290097283004068e-16 nan
5.755737465321760101e+04 5.859144429398148807e-16 6.184311279593887770e-16 nan 6.408593547416925427e-17 4.838722370030740363e-16 nan
5.756133022916669870e+04 5.816614092167904072e-16 6.512029375724683862e-16 nan 6.463614039325254125e-17 5.167588161609269105e-16 nan
5.757635904164350359e+04 5.143007614433981809e-16 6.017348637350330700e-16 nan 5.633183691473810130e-17 4.746838133703533508e-16 nan
5.757335886174769985e+04 nan nan nan nan nan nan
5.757335681866900268e+04 nan nan nan nan nan nan
5.751128210050929920e+04 1.080448515723792804e-15 nan nan 1.500142370269445178e-16 nan nan
5.751622383775460185e+04 nan nan nan nan nan nan
5.751128002734950132e+04 1.071072895421157592e-15 nan nan 1.484045807987203050e-16 nan nan
5.751622588629629900e+04 nan nan nan nan nan nan
5.751622793262729829e+04 nan nan nan nan nan nan
5.752032221108800150e+04 nan nan nan nan nan nan
5.750823684359950130e+04 5.848889179367958547e-16 nan nan 8.991036628570453358e-17 nan nan
5.750823888879630249e+04 5.920405666033013638e-16 nan nan 8.608718141832690509e-17 nan nan
5.751127795192129997e+04 1.091352173198683333e-15 nan nan 1.525049506476799572e-16 nan nan
5.758129862053239776e+04 5.597644704145573827e-16 6.030642501643673597e-16 nan 6.288005381825119867e-17 4.760044526296644073e-16 nan
5.758430065474539879e+04 5.725206772331204265e-16 6.048154548412310582e-16 nan 6.320774238134047478e-17 4.740884664384842701e-16 nan
5.758130066709490347e+04 5.761893779685005617e-16 6.220243762024806945e-16 nan 6.385379706123471285e-17 4.894184603145053871e-16 nan
5.754629702839120000e+04 nan nan nan nan nan nan
5.755039358618060214e+04 1.070786725449965658e-15 nan nan 1.465819930054074971e-16 nan nan
5.754629907357640332e+04 nan nan nan nan nan nan
5.756640813357639854e+04 5.366130993370057873e-16 6.521011065691796144e-16 nan 5.954609973224723599e-17 5.214275654639023946e-16 nan
5.756940826380789804e+04 nan nan nan nan nan nan
5.756640565740739839e+04 5.360726025879901140e-16 6.374483903338761370e-16 nan 5.838082080210968786e-17 5.047229824360367918e-16 nan
5.755426493841440242e+04 5.308264178681518625e-16 8.180402899595819457e-16 nan 7.751237636232550238e-17 7.160702621587279946e-16 nan
5.755737257791669981e+04 5.694096572194469239e-16 6.052419878467591806e-16 nan 6.343241135237596422e-17 4.767599797757653845e-16 nan
5.755426700672449806e+04 5.270664106407687959e-16 6.740239807919615510e-16 nan 6.074523161768532839e-17 5.472714930024853100e-16 nan
5.752032425738430175e+04 nan nan nan nan nan nan
5.752333383954859892e+04 nan nan nan nan nan nan
5.752032630150460318e+04 nan nan nan nan nan nan
5.760342213885419915e+04 9.050604204276820063e-16 nan nan 1.154866954543491543e-16 nan nan
5.760041916413189756e+04 1.056186218064743551e-15 nan nan 1.471627634720232200e-16 nan nan
5.760041711899310030e+04 1.030443143378610855e-15 nan nan 1.425028124761872324e-16 nan nan
5.759041060892360110e+04 nan nan nan nan nan nan
5.758735676368059649e+04 5.760236195055819001e-16 7.594238738351287561e-16 nan 8.347270033066711950e-17 6.581700721768457833e-16 nan
5.758735880907410319e+04 5.740217201624777296e-16 7.884146519188213975e-16 nan 8.532208017037960240e-17 6.888348059576652230e-16 nan
5.759727385310189857e+04 nan nan nan nan nan nan
5.760041507263889798e+04 9.590771477186459318e-16 nan nan 1.325683553157453520e-16 nan nan
5.759727180795140157e+04 5.720872680183166128e-16 9.217648159967848536e-16 nan 1.041933536045805407e-16 8.400189724104972992e-16 nan
5.753429499166669848e+04 1.031750510902376568e-15 nan nan 1.397879421798060673e-16 nan nan
5.753429294650460361e+04 1.038204652937864482e-15 nan nan 1.425177520483399142e-16 nan nan
5.754629497972220270e+04 nan nan nan nan nan nan
5.758129654758099787e+04 5.544699790897670451e-16 5.950031698751449395e-16 nan 6.256028568799333907e-17 4.697844202929932017e-16 nan
5.757636109031250089e+04 5.194483590801542530e-16 6.066325044124778954e-16 nan 5.659480799259394522e-17 4.778271188615767252e-16 nan
5.757636313547450118e+04 5.134618264948429320e-16 6.022342904008921530e-16 nan 5.622599193052815126e-17 4.752237468768588274e-16 nan
5.750823479354169831e+04 nan nan nan nan nan nan
