5.761939778600000136e+04 nan nan nan nan nan nan
5.791335831250000047e+04 nan nan nan nan nan nan
5.806823849000000337e+04 nan nan nan nan nan nan
5.806222821400000248e+04 nan nan nan nan nan nan
5.762929341500000010e+04 1.741577486837566529e-16 2.247378566481848594e-16 nan 1.661036754091985634e-17 3.724052745746812634e-17 nan
5.800014724199999910e+04 nan nan nan nan nan nan
5.807124271399999998e+04 1.863657571342079926e-16 2.481926235142072733e-16 nan 2.100154283206774589e-17 5.164814515212233441e-17 nan
5.792526473000000260e+04 1.793237451876312952e-16 2.376222154471015112e-16 nan 1.959844250678687283e-17 4.730872966151933995e-17 nan
5.793628842750000331e+04 1.781744812217078742e-16 2.317988503525056014e-16 nan 1.653110114229700816e-17 3.759216791664342817e-17 nan
5.797328820200000337e+04 1.801755216394331360e-16 2.326645471924673464e-16 nan 1.815327688482963352e-17 4.134779165470176641e-17 nan
5.770725171599999885e+04 nan nan nan nan nan nan
5.802105402399999730e+04 nan nan nan nan nan nan
5.755039830600000278e+04 1.809294884464881154e-16 2.408354334491913806e-16 nan 1.693886394824969608e-17 4.025796377682372041e-17 nan
5.806523438200000237e+04 nan nan nan nan nan nan
5.758430528999999660e+04 nan nan nan nan nan nan
5.834822311800000170e+04 nan nan nan nan nan nan
5.811509979400000157e+04 nan nan nan nan nan nan
5.799017327200000000e+04 1.681623754021502419e-16 2.612615602149755859e-16 nan 1.654889510257101746e-17 5.158721804418709731e-17 nan
5.753429553000000305e+04 1.796677226711290847e-16 2.394039668199643111e-16 nan 1.696072373919479785e-17 4.038117841764814867e-17 nan
5.833127947400000266e+04 nan nan nan nan nan nan
5.822336951799999952e+04 nan nan nan nan nan nan
5.755737726600000315e+04 nan nan 1.928117292973847698e-16 nan nan 1.404571517867770330e-17
5.774910750600000028e+04 nan nan nan nan nan nan
5.799317749400000321e+04 nan nan nan nan nan nan
5.758130120599999645e+04 nan nan 1.947472983182314073e-16 nan nan 1.454301012873949134e-17
5.759342477599999984e+04 1.868629350939577537e-16 2.531803574226437463e-16 nan 1.808693332336352028e-17 4.481160293900330239e-17 nan
5.790637844400000176e+04 nan nan nan nan nan nan
5.763231425399999716e+04 nan nan 2.000631797829241257e-16 nan nan 1.499645330823463685e-17
5.769427482199999940e+04 nan nan nan nan nan nan
5.761624154799999815e+04 nan nan nan nan nan nan
5.760643098800000007e+04 nan nan nan nan nan nan
5.801012195400000201e+04 nan nan nan nan nan nan
5.770322446399999899e+04 nan nan nan nan nan nan
5.791636236400000053e+04 1.747785377177452763e-16 2.465419974469335182e-16 nan 1.610841542334702743e-17 4.208658511811901096e-17 nan
5.793328380499999912e+04 nan nan nan nan nan nan
5.808221590799999831e+04 nan nan nan nan nan nan
5.794831947400000354e+04 1.753614334997050518e-16 2.297259011186606606e-16 nan 1.719356344500271237e-17 3.983034029011681010e-17 nan
5.795132370400000218e+04 1.745120943067274584e-16 2.308718212811462105e-16 nan 1.652622498266327712e-17 3.869021761053924291e-17 nan
5.770016729599999962e+04 1.841523946688399709e-16 2.436126636618994639e-16 nan 1.908776878643482635e-17 4.574181269473013455e-17 nan
5.798337044600000081e+04 1.818377421547694952e-16 2.347035385811361895e-16 nan 1.745380532038887186e-17 3.945549289715580902e-17 nan
5.800315159333000338e+04 nan nan nan nan nan nan
5.805328033500000311e+04 nan nan nan nan nan nan
5.774603617800000211e+04 1.864466120716905313e-16 2.406071531384645725e-16 nan 2.140731593316047493e-17 4.994554768579571018e-17 nan
5.833824564200000168e+04 nan nan nan nan nan nan
5.772813603400000284e+04 nan nan nan nan nan nan
5.832431586249999964e+04 nan nan nan nan nan nan
5.804724067667000054e+04 nan nan nan nan nan nan
5.796226511333000235e+04 nan nan nan nan nan nan
5.774215047749999940e+04 nan nan nan nan nan nan
5.835129256999999780e+04 nan nan nan nan nan nan
5.827123609666999982e+04 nan nan nan nan nan nan
5.798009976599999936e+04 1.688232209816412906e-16 2.215827087518373052e-16 nan 1.668911687320567895e-17 3.860734617026515409e-17 nan
5.758735934000000270e+04 nan nan nan nan nan nan
5.828824242000000231e+04 nan nan nan nan nan nan
5.787637027600000147e+04 1.822593816334487598e-16 2.439101343019695045e-16 nan 1.599542374951868313e-17 3.796048588068157550e-17 nan
5.752941087600000174e+04 1.768904115548108256e-16 2.315270114827051249e-16 nan 1.685643178867315112e-17 3.886877164409325439e-17 nan
5.755039830600000278e+04 1.809294884464881154e-16 2.408354334491913806e-16 nan 1.693886394824969608e-17 4.025796377682372041e-17 nan
5.771423116399999708e+04 nan nan nan nan nan nan
5.761322387400000298e+04 1.806675865656497006e-16 2.363457070456612991e-16 nan 1.726855244215752293e-17 3.991710711276795266e-17 nan
5.801708287399999972e+04 nan nan nan nan nan nan
5.798637467599999945e+04 1.886076651183365298e-16 2.423767833633079212e-16 nan 1.841073673647679205e-17 4.166312688284217679e-17 nan
5.831036079250000330e+04 nan nan nan nan nan nan
5.760943523000000278e+04 nan nan nan nan nan nan
5.762619383999999991e+04 1.797349476589435758e-16 2.292528616324338557e-16 nan 1.741597460329737095e-17 3.854242550057900984e-17 nan
5.790337424199999805e+04 nan nan nan nan nan nan
5.773313749600000301e+04 nan nan 2.091288337533048550e-16 nan nan 1.911015310624475280e-17
5.756133485400000063e+04 nan nan nan nan nan nan
5.760041970800000126e+04 1.843878172938773981e-16 2.315154930657546587e-16 nan 1.817011976167061093e-17 3.936301934046087041e-17 nan
5.769003839999999764e+04 nan nan nan nan nan nan
5.829733297399999719e+04 nan nan nan nan nan nan
5.805024492199999804e+04 nan nan 1.904356934725646755e-16 nan nan 1.609816883386949340e-17
5.828426150400000188e+04 nan nan nan nan nan nan
5.826232317332999810e+04 nan nan nan nan nan nan
5.827427262199999677e+04 nan nan nan nan nan nan
5.762318959799999720e+04 nan nan nan nan nan nan
5.810909133399999700e+04 nan nan nan nan nan nan
5.807822912599999836e+04 nan nan nan nan nan nan
5.756640866200000164e+04 1.798813048482994722e-16 2.389344243943704908e-16 nan 1.737080760571701738e-17 4.130698311884549883e-17 nan
5.795435174399999960e+04 nan nan nan nan nan nan
5.795826023800000257e+04 1.710552066928292022e-16 2.579537196869518911e-16 nan 1.634105814680920130e-17 4.819699331440834895e-17 nan
5.757636367400000017e+04 1.778361147886248496e-16 2.335092908503623272e-16 nan 1.672867797087363853e-17 3.872835868040730343e-17 nan
5.755426752799999667e+04 nan nan nan nan nan nan
5.773614154250000138e+04 nan nan nan nan nan nan
