5.770724756999999954e+04 nan nan nan nan nan nan
5.770724756999999954e+04 nan nan nan nan nan nan
5.770724756999999954e+04 nan nan nan nan nan nan
5.807822493599999871e+04 nan nan nan nan nan nan
5.807520824800000264e+04 7.236534764347944143e-16 7.318471006307187282e-16 nan 8.171810207332845322e-17 1.664637733497406867e-16 nan
5.802708614600000146e+04 7.017264793231711566e-16 6.883243917296479496e-16 nan 7.710342992785627578e-17 1.479977039143887845e-16 nan
5.802408196999999927e+04 7.240262489838301441e-16 7.611428643455547369e-16 nan 1.075087959410247690e-16 2.343114496168504461e-16 nan
5.802104992599999969e+04 nan nan nan nan nan nan
5.801707873600000312e+04 nan nan nan nan nan nan
5.801011779599999863e+04 nan nan nan nan nan nan
5.800711355200000253e+04 7.014176000506114468e-16 7.344603033169643233e-16 nan 7.233743275171503963e-17 1.556933408588478428e-16 nan
5.800314731400000164e+04 1.456583019013939787e-15 7.081264646660431082e-16 nan 2.566025760388422469e-16 1.489738200544718418e-16 nan
5.800014307600000029e+04 nan nan nan nan nan nan
5.799317332000000170e+04 nan nan nan nan nan nan
5.799016912400000001e+04 7.111101191702759129e-16 8.168394735565282861e-16 nan 7.290306231806867235e-17 1.860278251647775466e-16 nan
5.807123857400000270e+04 7.412019332647639076e-16 7.537906506314685103e-16 nan 8.482714825991928550e-17 1.752059710346904757e-16 nan
5.798637056000000302e+04 7.501826477644983667e-16 7.416277146293220510e-16 nan 7.540298462860930987e-17 1.476990831360808642e-16 nan
5.798336635799999931e+04 7.473273963730477393e-16 7.527939173975683203e-16 nan 7.630429805145092828e-17 1.544434453736967692e-16 nan
5.798009566600000107e+04 7.209055149232474160e-16 7.339077694830649069e-16 nan 7.435856278853051244e-17 1.526261260025628163e-16 nan
5.797328410599999916e+04 7.417001955535000798e-16 7.424258335617173189e-16 nan 7.562207933113446932e-17 1.510144916607890044e-16 nan
5.797027992600000289e+04 7.120188276751231720e-16 8.930382615466108422e-16 nan 7.179096634098789729e-17 2.150379673735054988e-16 nan
5.796226116200000251e+04 7.387481229708346551e-16 7.532370156583354212e-16 nan 9.876601370004192297e-17 2.053777484859246532e-16 nan
5.795434759800000029e+04 nan nan nan nan nan nan
5.795131956599999830e+04 7.146580298080797268e-16 7.408635991385796837e-16 nan 7.344269774779028093e-17 1.559903907011753181e-16 nan
5.794831530400000338e+04 7.210126391798992892e-16 7.173573763551366838e-16 nan 7.357006369554232473e-17 1.450840828459703943e-16 nan
5.806823449999999866e+04 7.442084215322446756e-16 7.487020504477434903e-16 nan 8.436765097998915248e-17 1.713626688262394627e-16 nan
5.794528921750000154e+04 nan nan nan nan nan nan
5.793628421600000001e+04 7.252117561517081126e-16 7.993047134313291167e-16 nan 7.214657645710924212e-17 1.708952037356176625e-16 nan
5.793327915799999755e+04 7.223440523199778782e-16 7.121716513475306131e-16 nan 8.030214023145412168e-17 1.562403397166468215e-16 nan
5.792526056200000312e+04 7.468292253826306617e-16 7.488434697684155067e-16 nan 8.550192320241563684e-17 1.725519196840938839e-16 nan
5.791635822400000325e+04 7.113951158182971266e-16 7.529035358876629937e-16 nan 6.723687248585439776e-17 1.468770976827666101e-16 nan
5.791335411000000022e+04 6.983558082241165640e-16 8.210398152905645486e-16 nan 6.825993010953692268e-17 1.806348198078848418e-16 nan
5.790637431600000127e+04 7.391558378495100744e-16 7.358642096404702541e-16 nan 7.323430445259802644e-17 1.447119261334253766e-16 nan
5.790337015399999655e+04 6.902282360705276342e-16 7.093038575212580305e-16 nan 7.169492624575554663e-17 1.488569854018561409e-16 nan
5.787636616599999979e+04 7.476713545995212831e-16 7.455478691288450706e-16 nan 7.006484040351422518e-17 1.388955678113267993e-16 nan
5.785731943799999863e+04 7.394100053783817852e-16 7.687289806084555712e-16 nan 1.060225181060364103e-16 2.272648089867803389e-16 nan
5.806523021799999697e+04 7.405315956596723436e-16 7.240098592657496972e-16 nan 8.283087939954535419e-17 1.593307637642890104e-16 nan
5.774910341399999743e+04 nan nan nan nan nan nan
5.774603203400000348e+04 7.517956126631713520e-16 7.666089213345525216e-16 nan 9.200070840578984926e-17 1.915115622169481476e-16 nan
5.774214645600000222e+04 7.573286909782540442e-16 7.618646587534555736e-16 nan 9.694146626043843996e-17 1.977745258651166681e-16 nan
5.773914154399999825e+04 7.430086806164639914e-16 7.490423113497092745e-16 nan 9.024366688051653491e-17 1.839387887920780460e-16 nan
5.773613751600000251e+04 7.456443519201888405e-16 7.669675347107183624e-16 nan 9.490225810254548014e-17 2.004153132303512068e-16 nan
5.773313338600000134e+04 nan nan nan nan nan nan
5.772813188200000150e+04 nan nan nan nan nan nan
5.772421111999999994e+04 nan nan nan nan nan nan
5.772021019800000067e+04 8.673509930092961948e-16 7.826170284430377811e-16 nan 1.193702906814536001e-16 2.038790365538872143e-16 nan
5.806222411000000284e+04 nan nan nan nan nan nan
5.771422705799999676e+04 nan nan nan nan nan nan
5.771122275999999692e+04 8.929898360279456849e-16 7.678159783459488512e-16 nan 1.228306562195094377e-16 1.928368727290973995e-16 nan
5.770723677799999859e+04 nan nan nan nan nan nan
5.770322030400000222e+04 nan nan nan nan nan nan
5.770016318599999795e+04 7.451008300324600158e-16 7.630777713546841827e-16 nan 8.129369290047517214e-17 1.702205950436426689e-16 nan
5.769003435400000308e+04 7.481737535511570594e-16 7.491702606796313352e-16 nan 7.838250942348567936e-17 1.573023082559144409e-16 nan
5.763231013600000006e+04 nan nan nan nan nan nan
5.762928918800000247e+04 7.237653616980288888e-16 8.811131517713435372e-16 nan 7.303106755589103479e-17 2.069017171227559727e-16 nan
5.762618971600000077e+04 7.351229533658856418e-16 7.370773765869380896e-16 nan 7.425764541263695821e-17 1.484408927128942452e-16 nan
5.805628883399999904e+04 7.289725897271888422e-16 7.174078989259424479e-16 nan 7.869994132122998600e-17 1.527515477175443539e-16 nan
5.762318547599999874e+04 nan nan nan nan nan nan
5.761939369799999986e+04 7.593639186593956389e-16 7.459154602216368106e-16 nan 7.879552029620843122e-17 1.530312644578153948e-16 nan
5.761623741000000155e+04 nan nan nan nan nan nan
5.761321960199999739e+04 7.323111908494416207e-16 7.459468164349603744e-16 nan 7.543578410864813509e-17 1.555580808209275173e-16 nan
5.760943109600000025e+04 7.314725926204490598e-16 6.983897761198977418e-16 nan 7.466102488569912293e-17 1.370837935581158052e-16 nan
5.760642687000000296e+04 7.265255754142256374e-16 7.223701518806154216e-16 nan 7.425119516070884431e-17 1.461880008011037358e-16 nan
5.760041556600000331e+04 7.543719754986751756e-16 7.557896847647873733e-16 nan 7.849864998866328247e-17 1.579280440017892565e-16 nan
5.759727025400000275e+04 nan nan nan nan nan nan
5.759342069400000037e+04 7.505512902906360816e-16 7.716834746942867320e-16 nan 7.745639067265622321e-17 1.631160438253517948e-16 nan
5.759041114199999720e+04 7.514569171116593070e-16 7.991620640258356446e-16 nan 1.246755492136756268e-16 2.763509069706644997e-16 nan
5.795825610400000005e+04 7.175020821448171951e-16 8.006621734420726629e-16 nan 7.307564879764537763e-17 1.770595652878696830e-16 nan
5.775210756599999877e+04 7.601335610645776899e-16 7.597903016656967734e-16 nan 9.642099524336885512e-17 1.941855243496352605e-16 nan
5.769427068600000348e+04 nan nan nan nan nan nan
5.805327627799999755e+04 7.229803505737943502e-16 8.870017814914824434e-16 nan 7.844133817947666757e-17 2.258051965216310809e-16 nan
5.758735525000000052e+04 nan nan nan nan nan nan
5.758430115200000000e+04 nan nan nan nan nan nan
5.758129703400000290e+04 nan nan nan nan nan nan
5.757635955400000239e+04 7.385001760322071767e-16 7.376440346576308712e-16 nan 7.082161133527691485e-17 1.402085194053648683e-16 nan
5.756640323999999964e+04 7.318410000886719034e-16 7.590224847623117739e-16 nan 7.618066468365736337e-17 1.630082924618582271e-16 nan
5.756133076399999845e+04 nan nan nan nan nan nan
5.755737308599999960e+04 nan nan nan nan nan nan
5.755426339600000210e+04 7.440033427489894001e-16 7.967150005156069522e-16 nan 1.208974595515159265e-16 2.709969762650290504e-16 nan
5.755039413800000330e+04 7.535064584933717516e-16 7.651773790151496791e-16 nan 7.655463682335540630e-17 1.576123087506368471e-16 nan
5.754629552200000035e+04 7.216881565538453924e-16 9.019357830593065124e-16 nan 7.259053470737815054e-17 2.160190670688052795e-16 nan
5.805024065249999694e+04 nan nan nan nan nan nan
5.753429142799999681e+04 7.299459587868802300e-16 7.548499835222011610e-16 nan 7.348109569072937005e-17 1.556851450867184025e-16 nan
5.752940672800000175e+04 7.360463191461401818e-16 7.628185331955161838e-16 nan 7.289910299028171198e-17 1.544901728874263936e-16 nan
5.752333441499999753e+04 7.792077580525242955e-16 8.655253990852328758e-16 nan 1.769167310983603943e-16 4.014167750376077227e-16 nan
5.804723657600000297e+04 6.991425604613925058e-16 8.775335981863729107e-16 nan 7.584406720823716690e-17 2.270314460503232310e-16 nan
5.770724756999999954e+04 nan nan nan nan nan nan
