5.808221174400000018e+04 nan nan nan nan
5.797027992600000289e+04 7.969807652845707935e+02 7.802742861582889766e-01 2.657295149344095567e-02 6.248727203271875474e-01
5.829127923600000213e+04 6.262002504125046016e+02 7.255945066028021140e-01 2.316495801484889580e-02 6.877325037454654622e-01
5.834136791200000152e+04 6.333178969679064494e+02 7.282563122815532974e-01 2.038594367435812502e-02 6.850015743942334812e-01
5.755426339600000210e+04 5.319290190956911601e+02 6.872245692021424768e-01 1.666256451235805305e-02 7.262539159473092587e-01
5.773313338600000134e+04 6.080724072801583588e+02 7.187401202132186473e-01 2.240994615020246855e-02 6.949175734642440982e-01
5.770724756999999954e+04 6.755414122513487882e+02 7.431009623422982768e-01 2.700878896086754410e-02 6.686340442161299302e-01
5.796226116200000251e+04 6.321930199219395945e+02 7.278229714083985780e-01 2.225030297729872417e-02 6.854040022553616884e-01
5.760642687000000296e+04 7.807993170962513432e+02 7.757466552992779985e-01 2.756578349066511613e-02 6.304421102468719118e-01
5.802708614600000146e+04 6.706996234863335076e+02 7.414947466656734987e-01 2.333729013940478644e-02 6.705526911109652710e-01
5.800314731400000164e+04 7.096380816035878070e+02 7.543794980594783484e-01 2.465042011308436060e-02 6.559755557151332184e-01
5.797328410599999916e+04 7.877532104380518376e+02 7.777857797802184558e-01 2.136317034299134790e-02 6.281662962341849621e-01
5.808622117599999910e+04 7.241098498310980176e+02 7.587658668478700630e-01 3.608490618581076947e-02 6.503631592058096711e-01
5.762318547599999874e+04 8.187834006102426656e+02 7.862299728858294090e-01 2.166606529981171189e-02 6.175540554075993338e-01
5.832129031799999939e+04 5.686042660667175141e+02 7.029524809617030412e-01 2.301980489619712134e-02 7.108641910325257385e-01
5.826231926599999861e+04 6.676114355438614894e+02 7.404456481599375195e-01 2.219715111716340922e-02 6.717496026074684101e-01
5.758430528999999660e+04 nan nan nan nan
5.807520824800000264e+04 7.114237122420431660e+02 7.549610454483094424e-01 2.378027689700381447e-02 6.553383235293795961e-01
5.785731943799999863e+04 5.857228540517727424e+02 7.099882197510309911e-01 1.847128236586230779e-02 7.039712632931277581e-01
5.827735730799999874e+04 6.250398133146439932e+02 7.250529647520681520e-01 3.130502618376138774e-02 6.879812451221838376e-01
5.761321960199999739e+04 7.990637410320551908e+02 7.809480325856681393e-01 1.854630422705693185e-02 6.243205947268531952e-01
5.772421111999999994e+04 6.594008700467047674e+02 7.375497995530911899e-01 2.567335324020526832e-02 6.748045436365991412e-01
5.787636616599999979e+04 8.924012865259870750e+02 8.046672518599600199e-01 1.655134269715528156e-02 5.934952963916909630e-01
5.771122275999999692e+04 6.984859805372041137e+02 7.508116357983043443e-01 2.169916584816269922e-02 6.601598546953370006e-01
5.810908824199999799e+04 6.937960359736775899e+02 7.492616249613045509e-01 2.281282595466807908e-02 6.618811013560571554e-01
5.795825610400000005e+04 7.854645519672989167e+02 7.772163911423098925e-01 1.413754958374338969e-02 6.290745671472429690e-01
5.755737308599999960e+04 8.196458577827946783e+02 7.865275423491654427e-01 1.506988521577758491e-02 6.173713013136948868e-01
5.806823449999999866e+04 7.460774278002653546e+02 7.656825793809639569e-01 2.390597091577020133e-02 6.427742155586891881e-01
5.793628421600000001e+04 8.193122628866263994e+02 7.864005226040541308e-01 1.904744661687109153e-02 6.174232039901385027e-01
5.760041556600000331e+04 8.005003419644605174e+02 7.812961498580912600e-01 2.247024287956671598e-02 6.237558932802609313e-01
5.827426849599999696e+04 6.485269524037242945e+02 7.338005737109716264e-01 1.663598440809961609e-02 6.791612194790147550e-01
5.829430474600000161e+04 5.774399545113431031e+02 7.065595189069662219e-01 2.563950814294078256e-02 7.071889859607149997e-01
5.795434759800000029e+04 6.767347998232188502e+02 7.436355429404956086e-01 1.505825907233350469e-02 6.684156103124050397e-01
5.770016318599999795e+04 7.810382161488174688e+02 7.758752630289162955e-01 2.323688527393695177e-02 6.304582645842434774e-01
5.769427068600000348e+04 7.340732243517907136e+02 7.618722711835298478e-01 3.465361471809302873e-02 6.467996362001297017e-01
5.755426752799999667e+04 nan nan nan nan
5.794528921750000154e+04 nan nan nan nan
5.806222411000000284e+04 7.485279195873637264e+02 7.663868478294864062e-01 2.609609414943650854e-02 6.418490424890631596e-01
5.831336095599999680e+04 6.508851990143366493e+02 7.345677902320696395e-01 2.384216987441782273e-02 6.781162971712546561e-01
5.770723677799999859e+04 6.774572150652132905e+02 7.437869389220528316e-01 2.430511444974660720e-02 6.679747382203516937e-01
5.773914154399999825e+04 7.002537838885618839e+02 7.513757542008012713e-01 2.272550062274968433e-02 6.594831518853399022e-01
5.809021132200000284e+04 6.947830399582015843e+02 7.495101138495463555e-01 2.849566776823954026e-02 6.613793058114852963e-01
5.805024065249999694e+04 3.929031841062691797e+02 6.151058799156722268e-01 3.433177636737598515e-02 7.876966964667472260e-01
5.755039413800000330e+04 8.308624062402425352e+02 7.894543987952229447e-01 1.684479933995396833e-02 6.135780349377493170e-01
5.761939369799999986e+04 8.158734340299545238e+02 7.854573088932269576e-01 2.159015489020751563e-02 6.185391508368948132e-01
5.833127525600000081e+04 nan nan nan nan
5.800014307600000029e+04 nan nan nan nan
5.756133076399999845e+04 8.327675355360103140e+02 7.899379639832982969e-01 1.793141360648337415e-02 6.129245283589117577e-01
5.795131956599999830e+04 7.632872786819340263e+02 7.708015478110923357e-01 2.156000469857395976e-02 6.367104051995865488e-01
5.801011779599999863e+04 7.489527120471873332e+02 7.665633680189755106e-01 2.232370356737266304e-02 6.417805349731643405e-01
5.759727025400000275e+04 nan nan nan nan
5.757635955400000239e+04 8.406671940717790221e+02 7.919612946705162360e-01 1.888123845012350602e-02 6.102792857195705745e-01
5.774603203400000348e+04 6.959013750029896528e+02 7.499219158521054363e-01 2.530366773828396365e-02 6.610422411039238444e-01
5.755039830600000278e+04 1.207853086401117707e+03 8.623785697997407018e-01 5.140504721492389351e-02 5.036474197997893310e-01
5.775210756599999877e+04 6.836265661782124425e+02 7.457978579494791704e-01 2.922897488326860888e-02 6.655307822371868687e-01
5.833824153400000068e+04 nan nan nan nan
5.761623741000000155e+04 8.018489780136452509e+02 7.816484042348046390e-01 2.371163220699541718e-02 6.232684258449673331e-01
5.791335411000000022e+04 7.682179130349924208e+02 7.722975378243910338e-01 1.508591303191792431e-02 6.350818280335037702e-01
5.752333441499999753e+04 4.016099063784996588e+02 6.203370376450987322e-01 2.943158313625840114e-02 7.837829684547863440e-01
5.758130120599999645e+04 1.165274578971932897e+03 8.565028010103471479e-01 3.490545039567907737e-02 5.149607377209494130e-01
5.763231013600000006e+04 8.080660739858381021e+02 7.833315196236791955e-01 2.403031839980273449e-02 6.211394965397561974e-01
5.752940672800000175e+04 8.115405511218712036e+02 7.842600633864438286e-01 2.452484072725082467e-02 6.199473245078118699e-01
5.828425737800000206e+04 6.464822368339846435e+02 7.330517454066293181e-01 1.856451215452524506e-02 6.799194786478460761e-01
5.834821888600000239e+04 nan nan nan nan
5.793327915799999755e+04 6.386010057539808713e+02 7.301737286258078719e-01 2.171041895617140810e-02 6.829165276469976176e-01
5.759342477599999984e+04 1.189908939234085210e+03 8.602369189846611475e-01 3.478782192925954780e-02 5.087064484171552881e-01
5.760041970800000126e+04 1.163027141259080054e+03 8.560134508677674781e-01 4.047707333508038935e-02 5.153664506617431362e-01
5.756640866200000164e+04 1.170654999284497762e+03 8.569157177328050601e-01 4.935435432571929487e-02 5.130882968959272761e-01
5.811809980599999835e+04 6.919395094736577221e+02 7.486325549678104485e-01 2.420748400192608910e-02 6.625430517035589828e-01
5.805327627799999755e+04 7.445662783622173038e+02 7.652049897269118661e-01 2.564959240134101481e-02 6.432755413558655100e-01
5.822336538999999902e+04 6.664822167119190226e+02 7.400786420344844796e-01 2.006752659867672844e-02 6.722208699383001029e-01
5.762618971600000077e+04 8.012264216074418073e+02 7.814489382997875655e-01 2.582832982983998202e-02 6.234344024902186421e-01
5.753429553000000305e+04 1.194419516177467358e+03 8.607681176431818404e-01 4.014797967951831692e-02 5.074114576718450342e-01
5.753429142799999681e+04 8.267991333368976257e+02 7.884128943596203642e-01 1.483075981018282946e-02 6.149676061151017059e-01
5.773613751600000251e+04 6.744040308761061624e+02 7.427370681341090020e-01 2.527744560743239860e-02 6.691058947305063009e-01
5.811509566400000040e+04 7.304423194687707337e+02 7.609313957731568268e-01 2.339899440819384266e-02 6.484102852264147510e-01
5.759342069400000037e+04 8.160766549649358694e+02 7.855169130022225943e-01 2.114083968068070085e-02 6.184789764293160408e-01
5.832431168600000092e+04 6.153078318666728137e+02 7.214998519815338796e-01 2.307743458547044033e-02 6.920299094718220800e-01
5.798336635799999931e+04 7.977588709115617576e+02 7.805326433507463468e-01 2.340512374221389788e-02 6.246767106644109946e-01
5.827123216600000160e+04 6.454447992777062382e+02 7.326126018084526681e-01 2.472475263038624582e-02 6.801966350099181158e-01
5.800711355200000253e+04 7.430269810727902495e+02 7.648057399087002661e-01 2.046911060936646570e-02 6.439357077485042824e-01
5.807822493599999871e+04 7.220533586463989195e+02 7.582963777149265283e-01 2.556254288477192993e-02 6.514085967698658441e-01
5.754629552200000035e+04 8.241900922118778681e+02 7.877470277495491890e-01 1.246613909173842696e-02 6.158727268258402665e-01
5.774214645600000222e+04 6.846283690446158516e+02 7.461713412297587000e-01 2.659140747297905616e-02 6.652226894627009113e-01
5.807123857400000270e+04 7.243630200838044857e+02 7.589869862276299450e-01 2.773458779357967224e-02 6.505148325572748247e-01
5.801707873600000312e+04 8.003811029946493818e+02 7.811977246484684834e-01 2.718167210037350859e-02 6.236916479366090282e-01
5.755737726600000315e+04 1.188366197432331546e+03 8.599530990492945115e-01 3.699076478200673257e-02 5.090307954891890585e-01
5.805628883399999904e+04 7.644999057737700241e+02 7.711170100018023277e-01 2.452543810143310854e-02 6.362209205706875759e-01
5.758129703400000290e+04 7.991901674297940872e+02 7.809655809226018208e-01 2.012069703432391513e-02 6.242498850340910677e-01
5.798637056000000302e+04 8.300154756015876956e+02 7.892041080940507269e-01 1.970694687662921316e-02 6.138147212410887121e-01
5.794831530400000338e+04 7.608483718155127917e+02 7.700635110619795665e-01 2.364852593299474406e-02 6.375287728033086632e-01
5.758430115200000000e+04 8.240519543374151681e+02 7.876393721957042349e-01 2.012954026096611115e-02 6.158076168545164597e-01
5.757636367400000017e+04 1.192515463633311128e+03 8.602526090749672560e-01 4.790013654791270420e-02 5.076130667136168340e-01
5.806523021799999697e+04 7.260675022637577740e+02 7.594654110213239218e-01 3.105256047241002765e-02 6.498061464393197761e-01
5.756640323999999964e+04 8.013858575013332484e+02 7.815738642628003996e-01 1.944165856378629945e-02 6.235096764394300051e-01
5.762928918800000247e+04 8.168887763531365636e+02 7.857480822092104411e-01 1.985727621102110346e-02 6.182278219928534213e-01
5.826534932400000253e+04 6.606693971452182268e+02 7.380518785092440304e-01 2.070712228341181627e-02 6.744261558656483579e-01
5.833428395199999795e+04 6.075393190301329014e+02 7.185274905513765464e-01 2.306892327450511121e-02 6.951158681118541072e-01
5.758735525000000052e+04 5.999844338769341903e+02 7.156572999553503234e-01 1.650342241692258002e-02 6.982565904229949272e-01
5.758735934000000270e+04 nan nan nan nan
5.760943109600000025e+04 7.983557763219870367e+02 7.807429609281731908e-01 1.956022565393801191e-02 6.245460964040011609e-01
5.756133485400000063e+04 nan nan nan nan
5.774910341399999743e+04 6.569373230374468449e+02 7.367405293786710718e-01 2.099604141064829316e-02 6.758495088523167604e-01
5.834437350999999762e+04 6.134482296125363519e+02 7.208052237111217675e-01 2.189359240311566576e-02 6.927918158310227836e-01
5.799016912400000001e+04 7.653354520753256338e+02 7.714035550080432513e-01 2.102752093909634676e-02 6.359987411026131188e-01
5.811209141600000294e+04 6.980209650584772589e+02 7.506430661063098198e-01 2.312725855776110936e-02 6.603030495296237090e-01
5.835128858200000104e+04 6.256307985636896092e+02 7.254574247028972023e-01 1.523487925513491818e-02 6.880984111284678129e-01
5.823538070500000322e+04 nan nan nan nan
5.772021019800000067e+04 6.973488266011598853e+02 7.503938992615628578e-01 2.545044770630865150e-02 6.605007726434359849e-01
5.799317332000000170e+04 7.501455831429919954e+02 7.669709110132247876e-01 1.756254579261368881e-02 6.414414849733577340e-01
5.791635822400000325e+04 8.262608543679589275e+02 7.882393277527950382e-01 1.827693382136748312e-02 6.150973222782807337e-01
5.804723657600000297e+04 7.349336252015491482e+02 7.623281129736289019e-01 2.202877866849941788e-02 6.468157242062381185e-01
5.792526056200000312e+04 7.324246509989876586e+02 7.616252463636284942e-01 1.538077867709991553e-02 6.478351763750007652e-01
5.770322030400000222e+04 7.470210581406206529e+02 7.659643673058681435e-01 2.400058779777583876e-02 6.424348681407963113e-01
5.798009566600000107e+04 7.559401284578248124e+02 7.686479267475928578e-01 2.148282348407308875e-02 6.393112332829599120e-01
5.831035675800000172e+04 6.101517426370369321e+02 7.195542126174111486e-01 2.098570936378352236e-02 6.941191072914187910e-01
5.809417095600000175e+04 7.457812323720819450e+02 7.654991458114457359e-01 3.033497750688649713e-02 6.427214380286404571e-01
5.790337015399999655e+04 6.976994434460391403e+02 7.505338624692208249e-01 2.346832980835681162e-02 6.604151412430208090e-01
5.752941087600000174e+04 1.175541887282113748e+03 8.574410353017625219e-01 5.548651238761424104e-02 5.115819757611685947e-01
5.802408196999999927e+04 5.514733526963187842e+02 6.957463534175793995e-01 2.045562889554669930e-02 7.179962248874489639e-01
5.769003435400000308e+04 7.966064669433150129e+02 7.802266739684229346e-01 2.255629687610889722e-02 6.250900340746194939e-01
5.824428170800000225e+04 6.505130728683240022e+02 7.344310734215468983e-01 2.420055825304648703e-02 6.782516725914616851e-01
5.831828550600000017e+04 5.622519494316939017e+02 7.003202489833039168e-01 2.093487066468725788e-02 7.135217446260598839e-01
5.830734366500000033e+04 6.284499248748552418e+02 7.264024742404059376e-01 2.546581345654674866e-02 6.867975959206706893e-01
5.829732888400000229e+04 nan nan nan nan
5.790637431600000127e+04 8.332213496508918524e+02 7.900341380719718698e-01 1.989746981367964893e-02 6.127398725200523533e-01
5.771422705799999676e+04 6.654843718000221315e+02 7.397159450288559590e-01 2.170523519030191986e-02 6.725691068101478098e-01
5.759041114199999720e+04 5.421037790239496417e+02 6.916206705126896059e-01 2.664874927166803117e-02 7.217691405718544839e-01
5.802104992599999969e+04 7.401527382909893049e+02 7.639277281450098656e-01 2.121693259123111699e-02 6.449529191674560069e-01
