5.750823479354169831e+04 nan nan nan nan nan nan
5.750823684359950130e+04 nan nan nan nan nan nan
5.750823888879630249e+04 nan nan nan nan nan nan
5.751127795192129997e+04 nan nan nan nan nan nan
5.751128002734950132e+04 nan nan nan nan nan nan
5.751128210050929920e+04 nan nan nan nan nan nan
5.751622383775460185e+04 nan nan nan nan nan nan
5.751622588629629900e+04 nan nan nan nan nan nan
5.751622793262729829e+04 nan nan nan nan nan nan
5.752032221108800150e+04 nan nan nan nan nan nan
5.752032425738430175e+04 nan nan nan nan nan nan
5.752032630150460318e+04 nan nan nan nan nan nan
5.752333383954859892e+04 nan nan nan nan nan nan
5.752333588821760350e+04 nan nan nan nan nan nan
5.752333793572919967e+04 nan nan nan nan nan nan
5.752940620478009805e+04 nan nan nan nan nan nan
5.752940825335650152e+04 nan nan nan nan nan nan
5.752941032322919636e+04 nan nan nan nan nan nan
5.753429089564809692e+04 nan nan nan nan nan nan
5.753429294650460361e+04 nan nan nan nan nan nan
5.753429499166669848e+04 nan nan nan nan nan nan
5.754629497972220270e+04 nan nan nan nan nan nan
5.754629702839120000e+04 nan nan nan nan nan nan
5.754629907357640332e+04 nan nan nan nan nan nan
5.755039358618060214e+04 nan 4.125861078623982662e-14 nan nan 3.582803392997958685e-14 nan
5.755039571016200352e+04 nan 2.988519916274481855e-14 nan nan 2.427845749807366965e-14 nan
5.755039775870370067e+04 nan 3.841786231541010613e-14 nan nan 3.290199506856739022e-14 nan
5.755426286537040141e+04 nan 1.772603619178268631e-15 nan nan 4.201111461065141172e-16 nan
5.755426493841440242e+04 nan 1.810653969214499664e-15 nan nan 4.414098846363231704e-16 nan
5.755426700672449806e+04 nan 1.765368613048212558e-15 nan nan 1.920377656892210367e-16 nan
5.755737257791669981e+04 nan 1.730906679465862245e-15 nan nan 2.975437592679511440e-16 nan
5.794831891516200267e+04 nan 1.043697922566112656e-14 nan nan 6.017975449321323293e-15 nan
5.795131904060189845e+04 nan 1.757269538506434206e-15 nan nan 2.827137969144387257e-16 nan
5.795132111849539797e+04 nan 1.731378127748982335e-15 nan nan 2.799037416319604740e-16 nan
5.795132316312500188e+04 nan 1.709666019125231706e-15 nan nan 2.334516864493678986e-16 nan
5.795434710633099894e+04 nan 1.853402812391168344e-15 nan nan 2.660260117392657173e-16 nan
5.795434915491900028e+04 nan 1.816745375399072734e-15 nan nan 3.122454716038667046e-16 nan
5.795435120121530053e+04 nan nan nan nan nan nan
5.795825557232640131e+04 nan nan nan nan nan nan
5.795825764436340251e+04 nan nan nan nan nan nan
5.795825969094909669e+04 nan nan nan nan nan nan
5.796226067233800131e+04 nan 1.673391200775138613e-14 nan nan 1.305358034801064676e-14 nan
5.796226272096070170e+04 nan 1.307788600947614106e-14 nan nan 8.732337053821674474e-15 nan
5.796226476614580315e+04 nan 1.347094703615610628e-14 nan nan 8.529274973495425851e-15 nan
5.796526788873840269e+04 nan nan nan nan nan nan
5.796526993535880320e+04 nan nan nan nan nan nan
5.796527198114580096e+04 nan nan nan nan nan nan
5.797027938540509786e+04 nan nan nan nan nan nan
5.797028143182869826e+04 nan nan nan nan nan nan
5.797028347689809743e+04 nan nan nan nan nan nan
5.797328356476849876e+04 nan nan nan nan nan nan
5.797328561118060315e+04 nan nan nan nan nan nan
5.797328765510419908e+04 nan nan nan nan nan nan
5.798009512350690056e+04 nan 1.701711254251451629e-15 nan nan 3.059521742752931335e-16 nan
5.798009717217589787e+04 nan 1.739395241342345529e-15 nan nan 3.122133600962395862e-16 nan
5.798009921662040142e+04 nan 1.724648825463366192e-15 nan nan 2.160430107008730672e-16 nan
5.798336581408559869e+04 nan nan nan nan nan nan
5.798336786162039789e+04 nan nan nan nan nan nan
5.798336990800929925e+04 nan nan nan nan nan nan
5.798637001756940299e+04 nan nan nan nan nan nan
5.798637209084490314e+04 nan nan nan nan nan nan
5.773313283907409641e+04 nan nan nan nan nan nan
5.773313491203699959e+04 nan nan nan nan nan nan
5.773313695576389728e+04 nan nan nan nan nan nan
5.773613697483800206e+04 nan nan nan nan nan nan
5.773613904766199994e+04 nan nan nan nan nan nan
5.773614109170140000e+04 nan nan nan nan nan nan
5.773914103421299660e+04 nan 1.705938050356129504e-15 nan nan 2.583977122160890941e-16 nan
5.773914310640050098e+04 nan 1.705417009643847995e-15 nan nan 2.777100731048322454e-16 nan
5.773914515188660152e+04 nan 1.727846179752641777e-15 nan nan 2.673991915675131756e-16 nan
5.774214593089120171e+04 nan nan nan nan nan nan
5.774214797937499679e+04 nan nan nan nan nan nan
5.774215002598379942e+04 nan 5.254919270352303797e-14 nan nan 4.618676495191490642e-14 nan
5.774603153121530340e+04 nan nan nan nan nan nan
5.774603357987270283e+04 nan nan nan nan nan nan
5.774603562748840341e+04 nan 1.562433762929579710e-14 nan nan 1.177907258233448658e-14 nan
5.774910287126160256e+04 nan nan nan nan nan nan
5.774910491856480076e+04 nan nan nan nan nan nan
5.774910696269680193e+04 nan nan nan nan nan nan
5.775210701935189718e+04 nan 1.745457774438326473e-15 nan nan 3.190689107776700997e-16 nan
5.775210909396989882e+04 nan 1.774288265685089607e-15 nan nan 3.219249955402960117e-16 nan
5.775211113959489739e+04 nan 1.751065577303671928e-15 nan nan 2.770869358585649425e-16 nan
5.785731888864580105e+04 nan nan nan nan nan nan
5.785732096162039670e+04 nan nan nan nan nan nan
5.785732303363429673e+04 nan nan nan nan nan nan
5.787323558943290118e+04 nan nan nan nan nan nan
5.787323766340279690e+04 nan nan nan nan nan nan
5.787323970866900345e+04 nan nan nan nan nan nan
5.787636561278929730e+04 nan 1.304093627807642967e-14 nan nan 8.542524428793125458e-15 nan
5.787636768714120262e+04 nan 2.415455624399342223e-14 nan nan 1.905225570143854078e-14 nan
5.787636973238430073e+04 nan 7.305159842388225700e-13 nan nan 7.241548847745442822e-13 nan
5.790336961260419775e+04 nan 1.655502929672520217e-15 nan nan 1.958979807168036700e-16 nan
5.759727180795140157e+04 nan 1.801733420445636960e-15 nan nan 4.333947630168276536e-16 nan
5.759727385310189857e+04 nan nan nan nan nan nan
5.760041507263889798e+04 nan nan nan nan nan nan
5.760041711899310030e+04 nan nan nan nan nan nan
5.760041916413189756e+04 nan nan nan nan nan nan
5.760342213885419915e+04 nan nan nan nan nan nan
5.760342418274310330e+04 nan nan nan nan nan nan
5.760342622562500037e+04 nan nan nan nan nan nan
5.760642632716440130e+04 nan 1.725765183070420899e-15 nan nan 2.998430244603997691e-16 nan
5.760642838563660189e+04 nan 1.765144627312675195e-15 nan nan 3.775438684984942924e-16 nan
5.760643043196760118e+04 nan 1.760879773750041386e-15 nan nan 3.867071668913999191e-16 nan
5.760943056070600142e+04 nan 1.733612763759478437e-15 nan nan 2.330630772837521462e-16 nan
5.760943263361109712e+04 nan 1.750416043274805648e-15 nan nan 2.513253972967354175e-16 nan
5.760943467989579949e+04 nan 1.733329968248114771e-15 nan nan 3.362598869422204015e-16 nan
5.761321910018519702e+04 nan nan nan nan nan nan
5.761322127516200271e+04 nan nan nan nan nan nan
5.761322332181710226e+04 nan nan nan nan nan nan
5.761623691380790115e+04 nan 1.748777063539449401e-15 nan nan 2.893881567416994097e-16 nan
5.761623896099539706e+04 nan 1.803272211207605047e-15 nan nan 3.241891678766673760e-16 nan
5.761624100755790278e+04 nan 1.782951436117420732e-15 nan nan 3.604970257782568730e-16 nan
5.761939315737270226e+04 nan 1.778493438327982101e-15 nan nan 4.125662615120496820e-16 nan
5.761939520490739960e+04 nan 1.774029796903157298e-15 nan nan 4.120914786721230960e-16 nan
5.761939725003470085e+04 nan 1.789774735399251800e-15 nan nan 4.486377661965474131e-16 nan
5.762318496390050132e+04 nan nan nan nan nan nan
5.762318700912039640e+04 nan nan nan nan nan nan
5.762318905652780086e+04 nan nan nan nan nan nan
5.762618919959489722e+04 nan nan nan nan nan nan
5.762619125050929870e+04 nan 1.802616577253917047e-14 nan nan 1.109620872006570811e-14 nan
5.762619330261569849e+04 nan 8.277290331526767850e-14 nan nan 7.634521827342610695e-14 nan
5.762928869053239760e+04 nan nan nan nan nan nan
5.762929076252310188e+04 nan nan nan nan nan nan
5.755737465321760101e+04 nan 1.753185901386444286e-15 nan nan 2.737427301233457867e-16 nan
5.759726976038190332e+04 nan nan nan nan nan nan
5.762929280788190226e+04 nan nan nan nan nan nan
5.772813550339119683e+04 nan nan nan nan nan nan
5.790337165991900110e+04 nan 1.658717289230993498e-15 nan nan 2.290330719451808973e-16 nan
5.792224230149309733e+04 nan nan nan nan nan nan
5.794831686872689897e+04 nan 1.104290528804147636e-14 nan nan 5.623456876677515715e-15 nan
5.798637413616899721e+04 nan 5.242772031568260211e-12 nan nan 5.233956914298254584e-12 nan
5.802708766583329998e+04 nan nan nan nan nan nan
5.790337370518520038e+04 nan 1.683758031159342655e-15 nan nan 2.040101698698487283e-16 nan
5.790637381167819694e+04 nan 1.757214759932182359e-15 nan nan 2.731561642724457509e-16 nan
5.790637585583329928e+04 nan 1.773373002885693535e-15 nan nan 2.299775889719609370e-16 nan
5.790637790084489825e+04 nan 1.749539943793377328e-15 nan nan 2.217827958854577034e-16 nan
5.790937800020830036e+04 nan nan nan nan nan nan
5.790938007233799726e+04 nan nan nan nan nan nan
5.790938211894679989e+04 nan nan nan nan nan nan
5.791335360002310335e+04 nan nan nan nan nan nan
5.791335564643520047e+04 nan nan nan nan nan nan
5.791335771677079902e+04 nan nan nan nan nan nan
5.791635771358799684e+04 nan nan nan nan nan nan
5.791635976077550004e+04 nan nan nan nan nan nan
5.791636182935190300e+04 nan nan nan nan nan nan
5.792223818324069725e+04 nan nan nan nan nan nan
5.792224023196759663e+04 nan nan nan nan nan nan
5.763230957098380168e+04 nan nan nan nan nan nan
5.763231162777780264e+04 nan nan nan nan nan nan
5.763231367187500291e+04 nan nan nan nan nan nan
5.769003383031250269e+04 nan 1.435204936083854996e-14 nan nan 9.215608927148385438e-15 nan
5.769003590199069731e+04 nan 1.111693557046581956e-14 nan nan 6.505445113885215023e-15 nan
5.769003794601849950e+04 nan nan nan nan nan nan
5.769427015548609779e+04 nan nan nan nan nan nan
5.769427222827549849e+04 nan nan nan nan nan nan
5.769427429901620053e+04 nan nan nan nan nan nan
5.770016264601849980e+04 nan nan nan nan nan nan
5.770016469395830063e+04 nan 3.156708909232018204e-14 nan nan 2.391196112655555358e-14 nan
5.770016674040509679e+04 nan nan nan nan nan nan
5.770321977893519943e+04 nan nan nan nan nan nan
5.770322185409720259e+04 nan nan nan nan nan nan
5.770322392438659881e+04 nan nan nan nan nan nan
5.770724706540509942e+04 nan nan nan nan nan nan
5.770724911196759786e+04 nan nan nan nan nan nan
5.770725116266200348e+04 nan nan nan nan nan nan
5.771122231931710121e+04 nan nan nan nan nan nan
5.771122439228009898e+04 nan nan nan nan nan nan
5.771122646682870254e+04 nan nan nan nan nan nan
5.771422651776619750e+04 nan nan nan nan nan nan
5.771422857567130268e+04 nan nan nan nan nan nan
5.771423062320600002e+04 nan nan nan nan nan nan
5.772020971459490102e+04 nan nan nan nan nan nan
5.772021178789350233e+04 nan nan nan nan nan nan
5.772021386024310050e+04 nan nan nan nan nan nan
5.772421063494210102e+04 nan nan nan nan nan nan
5.772421270884259866e+04 nan nan nan nan nan nan
5.772813138064809755e+04 nan nan nan nan nan nan
5.772813342998839653e+04 nan nan nan nan nan nan
5.799016862412040064e+04 nan nan nan nan nan nan
5.799017067341440270e+04 nan nan nan nan nan nan
5.799017272325229715e+04 nan nan nan nan nan nan
5.799317281408570125e+04 nan 1.737686574737444674e-15 nan nan 2.245349651814551319e-16 nan
5.799317489197920077e+04 nan 1.745194483740904874e-15 nan nan 1.944795550319834908e-16 nan
5.799317696175930178e+04 nan 1.747525904276195238e-15 nan nan 2.499947351816105035e-16 nan
5.799617709755789838e+04 nan nan nan nan nan nan
5.799617914864580234e+04 nan nan nan nan nan nan
5.799618119494210259e+04 nan 2.001343137163745399e-15 nan nan 9.741376179362262003e-16 nan
5.800014257973380154e+04 nan 1.765633026078317544e-15 nan nan 3.090333111806103747e-16 nan
5.800014462671300134e+04 nan 1.743680321097293398e-15 nan nan 2.131436670940373660e-16 nan
5.800014669960649917e+04 nan nan nan nan nan nan
5.800314683020830125e+04 nan nan nan nan nan nan
5.800314890200230002e+04 nan nan nan nan nan nan
5.800315097386569687e+04 nan nan nan nan nan nan
5.800711306057869660e+04 nan nan nan nan nan nan
5.800711510732639726e+04 nan nan nan nan nan nan
5.800711715050930070e+04 nan nan nan nan nan nan
5.801011732460650092e+04 nan 1.727733608138133956e-15 nan nan 2.552707679474830390e-16 nan
5.801011937150460290e+04 nan 1.727883688580699910e-15 nan nan 2.683948249542824318e-16 nan
5.801012141791670001e+04 nan 1.792008992422026906e-15 nan nan 2.875869998891935926e-16 nan
5.801707824304400128e+04 nan 1.704802120677236521e-15 nan nan 2.341963303565929951e-16 nan
5.801708028812499833e+04 nan 1.767027413257833145e-15 nan nan 2.018543339313981214e-16 nan
5.801708233447920065e+04 nan 1.781482000161975571e-15 nan nan 1.854706267335703248e-16 nan
5.802104939627309795e+04 nan 1.686688704281622275e-15 nan nan 2.697411270869247855e-16 nan
5.802105144168980041e+04 nan 1.692678304979637168e-15 nan nan 1.929634267193573569e-16 nan
5.802105348754629813e+04 nan 1.707022682289102758e-15 nan nan 2.500979456177922138e-16 nan
5.802408142475689965e+04 nan nan nan nan nan nan
5.802408347208330088e+04 nan nan nan nan nan nan
5.802408551613429881e+04 nan nan nan nan nan nan
5.802708559285879892e+04 nan nan nan nan nan nan
5.802708970991899696e+04 nan nan nan nan nan nan
5.804723603105320217e+04 nan nan nan nan nan nan
5.804723807749999833e+04 nan nan nan nan nan nan
5.804724014932870341e+04 nan nan nan nan nan nan
5.805024026468749798e+04 nan nan nan nan nan nan
5.805024233653939882e+04 nan 1.919400036504267405e-15 nan nan 4.418730429239239542e-16 nan
5.805024438494210335e+04 nan 1.888009384071449379e-15 nan nan 3.375244001294770780e-16 nan
5.805327577043980273e+04 nan nan nan nan nan nan
5.805327784341439838e+04 nan nan nan nan nan nan
5.805327991408570233e+04 nan nan nan nan nan nan
5.805628832104169851e+04 nan 1.740488166739161941e-15 nan nan 2.894955323800600460e-16 nan
5.805629039309029758e+04 nan 1.741859064129628699e-15 nan nan 1.933170973812014265e-16 nan
5.805629246236110339e+04 nan 1.777676231541898073e-15 nan nan 2.519846054984367473e-16 nan
5.806222355206019711e+04 nan nan nan nan nan nan
5.806222562383100012e+04 nan nan nan nan nan nan
5.806222766803239938e+04 nan nan nan nan nan nan
5.806522972351850331e+04 nan nan nan nan nan nan
5.806523176767359837e+04 nan nan nan nan nan nan
5.806523383688659669e+04 nan nan nan nan nan nan
5.806823395875000278e+04 nan nan nan nan nan nan
5.806823600857640122e+04 nan nan nan nan nan nan
5.806823805357640231e+04 nan nan nan nan nan nan
5.807123806574069749e+04 nan nan nan nan nan nan
5.807124011413189874e+04 nan nan nan nan nan nan
5.807124218600690074e+04 nan nan nan nan nan nan
5.755737672369209758e+04 nan 1.750794091592501761e-15 nan nan 2.271665014568568226e-16 nan
5.756133022916669870e+04 nan 1.783109216357673834e-15 nan nan 2.029482234991498483e-16 nan
5.756133227755789994e+04 nan 1.819006070801161482e-15 nan nan 2.979672729680078900e-16 nan
5.756133432156249910e+04 nan 1.761803595993153689e-15 nan nan 2.151159533932276683e-16 nan
5.756640274435179890e+04 nan 1.702350520680231847e-15 nan nan 2.018174138308198016e-16 nan
5.756640565740739839e+04 nan 1.732174989384261909e-15 nan nan 2.196616937861258797e-16 nan
5.756640813357639854e+04 nan 1.732054885123474402e-15 nan nan 2.452769011734355564e-16 nan
5.756940826380789804e+04 nan nan nan nan nan nan
5.756941031233799731e+04 nan nan nan nan nan nan
5.756941235986109677e+04 nan nan nan nan nan nan
5.757335477071759669e+04 nan nan nan nan nan nan
5.757335681866900268e+04 nan nan nan nan nan nan
5.757335886174769985e+04 nan nan nan nan nan nan
5.757635904164350359e+04 nan 1.647246751289244931e-15 nan nan 1.875808539730715745e-16 nan
5.757636109031250089e+04 nan 1.671651147021650965e-15 nan nan 1.811711801590690960e-16 nan
5.757636313547450118e+04 nan 1.654649836529353797e-15 nan nan 1.692521710844952738e-16 nan
5.758129654758099787e+04 nan 1.690174999855309201e-15 nan nan 2.824966396411426074e-16 nan
5.758129862053239776e+04 nan 1.715479496440124267e-15 nan nan 2.662426533113562886e-16 nan
5.758130066709490347e+04 nan 1.753801051824930928e-15 nan nan 2.490772549177454712e-16 nan
5.758430065474539879e+04 nan 1.723637364952119910e-15 nan nan 2.715944102445219194e-16 nan
5.758430269878469699e+04 nan 1.704740637669226690e-15 nan nan 2.331948047763073194e-16 nan
5.758430476832180284e+04 nan 1.706858944519738605e-15 nan nan 2.449216473436444092e-16 nan
5.758735471921299904e+04 nan 1.753172365560416664e-15 nan nan 2.502644001994086980e-16 nan
5.758735676368059649e+04 nan 1.738610990756152645e-15 nan nan 2.463429239421521115e-16 nan
5.758735880907410319e+04 nan 1.764380028425752413e-15 nan nan 2.350669892842935105e-16 nan
5.759041060892360110e+04 nan nan nan nan nan nan
5.759041265638890036e+04 nan 1.805960843299806065e-15 nan nan 4.544726290128293111e-16 nan
5.759041472459489887e+04 nan 2.019162220024835956e-15 nan nan 8.045391558863843357e-16 nan
5.759342014512729656e+04 nan nan nan nan nan nan
5.759342219388890226e+04 nan nan nan nan nan nan
5.759342423879630223e+04 nan nan nan nan nan nan
5.792526005879630247e+04 nan 8.448819953734924181e-15 nan nan 4.857972354142462345e-15 nan
5.792526223586809647e+04 nan 1.036157291516109282e-14 nan nan 6.473942450677184225e-15 nan
5.792526430643520143e+04 nan 1.363175610723595008e-14 nan nan 9.882462028070692039e-15 nan
5.793327861822919658e+04 nan 4.459145622616042515e-15 nan nan 1.420697427356104929e-15 nan
5.793328153189810109e+04 nan nan nan nan nan nan
5.793328357708329713e+04 nan 5.797972872316573764e-15 nan nan 2.478837463355500648e-15 nan
5.793628368734950345e+04 nan nan nan nan nan nan
5.793628576050930133e+04 nan nan nan nan nan nan
5.793628783324069809e+04 nan nan nan nan nan nan
5.794228447361110011e+04 nan nan nan nan nan nan
5.794228652329860051e+04 nan nan nan nan nan nan
5.794228856964119768e+04 nan nan nan nan nan nan
5.794528865236110141e+04 nan nan nan nan nan nan
5.794529069642360264e+04 nan nan nan nan nan nan
5.794529273826390272e+04 nan nan nan nan nan nan
5.794831481783559866e+04 nan 1.122312174318243500e-14 nan nan 5.860668944090758159e-15 nan
