5.769000000000000000e+04 3.630466840721349973e-15 3.975570121367411502e-15 3.881174628052247865e-15 1.639219702416994267e+02 6.138216666666667152e+02
5.769000000000000000e+04 3.572049359430017477e-15 3.881022144012169157e-15 3.784356248116916947e-15 1.781639996204608565e+02 6.025008333333333894e+02
5.769000000000000000e+04 3.563768052081575436e-15 3.879517966046834149e-15 3.723761687024441198e-15 1.826761357144786757e+02 6.010196666666666943e+02
5.770000000000000000e+04 3.317341182454111730e-15 3.447949490153922186e-15 3.964906832502448771e-15 1.664093524795235624e+02 6.189896666666666079e+02
5.770000000000000000e+04 3.364322795256543974e-15 3.557087974815124878e-15 4.054494777974106653e-15 1.711470822383462291e+02 6.377278333333332512e+02
5.770000000000000000e+04 3.317617276807799164e-15 3.393518489135437088e-15 3.832817534509010880e-15 1.563179656348162609e+02 6.097621666666667579e+02
5.771400000000000000e+04 3.751223073585860018e-15 3.423780545290272900e-15 3.827039902140240358e-15 1.488812384545923635e+02 5.948189999999999600e+02
5.771400000000000000e+04 3.825062245717721692e-15 3.444138342621510507e-15 3.825674231434494379e-15 1.569819487775604898e+02 5.987076666666666824e+02
5.771400000000000000e+04 3.763012240622946077e-15 3.416133285236484679e-15 3.849643930853762125e-15 1.477669361684154126e+02 5.935575000000000045e+02
5.772400000000000000e+04 3.743315207857884034e-15 3.396014050921628756e-15 3.851077323213297045e-15 1.661785884545019485e+02 5.784836666666666360e+02
5.772400000000000000e+04 3.638322220161527867e-15 3.315204075995505353e-15 3.798943869147541376e-15 1.589098992095273957e+02 5.688263333333333094e+02
5.772400000000000000e+04 3.781424921615216885e-15 3.367105067219694154e-15 3.816865655979955388e-15 1.778482340891686988e+02 5.745439999999999827e+02
5.773500000000000000e+04 nan nan nan nan nan
5.773500000000000000e+04 nan nan nan nan nan
5.773500000000000000e+04 nan nan nan nan nan
5.774500000000000000e+04 nan nan nan nan nan
5.774500000000000000e+04 nan nan nan nan nan
5.774500000000000000e+04 nan nan nan nan nan
5.775600000000000000e+04 3.755742911208452900e-15 3.455770721008347266e-15 3.768282326232494332e-15 1.722485089634200222e+02 5.871181666666666388e+02
5.775600000000000000e+04 3.738997624528571840e-15 3.366161193569738022e-15 3.724690352211239556e-15 1.487865924407654177e+02 5.744173333333333176e+02
5.775600000000000000e+04 3.813491167042291617e-15 3.424700951600883991e-15 3.734880090267453470e-15 1.703263220912711517e+02 5.808133333333333894e+02
5.776700000000000000e+04 nan nan nan nan nan
5.776700000000000000e+04 nan nan nan nan nan
5.776700000000000000e+04 nan nan nan nan nan
5.777900000000000000e+04 3.765461623424670763e-15 3.435808453287680370e-15 4.027226409125821048e-15 1.350347999799961372e+02 3.571711666666666929e+02
5.777900000000000000e+04 3.740463626929154000e-15 3.449070850011715866e-15 4.014208290868748569e-15 1.277748311115150415e+02 3.523578333333333603e+02
5.777900000000000000e+04 3.577249506990959880e-15 3.511545479144227973e-15 3.971738405185502631e-15 1.076575085721724321e+02 3.561671666666666738e+02
5.779000000000000000e+04 5.666250409227082021e-15 6.374840200718494541e-15 6.676960711386416141e-15 1.529797949074074666e+02 5.080851666666666802e+02
5.779000000000000000e+04 nan nan nan nan nan
5.779000000000000000e+04 nan nan nan nan nan
5.780000000000000000e+04 nan nan nan nan nan
5.780000000000000000e+04 nan nan nan nan nan
5.780000000000000000e+04 nan nan nan nan nan
5.781400000000000000e+04 nan nan nan nan nan
5.781400000000000000e+04 nan nan nan nan nan
5.781400000000000000e+04 nan nan nan nan nan
5.784600000000000000e+04 nan nan nan nan nan
5.784600000000000000e+04 nan nan nan nan nan
5.784600000000000000e+04 nan nan nan nan nan
5.785700000000000000e+04 nan nan nan nan nan
5.785700000000000000e+04 nan nan nan nan nan
5.785700000000000000e+04 nan nan nan nan nan
5.786700000000000000e+04 3.824250243105842143e-15 3.428157685074130540e-15 3.582647755325736798e-15 1.156986410635664697e+02 4.393739999999999668e+02
5.786700000000000000e+04 3.832861021560800289e-15 3.493855644698639292e-15 3.639142743489394972e-15 1.379597761182111810e+02 4.491463333333333026e+02
5.786700000000000000e+04 3.870529721985957580e-15 3.512996321624905910e-15 3.630976447181745048e-15 1.424408179796746765e+02 4.491176666666667074e+02
5.787600000000000000e+04 3.684590917340743593e-15 3.988591747864081075e-15 3.932766736230300369e-15 1.789557154001438448e+02 7.324293333333333749e+02
5.787600000000000000e+04 3.624888024693382369e-15 3.881989067135403840e-15 3.825236736014676685e-15 1.563990024817125573e+02 7.150568333333334294e+02
5.787600000000000000e+04 3.699098200252229622e-15 3.991741650353554988e-15 3.892884443535907539e-15 1.727042039163647473e+02 7.312186666666667634e+02
5.797200000000000000e+04 nan nan nan nan nan
5.797200000000000000e+04 nan nan nan nan nan
5.797200000000000000e+04 nan nan nan nan nan
5.798200000000000000e+04 3.776789311811482309e-15 3.409796557675766234e-15 4.238960841393253397e-15 1.694907589367327034e+02 5.565824999999999818e+02
5.798200000000000000e+04 3.870762068618074483e-15 3.475723365534604122e-15 4.338413440905767328e-15 1.521307002495797747e+02 5.666783333333332848e+02
5.798200000000000000e+04 3.781514756958176922e-15 3.464253158745318367e-15 4.333966548731004749e-15 1.227658683566993574e+02 5.680729999999999791e+02
5.799300000000000000e+04 3.685967775281428322e-15 3.363214785109453269e-15 3.498053811235388736e-15 1.638787944140438242e+02 6.438335000000000719e+02
5.799300000000000000e+04 3.763174133706793512e-15 3.435110798166446431e-15 3.555258388506039050e-15 1.821035507224613923e+02 6.569773333333333767e+02
5.799300000000000000e+04 3.739743929173909184e-15 3.384506252214974034e-15 3.555923722754786419e-15 1.755439099081527843e+02 6.521119999999999663e+02
5.800300000000000000e+04 nan nan nan nan nan
5.800300000000000000e+04 nan nan nan nan nan
5.800300000000000000e+04 nan nan nan nan nan
5.804700000000000000e+04 3.729967700646686638e-15 3.404264543014153301e-15 3.887897391612477843e-15 1.359212611404937832e+02 6.071586666666665906e+02
5.804700000000000000e+04 3.668417764614568249e-15 3.381439131528292710e-15 3.807910258594187484e-15 1.648257942533506082e+02 6.069548333333333403e+02
5.804700000000000000e+04 3.712218395680481370e-15 3.355059319003954102e-15 3.761279920161368862e-15 1.640448962045755366e+02 6.022754999999999654e+02
5.805700000000000000e+04 3.768659915164285808e-15 3.432738624950074664e-15 3.887651719482837443e-15 1.527272013819537335e+02 6.186251666666667006e+02
5.805700000000000000e+04 3.736172868158914217e-15 3.409198918446511264e-15 3.876131150102389339e-15 1.652738120747322625e+02 6.193876666666667461e+02
5.805700000000000000e+04 3.732959039863000098e-15 3.400947631976355912e-15 3.862224089460506631e-15 1.724544833398792605e+02 6.179456666666666251e+02
5.806700000000000000e+04 nan nan nan nan nan
5.806700000000000000e+04 nan nan nan nan nan
5.806700000000000000e+04 nan nan nan nan nan
5.807800000000000000e+04 3.597571449539647929e-15 3.282976270783612843e-15 3.377203462097743949e-15 1.616133380975150260e+02 5.755323333333333267e+02
5.807800000000000000e+04 3.633683824791619643e-15 3.345685627469985950e-15 3.465914501553160159e-15 1.394000105501577877e+02 5.877768333333333430e+02
5.807800000000000000e+04 3.688803770239093898e-15 3.453678972567242831e-15 3.565979212894921281e-15 1.252679869513989530e+02 6.061203333333334058e+02
5.808800000000000000e+04 nan nan nan nan nan
5.808800000000000000e+04 nan nan nan nan nan
5.808800000000000000e+04 nan nan nan nan nan
