5.769000000000000000e+04 1.052456287717817300e-14 1.217556381331793978e-14 1.217556381331793978e-14 2.326285729085343803e+02 1.562483777777777959e+03
5.769000000000000000e+04 1.051732967442310692e-14 1.209105995753034363e-14 1.209105995753034363e-14 2.301063553752042594e+02 1.534982222222222163e+03
5.769000000000000000e+04 1.054880754545958639e-14 1.226000760938997213e-14 1.226000760938997213e-14 2.307431221444929861e+02 1.541056666666666843e+03
5.771100000000000000e+04 9.078958889820835999e-15 5.097159641334622573e-14 5.097159641334622573e-14 9.377307603947366488e+01 4.947353333333333580e+02
5.771100000000000000e+04 9.240510356770303940e-15 nan nan 1.254209853513515185e+02 7.193715555555555738e+02
5.771100000000000000e+04 9.145532973503172312e-15 nan nan 1.060616913920646027e+02 5.870837777777777546e+02
5.773200000000000000e+04 7.950563139624475177e-15 9.380509517065661411e-15 9.380509517065661411e-15 1.645229566059496165e+02 9.196377777777777283e+02
5.773200000000000000e+04 7.775322077438634034e-15 9.259281254359524447e-15 9.259281254359524447e-15 1.597391774785144776e+02 8.838797777777776901e+02
5.773200000000000000e+04 7.856414527740531353e-15 9.375665073428318159e-15 9.375665073428318159e-15 1.605240392049362299e+02 8.941991111111110513e+02
5.775300000000000000e+04 7.938535363864197931e-15 1.231105796207942994e-14 1.231105796207942994e-14 1.789842802249123395e+02 1.034434888888888963e+03
5.775300000000000000e+04 7.981081058520897357e-15 1.222345309814123909e-14 1.222345309814123909e-14 1.793480859594920958e+02 1.036917777777777928e+03
5.775300000000000000e+04 7.945662846976580237e-15 1.291143089093326967e-14 1.291143089093326967e-14 1.801064683089836080e+02 1.043332444444444491e+03
5.777400000000000000e+04 8.756199933293583997e-15 nan nan 1.422101766223395884e+02 7.748237777777777637e+02
5.777400000000000000e+04 8.538253316254888812e-15 nan nan 1.417085806084619435e+02 7.604357777777778438e+02
5.777400000000000000e+04 8.595178475656012438e-15 nan nan 1.414843481623019557e+02 7.600139999999998963e+02
5.779600000000000000e+04 9.189260628673623904e-15 1.067987184346096727e-14 1.067987184346096727e-14 1.137480597390375863e+02 8.520495555555555711e+02
5.779600000000000000e+04 9.034107614361107884e-15 1.034822717365851308e-14 1.034822717365851308e-14 1.072450260397442605e+02 8.003353333333332102e+02
5.779600000000000000e+04 8.940756142841136648e-15 1.025284089778258951e-14 1.025284089778258951e-14 1.081553230852253620e+02 8.048784444444444262e+02
5.781800000000000000e+04 7.337038526842006850e-15 nan nan 9.121879011016434902e+01 5.599706666666667161e+02
5.781800000000000000e+04 7.459378585447365772e-15 nan nan 9.365569661294441062e+01 5.869168888888888205e+02
5.781800000000000000e+04 7.525235112738237251e-15 8.798543865768874798e-15 8.798543865768874798e-15 1.066211153255364934e+02 7.126459999999999582e+02
5.781800000000000000e+04 7.251475300664132634e-15 nan nan 9.064336831291340957e+01 5.570473333333333130e+02
5.781800000000000000e+04 7.582745011858903900e-15 8.720691943119733227e-15 8.720691943119733227e-15 1.071446631655169313e+02 7.157504444444444971e+02
5.781800000000000000e+04 7.321019019667285458e-15 nan nan 1.034675330167076623e+02 6.846939999999999600e+02
5.785900000000000000e+04 6.665954719078746260e-15 nan nan 4.673736763863941235e+01 1.783877111111111162e+02
5.785900000000000000e+04 nan nan nan nan nan
5.785900000000000000e+04 nan nan nan nan nan
5.797200000000000000e+04 1.002750887775685007e-14 1.176204218600111588e-14 1.176204218600111588e-14 1.297697449852950058e+02 1.110206666666666706e+03
5.797200000000000000e+04 1.014918489439857450e-14 1.190859226245318475e-14 1.190859226245318475e-14 1.274657362552507323e+02 1.094596222222222195e+03
5.797200000000000000e+04 9.728043678659926019e-15 1.169363274783930935e-14 1.169363274783930935e-14 1.242267606352692724e+02 1.070738888888888823e+03
5.799300000000000000e+04 1.091444590160652671e-14 nan nan 2.270107734848725727e+02 1.505769333333333179e+03
5.799300000000000000e+04 1.095751629397083125e-14 nan nan 2.278399124200502968e+02 1.515306000000000040e+03
5.799300000000000000e+04 1.088539419943342668e-14 nan nan 2.253588642621020881e+02 1.489172666666666828e+03
5.801700000000000000e+04 1.084686423253699929e-14 1.294650728711143464e-14 1.294650728711143464e-14 2.257827050237885373e+02 1.490890444444444711e+03
5.801700000000000000e+04 1.086671679463027567e-14 1.295936657768622168e-14 1.295936657768622168e-14 2.259624807315726684e+02 1.492882444444444673e+03
5.801700000000000000e+04 1.085846797144982723e-14 1.301792092096924318e-14 1.301792092096924318e-14 2.226896351028017023e+02 1.457475111111111119e+03
5.804700000000000000e+04 9.665518883629681878e-15 1.484577548707070351e-14 1.484577548707070351e-14 2.005915145444787413e+02 1.288185555555555538e+03
5.804700000000000000e+04 9.742565372000851131e-15 2.424576562902691280e-14 2.424576562902691280e-14 2.059159789011171995e+02 1.309394000000000005e+03
5.804700000000000000e+04 9.754350691695543220e-15 1.492287329786399309e-14 1.492287329786399309e-14 2.046278830294510556e+02 1.307656666666666752e+03
5.806800000000000000e+04 9.282593004284692765e-15 nan nan 1.879348896928853776e+02 1.147659111111111088e+03
5.806800000000000000e+04 9.278366608314644384e-15 nan nan 1.887788365949749334e+02 1.154448000000000093e+03
5.806800000000000000e+04 9.368651674889426341e-15 nan nan 1.879115753597961032e+02 1.146203999999999951e+03
5.808900000000000000e+04 8.642398155163961301e-15 nan nan 1.374117723088601508e+02 1.048982444444444354e+03
5.808900000000000000e+04 8.873551751152695068e-15 nan nan 1.408576412576419727e+02 1.072324444444444453e+03
5.808900000000000000e+04 8.907788525828844917e-15 nan nan 1.394552847110791447e+02 1.066737111111111062e+03
5.811000000000000000e+04 8.974439034106577278e-15 1.046580756853330957e-14 1.046580756853330957e-14 1.854140390749857659e+02 1.092197111111111099e+03
5.811000000000000000e+04 9.022800767218004378e-15 1.072064687855253899e-14 1.072064687855253899e-14 1.864242658831369113e+02 1.098847111111111190e+03
5.811000000000000000e+04 9.008563068239053445e-15 1.058355153419766012e-14 1.058355153419766012e-14 1.864035866755229449e+02 1.100819111111111170e+03
5.813200000000000000e+04 8.725431779105384344e-15 1.452389366839678413e-14 1.452389366839678413e-14 1.454844934419091373e+02 7.604735555555555493e+02
5.813200000000000000e+04 8.603416169177083557e-15 1.403673343773542388e-14 1.403673343773542388e-14 1.460161301263286475e+02 7.638586666666666360e+02
5.815300000000000000e+04 8.874102681187864271e-15 1.069406466512609707e-14 1.069406466512609707e-14 1.760288714621407564e+02 1.011938888888888869e+03
5.815300000000000000e+04 8.629256805859145954e-15 1.027686194393782636e-14 1.027686194393782636e-14 1.727243048545164186e+02 9.801402222222221781e+02
5.815300000000000000e+04 8.902860791031708114e-15 1.064977356121669848e-14 1.064977356121669848e-14 1.750601683535717825e+02 1.005715777777777703e+03
5.817400000000000000e+04 8.597803515926977394e-15 nan nan 1.249264789835798979e+02 8.882464444444443643e+02
5.817400000000000000e+04 8.705614270356557923e-15 nan nan 1.264534727601066351e+02 9.027102222222222281e+02
5.817400000000000000e+04 8.620439024330431714e-15 nan nan 1.256972230575997003e+02 8.938866666666666561e+02
5.819500000000000000e+04 8.948694476802417650e-15 nan nan 1.591651022078107758e+02 8.746928888888888878e+02
5.819500000000000000e+04 8.999196635289920376e-15 nan nan 1.597921420688111027e+02 8.799206666666666479e+02
5.819500000000000000e+04 8.941170890935527439e-15 nan nan 1.593070530781314460e+02 8.755417777777777246e+02
5.821500000000000000e+04 9.372530823961464539e-15 nan nan 1.689138444562152301e+02 9.624291111111110695e+02
5.821500000000000000e+04 9.442998184400100608e-15 nan nan 1.700784392448733229e+02 9.707888888888888914e+02
5.821600000000000000e+04 9.475033407464035276e-15 nan nan 1.706931054520488260e+02 9.757037777777777592e+02
5.822400000000000000e+04 9.245241359415105470e-15 nan nan 1.389502293995117839e+02 7.203362222222222044e+02
5.822400000000000000e+04 9.220607872452515057e-15 nan nan 1.363311806881880557e+02 7.012851111111111777e+02
5.822400000000000000e+04 9.451253466770521844e-15 nan nan 1.420958003550695707e+02 7.430357777777777528e+02
5.833500000000000000e+04 1.050548638548080136e-14 1.591422263286038479e-14 1.591422263286038479e-14 1.172873931562777869e+02 6.709893333333333203e+02
5.833500000000000000e+04 1.093519110480897329e-14 1.675446180302018175e-14 1.675446180302018175e-14 1.235020968649068891e+02 7.208873333333333449e+02
5.833500000000000000e+04 1.092529617168881093e-14 1.641603987372583032e-14 1.641603987372583032e-14 1.179150265777402780e+02 6.742084444444444671e+02
