5.750800000000000000e+04 nan 8.006886975026581440e-15 nan 5.439994515331427465e+02 5.321863333333332776e+03
5.750800000000000000e+04 nan 8.047764264839358399e-15 nan 5.465143023936146847e+02 5.363951666666665915e+03
5.750800000000000000e+04 nan 8.125624288353594935e-15 nan 5.441365537122136402e+02 5.324803333333333285e+03
5.751600000000000000e+04 nan 8.177871462531474596e-15 7.967291956262050225e-15 5.479888723839219438e+02 5.387565000000000509e+03
5.751600000000000000e+04 nan 8.264202127355212939e-15 8.002109671874362935e-15 4.999976022234326365e+02 4.545418333333333067e+03
5.751600000000000000e+04 nan 8.312084098622846091e-15 8.093795723566914926e-15 5.525892092579182417e+02 5.471163333333332957e+03
5.752300000000000000e+04 nan 7.786606777498669898e-15 nan 2.207861109422427148e+02 1.257273166666666611e+03
5.752300000000000000e+04 nan 7.816397421595409882e-15 nan 1.815901557120365908e+02 9.931258333333333894e+02
5.752300000000000000e+04 nan 7.763647571807011618e-15 nan 2.836663559302546673e+02 1.849681666666666615e+03
5.753000000000000000e+04 nan 8.302132358619129988e-15 8.055619109679062095e-15 4.860216736306152256e+02 5.006936666666666497e+03
5.753000000000000000e+04 nan 8.187707445624588061e-15 7.936443533239492209e-15 4.822327772951259703e+02 4.981145000000000437e+03
5.753000000000000000e+04 nan 8.287647359800086241e-15 8.041044834335252277e-15 4.852805238514577582e+02 5.012983333333333576e+03
5.754700000000000000e+04 nan 7.345239377132033396e-15 nan 4.836083226387931404e+02 4.263948333333332812e+03
5.754700000000000000e+04 nan 7.370927002013264335e-15 nan 4.793060344036076117e+02 4.193979999999999563e+03
5.754700000000000000e+04 nan 7.303690582773116717e-15 nan 4.804825009935452726e+02 4.212351666666666461e+03
5.755400000000000000e+04 nan 6.906530392926949825e-15 nan 2.346437086314707017e+02 1.844164999999999964e+03
5.755400000000000000e+04 nan 7.415657262256352800e-15 nan 2.048866415992384020e+02 1.568428500000000213e+03
5.755400000000000000e+04 nan 7.419590787702689712e-15 nan 1.341553975397364411e+02 9.828686666666667406e+02
5.756200000000000000e+04 nan 7.297151257903429806e-15 6.931917438020245983e-15 4.768436160072832877e+02 4.399940000000000509e+03
5.756200000000000000e+04 nan 7.265054490741711448e-15 6.915613771199217362e-15 4.721268872034087281e+02 4.328104999999999563e+03
5.756200000000000000e+04 nan 7.269861588552564753e-15 6.925047957144611022e-15 4.780461795176982491e+02 4.430423333333334085e+03
5.756900000000000000e+04 nan nan nan 4.435453042713550076e+02 3.680678333333333740e+03
5.756900000000000000e+04 nan nan nan 4.505809148787722052e+02 3.787753333333333558e+03
5.756900000000000000e+04 nan nan nan 4.072431722045251377e+02 3.161566666666666606e+03
5.758300000000000000e+04 nan nan nan 4.432436548152688829e+02 3.797071666666666260e+03
5.758300000000000000e+04 nan nan nan 4.343232857337945916e+02 3.664829999999999927e+03
5.758300000000000000e+04 nan nan nan 4.478830510712801356e+02 3.867641666666666879e+03
5.759100000000000000e+04 nan nan nan 3.742470573831255365e+02 2.884809999999999945e+03
5.759100000000000000e+04 nan nan nan 4.150262503876384699e+02 3.420248333333333449e+03
5.759100000000000000e+04 nan nan nan 4.447984054213021636e+02 3.795184999999999945e+03
5.759800000000000000e+04 nan 7.305343388369228753e-15 7.459316603478246006e-15 4.978194193005713259e+02 4.518938333333333503e+03
5.759800000000000000e+04 nan 7.343155466370976374e-15 7.336278962560544241e-15 4.983082889277028471e+02 4.530475000000000364e+03
5.759800000000000000e+04 nan 7.285243748734229432e-15 6.912145505195171420e-15 4.919666802283319953e+02 4.426138333333333321e+03
5.769100000000000000e+04 nan nan nan nan nan
5.769100000000000000e+04 nan nan nan nan nan
5.769100000000000000e+04 nan nan nan nan nan
5.769300000000000000e+04 nan nan nan nan nan
5.769300000000000000e+04 nan nan nan nan nan
5.769300000000000000e+04 nan 7.198911742814313882e-15 7.342421637387451640e-15 1.452289802074031400e+02 4.164931666666666388e+03
5.770100000000000000e+04 nan 8.379618957454229565e-15 nan 4.987535109160082811e+02 4.559533333333333758e+03
5.770100000000000000e+04 nan 8.325540784034112246e-15 nan 4.995897318754867911e+02 4.581475000000000364e+03
5.770100000000000000e+04 nan 8.318642977696492308e-15 nan 5.023295009748842403e+02 4.633243333333332885e+03
5.771100000000000000e+04 nan 8.380064505117191514e-15 7.653137624069495948e-15 2.269374754543662220e+02 1.645849666666666508e+03
5.771100000000000000e+04 nan nan nan nan nan
5.771100000000000000e+04 nan 8.408947727201496132e-15 7.680999741804154888e-15 3.470400127023065693e+02 2.915366666666666788e+03
5.771900000000000000e+04 nan 8.882408381365137406e-15 7.987607343693466604e-15 4.534687704090756029e+02 3.821164999999999964e+03
5.771900000000000000e+04 nan 8.840769055273491426e-15 8.047055989787022723e-15 4.401843338192369401e+02 3.621756666666666661e+03
5.771900000000000000e+04 nan 8.759568256884367806e-15 7.961263395223077731e-15 4.561893993326283976e+02 3.861346666666666351e+03
5.772600000000000000e+04 nan 8.588163099063663659e-15 nan 5.085361340035672697e+02 4.696366666666666788e+03
5.772600000000000000e+04 nan 8.661302197633636732e-15 nan 5.095544417128896271e+02 4.706920000000000073e+03
5.772600000000000000e+04 nan 8.744054716949059643e-15 nan 5.166105568618431789e+02 4.825778333333333649e+03
5.773300000000000000e+04 nan 9.060370324893226180e-15 8.079198943147775310e-15 5.025135816619764455e+02 4.830236666666666679e+03
5.773300000000000000e+04 nan 9.085374748927944623e-15 8.087414573132880789e-15 5.087757163145007553e+02 4.844925000000000182e+03
5.773300000000000000e+04 nan 9.130061058118708443e-15 8.162788387412969861e-15 5.086096639781918043e+02 4.781835000000000036e+03
5.774100000000000000e+04 nan nan nan 4.701634302665725045e+02 4.451421666666666169e+03
5.774100000000000000e+04 nan nan nan 4.830234308515935027e+02 4.659991666666666788e+03
5.774100000000000000e+04 nan nan nan 4.871380170309599862e+02 4.727148333333333539e+03
5.774900000000000000e+04 nan 9.214521611147037873e-15 8.399565605554822574e-15 4.937785233314350535e+02 4.425803333333333285e+03
5.774900000000000000e+04 nan 9.160940147435541081e-15 8.388056768572457445e-15 4.941169906131881362e+02 4.431101666666666461e+03
5.774900000000000000e+04 nan 9.312018231820682807e-15 8.548342099844180249e-15 4.854027512754882991e+02 4.288386666666667224e+03
5.775700000000000000e+04 nan 9.360754330066100739e-15 8.674358958151677005e-15 5.033810386929195602e+02 4.589836666666667043e+03
5.775700000000000000e+04 nan 9.310513643840688470e-15 8.723753629938925545e-15 5.047906793727154877e+02 4.611484999999999673e+03
5.775700000000000000e+04 nan 9.041479505791474830e-15 8.359644588332978597e-15 4.928491012859319085e+02 4.417918333333333067e+03
5.776400000000000000e+04 nan 9.337087424535410724e-15 nan 5.171738336227894024e+02 4.978656666666666752e+03
5.776400000000000000e+04 nan 9.308429083948411969e-15 nan 5.170788414330177147e+02 4.985083333333333030e+03
5.776400000000000000e+04 nan 9.362629934897865842e-15 nan 5.179154267974633967e+02 4.986570000000000618e+03
5.777200000000000000e+04 nan nan nan 4.343453901586912593e+02 3.712610000000000127e+03
5.777200000000000000e+04 nan nan nan 4.310256990946045335e+02 3.666241666666666788e+03
5.777200000000000000e+04 nan nan nan 4.343455455573667905e+02 3.734829999999999927e+03
5.777900000000000000e+04 nan 8.930696691549733372e-15 nan 4.395334830758166049e+02 3.562114999999999782e+03
5.777900000000000000e+04 nan 8.976485941505329612e-15 nan 4.416062956379332718e+02 3.593133333333333212e+03
5.777900000000000000e+04 nan 8.971796821129301861e-15 nan 4.382709793111906720e+02 3.545501666666666551e+03
5.778600000000000000e+04 nan 9.047683002731470898e-15 nan 4.750428710444107310e+02 4.117024999999999636e+03
5.778600000000000000e+04 nan 9.023993379202345971e-15 nan 4.737747898442959809e+02 4.097721666666666351e+03
5.778600000000000000e+04 nan 9.078918382662840921e-15 nan 4.725795933427725117e+02 4.081701666666666824e+03
5.779400000000000000e+04 nan 9.204902454302217521e-15 nan 4.538619585100864811e+02 4.140001666666667006e+03
5.779400000000000000e+04 nan 9.226804672844461945e-15 nan 4.536391201214139528e+02 4.143295000000000073e+03
5.779400000000000000e+04 nan 9.190697502370147271e-15 nan 4.560760130935753978e+02 4.174723333333333358e+03
5.780100000000000000e+04 nan 8.759187602784499022e-15 8.195175449629317425e-15 4.157654883059556710e+02 3.538188333333333048e+03
5.780100000000000000e+04 nan 8.845334423975829474e-15 8.387196404606612567e-15 4.308725785349330408e+02 3.788595000000000255e+03
5.780100000000000000e+04 nan 8.821136275857091337e-15 8.432815485356115927e-15 4.237126228717652339e+02 3.677295000000000073e+03
5.780900000000000000e+04 nan nan nan 4.382030001296744217e+02 3.555035000000000309e+03
5.780900000000000000e+04 nan nan nan 4.388525151024276738e+02 3.565625000000000000e+03
5.780900000000000000e+04 nan nan nan 4.382953444690236893e+02 3.555940000000000055e+03
5.781700000000000000e+04 nan 9.324091269674009723e-15 nan 4.683252952565262035e+02 4.018565000000000055e+03
5.781700000000000000e+04 nan 9.278197410095654558e-15 nan 4.680369452821594223e+02 4.013863333333333230e+03
5.781700000000000000e+04 nan 9.245180385375175158e-15 nan 4.686993351625682749e+02 4.024214999999999691e+03
5.785700000000000000e+04 nan nan nan nan nan
5.785700000000000000e+04 nan 1.006108764110166476e-14 9.201524482183262150e-15 2.505240219429918795e+02 1.876151666666666870e+03
5.785700000000000000e+04 nan nan nan nan nan
5.786400000000000000e+04 nan 1.028793637395820618e-14 nan 4.665723342487023615e+02 3.997738333333333230e+03
5.786400000000000000e+04 nan 1.022882497634115852e-14 nan 4.685882029322811491e+02 4.028283333333333303e+03
5.786400000000000000e+04 nan 1.028080866489818345e-14 nan 4.674901285744859365e+02 4.012660000000000309e+03
5.787800000000000000e+04 nan 1.021652940014740940e-14 nan 6.151003647422842278e+02 6.898244999999999891e+03
5.787800000000000000e+04 nan 1.022220063197466342e-14 nan 6.133597947381698532e+02 6.858796666666666169e+03
5.787800000000000000e+04 nan 1.019004953096860215e-14 nan 6.134833582543747070e+02 6.863838333333333139e+03
5.788700000000000000e+04 nan 1.022174229003092009e-14 nan 4.186034727445207864e+02 3.883203333333333376e+03
5.788700000000000000e+04 nan 1.020400152382402914e-14 nan 3.920766177231019469e+02 3.538029999999999745e+03
5.788700000000000000e+04 nan 1.043237835411060945e-14 nan 2.960607226715336537e+02 2.412250000000000000e+03
5.789400000000000000e+04 nan 1.005256311829179392e-14 9.200468066877827912e-15 5.882264196011986996e+02 6.169274999999999636e+03
5.789400000000000000e+04 nan 1.010804612445356053e-14 9.241712065378475415e-15 5.868029152204204593e+02 6.136710000000000036e+03
5.789400000000000000e+04 nan 1.019551717954691870e-14 9.352373909265022476e-15 6.000649148238467205e+02 6.397083333333333030e+03
5.790300000000000000e+04 nan nan nan 4.817102745548488656e+02 4.260375000000000000e+03
5.790300000000000000e+04 nan nan nan 4.435990738177630988e+02 3.666053333333333740e+03
5.790300000000000000e+04 nan nan nan 4.614188083151921660e+02 3.937718333333333248e+03
5.791000000000000000e+04 nan 9.582019078801142460e-15 nan 5.380574637947694328e+02 5.448744999999999891e+03
5.791000000000000000e+04 nan 9.475840928728451275e-15 nan 5.437829701886344083e+02 5.553081666666666933e+03
5.791000000000000000e+04 nan 9.523982771673397316e-15 nan 5.586384848890884314e+02 5.829701666666665915e+03
5.791800000000000000e+04 nan 9.822840707739849564e-15 nan 4.300535550931488729e+02 3.451525000000000091e+03
5.791800000000000000e+04 nan 9.973897726532083282e-15 nan 3.704788698028252725e+02 2.648416666666666515e+03
5.791800000000000000e+04 nan 9.941534130245703047e-15 nan 4.928075893345983332e+02 4.417125000000000000e+03
5.792500000000000000e+04 nan nan nan 5.863055438048844508e+02 6.103929999999999382e+03
5.792500000000000000e+04 nan nan nan 5.850481411852216524e+02 6.079606666666667479e+03
5.792500000000000000e+04 nan nan nan 5.800514772128894947e+02 5.980113333333332776e+03
5.793300000000000000e+04 nan 1.015868615673095026e-14 nan 5.251042311351541230e+02 4.995815000000000509e+03
5.793300000000000000e+04 nan 1.014532400702571732e-14 nan 5.283832129284788834e+02 5.055079999999999927e+03
5.793300000000000000e+04 nan 1.014727169248057805e-14 nan 5.197285174916256665e+02 4.900876666666666097e+03
5.794200000000000000e+04 nan nan nan 3.665216508959268822e+02 2.881361666666666679e+03
5.794200000000000000e+04 nan nan nan 3.675278620505087019e+02 2.895129999999999654e+03
5.794200000000000000e+04 nan nan nan 3.657311373521573046e+02 2.872551666666666733e+03
5.794900000000000000e+04 nan 9.882007546816573378e-15 nan 4.419456002209792587e+02 3.633518333333333430e+03
5.794900000000000000e+04 nan 9.995731260515260464e-15 nan 4.432655053199279678e+02 3.650595000000000255e+03
5.794900000000000000e+04 nan 9.996816765025380411e-15 nan 4.355313492637233708e+02 3.536766666666666879e+03
5.795600000000000000e+04 nan 9.787535703780961871e-15 nan 5.530554239339876403e+02 5.490199999999999818e+03
5.795600000000000000e+04 nan 9.710689608257044270e-15 nan 5.508420465837029951e+02 5.448938333333333503e+03
5.795600000000000000e+04 nan 9.657163434567751847e-15 nan 5.521235942260703951e+02 5.473436666666666497e+03
5.796400000000000000e+04 nan 1.177792986475201141e-14 nan 1.175897166849629940e+02 6.873401666666667325e+02
5.796400000000000000e+04 nan 9.848061871418416662e-15 nan 3.277893728196871734e+02 2.494953333333333376e+03
5.796400000000000000e+04 nan 1.009257851615161689e-14 nan 2.593775697804835545e+02 1.802623333333333221e+03
5.805500000000000000e+04 nan nan nan 4.596018094006994943e+02 3.934208333333333485e+03
5.805500000000000000e+04 nan nan nan 4.641803508796672872e+02 4.004446666666666260e+03
5.805500000000000000e+04 nan nan nan 4.616307880397991426e+02 3.964648333333333085e+03
5.806200000000000000e+04 nan 8.549583563195261897e-15 nan 4.169162707637128733e+02 3.923746666666666442e+03
5.806200000000000000e+04 nan 8.574346119267560097e-15 nan 4.228817129326873783e+02 3.997696666666666260e+03
5.806200000000000000e+04 nan 8.485905355492889681e-15 nan 4.123908535499168124e+02 3.865108333333333121e+03
5.807000000000000000e+04 nan 8.408469843833147683e-15 nan 4.515703144231903252e+02 4.010468333333333248e+03
5.807000000000000000e+04 nan 8.463536833409945969e-15 nan 4.335272264523605941e+02 4.033375000000000000e+03
5.807000000000000000e+04 nan 8.489340340728663667e-15 nan 4.473078203286747794e+02 4.061239999999999782e+03
5.807900000000000000e+04 nan 8.589353370708490984e-15 7.141869620017709431e-15 4.283721462036089065e+02 3.453786666666666861e+03
5.807900000000000000e+04 nan 8.518637849831613208e-15 6.962290760803313268e-15 4.338237454753563611e+02 3.528513333333333321e+03
5.807900000000000000e+04 nan 8.556187033036182489e-15 7.031097624882898961e-15 4.334247183123291620e+02 3.525586666666667043e+03
5.808600000000000000e+04 nan 8.568319666239810505e-15 7.730894640934038562e-15 4.780829613693363740e+02 4.410920000000000073e+03
5.808600000000000000e+04 nan 8.494971545379065595e-15 7.663810957036600631e-15 4.671821904780839532e+02 4.365975000000000364e+03
5.808600000000000000e+04 nan 8.559410103951094217e-15 7.784873911300357438e-15 4.821193875219238976e+02 4.390871666666666897e+03
5.809400000000000000e+04 nan nan nan 5.039847834873947363e+02 4.894225000000000364e+03
5.809400000000000000e+04 nan nan nan 5.092102854480746146e+02 4.976628333333333103e+03
5.809400000000000000e+04 nan nan nan 5.051568308091725612e+02 4.909406666666666752e+03
5.811700000000000000e+04 nan 9.299749160239327631e-15 nan 5.137456957670401607e+02 4.773051666666666279e+03
5.811700000000000000e+04 nan 9.264882582256992103e-15 nan 5.153271072591052189e+02 4.824100000000000364e+03
5.811700000000000000e+04 nan 9.273942721648976148e-15 nan 5.155214175806320327e+02 4.813151666666666642e+03
5.812500000000000000e+04 nan 9.311305984653361272e-15 nan 4.973094594836176157e+02 4.830246666666666897e+03
5.812500000000000000e+04 nan 9.323971764537429718e-15 nan 4.956963872911268822e+02 4.821101666666666461e+03
5.812500000000000000e+04 nan 9.262290355314386327e-15 nan 4.968409596835431898e+02 4.821866666666666788e+03
5.813200000000000000e+04 nan 8.517454822916284963e-15 7.568943976400110919e-15 4.668627086782416882e+02 4.012881666666666661e+03
5.813200000000000000e+04 nan 8.626576851961017908e-15 7.635710819886760823e-15 4.682251752621805849e+02 4.022101666666666915e+03
5.813200000000000000e+04 nan 8.549559997029283179e-15 7.632334745144372439e-15 4.661545177311245425e+02 4.020928333333333740e+03
5.814000000000000000e+04 nan 8.353613786577195424e-15 nan 4.907481521632875570e+02 4.370161666666666861e+03
5.814000000000000000e+04 nan 8.277979060562066388e-15 nan 4.910725352949763192e+02 4.373738333333332776e+03
5.814000000000000000e+04 nan 8.309930972038349864e-15 nan 4.910838432186879459e+02 4.375431666666667297e+03
5.814700000000000000e+04 nan 8.384446738104192700e-15 7.527988023544678478e-15 4.722185201187633652e+02 4.144983333333333576e+03
5.814700000000000000e+04 nan 8.343040416549461562e-15 7.521719461468535943e-15 4.734338509298261783e+02 4.143304999999999382e+03
5.814700000000000000e+04 nan 8.312677357270052664e-15 7.541810457858677393e-15 4.736756328615111329e+02 4.131125000000000000e+03
5.815400000000000000e+04 nan 7.353235813996013879e-15 nan 2.406286589578399173e+02 1.954616666666666561e+03
5.815400000000000000e+04 nan 7.385744226265084413e-15 nan 2.856312494327864329e+02 2.409528333333333649e+03
5.815400000000000000e+04 nan 7.510053131125752687e-15 nan 2.031476209431148447e+02 1.621999500000000126e+03
5.816100000000000000e+04 nan 7.977130831180650413e-15 nan 4.634204370198014544e+02 3.928660000000000309e+03
5.816100000000000000e+04 nan 7.922843053998314892e-15 nan 4.590926716128599310e+02 3.860813333333333048e+03
5.816100000000000000e+04 nan 7.946067729929037006e-15 nan 4.645685434622490675e+02 3.946331666666666479e+03
5.816800000000000000e+04 nan nan nan 4.621328474409294245e+02 3.910065000000000055e+03
5.816800000000000000e+04 nan nan nan 4.645150630752746679e+02 3.947954999999999927e+03
5.816800000000000000e+04 nan nan nan 4.652834071979178816e+02 3.960385000000000218e+03
5.817500000000000000e+04 nan nan nan 4.469772521125415778e+02 3.686691666666666606e+03
5.817500000000000000e+04 nan nan nan 4.463293515757103478e+02 3.675596666666666351e+03
5.817500000000000000e+04 nan nan nan 4.477456938095866690e+02 3.698368333333333339e+03
5.818200000000000000e+04 nan 8.389341233406891198e-15 7.675513632339532768e-15 3.847022596766118454e+02 3.676750000000000000e+03
5.818200000000000000e+04 nan 8.480135493179008279e-15 7.761436846121074619e-15 3.813851479136124567e+02 3.628753333333333558e+03
5.818200000000000000e+04 nan 8.274533583283049882e-15 7.506442945268880099e-15 3.748002203582649940e+02 3.538703333333333376e+03
5.819000000000000000e+04 nan nan nan 4.647112106830147695e+02 3.950543333333333521e+03
5.819000000000000000e+04 nan nan nan 4.629394418586177835e+02 3.923820000000000164e+03
5.819000000000000000e+04 nan nan nan 4.549323623244707164e+02 3.799164999999999964e+03
5.819800000000000000e+04 nan 8.412564741422885284e-15 nan 4.668241777559918546e+02 3.987513333333333321e+03
5.819800000000000000e+04 nan 8.451193734198804554e-15 nan 4.585667557939152061e+02 3.858695000000000164e+03
5.819800000000000000e+04 nan 8.492494236310574162e-15 nan 4.611119337163908654e+02 3.897793333333333521e+03
5.820500000000000000e+04 nan nan nan 4.393844296529014173e+02 3.596658333333333303e+03
5.820500000000000000e+04 nan nan nan 4.388333880908883771e+02 3.592803333333333740e+03
5.820500000000000000e+04 nan nan nan 4.391018219697436393e+02 3.591528333333333649e+03
5.822200000000000000e+04 nan 8.542992373177829888e-15 nan 4.129790413819219452e+02 3.243208333333333485e+03
5.822200000000000000e+04 nan 8.304374935538901239e-15 nan 4.085467322782726001e+02 3.181518333333333430e+03
5.822200000000000000e+04 nan 8.438512555992543474e-15 nan 4.093551862483696482e+02 3.192364999999999782e+03
5.822900000000000000e+04 nan 8.464745633603442597e-15 nan 3.783868838710155842e+02 2.790720000000000255e+03
5.822900000000000000e+04 nan 8.430122420700584377e-15 nan 3.748861071212839988e+02 2.750006666666666661e+03
5.822900000000000000e+04 nan 8.470156786073172833e-15 nan 3.761805116716245152e+02 2.764928333333333740e+03
5.823700000000000000e+04 nan nan nan nan nan
5.823700000000000000e+04 nan nan nan nan nan
5.823700000000000000e+04 nan nan nan nan nan
5.824400000000000000e+04 nan 1.542892018027194464e-14 nan 1.541388388868863899e+02 2.786190000000000055e+03
5.824400000000000000e+04 nan 1.628515093619643910e-14 nan 1.547535772163694503e+02 2.865160000000000309e+03
5.824400000000000000e+04 nan 1.226332795566119718e-14 nan 1.579616452067691625e+02 2.825375000000000000e+03
5.825300000000000000e+04 nan 8.151906102833802429e-15 7.382758366324911199e-15 4.301641833933308590e+02 3.466904999999999745e+03
5.825300000000000000e+04 nan 8.086761491438236423e-15 7.360050536038487318e-15 4.285833854668107961e+02 3.442661666666666861e+03
5.825300000000000000e+04 nan 8.124546462356791077e-15 7.391483678688122819e-15 4.290561532083612519e+02 3.450894999999999982e+03
5.826000000000000000e+04 nan 8.142351624115272743e-15 nan 5.272341414850584584e+01 1.655304166666666674e+02
5.826000000000000000e+04 nan 7.784955171599971112e-15 nan 5.852822574932519473e+01 1.875938333333333219e+02
5.826000000000000000e+04 nan 7.939338225185343334e-15 nan 2.240817272304913956e+02 1.149818999999999960e+03
5.827000000000000000e+04 nan nan nan nan nan
5.827000000000000000e+04 nan nan nan nan nan
5.827000000000000000e+04 nan nan nan nan nan
5.827800000000000000e+04 nan 8.409228853734955619e-15 7.801291662766443587e-15 3.455801075907976383e+02 2.351401666666666642e+03
5.827800000000000000e+04 nan 8.409903193146228801e-15 7.756315129116266612e-15 3.426113327020850079e+02 2.318253333333333558e+03
5.827800000000000000e+04 nan 8.397724688814121431e-15 7.828018740133295380e-15 3.311242728257518593e+02 2.182496666666666897e+03
5.828600000000000000e+04 nan nan nan 3.501665060240105731e+02 2.388276666666666642e+03
5.829500000000000000e+04 nan nan nan 3.061191024848763504e+02 2.498453333333333376e+03
5.829500000000000000e+04 nan nan nan 3.077223435474999746e+02 2.506175000000000182e+03
5.829500000000000000e+04 nan nan nan 2.987580270031089640e+02 2.385468333333333248e+03
5.830700000000000000e+04 nan 7.278918273832793389e-15 nan 3.881471102182182449e+02 2.865068333333333612e+03
5.830700000000000000e+04 nan 7.317154214798227739e-15 nan 3.892458307663874280e+02 2.876894999999999982e+03
5.830700000000000000e+04 nan 7.276141467991186678e-15 nan 3.889883789228525188e+02 2.874245000000000346e+03
5.831400000000000000e+04 nan 7.100137966622340384e-15 nan 3.669596048992910369e+02 2.611050000000000182e+03
5.831400000000000000e+04 nan 7.122665180348001562e-15 nan 3.681242849165150801e+02 2.623583333333333485e+03
5.831400000000000000e+04 nan 7.048053158158673254e-15 nan 3.666348871173355519e+02 2.606150000000000091e+03
5.832100000000000000e+04 nan nan nan nan nan
5.832100000000000000e+04 nan nan nan nan nan
5.832100000000000000e+04 nan nan nan nan nan
5.832900000000000000e+04 nan 7.383585784978164043e-15 6.809886415087138916e-15 3.850375326764289525e+02 2.946693333333333612e+03
5.832900000000000000e+04 nan 7.472236025861201852e-15 6.943514124770264714e-15 3.897612275457856867e+02 2.985563333333333048e+03
5.832900000000000000e+04 nan 7.447887098717702800e-15 6.891036314465906383e-15 3.890135469632363083e+02 2.986046666666666624e+03
