5.750800000000000000e+04 2.474630531519494847e-14 nan nan 6.158782479411573831e+02 6.372543333333333067e+03
5.750800000000000000e+04 2.525789089134362314e-14 nan nan 6.577921499299096695e+02 7.262286666666666861e+03
5.750800000000000000e+04 2.506334644292387780e-14 nan nan 6.917700378119790230e+02 8.026203333333333831e+03
5.751100000000000000e+04 2.423210303578390578e-14 nan nan 9.020519644232183509e+02 1.360888500000000022e+04
5.751100000000000000e+04 2.410520180093113688e-14 nan nan 9.053802375280982915e+02 1.370952666666666664e+04
5.751100000000000000e+04 2.411066510963176236e-14 nan nan 9.084813660668411330e+02 1.380331500000000051e+04
5.751600000000000000e+04 nan nan nan nan nan
5.751600000000000000e+04 nan nan nan nan nan
5.751600000000000000e+04 nan nan nan nan nan
5.752000000000000000e+04 nan nan nan nan nan
5.752000000000000000e+04 nan nan nan nan nan
5.752000000000000000e+04 nan nan nan nan nan
5.752300000000000000e+04 2.308347219588615424e-14 nan nan 5.170324717984125300e+02 4.502853333333333467e+03
5.752300000000000000e+04 2.348962256540729875e-14 nan nan 4.495822182735062711e+02 3.414938333333333048e+03
5.752300000000000000e+04 nan nan nan nan nan
5.752900000000000000e+04 2.358776013312410819e-14 2.473684456204088790e-14 nan 9.377589322654326907e+02 1.473801833333333343e+04
5.752900000000000000e+04 2.339188280088107921e-14 2.470671115757295117e-14 nan 9.322307526209650632e+02 1.455758166666666693e+04
5.752900000000000000e+04 2.357306718337236222e-14 2.487575620469390623e-14 nan 9.331371751067108562e+02 1.459993666666666650e+04
5.753400000000000000e+04 2.394779966477050065e-14 nan nan 9.329323460786433770e+02 1.456604833333333409e+04
5.753400000000000000e+04 2.405928497669605788e-14 nan nan 9.298320998387802092e+02 1.447020833333333394e+04
5.753400000000000000e+04 2.404635604633529346e-14 nan nan 9.317092712324042623e+02 1.452662333333333299e+04
5.754600000000000000e+04 nan nan nan 9.214906176824636077e+02 1.420337500000000000e+04
5.754600000000000000e+04 nan nan nan 9.210666296973313365e+02 1.419043666666666650e+04
5.754600000000000000e+04 nan nan nan 9.235751307277165552e+02 1.426702166666666744e+04
5.755000000000000000e+04 2.417174199877023353e-14 1.111569167928486567e-13 nan 9.294720493937695664e+02 1.444447833333333256e+04
5.755000000000000000e+04 2.403042308969692037e-14 7.958366023484271522e-14 nan 9.311954012052283360e+02 1.449850666666666621e+04
5.755000000000000000e+04 2.413224849194006564e-14 1.085452113951575169e-13 nan 9.329163795739780198e+02 1.455165166666666664e+04
5.755400000000000000e+04 2.415318670146007792e-14 2.375113342172920285e-14 nan 7.149850676462975798e+02 8.573859999999998763e+03
5.755400000000000000e+04 2.425512427584114069e-14 2.403164939760772491e-14 nan 7.378092131598979222e+02 9.128448333333333721e+03
5.755400000000000000e+04 2.437337304359480732e-14 2.418691985875039522e-14 nan 8.851619358049775883e+02 1.311251500000000124e+04
5.755700000000000000e+04 2.476694129366569606e-14 2.378006018290317150e-14 nan 9.363752506468024421e+02 1.466677833333333183e+04
5.755700000000000000e+04 2.503207946652394239e-14 2.390283606709277306e-14 nan 9.423621118025423584e+02 1.485205666666666730e+04
5.755700000000000000e+04 2.487244773106144244e-14 2.391381985755270041e-14 nan 9.435701454558902697e+02 1.489000166666666701e+04
5.756100000000000000e+04 2.507023577815327591e-14 2.412126202011721117e-14 nan 9.441119597863553281e+02 1.492277166666666744e+04
5.756100000000000000e+04 2.495258916676207901e-14 2.400627718044160570e-14 nan 9.421837162512221084e+02 1.486710500000000138e+04
5.756100000000000000e+04 2.493542880263643468e-14 2.404962155213251449e-14 nan 9.461158491015554546e+02 1.499580500000000029e+04
5.756600000000000000e+04 2.479551779282440588e-14 2.464325113496313380e-14 nan 9.308833268882241327e+02 1.452213500000000022e+04
5.756600000000000000e+04 2.465404881060948908e-14 2.468388179339413907e-14 nan 9.276759392673289994e+02 1.441917833333333328e+04
5.756600000000000000e+04 2.452890871009442653e-14 2.430900347864157102e-14 nan 9.254587826008963702e+02 1.432783833333333496e+04
5.756900000000000000e+04 nan nan nan 8.461341641159200435e+02 1.197838000000000102e+04
5.756900000000000000e+04 nan nan nan 8.513540231409774606e+02 1.212598999999999978e+04
5.756900000000000000e+04 nan nan nan 7.817815247507087406e+02 1.023320166666666591e+04
5.757300000000000000e+04 nan nan nan 1.933330498323825282e+02 6.648898333333332857e+02
5.757300000000000000e+04 nan nan nan nan nan
5.757300000000000000e+04 nan nan nan nan nan
5.757600000000000000e+04 2.438839111990675356e-14 2.404582510593113254e-14 nan 9.268693713832524281e+02 1.436276000000000022e+04
5.757600000000000000e+04 2.440454082053407323e-14 2.407661575776115626e-14 nan 9.258382239801790092e+02 1.433071833333333234e+04
5.757600000000000000e+04 2.435360363192597993e-14 2.407047476812875563e-14 nan 9.220233130506618409e+02 1.421375000000000000e+04
5.758100000000000000e+04 2.485741125787095269e-14 2.372526048543170019e-14 nan 9.336590155207658199e+02 1.457802666666666664e+04
5.758100000000000000e+04 2.450233575069710737e-14 2.347008984482193078e-14 nan 9.272191630976112720e+02 1.437330666666666730e+04
5.758100000000000000e+04 2.456378638810047006e-14 2.352547524411460292e-14 nan 9.239156203479566329e+02 1.427090166666666664e+04
5.758400000000000000e+04 2.465984047719150953e-14 2.360089829252181722e-14 nan 9.316449966311306525e+02 1.451281166666666650e+04
5.758400000000000000e+04 2.468866128412822398e-14 2.362577831831012643e-14 nan 9.308138799464999238e+02 1.448711166666666577e+04
5.758400000000000000e+04 2.473874527442485411e-14 2.369229894989276129e-14 nan 9.297822035143966559e+02 1.445460333333333256e+04
5.758700000000000000e+04 2.465666813165112799e-14 2.353685137480045882e-14 nan 7.263572497828018868e+02 8.877980000000001382e+03
5.758700000000000000e+04 2.474634035799265630e-14 2.368237806668597564e-14 nan 7.452954650639144347e+02 9.344510000000000218e+03
5.758700000000000000e+04 2.470604394139892363e-14 2.358446108909121848e-14 nan 7.494804591071435880e+02 9.447001666666667006e+03
5.759000000000000000e+04 2.332984761272195891e-14 2.341484490221919191e-14 nan 6.684754894433058325e+02 7.814086666666667043e+03
5.759000000000000000e+04 2.435729197648127160e-14 2.429331435593459539e-14 nan 8.082093503672601855e+02 1.109017000000000007e+04
5.759000000000000000e+04 2.400453503540513714e-14 2.347709081334025134e-14 nan 7.220852167600086204e+02 8.961510000000000218e+03
5.759300000000000000e+04 2.421662855534297334e-14 nan nan 9.190892775236842454e+02 1.413593499999999949e+04
5.759300000000000000e+04 2.405650919381690610e-14 nan nan 9.217494258066457178e+02 1.421383333333333394e+04
5.759300000000000000e+04 2.414068193309225950e-14 nan nan 9.218875110613159904e+02 1.422073499999999876e+04
5.759700000000000000e+04 2.480449131036695900e-14 2.350165014996251211e-14 nan 4.382042075892901494e+02 3.246603333333333467e+03
5.759700000000000000e+04 2.471770547568215790e-14 2.400504428807130538e-14 nan 4.128064549119501976e+02 2.888466666666666697e+03
5.759700000000000000e+04 2.495005770529998350e-14 2.379042748395443427e-14 nan 6.026939360895819391e+02 6.101781666666666752e+03
5.760000000000000000e+04 2.426996486046711329e-14 nan nan 9.044511284777225910e+02 1.367891333333333387e+04
5.760000000000000000e+04 2.438845505790513372e-14 nan nan 9.107047314075417717e+02 1.386736499999999978e+04
5.760000000000000000e+04 2.448827694392913884e-14 nan nan 9.110842239288540441e+02 1.387890500000000065e+04
5.760300000000000000e+04 2.374849013836648703e-14 nan nan 8.936093315325286994e+02 1.335397333333333336e+04
5.760300000000000000e+04 2.374288547141795023e-14 nan nan 8.957942104471217135e+02 1.341888333333333321e+04
5.760300000000000000e+04 2.382579688991084186e-14 nan nan 8.955532301154185006e+02 1.341239999999999964e+04
5.760600000000000000e+04 2.488096749330828833e-14 2.479574864943462270e-14 nan 8.740774028113379472e+02 1.277954666666666708e+04
5.760600000000000000e+04 2.488675371060144104e-14 2.495812395137386462e-14 nan 8.765931003829410884e+02 1.285255999999999949e+04
5.760600000000000000e+04 2.510150154511619474e-14 2.514413971750290186e-14 nan 8.783769709821360721e+02 1.290426999999999862e+04
5.760900000000000000e+04 2.494992073932581622e-14 2.516124137684207694e-14 nan 8.814015026329384455e+02 1.300380999999999949e+04
5.760900000000000000e+04 2.501470385584274808e-14 2.508382933296955852e-14 nan 8.794936501034870844e+02 1.294086666666666679e+04
5.760900000000000000e+04 2.533901014770247959e-14 2.537529393785134473e-14 nan 8.829228383531238933e+02 1.304043499999999949e+04
5.761300000000000000e+04 2.423032928716944436e-14 nan nan 9.093143134453861194e+02 1.383146333333333496e+04
5.761300000000000000e+04 2.435370753213000168e-14 nan nan 9.202278708201441759e+02 1.416443833333333350e+04
5.761300000000000000e+04 2.438894114237944632e-14 nan nan 9.222659810283184925e+02 1.422654666666666708e+04
5.761600000000000000e+04 2.478140363250580174e-14 2.366422930615920436e-14 nan 9.085075895304794358e+02 1.383436999999999898e+04
5.761600000000000000e+04 2.502896886803381106e-14 2.384503819137409725e-14 nan 9.150850977374592503e+02 1.404780666666666730e+04
5.761600000000000000e+04 2.495874884372011317e-14 2.362109605578657667e-14 nan 9.136500669561188488e+02 1.400427166666666744e+04
5.761900000000000000e+04 2.485457692510064113e-14 2.443427055647279231e-14 nan 8.825640539642298563e+02 1.314280166666666628e+04
5.761900000000000000e+04 2.453908150745531309e-14 2.409341915924845645e-14 nan 8.828107586365339330e+02 1.316051000000000022e+04
5.761900000000000000e+04 2.480198300545766023e-14 2.443301098894866182e-14 nan 8.856773297748330833e+02 1.323469333333333270e+04
5.762300000000000000e+04 2.522073477511762216e-14 nan nan 9.264699930577778559e+02 1.435310166666666555e+04
5.762300000000000000e+04 2.531215062279566232e-14 nan nan 9.255179841648330239e+02 1.432434666666666817e+04
5.762300000000000000e+04 2.498516799373971508e-14 nan nan 9.185253608228535995e+02 1.411384000000000015e+04
5.762600000000000000e+04 2.411220954614793134e-14 3.607886006264924496e-13 nan 9.046420588096101483e+02 1.368393333333333248e+04
5.762600000000000000e+04 2.417023796968760087e-14 2.050852880212899071e-13 nan 9.032006473467109799e+02 1.364092499999999927e+04
5.762600000000000000e+04 2.431377969460485138e-14 1.329374749499929773e-13 nan 8.979120841276097735e+02 1.348218833333333350e+04
5.762900000000000000e+04 nan nan nan 9.186544197156957807e+02 1.410949833333333299e+04
5.762900000000000000e+04 nan nan nan 9.176496854970695267e+02 1.407947333333333336e+04
5.762900000000000000e+04 nan nan nan 9.165939726059764325e+02 1.404653666666666504e+04
5.763200000000000000e+04 2.506813856517202590e-14 nan nan 9.011088361980356467e+02 1.357936333333333459e+04
5.763200000000000000e+04 2.510776905986418095e-14 nan nan 8.982092486746923896e+02 1.349284833333333336e+04
5.763200000000000000e+04 2.515362567740743630e-14 nan nan 9.002582839540816622e+02 1.355454000000000087e+04
5.769000000000000000e+04 2.423694302123529070e-14 1.689557396883603642e-13 nan 8.940971406865010067e+02 1.336839333333333343e+04
5.769000000000000000e+04 2.412622020169603454e-14 1.352281513877328658e-13 nan 8.944453963172602471e+02 1.337863666666666541e+04
5.769000000000000000e+04 2.420096142270541193e-14 9.362461318908153285e-14 nan 8.877907433582507792e+02 1.318132333333333372e+04
5.769400000000000000e+04 2.557436810920892340e-14 nan nan 7.880854281637772374e+02 1.039821833333333234e+04
5.769400000000000000e+04 2.536074996171787653e-14 nan nan 7.867882511404600336e+02 1.036456333333333350e+04
5.769400000000000000e+04 2.554536129799737994e-14 nan nan 7.855678964881705042e+02 1.033241666666666606e+04
5.770000000000000000e+04 2.434989512751799747e-14 7.920479479519221550e-14 nan 8.719740117824399022e+02 1.272691833333333307e+04
5.770000000000000000e+04 2.418910346744689380e-14 4.478996999879890875e-14 nan 8.711090467072107231e+02 1.270151999999999862e+04
5.770000000000000000e+04 2.419596786429092743e-14 3.272622353855670450e-14 nan 8.714895482937088218e+02 1.271178499999999985e+04
5.770300000000000000e+04 2.528117253433914765e-14 nan nan 8.360083722077331458e+02 1.172743666666666650e+04
5.770300000000000000e+04 2.515469753068376920e-14 nan nan 8.350571649495223028e+02 1.169909166666666715e+04
5.770300000000000000e+04 2.534841491964818889e-14 nan nan 8.344532225863989652e+02 1.167973166666666657e+04
5.770700000000000000e+04 2.502269679146435847e-14 nan nan 7.398000275204897207e+02 9.243396666666667443e+03
5.770700000000000000e+04 2.442873473339821911e-14 nan nan 7.348731197527700942e+02 9.141126666666667006e+03
5.770700000000000000e+04 2.478976539828725256e-14 nan nan 7.344296960763294919e+02 9.120505000000001019e+03
5.771100000000000000e+04 nan nan nan 7.858701855541866053e+02 1.036488833333333423e+04
5.771100000000000000e+04 nan nan nan 7.894321924657809859e+02 1.045421333333333496e+04
5.771100000000000000e+04 nan nan nan 7.907939587734772431e+02 1.048764333333333343e+04
5.771400000000000000e+04 2.493287826599956496e-14 nan nan 7.480421304196769370e+02 9.371668333333333067e+03
5.771400000000000000e+04 2.515416287356665667e-14 nan nan 7.431940053837262212e+02 9.251315000000000509e+03
5.771400000000000000e+04 2.511149296771883277e-14 nan nan 7.462670928020252177e+02 9.327738333333334594e+03
5.772000000000000000e+04 nan nan nan 7.678868856310355113e+02 9.873608333333333576e+03
5.772000000000000000e+04 nan nan nan 7.634209573487729585e+02 9.759225000000000364e+03
5.772000000000000000e+04 nan nan nan 7.663819258782343695e+02 9.835061666666666497e+03
5.772400000000000000e+04 2.492865765721637444e-14 nan nan 7.163631697209797267e+02 8.598534999999999854e+03
5.772400000000000000e+04 2.517548517155370580e-14 nan nan 7.226935412443789346e+02 8.751078333333332921e+03
5.772800000000000000e+04 2.505782191518013899e-14 nan nan 8.152104639090229057e+02 1.112771833333333234e+04
5.772800000000000000e+04 2.510697716619758917e-14 nan nan 8.154681789525520799e+02 1.113439666666666744e+04
5.772800000000000000e+04 2.498582089374273088e-14 nan nan 8.133396509571890647e+02 1.107690999999999985e+04
5.773300000000000000e+04 2.487820045173338079e-14 nan nan 7.871892381119831725e+02 1.040847833333333256e+04
5.773300000000000000e+04 2.522765632374743884e-14 nan nan 7.755815347959161272e+02 1.011212666666666701e+04
5.773300000000000000e+04 2.498494765443332441e-14 nan nan 7.285330572226018830e+02 8.930201666666665915e+03
5.773600000000000000e+04 2.342012832155716893e-14 nan nan 7.632435176466481153e+02 9.830734999999998763e+03
5.773600000000000000e+04 2.319580102369362679e-14 nan nan 7.681540790443432343e+02 9.936243333333333794e+03
5.773600000000000000e+04 2.304326872720150219e-14 nan nan 7.630381438571405397e+02 9.825266666666666424e+03
5.773900000000000000e+04 2.480229808959338666e-14 2.449705954578592458e-14 nan 7.743116769767037795e+02 1.005790166666666664e+04
5.773900000000000000e+04 2.489713546472382348e-14 2.472626891003496898e-14 nan 7.769851475165427246e+02 1.012801166666666541e+04
5.773900000000000000e+04 2.492850117662139954e-14 2.461262748887156347e-14 nan 7.765773066018648478e+02 1.011697166666666817e+04
5.774200000000000000e+04 2.464817670225652824e-14 4.851931359955583636e-13 nan 7.633552022241862005e+02 9.756659999999999854e+03
5.774200000000000000e+04 2.443833122745591119e-14 nan nan 7.678840692273071227e+02 9.872350000000000364e+03
5.774200000000000000e+04 2.442035916142746909e-14 nan nan 7.659916045743646009e+02 9.823256666666666206e+03
5.774600000000000000e+04 2.385466176535146264e-14 nan nan 8.193664472635226730e+02 1.125091500000000087e+04
5.774600000000000000e+04 2.402434597933366647e-14 nan nan 8.218956579456407781e+02 1.131443499999999949e+04
5.774600000000000000e+04 2.424315088606768788e-14 nan nan 8.240032834705904179e+02 1.136778499999999985e+04
5.774900000000000000e+04 2.539599093765349552e-14 nan nan 7.534091100943147694e+02 9.506953333333332921e+03
5.774900000000000000e+04 2.535021190115239350e-14 nan nan 7.509986733882323051e+02 9.446176666666666279e+03
5.774900000000000000e+04 2.534029276038067599e-14 nan nan 7.531255334239525610e+02 9.499118333333333794e+03
5.775200000000000000e+04 2.474229675491741369e-14 2.462537400973850494e-14 nan 7.610181648938109902e+02 9.697721666666668170e+03
5.775200000000000000e+04 2.499810713399133560e-14 2.489836095227715427e-14 nan 7.581807279581581724e+02 9.626784999999999854e+03
5.775200000000000000e+04 2.479469101160881280e-14 2.464666495809913111e-14 nan 7.619674783507629172e+02 9.722106666666666570e+03
5.785700000000000000e+04 nan nan nan nan nan
5.785700000000000000e+04 nan nan nan nan nan
5.785700000000000000e+04 nan nan nan nan nan
5.787300000000000000e+04 2.021097219405881551e-14 nan nan 5.183895222310618465e+02 4.523133333333333212e+03
5.787300000000000000e+04 nan nan nan nan nan
5.787300000000000000e+04 2.959012413631487389e-14 nan nan 4.044916005373707435e+02 2.770525000000000091e+03
5.787600000000000000e+04 2.443019875725826845e-14 nan nan 9.564791566506862637e+02 1.529416166666666504e+04
5.787600000000000000e+04 2.425215937522225460e-14 nan nan 9.522386550901666169e+02 1.515848499999999876e+04
5.787600000000000000e+04 2.434413684783649076e-14 nan nan 9.571109137829374731e+02 1.531389833333333445e+04
5.790300000000000000e+04 2.403650608077619385e-14 2.368074570052447700e-14 nan 8.943377240972376967e+02 1.337500833333333321e+04
5.790300000000000000e+04 2.425095245609640987e-14 2.381738539032144692e-14 nan 9.025307032662460642e+02 1.362047666666666555e+04
5.790300000000000000e+04 2.396766842378776090e-14 2.359779848274637236e-14 nan 8.945038028832749433e+02 1.338008499999999913e+04
5.790600000000000000e+04 2.498986590341024716e-14 2.475767694184027224e-14 nan 9.128089821854709953e+02 1.393212500000000000e+04
5.790600000000000000e+04 2.493305047344669644e-14 2.487345806976841217e-14 nan 9.059133940179481215e+02 1.372664333333333343e+04
5.790600000000000000e+04 2.512341531167142899e-14 2.500005702712700798e-14 nan 9.151650225420652305e+02 1.400751000000000022e+04
5.790900000000000000e+04 nan nan nan nan nan
5.790900000000000000e+04 nan nan nan nan nan
5.790900000000000000e+04 nan nan nan nan nan
5.791300000000000000e+04 nan nan nan 9.002463974566190927e+02 1.357705166666666628e+04
5.791300000000000000e+04 nan nan nan 9.044880287186225587e+02 1.370875833333333321e+04
5.791300000000000000e+04 nan nan nan 9.009228427254111011e+02 1.360404833333333409e+04
5.791600000000000000e+04 nan nan nan 9.053244498029696388e+02 1.373167333333333409e+04
5.791600000000000000e+04 nan nan nan 9.007240025120536302e+02 1.359462666666666701e+04
5.791600000000000000e+04 nan nan nan 9.004988867474785366e+02 1.358991500000000087e+04
5.792200000000000000e+04 nan nan nan 3.441716896599007782e+02 2.019380000000000109e+03
5.792200000000000000e+04 nan nan nan 3.224232461793529296e+02 1.796164999999999964e+03
5.792200000000000000e+04 nan nan nan 2.364467185468593868e+02 9.750330000000000155e+02
5.792500000000000000e+04 2.430220319777361578e-14 nan nan 7.995132109486060017e+02 1.070102333333333445e+04
5.792500000000000000e+04 2.419831634421054567e-14 4.410495189159070648e-13 nan 8.252482993800198301e+02 1.139840166666666664e+04
5.792500000000000000e+04 2.417305314945925521e-14 4.655212659093252037e-14 nan 8.263327282746106448e+02 1.142466500000000087e+04
5.793300000000000000e+04 2.464381070403778599e-14 2.633173080438915332e-14 nan 8.575577697617245576e+02 1.244165666666666766e+04
5.793300000000000000e+04 2.482817926632924838e-14 2.583516448674309141e-14 nan 8.506622963908100701e+02 1.226489000000000124e+04
5.793300000000000000e+04 2.492979072439559985e-14 2.592260439507216225e-14 nan 8.516153104023137530e+02 1.213161333333333459e+04
5.793600000000000000e+04 nan nan nan 9.020668917344349893e+02 1.360627166666666744e+04
5.793600000000000000e+04 nan nan nan 8.976980461853410134e+02 1.347847333333333336e+04
5.793600000000000000e+04 nan nan nan 8.934420583532117917e+02 1.335077333333333445e+04
5.794200000000000000e+04 nan nan nan 7.668845068061891652e+02 9.884980000000001382e+03
5.794200000000000000e+04 nan nan nan nan nan
5.794200000000000000e+04 nan nan nan 7.672972927050035423e+02 9.893778333333331830e+03
5.794500000000000000e+04 nan nan nan 8.374331972857117989e+02 1.181076500000000124e+04
5.794500000000000000e+04 nan nan nan 8.297824421369027732e+02 1.158842000000000007e+04
5.794500000000000000e+04 nan nan nan 8.291971282276758757e+02 1.157674499999999898e+04
5.794800000000000000e+04 2.410400213631685105e-14 1.626544710040695910e-13 nan 9.035883150681225970e+02 1.365688833333333423e+04
5.794800000000000000e+04 2.407904463659900769e-14 2.199509961507732902e-13 nan 8.985266341362647609e+02 1.350513166666666621e+04
5.794800000000000000e+04 2.396254224190014766e-14 2.397190679792618223e-13 nan 8.982831709085609191e+02 1.349867666666666628e+04
5.795100000000000000e+04 2.464870051324861743e-14 2.400542370841859461e-14 nan 8.922297603223479427e+02 1.331455666666666730e+04
5.795100000000000000e+04 2.468059877202363626e-14 2.390757492206434209e-14 nan 8.893250287605200128e+02 1.322746833333333234e+04
5.795100000000000000e+04 2.445225424162106865e-14 2.375132359024407012e-14 nan 8.787703251690642219e+02 1.291624333333333379e+04
5.795400000000000000e+04 2.542655054316707584e-14 2.391336847946896899e-14 nan 7.369512216799694215e+02 9.098371666666667807e+03
5.795400000000000000e+04 2.529886700789503884e-14 2.372139524073043168e-14 nan 7.952993446927947616e+02 1.058757333333333372e+04
5.795400000000000000e+04 2.531230156458891793e-14 2.393807621724342275e-14 nan 7.911664498296711372e+02 1.047733499999999913e+04
5.795800000000000000e+04 nan nan nan 9.047266846201275712e+02 1.369030666666666730e+04
5.795800000000000000e+04 nan nan nan 9.053989544649825802e+02 1.371140166666666664e+04
5.795800000000000000e+04 nan nan nan 9.030014158903128418e+02 1.363804999999999927e+04
5.796200000000000000e+04 2.477951656264055866e-14 nan nan 8.231980562460522606e+02 1.134239833333333445e+04
5.796200000000000000e+04 2.478851169962795175e-14 nan nan 7.402440766491321256e+02 9.281936666666666497e+03
5.796200000000000000e+04 2.475130576328358011e-14 nan nan 8.344835585861503660e+02 1.165429833333333409e+04
5.796500000000000000e+04 nan nan nan 4.536892079250320648e+02 3.479410000000000309e+03
5.796500000000000000e+04 nan nan nan 3.885510196535369118e+02 2.559918333333333521e+03
5.796500000000000000e+04 nan nan nan 3.535460882819822359e+02 2.127190000000000055e+03
5.797000000000000000e+04 nan nan nan 9.141272210948874317e+02 1.402079333333333307e+04
5.797000000000000000e+04 nan nan nan 9.184841578144256573e+02 1.415045333333333292e+04
5.797000000000000000e+04 nan nan nan 9.194489661816671742e+02 1.414922166666666817e+04
5.797300000000000000e+04 2.346536943731154372e-14 nan nan 8.878376021056118361e+02 1.328351999999999862e+04
5.797300000000000000e+04 2.286913557000664921e-14 nan nan 8.249152943027999072e+02 1.153841833333333307e+04
5.797300000000000000e+04 2.332427252975497131e-14 nan nan 8.812172394057051861e+02 1.309334666666666817e+04
5.798000000000000000e+04 2.439947761230556261e-14 2.410541689508609323e-14 nan 8.857454811857624009e+02 1.312077666666666664e+04
5.798000000000000000e+04 2.445681009154690486e-14 2.420483932109530182e-14 nan 8.907814416295751698e+02 1.327020666666666693e+04
5.798000000000000000e+04 2.446793661548719929e-14 2.441887812798355482e-14 nan 8.930480606272768682e+02 1.333823666666666577e+04
5.798300000000000000e+04 nan nan nan 8.886792108825878813e+02 1.320749333333333379e+04
5.798300000000000000e+04 nan nan nan 8.888553479091771123e+02 1.323260999999999876e+04
5.798300000000000000e+04 5.917542282691680236e-13 nan nan 8.921983689843131060e+02 1.333701833333333343e+04
5.798600000000000000e+04 2.405468342601481670e-14 nan nan 8.726849153305010987e+02 1.273912666666666701e+04
5.798600000000000000e+04 2.416759258151769645e-14 nan nan 8.697358943438758843e+02 1.265334833333333336e+04
5.798600000000000000e+04 2.414870960534018953e-14 nan nan 8.738578622827456002e+02 1.277244000000000051e+04
5.799000000000000000e+04 nan nan nan 8.934106189492296153e+02 1.334874833333333299e+04
5.799000000000000000e+04 nan nan nan 8.928126850317740946e+02 1.333897666666666555e+04
5.799000000000000000e+04 nan nan nan 8.947389282514933484e+02 1.338867666666666628e+04
5.799300000000000000e+04 2.510278653206095596e-14 2.389505902854933132e-14 nan 9.065159785058626767e+02 1.374092666666666628e+04
5.799300000000000000e+04 2.499923412731393631e-14 2.378727404562655094e-14 nan 9.035761901851005859e+02 1.365300333333333219e+04
5.799300000000000000e+04 2.515843415669777589e-14 2.398925884371724970e-14 nan 9.078661126417055129e+02 1.378133499999999913e+04
5.799600000000000000e+04 nan nan nan nan nan
5.799600000000000000e+04 nan nan nan nan nan
5.799600000000000000e+04 2.445849586325711843e-14 2.317241993312360083e-14 nan 4.919170672214838760e+02 4.109515000000000327e+03
5.800000000000000000e+04 2.473803590141348481e-14 2.346566328323554906e-14 nan 9.030404484409394854e+02 1.367285333333333256e+04
5.800000000000000000e+04 2.490348477368711266e-14 2.339624464607783966e-14 nan 9.068226289697272477e+02 1.382533499999999913e+04
5.800000000000000000e+04 2.505409493163171532e-14 2.383121846341994495e-14 nan 9.128787796902920491e+02 1.396981999999999971e+04
5.800300000000000000e+04 2.401268727150101042e-14 3.313002020661756111e-14 nan 8.877407540057099595e+02 1.321004166666666606e+04
5.800300000000000000e+04 2.418602176360253111e-14 2.918232276584389416e-14 nan 8.745505745811138922e+02 1.282105500000000029e+04
5.800300000000000000e+04 2.407535943667145121e-14 6.493136198903812937e-14 nan 8.901403231289675659e+02 1.328366333333333387e+04
5.800700000000000000e+04 nan nan nan 8.851206937520393012e+02 1.310257333333333372e+04
5.800700000000000000e+04 nan nan nan 8.867226147525173019e+02 1.314991666666666606e+04
5.800700000000000000e+04 nan nan nan 8.928104525763442325e+02 1.333038166666666621e+04
5.801000000000000000e+04 2.492338371675363152e-14 2.377370523100455400e-14 nan 8.982669392262922656e+02 1.352643499999999949e+04
5.801000000000000000e+04 2.479695702885319136e-14 2.378087299215802019e-14 nan 8.995067422711439349e+02 1.356324666666666781e+04
5.801000000000000000e+04 2.514045131144450201e-14 2.400123155744321762e-14 nan 9.028766759873157071e+02 1.367078666666666504e+04
5.801700000000000000e+04 2.520231466120989396e-14 2.404843858725470509e-14 nan 9.005350988431628139e+02 1.359718833333333350e+04
5.801700000000000000e+04 2.500939726032823889e-14 2.368142116137384499e-14 nan 8.930101181691170495e+02 1.337054833333333409e+04
5.801700000000000000e+04 2.523891019028999208e-14 2.415116037727083403e-14 nan 8.987424691779915520e+02 1.354104999999999927e+04
5.802100000000000000e+04 2.525269978219036022e-14 2.371280780588571651e-14 nan 8.934303504457670897e+02 1.337133166666666693e+04
5.802100000000000000e+04 2.536292119698254052e-14 2.354313396983578647e-14 nan 8.889982567491673535e+02 1.324396666666666715e+04
5.802100000000000000e+04 2.529220844144033569e-14 2.374824268880490001e-14 nan 8.896891640798831986e+02 1.325878166666666766e+04
5.802400000000000000e+04 2.424299862983285058e-14 nan nan 7.112743590225554726e+02 8.484055000000000291e+03
5.802400000000000000e+04 2.396115217094392775e-14 nan nan 6.934650615456961305e+02 8.068291666666666970e+03
5.802400000000000000e+04 2.406013909492708547e-14 nan nan 6.782413713926279115e+02 7.723313333333333503e+03
5.802700000000000000e+04 2.396885161258753740e-14 nan nan 8.536003262924618866e+02 1.221128166666666766e+04
5.802700000000000000e+04 2.402703740777413874e-14 nan nan 8.561585999031742631e+02 1.228509666666666817e+04
5.802700000000000000e+04 2.402755528833304496e-14 nan nan 8.582600891755852217e+02 1.234536166666666577e+04
5.804700000000000000e+04 nan nan nan 8.461201886662848892e+02 1.201165333333333183e+04
5.804700000000000000e+04 nan nan nan 8.460097562085289837e+02 1.200134333333333234e+04
5.804700000000000000e+04 nan nan nan 8.452888218358227732e+02 1.199960000000000036e+04
5.805000000000000000e+04 2.915108830065602033e-14 3.119491120856929826e-14 nan 7.712564082719604812e+02 9.958704999999999927e+03
5.805000000000000000e+04 2.900937834712457119e-14 3.099368423360490816e-14 nan 8.023671920794839707e+02 1.077454833333333409e+04
5.805000000000000000e+04 2.947920275764508864e-14 3.135751814417941695e-14 nan 5.063447536310424084e+02 4.317359999999999673e+03
5.805300000000000000e+04 nan nan nan 8.032006506915477075e+02 1.079771999999999935e+04
5.805300000000000000e+04 nan nan nan 8.000898838418936521e+02 1.071515500000000065e+04
5.805300000000000000e+04 nan nan nan 6.514210506307844071e+02 7.118701666666665915e+03
5.805600000000000000e+04 2.555150665488773242e-14 2.529066716417569492e-14 nan 7.757141276806989936e+02 1.007885666666666657e+04
5.805600000000000000e+04 2.542384258430953105e-14 2.507708877029565326e-14 nan 7.696224151116522307e+02 9.921530000000000655e+03
5.805600000000000000e+04 2.513646791484895520e-14 2.480136637624182168e-14 nan 7.688486462967052830e+02 9.901049999999999272e+03
5.806200000000000000e+04 nan nan nan 8.165852450606844286e+02 1.121424499999999898e+04
5.806200000000000000e+04 nan nan nan 8.173662985323085195e+02 1.123294333333333270e+04
5.806200000000000000e+04 nan nan nan 8.175418411379207555e+02 1.124454000000000087e+04
5.806500000000000000e+04 nan nan nan 7.882182280924746465e+02 1.041541333333333387e+04
5.806500000000000000e+04 nan nan nan 7.829804173336536905e+02 1.027880333333333328e+04
5.806500000000000000e+04 nan nan nan 7.710208697636425086e+02 9.967561666666666497e+03
5.806800000000000000e+04 nan nan nan 7.971857437656627781e+02 1.063750500000000102e+04
5.806800000000000000e+04 nan nan nan 7.976837270386677119e+02 1.065157333333333372e+04
5.806800000000000000e+04 nan nan nan 7.932813898273572022e+02 1.053461999999999898e+04
5.807100000000000000e+04 nan nan nan 7.752741324365997571e+02 1.006369666666666672e+04
5.807100000000000000e+04 nan nan nan 7.724593963274668340e+02 9.990440000000000509e+03
5.807100000000000000e+04 nan nan nan 7.734448646350557510e+02 1.001626166666666541e+04
