5.750800000000000000e+04 7.238543321511259956e-15 4.259708989003048320e-17
5.751600000000000000e+04 7.112166871667963090e-15 5.663977069943836824e-17
5.752300000000000000e+04 6.711911250372107671e-15 7.363700102508200955e-17
5.753000000000000000e+04 7.313895628322712882e-15 3.643688743460556929e-17
5.754700000000000000e+04 7.766592985534264040e-15 1.667802467834476632e-16
5.755400000000000000e+04 5.937899036397875611e-15 1.294159828325632218e-16
5.756200000000000000e+04 6.168429468198984826e-15 4.818044513997393305e-17
5.756900000000000000e+04 nan nan
5.758300000000000000e+04 nan nan
5.759100000000000000e+04 nan nan
5.759800000000000000e+04 6.193524967041381516e-15 3.107548675305734207e-17
5.769100000000000000e+04 nan nan
5.769300000000000000e+04 nan nan
5.770100000000000000e+04 8.687508185725048532e-15 9.453317690181012782e-17
5.771100000000000000e+04 7.572179516065497860e-15 1.799884367764834780e-17
5.771900000000000000e+04 7.902792660789550654e-15 3.623065730478511317e-17
5.772600000000000000e+04 7.882430487284977112e-15 7.788573568966778299e-17
5.773300000000000000e+04 8.289687979066196532e-15 1.351327481977897329e-17
5.774100000000000000e+04 nan nan
5.774900000000000000e+04 8.147865369862038927e-15 7.288000452290692044e-17
5.775700000000000000e+04 8.311798307329271368e-15 1.945260198473512036e-16
5.776400000000000000e+04 9.861434257707602364e-15 4.117775203677037692e-17
5.777200000000000000e+04 nan nan
5.777900000000000000e+04 8.949319501068733109e-15 6.273688691467001857e-17
5.778600000000000000e+04 1.057683784495611380e-14 3.269294877767113903e-17
5.779400000000000000e+04 1.057011130609661670e-14 3.768698042141590850e-17
5.780100000000000000e+04 7.523667558839558673e-15 8.276961317251579919e-17
5.780900000000000000e+04 nan nan
5.781700000000000000e+04 8.671822451763046657e-15 5.577171482132870339e-17
5.785700000000000000e+04 9.474395837300250013e-15 0.000000000000000000e+00
5.786400000000000000e+04 1.123678878838278814e-14 3.840307496931589316e-17
5.787800000000000000e+04 9.989824666817468706e-15 3.200353614450207551e-17
5.788700000000000000e+04 9.606649064282348964e-15 1.298265691757321869e-17
5.789400000000000000e+04 9.549736053559852735e-15 1.044686557243595159e-16
5.790300000000000000e+04 nan nan
5.791000000000000000e+04 8.749590994810163056e-15 2.946347023247664282e-17
5.791800000000000000e+04 9.280333880872010752e-15 1.947650644792874326e-17
5.792500000000000000e+04 nan nan
5.793300000000000000e+04 9.953560456177305367e-15 1.934211173915337802e-17
5.794200000000000000e+04 nan nan
5.794900000000000000e+04 1.020313027329994849e-14 1.221498322474737454e-16
5.795600000000000000e+04 1.075916806343883047e-14 2.871597839112753699e-17
5.796400000000000000e+04 1.011060710641493815e-14 2.131357935669060163e-16
5.805500000000000000e+04 nan nan
5.806200000000000000e+04 6.713660345906406953e-15 1.645473709166593417e-17
5.807000000000000000e+04 7.830805716831030489e-15 6.657124313204981623e-17
5.807900000000000000e+04 7.360815213101204346e-15 6.615486218751798338e-17
5.808600000000000000e+04 7.293117175654712925e-15 5.823011285420743693e-17
5.809400000000000000e+04 nan nan
5.811700000000000000e+04 9.866602612098129556e-15 3.223156201567146801e-17
5.812500000000000000e+04 9.532307063545646777e-15 8.328337400024384018e-17
5.813200000000000000e+04 7.118334232016029368e-15 1.493198977598126061e-17
5.814000000000000000e+04 7.086910460060892700e-15 3.217567562915696599e-17
5.814700000000000000e+04 7.013984412968241829e-15 3.827012983400667289e-17
5.815400000000000000e+04 6.341362664202042420e-15 1.682351591893636319e-16
5.816100000000000000e+04 6.838252536437924390e-15 2.508499708241547435e-17
5.816800000000000000e+04 nan nan
5.817500000000000000e+04 nan nan
5.818200000000000000e+04 7.202053786073258337e-15 5.847939159488871999e-17
5.819000000000000000e+04 nan nan
5.819800000000000000e+04 8.574180350873590838e-15 1.323474295014233815e-16
5.820500000000000000e+04 nan nan
5.822200000000000000e+04 7.585024496231689078e-15 1.131289234402222829e-16
5.822900000000000000e+04 7.356485039069961251e-15 3.942074564198478193e-17
5.823700000000000000e+04 nan nan
5.824400000000000000e+04 7.375135082111384110e-15 1.133011206250580626e-16
5.825300000000000000e+04 6.929764695965774758e-15 3.185567130943087439e-17
5.826000000000000000e+04 6.745216361754938077e-15 1.035487459270132459e-16
5.827000000000000000e+04 nan nan
5.827800000000000000e+04 7.157290189155962963e-15 1.506883892758963371e-17
5.828600000000000000e+04 nan nan
5.829500000000000000e+04 nan nan
5.830700000000000000e+04 6.801438507440406497e-15 3.820622599607411560e-17
5.831400000000000000e+04 6.119707215389406896e-15 5.103955941256146289e-17
5.832100000000000000e+04 nan nan
5.832900000000000000e+04 5.931326209704644142e-15 3.646416218861187590e-17
