5.769000000000000000e+04 3.313405147174248982e-15 3.910117552862034863e-15 3.058734187300172403e-15 4.869054156651424137e+02 1.782602000000000089e+03
5.771200000000000000e+04 3.205774912512286438e-15 3.272473115878857644e-15 3.406222835373041910e-15 4.519547763623618266e+02 1.552798999999999978e+03
5.792300000000000000e+04 2.342158234148331274e-15 nan 2.779122646455464938e-15 3.941763101971901051e+02 1.305840999999999894e+03
5.798600000000000000e+04 2.825322968252286340e-15 2.582443052173537856e-15 3.113453137701665154e-15 4.705894943891655089e+02 1.667697000000000116e+03
5.801000000000000000e+04 2.671566040287402997e-15 nan 2.704053993287540254e-15 4.775921339022150391e+02 1.682229000000000042e+03
5.804700000000000000e+04 2.456290042813929874e-15 2.260262493282075632e-15 2.704679339617119381e-15 4.128954556948336858e+02 1.386462999999999965e+03
5.806800000000000000e+04 2.547156274850607926e-15 2.312312368857479996e-15 2.752010941351374101e-15 4.301852787937401672e+02 1.514237999999999829e+03
5.809000000000000000e+04 2.601514770409196620e-15 nan 2.728150265779769992e-15 3.973415607138941255e+02 1.353214999999999918e+03
5.822200000000000000e+04 2.641802555565588802e-15 nan 2.875807076281236148e-15 3.773790549631377758e+02 1.259914999999999964e+03
5.827100000000000000e+04 2.632445710359763164e-15 nan 2.840064924332027833e-15 3.594033474443897376e+02 1.167904999999999973e+03
5.828600000000000000e+04 2.432733014257453355e-15 2.697266013464087101e-15 2.958604408772087898e-15 3.552793917003035631e+02 1.139353000000000065e+03
5.831100000000000000e+04 2.475512684746081627e-15 2.335891719055215081e-15 2.812053208392102113e-15 3.650889895422810696e+02 1.162129999999999882e+03
5.833200000000000000e+04 2.625384065460816384e-15 2.275616839260445134e-15 2.819788740562963725e-15 3.589405137400701733e+02 1.159754999999999882e+03
