5.750800000000000000e+04 7.308531488137027847e-15 7.489947888061886829e-15 nan 2.145880333465028400e+02 1.981148000000000138e+03
5.750800000000000000e+04 7.340329416454217756e-15 7.558756128933005366e-15 nan 2.245120506922079642e+02 2.005462222222222181e+03
5.750800000000000000e+04 7.185546275829785490e-15 7.451701247232061172e-15 nan 2.236092570987550516e+02 1.961698888888888860e+03
5.752000000000000000e+04 nan nan nan nan nan
5.752000000000000000e+04 nan nan nan nan nan
5.752000000000000000e+04 nan nan nan nan nan
5.753000000000000000e+04 6.921104258782516663e-15 6.415662777884330370e-15 nan 1.592624913030309131e+02 1.873628666666666504e+03
5.753000000000000000e+04 7.064435524864237124e-15 6.493676913703389565e-15 nan 2.724074799445961617e+02 1.938003555555555522e+03
5.753000000000000000e+04 7.288237560676192559e-15 6.681186762046754637e-15 nan 2.713705932304119983e+02 2.019960666666666611e+03
5.754700000000000000e+04 7.327376531320907543e-15 7.634496924066538001e-15 nan 1.923469279196950197e+02 1.676916222222222132e+03
5.754700000000000000e+04 7.387346865283878891e-15 7.624510875572403347e-15 nan 1.906508717639154895e+02 1.667716000000000122e+03
5.754700000000000000e+04 7.350190343590451862e-15 7.675968412619728436e-15 nan 1.838380313439076872e+02 1.680280000000000200e+03
5.755800000000000000e+04 6.906689613297502769e-15 6.906623963498770360e-15 nan 1.358241092959551963e+02 1.866770666666666557e+03
5.755800000000000000e+04 6.893082854436898326e-15 6.951720208259761844e-15 nan 1.450192007881027791e+02 1.864051777777777716e+03
5.755800000000000000e+04 6.883435164597157696e-15 6.887780445161949982e-15 nan 1.475753654830363928e+02 1.863289999999999964e+03
5.756800000000000000e+04 7.149839518205893963e-15 6.851997459120367805e-15 nan 1.938199319739659643e+02 1.611917999999999893e+03
5.756800000000000000e+04 7.109257829367633590e-15 6.771554726427406036e-15 nan 1.892354939629183264e+02 1.595093999999999824e+03
5.756800000000000000e+04 7.047696551718926677e-15 6.781082060041358163e-15 nan 1.831680856219764166e+02 1.582881111111111068e+03
5.758300000000000000e+04 nan nan nan nan nan
5.758300000000000000e+04 6.775748078380992421e-15 7.097964936515532522e-15 nan 7.461719943630873786e+01 1.233952222222222190e+03
5.758300000000000000e+04 6.989260876608019728e-15 7.342895901227922949e-15 nan 7.629273141707044203e+01 1.241596888888888998e+03
5.759900000000000000e+04 7.114194771613428483e-15 6.818550373301305051e-15 nan 2.074882841127609936e+02 1.853724888888888700e+03
5.759900000000000000e+04 7.104717035236904935e-15 6.856679163964635222e-15 nan 1.897329845387753835e+02 1.854967555555555464e+03
5.759900000000000000e+04 7.070935192760124669e-15 6.866595658408443133e-15 nan 2.126324926462264955e+02 1.854061777777777706e+03
5.761000000000000000e+04 7.131680755982275218e-15 7.429690232236075339e-15 4.901504098727039338e-15 1.186148482831629849e+02 1.101220666666666602e+03
5.761000000000000000e+04 7.167932618502502999e-15 7.533632174546309241e-15 4.896411182616437058e-15 1.160366295205729585e+02 1.070960888888888803e+03
5.761100000000000000e+04 7.191608466160288572e-15 7.934200406797655592e-15 nan 2.379956843718274229e+02 1.814149111111111324e+03
5.761200000000000000e+04 7.203439885670536681e-15 8.008815543162023370e-15 nan 2.808805466415160481e+02 1.816574666666666644e+03
5.761200000000000000e+04 7.247819613421484175e-15 8.042851356391197108e-15 nan 2.294630786462410867e+02 1.831747555555555437e+03
5.762000000000000000e+04 nan nan nan nan nan
5.762000000000000000e+04 nan nan nan nan nan
5.762000000000000000e+04 nan nan nan nan nan
5.763300000000000000e+04 7.226884458834819693e-15 7.176811077006932907e-15 nan 1.804566260328745386e+02 1.567992888888888729e+03
5.763300000000000000e+04 7.260153416438199557e-15 7.192794801646722486e-15 nan 1.788823803583439087e+02 1.598831555555555497e+03
5.763300000000000000e+04 7.194705657803409420e-15 7.148893121567544244e-15 nan 2.090586349228175891e+02 1.569876666666666551e+03
5.772400000000000000e+04 6.926195119703728009e-15 7.476060337517982655e-15 nan 1.649545904920245221e+02 1.340094888888888818e+03
5.772400000000000000e+04 6.760862556409245091e-15 7.359318638800291746e-15 nan 1.625277465981437786e+02 1.332065111111111037e+03
5.772400000000000000e+04 6.705356141156696949e-15 7.257228614946614672e-15 nan 1.410940450666552977e+02 1.340064888888888845e+03
5.773600000000000000e+04 nan nan nan nan nan
5.773600000000000000e+04 nan nan nan nan nan
5.773600000000000000e+04 nan nan nan nan nan
5.774600000000000000e+04 7.044473613714409162e-15 7.094297407103717498e-15 nan 1.878877592716931133e+02 1.403297777777777810e+03
5.774600000000000000e+04 6.968517708645291829e-15 7.043068033824929991e-15 nan 2.276896282871971380e+02 1.397913333333333412e+03
5.774600000000000000e+04 7.020633631152399556e-15 7.160734397630992226e-15 nan 2.378697792991336541e+02 1.407084222222222252e+03
5.775700000000000000e+04 7.185047828826472243e-15 7.557205859300511852e-15 4.870603455591956560e-15 1.962696790836429557e+02 1.046918666666666695e+03
5.775700000000000000e+04 7.287280776361040077e-15 7.666674640663922247e-15 5.035500272817880405e-15 1.524044124349735227e+02 1.078967555555555464e+03
5.775700000000000000e+04 7.227148651775681871e-15 7.620224313748093336e-15 5.012523794530162881e-15 1.888502336069286685e+02 1.100645999999999958e+03
5.776900000000000000e+04 6.796176685820443474e-15 6.614869593623250186e-15 4.656538070771311987e-15 1.446802384285290941e+02 1.202052888888888901e+03
5.776900000000000000e+04 6.890803953211534738e-15 6.624148758444292531e-15 4.675137246090352676e-15 1.322297745742492623e+02 1.209168666666666695e+03
5.776900000000000000e+04 7.003151735873093004e-15 6.672544532308186621e-15 4.721502181573067045e-15 1.285339403829580078e+02 1.232300666666666530e+03
5.777900000000000000e+04 7.072606500857805969e-15 6.834171172755177336e-15 nan 1.576261736130251450e+02 1.179732888888888965e+03
5.777900000000000000e+04 6.981528248088847184e-15 6.717075650168838988e-15 nan 1.960261496393201242e+02 1.174574666666666644e+03
5.777900000000000000e+04 7.015157489118804349e-15 6.789357147875275002e-15 nan 2.036285676407896972e+02 1.183879999999999882e+03
5.779100000000000000e+04 7.094050363408954432e-15 7.255402494648624653e-15 4.937414709571652312e-15 1.582793720300415430e+02 1.239132222222222254e+03
5.779100000000000000e+04 7.132957577514598550e-15 7.266470754541382088e-15 4.987459633710837255e-15 2.226538012779025735e+02 1.235056666666666843e+03
5.779100000000000000e+04 6.912608549780404386e-15 6.981992690786047028e-15 4.798016328476052159e-15 2.027409836395606817e+02 1.192497777777777856e+03
5.780100000000000000e+04 6.970035160868909025e-15 6.647720453396283439e-15 4.720939844105745483e-15 1.336924766217782974e+02 1.223765111111111082e+03
5.780100000000000000e+04 7.023472508716810510e-15 6.666876660261371493e-15 4.758630568216636030e-15 1.641680022233914826e+02 1.235862666666666655e+03
5.780100000000000000e+04 6.949029061218458191e-15 6.558090622184926116e-15 4.724143472429320479e-15 1.780002077124575237e+02 1.212891111111111059e+03
5.781400000000000000e+04 7.048224064741059595e-15 7.172732430793555866e-15 nan 1.920932783204140435e+02 1.134971999999999980e+03
5.781400000000000000e+04 7.032321527273361813e-15 7.180802078113893402e-15 nan 1.649520053863514022e+02 1.126584444444444443e+03
5.781400000000000000e+04 6.988722261867766324e-15 7.131547053722167042e-15 nan 1.821854852806330314e+02 1.131816666666666606e+03
5.782400000000000000e+04 6.592083034687403480e-15 6.404586646167215969e-15 nan 6.924999481007203883e+01 1.143710222222222228e+03
5.782400000000000000e+04 6.607837930924519031e-15 6.476886280210487117e-15 nan 7.476906880611777240e+01 1.161895111111111191e+03
5.782400000000000000e+04 6.589096436497855532e-15 6.443543045678111955e-15 nan 6.775664030830215268e+01 1.152708000000000084e+03
5.785700000000000000e+04 nan nan nan nan nan
5.785700000000000000e+04 nan nan nan nan nan
5.785700000000000000e+04 6.613100491848059736e-15 6.782219743334712299e-15 nan 5.143347872206443583e+01 1.007472666666666555e+03
5.785700000000000000e+04 nan nan nan nan nan
5.785700000000000000e+04 6.777301735510430462e-15 6.984572914438740536e-15 nan 4.288355023792123433e+01 9.174984444444444307e+02
5.786700000000000000e+04 7.253709219871595758e-15 7.062684690456768371e-15 5.107358990500154786e-15 1.738680292888334122e+02 1.161432444444444400e+03
5.786700000000000000e+04 7.214809099419865724e-15 7.030706756722951896e-15 5.017443477703064139e-15 1.899696861133483026e+02 1.174365555555555602e+03
5.786700000000000000e+04 7.153005835359626509e-15 7.017926670597649539e-15 4.988137334803890285e-15 2.110968889186052593e+02 1.165531777777777734e+03
5.787700000000000000e+04 7.214300382923400613e-15 6.701715422010645126e-15 nan 2.350431081695068940e+02 1.667024444444444498e+03
5.787700000000000000e+04 7.238935370370357662e-15 6.695934580126048028e-15 nan 2.109145705820830585e+02 1.673045111111111055e+03
5.787700000000000000e+04 7.203101953751115924e-15 6.679956847334022046e-15 nan 2.134052814946582259e+02 1.671315555555555420e+03
5.788800000000000000e+04 6.823816289779107502e-15 6.455378273001449201e-15 nan 1.303008129733406690e+02 1.421273333333333312e+03
5.788800000000000000e+04 6.631943659001970628e-15 6.241300709610752107e-15 nan 1.332916265894369587e+02 1.361866222222222405e+03
5.788800000000000000e+04 6.799344725843000920e-15 6.445634253418598746e-15 nan 1.166970048023836455e+02 1.410375333333333401e+03
5.790100000000000000e+04 7.237563494946583242e-15 6.887606880789880590e-15 nan 2.073768271973619051e+02 1.663472888888888974e+03
5.790100000000000000e+04 7.171947214589639116e-15 6.791455859919233339e-15 nan 1.966868239968389105e+02 1.621795555555555666e+03
5.790100000000000000e+04 7.185656930490232734e-15 6.840212382960241112e-15 nan 2.120331689243849951e+02 1.664398888888888905e+03
5.791100000000000000e+04 7.295468227132346762e-15 7.031293283342754811e-15 5.058638599042408800e-15 1.465475115484424009e+02 1.774329555555555544e+03
5.791100000000000000e+04 7.116590506146626529e-15 6.856244265729601260e-15 4.865877493433389052e-15 2.245624055941812856e+02 1.732245555555555711e+03
5.791100000000000000e+04 7.240383947793397885e-15 6.964515709603293485e-15 5.009286053445681043e-15 2.328807212585302864e+02 1.770758888888888805e+03
5.792200000000000000e+04 7.432354458808757074e-15 7.331245688903270494e-15 nan 2.119014048929844591e+02 1.687752444444444563e+03
5.792200000000000000e+04 7.332053209704650386e-15 7.279262452527996506e-15 nan 2.164668765896073523e+02 1.683027999999999793e+03
5.792200000000000000e+04 7.114374843221029902e-15 7.276206638386630917e-15 nan 2.199716251100423392e+02 1.680757333333333463e+03
5.793300000000000000e+04 7.281365810236180410e-15 6.797173708387328585e-15 nan 2.095189227666621434e+02 1.463628888888888923e+03
5.793300000000000000e+04 7.352086751030894192e-15 6.851597865749766473e-15 nan 2.202325594486525517e+02 1.493760666666666566e+03
5.793300000000000000e+04 7.347341300776275965e-15 6.907030582959027940e-15 nan 2.062228150614399738e+02 1.521105111111111000e+03
5.808900000000000000e+04 nan nan nan nan nan
5.808900000000000000e+04 nan nan nan nan nan
5.808900000000000000e+04 nan nan nan nan nan
