5.769000000000000000e+04 3.447223737877835730e-15 nan nan 1.499893976243092197e+02 5.958723333333332448e+02
5.769000000000000000e+04 3.501895245867394015e-15 nan nan 1.463289349309126237e+02 5.995434999999999945e+02
5.769000000000000000e+04 3.403593109334125256e-15 nan nan 1.435134688856896332e+02 5.856026666666667779e+02
5.770200000000000000e+04 3.582703312841517818e-15 nan nan 1.053447474210716734e+02 6.683486666666666451e+02
5.770200000000000000e+04 3.740363109990581132e-15 nan nan 1.080603379940975231e+02 6.683353333333333239e+02
5.770200000000000000e+04 3.709281718198000185e-15 nan nan 1.081430190414533428e+02 7.010995000000000346e+02
5.771400000000000000e+04 3.629166961671258939e-15 nan nan 7.749663759787236472e+01 2.395258333333333098e+02
5.771400000000000000e+04 3.782672870237797256e-15 nan nan 8.204738751554963017e+01 2.665533333333333417e+02
5.771400000000000000e+04 3.485066788111581608e-15 nan nan 6.018318798663783298e+01 1.851545000000000130e+02
5.772700000000000000e+04 3.935084215396169169e-15 nan nan 1.439035647334563635e+02 6.251169999999999618e+02
5.772700000000000000e+04 3.886683616481451217e-15 nan nan 1.389464187348264659e+02 6.178909999999999627e+02
5.772700000000000000e+04 3.893482609531313119e-15 nan nan 1.374940193643481905e+02 6.274868333333332657e+02
5.778500000000000000e+04 3.818074354849837309e-15 nan nan 1.303706849862681736e+02 4.949448333333332926e+02
5.778500000000000000e+04 3.846394590463568325e-15 nan nan 1.339405471021052279e+02 4.975060000000000286e+02
5.778500000000000000e+04 3.746220044464250986e-15 nan nan 1.260328153025230762e+02 4.756480000000000246e+02
5.779900000000000000e+04 3.774248936824473892e-15 nan nan 8.834700665845595324e+01 5.036201666666666483e+02
5.779900000000000000e+04 3.794656592300250398e-15 nan nan 8.950576282647431015e+01 4.952213333333332912e+02
5.779900000000000000e+04 3.855625087621883344e-15 nan nan 9.267334329426296335e+01 5.115989999999999895e+02
5.784700000000000000e+04 3.667111054537810686e-15 nan nan 1.299487051366265291e+02 4.824481666666666797e+02
5.784700000000000000e+04 3.684044400566509219e-15 nan nan 1.312154532777940688e+02 4.867373333333333676e+02
5.784700000000000000e+04 3.728503995496149148e-15 nan nan 1.315680356417398400e+02 4.872205000000000155e+02
5.787000000000000000e+04 3.690797291206026758e-15 nan nan 1.161181357752376613e+02 4.220559999999999832e+02
5.787200000000000000e+04 3.678472406608575300e-15 nan nan 1.927255829940180831e+02 8.586546666666666852e+02
5.787200000000000000e+04 3.730186600505333051e-15 nan nan 1.868336345580065938e+02 8.508235000000000809e+02
5.787200000000000000e+04 3.677781115936030967e-15 nan nan 1.912346419116024663e+02 8.361949999999999363e+02
5.788700000000000000e+04 3.792793605946234700e-15 nan nan 9.567822945845206561e+01 6.770721666666667033e+02
5.788700000000000000e+04 3.937366398964695180e-15 nan nan 1.007849921839477361e+02 6.917598333333332903e+02
5.788700000000000000e+04 3.888644965864244364e-15 nan nan 1.071975044842973404e+02 6.883961666666666588e+02
5.790100000000000000e+04 3.591603594490261324e-15 nan nan 1.499109367915431790e+02 5.951203333333334058e+02
5.790100000000000000e+04 3.572145216383751513e-15 nan nan 1.510676227662673057e+02 5.977296666666666169e+02
5.790100000000000000e+04 3.508777867706936933e-15 nan nan 1.532354730343967333e+02 6.315138333333333094e+02
5.791300000000000000e+04 3.542810375493099604e-15 nan nan 7.716062524465627348e+01 7.735259999999999536e+02
5.791300000000000000e+04 3.576754484204223518e-15 nan nan 6.630957655201531509e+01 7.786088333333333367e+02
5.791300000000000000e+04 3.604155048905248694e-15 nan nan 7.789503532202844838e+01 7.821536666666667088e+02
5.792500000000000000e+04 3.700700561729681922e-15 nan nan 1.579983610913152745e+02 6.404060000000000628e+02
5.792500000000000000e+04 3.633750046151662297e-15 nan nan 1.474212392059790204e+02 5.841698333333333721e+02
5.792500000000000000e+04 3.631381747188996650e-15 nan nan 1.638553881083261103e+02 6.802876666666667234e+02
5.793700000000000000e+04 3.507675083722964684e-15 nan nan 1.409904998922159223e+02 7.094198333333333721e+02
5.793700000000000000e+04 3.450791355481764813e-15 nan nan 1.528654662370863093e+02 7.134141666666666879e+02
5.793700000000000000e+04 3.500443504866898161e-15 nan nan 1.443250032295213714e+02 7.264099999999999682e+02
5.794900000000000000e+04 3.277135927970725710e-15 nan nan 8.558660517438978843e+01 3.712626666666666324e+02
5.794900000000000000e+04 3.265443244263035369e-15 nan nan 1.141160596937287295e+02 4.784961666666666815e+02
5.794900000000000000e+04 3.268394102690914492e-15 nan nan 1.249073999588546684e+02 5.041616666666666902e+02
5.796200000000000000e+04 3.781344604597770067e-15 nan nan 1.102987191403462219e+02 3.846558333333333053e+02
5.796200000000000000e+04 3.706275215274783151e-15 nan nan 1.197714955811659223e+02 4.382290000000000418e+02
5.796200000000000000e+04 4.127641976138556430e-15 nan nan 6.406526553877807828e+01 1.824861666666666622e+02
5.797400000000000000e+04 3.623520124258849537e-15 nan nan 9.923582417173592773e+01 7.733946666666666943e+02
5.797400000000000000e+04 3.606076630318742632e-15 nan nan 9.897718445767714002e+01 7.801744999999999663e+02
5.797400000000000000e+04 3.640255426895794222e-15 nan nan 9.969900795916308311e+01 7.797965000000000373e+02
5.798700000000000000e+04 3.407402478998657889e-15 nan nan 1.649173487629125532e+02 6.839223333333333130e+02
5.798700000000000000e+04 3.432423467365885005e-15 nan nan 1.666583667504198445e+02 6.865866666666665878e+02
5.798700000000000000e+04 3.429386002305640281e-15 nan nan 1.620764913811067061e+02 6.822203333333333148e+02
5.800000000000000000e+04 3.678911637131213600e-15 nan nan 6.992640571176229969e+01 6.321594999999999800e+02
5.800000000000000000e+04 3.717087061287920697e-15 nan nan 6.431710196014948622e+01 6.341988333333333685e+02
5.800000000000000000e+04 3.854652494036997236e-15 nan nan 6.354702273957113334e+01 6.462729999999999109e+02
5.801800000000000000e+04 3.235961504391276620e-15 nan nan 1.382213224069087119e+02 5.215713333333333139e+02
5.801800000000000000e+04 3.234467569202779064e-15 nan nan 1.305776691919624852e+02 4.959111666666666451e+02
5.801800000000000000e+04 3.175913660684578326e-15 nan nan 1.359223676185062004e+02 4.910828333333333262e+02
5.804700000000000000e+04 3.318109803404434775e-15 nan nan 1.298547618754676591e+02 4.525558333333332826e+02
5.804700000000000000e+04 3.309564694891794735e-15 nan nan 1.209344239393705323e+02 4.546899999999999977e+02
5.804700000000000000e+04 3.269577391354368316e-15 nan nan 1.229993690987394217e+02 4.476709999999999923e+02
5.805900000000000000e+04 nan nan nan nan nan
5.805900000000000000e+04 nan nan nan nan nan
5.805900000000000000e+04 nan nan nan nan nan
5.807200000000000000e+04 3.380293664021275737e-15 nan nan 1.411166299545709819e+02 5.667133333333333667e+02
5.807200000000000000e+04 3.340159381685865114e-15 nan nan 1.409526232723410999e+02 5.641976666666666915e+02
5.807200000000000000e+04 3.403161980547696170e-15 nan nan 1.443748808199110840e+02 5.680423333333333176e+02
5.808400000000000000e+04 3.230927627929018707e-15 nan nan 1.034755538124716736e+02 5.012641666666666538e+02
5.808400000000000000e+04 3.270937831369807514e-15 nan nan 1.043532256790912953e+02 5.027186666666666497e+02
5.808400000000000000e+04 3.279538434069217816e-15 nan nan 1.063474743287178086e+02 5.108213333333333139e+02
5.812700000000000000e+04 3.271969227849094160e-15 nan nan 2.574165979117042369e+01 9.956708333333332916e+01
5.812700000000000000e+04 nan nan nan nan nan
5.812700000000000000e+04 nan nan nan nan nan
5.815100000000000000e+04 nan nan nan nan nan
5.815100000000000000e+04 nan nan nan nan nan
5.815100000000000000e+04 nan nan nan nan nan
5.816600000000000000e+04 3.614798303798787889e-15 nan nan 1.366319111992899309e+02 5.038016666666666197e+02
5.816600000000000000e+04 3.501761444126587864e-15 nan nan 1.291949283966453379e+02 4.973101666666667029e+02
5.816600000000000000e+04 3.571151453591502454e-15 nan nan 1.321689374396431731e+02 4.960249999999999773e+02
5.818300000000000000e+04 3.545797970405709311e-15 nan nan 9.222685597737158503e+01 5.154278333333332967e+02
5.818300000000000000e+04 3.548137488785311350e-15 nan nan 9.326737681202868657e+01 5.173813333333333730e+02
5.818300000000000000e+04 3.519601927739471632e-15 nan nan 9.085802623616385176e+01 5.042280000000000086e+02
5.822200000000000000e+04 3.670169402006278729e-15 nan nan 1.338293188289545697e+02 5.243216666666666015e+02
5.822200000000000000e+04 3.644557654081371308e-15 nan nan 1.462024017291534221e+02 5.403088333333332685e+02
5.822200000000000000e+04 3.709443990732292335e-15 nan nan 1.427370269828595326e+02 5.434144999999999754e+02
5.823600000000000000e+04 3.738759204530910351e-15 nan nan 1.017168244956138352e+02 4.598753333333333444e+02
5.823600000000000000e+04 3.857195454086296011e-15 nan nan 6.374206663032769882e+01 2.133923333333333403e+02
5.823600000000000000e+04 3.706511110102712205e-15 nan nan 8.538772657627852425e+01 4.182605000000000359e+02
5.823700000000000000e+04 nan nan nan nan nan
5.823700000000000000e+04 nan nan nan nan nan
5.823700000000000000e+04 nan nan nan nan nan
5.825000000000000000e+04 3.736055005441015373e-15 nan nan 1.362813403797246394e+02 5.033466666666666356e+02
5.825000000000000000e+04 3.713881063843754855e-15 nan nan 1.364508617599572347e+02 5.084364999999999668e+02
5.825000000000000000e+04 3.742400643330235588e-15 nan nan 1.358350815984199187e+02 5.129524999999999864e+02
5.826300000000000000e+04 3.381939480683354685e-15 nan nan 1.305820666063016233e+02 5.236573333333333267e+02
5.826300000000000000e+04 3.340699883763817542e-15 nan nan 1.273603406870284545e+02 5.160818333333332930e+02
5.826300000000000000e+04 3.288502975453724736e-15 nan nan 1.308639536354254744e+02 5.116013333333333435e+02
5.827600000000000000e+04 3.510165304570878264e-15 nan nan 8.721578995298683878e+01 3.245568333333333157e+02
5.827600000000000000e+04 3.423674364902732542e-15 nan nan 9.968907675885422748e+01 4.028148333333332971e+02
5.827600000000000000e+04 3.406163505421840089e-15 nan nan 7.511094939811859206e+01 2.720241666666667015e+02
5.828900000000000000e+04 3.497742424300989042e-15 nan nan 1.276348297751667928e+02 4.729016666666666424e+02
5.828900000000000000e+04 3.444184196336484519e-15 nan nan 1.368109070935112470e+02 4.751678333333333057e+02
5.828900000000000000e+04 3.384108140590445841e-15 nan nan 1.333739551052943000e+02 4.656760000000000446e+02
5.830700000000000000e+04 3.258536731458434692e-15 nan nan 1.430195286208131051e+02 4.936696666666666715e+02
5.830700000000000000e+04 3.241609420974888050e-15 nan nan 1.331066848549951089e+02 4.887256666666666547e+02
5.830700000000000000e+04 3.235602008825541510e-15 nan nan 1.356311330965803279e+02 4.910911666666667088e+02
5.832000000000000000e+04 3.128349658991184661e-15 nan nan 1.115108555365141569e+02 4.552573333333332926e+02
5.832000000000000000e+04 3.066796787443115480e-15 nan nan 1.056374780625873626e+02 4.426481666666666683e+02
5.832000000000000000e+04 3.079105373508368649e-15 nan nan 1.006120295515354144e+02 4.350476666666666574e+02
5.833200000000000000e+04 3.016040657909718455e-15 nan nan 1.226228282099467890e+02 4.534381666666666888e+02
5.833200000000000000e+04 3.072317622543864049e-15 nan nan 1.205652532959461212e+02 4.585286666666667088e+02
5.833200000000000000e+04 3.003234486556635236e-15 nan nan 1.194703750097386177e+02 4.456871666666666556e+02
5.834400000000000000e+04 2.821937918136427970e-15 nan nan 1.224255463975039220e+02 4.167786666666667088e+02
5.834400000000000000e+04 2.849695108711894501e-15 nan nan 1.217669960757874605e+02 4.120583333333333371e+02
5.834400000000000000e+04 2.858824319695676188e-15 nan nan 1.166276660568350536e+02 4.197268333333333317e+02
