5.769000000000000000e+04 3.483567522490881138e-15 3.420122805075816963e-15 3.324719282510974876e-15 5.525324255583888089e+02 1.680542000000000144e+03
5.770000000000000000e+04 3.528592625507971532e-15 3.413266715687114557e-15 3.295070416509344177e-15 5.582128847773116149e+02 1.703542000000000144e+03
5.771400000000000000e+04 3.615661394444155798e-15 3.443666521819051362e-15 3.279242480727901640e-15 5.189434237115473252e+02 1.548028666666666595e+03
5.772400000000000000e+04 3.600062338190071402e-15 3.374007838379558382e-15 3.293137097585773076e-15 5.145785031856954674e+02 1.531807999999999993e+03
5.773500000000000000e+04 3.651224848828237164e-15 3.366530378679571316e-15 3.381894360385799347e-15 5.032665725454425001e+02 1.487059333333333370e+03
5.775600000000000000e+04 3.555573815835052274e-15 3.396451393721056442e-15 3.354401917071501294e-15 5.212193171719865177e+02 1.556509333333333188e+03
5.776700000000000000e+04 3.433850307663988326e-15 3.311824047705203531e-15 3.294944757801711868e-15 4.164211150364931768e+02 1.170411333333333232e+03
5.779000000000000000e+04 3.426104421211589565e-15 3.303850038285741578e-15 3.359182708287516482e-15 4.653118768546835327e+02 1.345004666666666708e+03
5.780000000000000000e+04 3.404295067747984953e-15 3.392080171872399281e-15 3.370674228016093739e-15 4.460869305849257671e+02 1.275168666666666695e+03
5.781400000000000000e+04 3.526676665310736015e-15 3.357568009887852980e-15 3.270095138701128405e-15 4.197483913182976494e+02 1.184330666666666502e+03
5.783600000000000000e+04 3.826167620855775285e-15 3.419507145680224054e-15 3.374183963782460651e-15 4.090378346248139678e+02 1.145305333333333465e+03
5.784600000000000000e+04 3.314247541045238544e-15 3.115048102673922874e-15 3.151288889051376793e-15 4.147521075614538972e+02 1.164902666666666619e+03
5.786700000000000000e+04 3.388412875398090024e-15 3.321106045339815210e-15 3.182937684119674646e-15 4.236217786111719192e+02 1.195192666666666582e+03
5.787600000000000000e+04 3.443753799414156497e-15 3.358550677276110222e-15 3.274646564309571876e-15 6.535935779342178193e+02 2.106900000000000091e+03
5.797200000000000000e+04 3.358297273633690406e-15 3.151812909756241291e-15 3.149848409694412627e-15 5.459097677935869797e+02 1.655353333333333239e+03
5.798200000000000000e+04 3.422839239362805058e-15 3.126132144557375851e-15 3.001194785263897726e-15 5.230507811289553501e+02 1.565669333333333498e+03
5.799300000000000000e+04 3.183388508282767859e-15 3.188120521509379762e-15 3.179869362703255391e-15 5.426567237896482538e+02 1.641299999999999955e+03
5.800300000000000000e+04 3.220035828681407677e-15 3.153131925727775530e-15 3.103210751600520733e-15 5.414688964102044793e+02 1.637797333333333199e+03
5.804700000000000000e+04 4.822739200241181694e-15 3.053381264245834871e-15 2.978594437126608605e-15 4.813530671680430828e+02 1.404774666666666690e+03
5.805700000000000000e+04 3.156913697180479760e-15 3.046012759368587709e-15 2.979513156469782364e-15 4.977069957286401518e+02 1.466594666666666626e+03
5.806700000000000000e+04 3.225234972897331530e-15 3.078510560545354435e-15 2.942906352182856021e-15 4.810790961399764001e+02 1.403536666666666633e+03
5.807800000000000000e+04 3.215019225613591463e-15 2.995326435234220644e-15 2.943151242191175828e-15 4.731645009619847428e+02 1.374306666666666615e+03
5.808800000000000000e+04 3.303136284263066402e-15 3.070281085102654932e-15 3.093450744113331850e-15 4.249944785800723253e+02 1.200393333333333430e+03
5.810900000000000000e+04 3.153102816003411533e-15 2.911854721554127486e-15 2.768734457714451357e-15 3.897278303097949106e+02 1.077006666666666661e+03
5.811900000000000000e+04 3.151177318512602516e-15 2.857225752671621878e-15 2.785577431490076863e-15 4.250150418260335528e+02 1.199165333333333365e+03
5.812900000000000000e+04 3.023551816323409288e-15 2.862347255032962316e-15 2.831643251557621442e-15 4.386295100887767262e+02 1.248201999999999998e+03
5.813900000000000000e+04 2.980235491665177406e-15 2.814538523308686603e-15 2.655808060401585434e-15 3.750656909792780880e+02 1.028803333333333285e+03
5.814900000000000000e+04 2.992253508336227485e-15 2.664888954288724739e-15 2.718450339732091166e-15 3.593385914693681116e+02 9.755059999999999718e+02
5.815900000000000000e+04 2.759746029030532006e-15 2.725196114417548591e-15 2.689155487177113041e-15 4.061601882333783351e+02 1.133630666666666684e+03
5.817300000000000000e+04 3.046832558007360805e-15 2.760791604689180666e-15 2.734930257513109688e-15 3.758904100425783099e+02 1.030437333333333299e+03
5.818400000000000000e+04 3.121279976158593811e-15 2.727551834011177431e-15 2.774079869973230330e-15 3.576524475314245706e+02 9.706699999999999591e+02
5.819400000000000000e+04 5.126285635189509552e-15 2.758768942635590844e-15 2.721643661786774996e-15 3.947084345588133942e+02 1.094836000000000013e+03
5.820600000000000000e+04 2.721919335730473349e-15 2.640156083898467178e-15 2.513176300121753011e-15 3.696741005041974972e+02 1.009683333333333280e+03
5.821600000000000000e+04 2.729240494076882522e-15 2.586333650746483391e-15 2.495456720903297333e-15 3.669753848801627214e+02 1.001519333333333407e+03
5.822300000000000000e+04 3.028531388072749379e-15 2.804253780908878470e-15 2.763858503805203680e-15 4.064208848175373987e+02 1.135283999999999878e+03
5.823300000000000000e+04 2.757940405499079488e-15 2.707006942294463021e-15 2.686616123947479858e-15 3.636679497859062735e+02 9.900979999999999563e+02
5.824300000000000000e+04 2.756548852776117493e-15 2.806073630737839350e-15 2.762745033764192873e-15 4.047378481897847564e+02 1.130453333333333376e+03
5.833400000000000000e+04 2.672195254144221189e-15 2.964036299608858915e-15 2.633979837672987618e-15 3.441247718607407364e+02 9.279519999999999982e+02
5.834500000000000000e+04 2.852690491892264443e-15 2.818794437823471414e-15 2.701529680487528660e-15 3.836758342155608261e+02 1.057016000000000076e+03
