5.769000000000000000e+04 7.991980482828105061e-15 nan nan 2.185639670120407061e+02 1.066353333333333239e+03
5.769000000000000000e+04 7.790499547542913600e-15 nan nan 2.188429783773268014e+02 1.069322333333333290e+03
5.769000000000000000e+04 7.740672559281345297e-15 nan nan 2.174963704762742509e+02 1.058180166666666537e+03
5.772000000000000000e+04 8.692803387529240854e-15 nan nan 2.063170725465702446e+02 9.776366666666666561e+02
5.772000000000000000e+04 8.526527276082311469e-15 nan nan 2.091233738845428718e+02 9.984768333333333885e+02
5.772000000000000000e+04 8.573300614240121633e-15 nan nan 2.074331127816640503e+02 9.855776666666666870e+02
5.775000000000000000e+04 8.128473335722322378e-15 nan nan 1.891816301956804693e+02 8.536479999999999109e+02
5.775000000000000000e+04 8.060962966638112463e-15 nan nan 1.892682084536676825e+02 8.544203333333333603e+02
5.775000000000000000e+04 7.757411511284815085e-15 nan nan 1.901848411970681241e+02 8.604180000000000064e+02
5.790100000000000000e+04 nan nan nan nan nan
5.790100000000000000e+04 nan nan nan nan nan
5.790100000000000000e+04 nan nan nan nan nan
5.790300000000000000e+04 6.784889467179498623e-15 nan nan 1.634434399828000153e+02 7.013831666666666251e+02
5.790300000000000000e+04 nan nan nan 1.621443247256877669e+02 6.934410000000000309e+02
5.790300000000000000e+04 6.753375039662155531e-15 nan nan 1.562284835668623657e+02 6.573753333333332876e+02
5.795600000000000000e+04 8.032547712846290960e-15 nan nan 2.080707992081866280e+02 9.872988333333333912e+02
5.795600000000000000e+04 7.561561582887941934e-15 nan nan 2.086255910365661066e+02 9.908558333333332939e+02
5.795600000000000000e+04 8.160277769876210912e-15 nan nan 2.085061908350302815e+02 9.884501666666667461e+02
5.798600000000000000e+04 7.966705076924724895e-15 nan nan 2.095713531801417844e+02 9.954881666666666433e+02
5.798600000000000000e+04 8.151631822512406769e-15 nan nan 2.097860763931469990e+02 9.966654999999999518e+02
5.798600000000000000e+04 7.404037731976575327e-15 nan nan 2.083177780420043916e+02 9.858403333333333194e+02
5.801900000000000000e+04 8.354004975481371952e-15 nan nan 1.996786869109426164e+02 9.252293333333333294e+02
5.801900000000000000e+04 8.116005249526857779e-15 nan nan 1.996664368715437377e+02 9.349904999999999973e+02
5.801900000000000000e+04 8.221213305744845944e-15 nan nan 2.012190836997631607e+02 9.348410000000000082e+02
5.804700000000000000e+04 8.384077410194828946e-15 nan nan 2.050232096507047004e+02 9.591100000000000136e+02
5.804700000000000000e+04 8.611645260741937373e-15 nan nan 2.027212784719000354e+02 9.452338333333333367e+02
5.804700000000000000e+04 8.554772697334067721e-15 nan nan 2.035277986986491783e+02 9.609813333333332821e+02
5.807700000000000000e+04 7.698147911852395533e-15 nan nan 2.094496120173202200e+02 9.971493333333332885e+02
5.807700000000000000e+04 7.685392230521910005e-15 nan nan 2.090130213843667377e+02 9.941913333333334322e+02
5.807700000000000000e+04 7.906866575683678589e-15 nan nan 2.086741278473280090e+02 9.916841666666666697e+02
5.813900000000000000e+04 6.659358455997940288e-15 nan nan 1.635376539460035872e+02 7.000769999999999982e+02
5.813900000000000000e+04 8.417580756493794569e-15 nan nan 1.609007502781777816e+02 6.812468333333332566e+02
5.813900000000000000e+04 8.486098392009570179e-15 nan nan 1.601246625252797173e+02 6.809128333333333103e+02
5.825800000000000000e+04 nan nan nan 7.427864118031465068e+01 2.415301666666666449e+02
5.825800000000000000e+04 nan nan nan 7.832651278952634755e+01 2.577216666666666356e+02
5.825800000000000000e+04 nan nan nan nan nan
5.832800000000000000e+04 nan nan nan 1.362894381782485880e+02 7.271381666666667343e+02
5.832800000000000000e+04 nan nan nan 1.246236523112554977e+02 6.398583333333333485e+02
5.832800000000000000e+04 nan nan nan 1.340803811322138017e+02 7.124953333333334058e+02
5.835800000000000000e+04 nan nan nan nan nan
5.835800000000000000e+04 nan nan nan nan nan
5.835800000000000000e+04 nan nan nan nan nan
