5.769000000000000000e+04 8.695719816605567079e-15 nan 9.050890408349163957e-15 8.216712938043735903e+01 3.711408888888888669e+02
5.769000000000000000e+04 8.803172472897483909e-15 nan 9.135512081858850968e-15 8.346628374569390019e+01 3.779795555555555779e+02
5.769000000000000000e+04 8.751907348649266149e-15 nan 9.141618500891914445e-15 8.287745355901552102e+01 3.758024444444444612e+02
5.771200000000000000e+04 8.994703049549068416e-15 7.338795840090913867e-15 8.808487455341599791e-15 7.902039744048583714e+01 3.537191111111111468e+02
5.771200000000000000e+04 9.641457232648879736e-15 7.906624904757271231e-15 9.336571472406797173e-15 8.517877153081315100e+01 3.870197777777777901e+02
5.771200000000000000e+04 9.284816072910746845e-15 7.443079513606743386e-15 8.975371600022378652e-15 7.953716945491183310e+01 3.570875555555555820e+02
5.781900000000000000e+04 8.164288626559229565e-15 nan 9.444304058730749733e-15 6.646167552633060893e+01 2.834415555555555670e+02
5.781900000000000000e+04 nan nan nan nan nan
5.782000000000000000e+04 nan nan 1.053414583784777146e-14 3.256016515434729541e+01 1.181062888888888978e+02
5.782100000000000000e+04 nan nan nan nan nan
5.785700000000000000e+04 nan nan nan nan nan
5.785700000000000000e+04 nan nan nan nan nan
5.785700000000000000e+04 nan nan nan nan nan
5.790100000000000000e+04 nan nan nan nan nan
5.790100000000000000e+04 nan nan nan nan nan
5.790100000000000000e+04 nan nan nan nan nan
5.792300000000000000e+04 7.288503778708316901e-15 5.678642176503859892e-15 6.928404822834702491e-15 7.708875729344163119e+01 3.255426666666666620e+02
5.792300000000000000e+04 7.162970219843798909e-15 5.629814900623154136e-15 6.737969846538345168e-15 7.677385719267896036e+01 3.236259999999999764e+02
5.792300000000000000e+04 6.653465232802539290e-15 5.284117230160265050e-15 6.392348036817302996e-15 7.330540696523324584e+01 3.059466666666666583e+02
5.794400000000000000e+04 nan nan nan nan nan
5.794400000000000000e+04 nan nan nan nan nan
5.794400000000000000e+04 nan nan nan nan nan
5.796500000000000000e+04 nan nan nan nan nan
5.796500000000000000e+04 nan nan nan nan nan
5.796500000000000000e+04 nan nan nan nan nan
5.798600000000000000e+04 8.028046114818518478e-15 nan 8.440776764055813622e-15 8.977519511399482610e+01 3.921711111111111450e+02
5.798600000000000000e+04 7.997219145419347777e-15 nan 8.497755865290394897e-15 8.976807556873090732e+01 3.918224444444443861e+02
5.798600000000000000e+04 8.252758800241096244e-15 nan 8.810996842750454632e-15 9.246669070072972829e+01 4.064442222222222654e+02
5.801000000000000000e+04 nan nan nan 8.210355358831191097e+01 3.587628888888888810e+02
5.801000000000000000e+04 nan nan 7.282737155746363594e-15 7.935254516376923561e+01 3.438584444444444443e+02
5.801000000000000000e+04 nan nan nan 8.017689396087153852e+01 3.490568888888888637e+02
5.804700000000000000e+04 8.273773018733882772e-15 6.687823309601540905e-15 7.791233714587415012e-15 8.370196926377333568e+01 3.637531111111110818e+02
5.804700000000000000e+04 7.758816172411869666e-15 6.215458674922889309e-15 7.522765710512151917e-15 7.786923813532119709e+01 3.329006666666666661e+02
5.804700000000000000e+04 8.256807064408766789e-15 6.741252166774320189e-15 7.901992680330670723e-15 8.399207777897900939e+01 3.641924444444444475e+02
5.806800000000000000e+04 8.318640157120125795e-15 nan 8.760847023347085646e-15 7.965805336637460243e+01 3.506564444444444462e+02
5.806800000000000000e+04 8.183774937620795465e-15 nan 8.607526023773163904e-15 7.834504085682249297e+01 3.442151111111111277e+02
5.806800000000000000e+04 8.389434886531187929e-15 nan 8.930369674512401977e-15 7.957096184463347299e+01 3.507313333333333389e+02
5.809000000000000000e+04 8.357327349628795333e-15 8.786425247506487532e-15 8.421353769247970592e-15 6.652730535300857184e+01 3.133297777777777924e+02
5.809000000000000000e+04 8.847082483497938359e-15 8.264996597382506483e-15 8.610518715868794183e-15 6.839780607614153496e+01 3.256100000000000136e+02
5.809000000000000000e+04 8.892767278638198133e-15 7.939765425373499676e-15 8.282119405571092575e-15 6.680467035103340834e+01 3.176742222222222267e+02
5.822200000000000000e+04 nan nan 8.369700810354130857e-15 6.767218385925816904e+01 2.812297777777777696e+02
5.822200000000000000e+04 nan nan 8.313660303750421673e-15 6.791209193119158272e+01 2.825742222222222040e+02
5.822200000000000000e+04 nan nan 8.480505468444378374e-15 6.753281275305627673e+01 2.814540000000000077e+02
5.826400000000000000e+04 nan nan nan nan nan
5.826500000000000000e+04 7.814995153851168716e-15 6.583201641918936361e-15 7.543506984212032808e-15 6.948586435224919455e+01 2.950775555555555343e+02
5.826500000000000000e+04 nan nan nan nan nan
5.827100000000000000e+04 7.295866570717262895e-15 nan 8.362248967516338432e-15 5.037044573398868152e+01 2.790111111111111200e+02
5.827100000000000000e+04 7.064000112289555562e-15 nan 7.782756430393091091e-15 4.709063307322232106e+01 2.597582222222222299e+02
5.827100000000000000e+04 7.492993775202323507e-15 nan 8.086561101971774399e-15 4.861920231471178511e+01 2.679828888888888514e+02
5.828600000000000000e+04 7.481155988763063139e-15 nan 8.225007951569054878e-15 7.414664236809153408e+01 3.052624444444444407e+02
5.828600000000000000e+04 7.352721476721322719e-15 nan 8.049636229125058862e-15 7.267251850699121007e+01 2.992804444444444698e+02
5.828600000000000000e+04 7.630456122160382022e-15 nan 8.312767028214905713e-15 7.535067813038089923e+01 3.116948888888888973e+02
5.831100000000000000e+04 8.326566675511621792e-15 6.884672969483345181e-15 7.773963313615131019e-15 6.985839924211408913e+01 2.910433333333333508e+02
5.831100000000000000e+04 1.979515247965906315e-15 1.636334795792890240e-15 1.876654149069100229e-15 1.971078256953182262e+01 6.945040000000000191e+01
5.831100000000000000e+04 1.670261590674380383e-15 1.388194136528666719e-15 1.571384384307005915e-15 1.680004045221246400e+01 5.864995555555555740e+01
5.833200000000000000e+04 8.468634714656168322e-15 nan 9.223470571217476513e-15 7.000004547249980646e+01 2.921311111111111245e+02
5.833200000000000000e+04 8.540046970190691498e-15 nan 9.200834672612785423e-15 7.036899523673390888e+01 2.945006666666666888e+02
5.833200000000000000e+04 8.342019535395721719e-15 nan 9.065266476665500460e-15 6.925612704935005581e+01 2.888188888888889210e+02
