5.769000000000000000e+04 nan nan nan nan nan
5.769000000000000000e+04 nan nan nan nan nan
5.769000000000000000e+04 nan nan nan nan nan
5.771000000000000000e+04 9.674475448798637620e-15 9.817964229447716824e-15 nan 1.679077404895577672e+02 1.162854500000000144e+03
5.771000000000000000e+04 9.676924595359021872e-15 9.681565747191101431e-15 nan 1.678370337469563935e+02 1.156247500000000173e+03
5.771000000000000000e+04 9.919107440634995199e-15 9.869257683541039799e-15 nan 1.952152570606820632e+02 1.190183666666666795e+03
5.773000000000000000e+04 9.525369116561537310e-15 1.012435294200294071e-14 nan 2.049110299278722209e+02 1.100881166666666559e+03
5.773000000000000000e+04 9.437228292699392904e-15 9.439659783104653678e-15 nan 2.160352098318533649e+02 1.141787333333333436e+03
5.773000000000000000e+04 9.471758497174756378e-15 9.452923078823451055e-15 nan 1.968230574511092641e+02 1.063070833333333439e+03
5.775100000000000000e+04 7.737127916625787836e-15 8.029303253994975369e-15 nan 1.863387439983640945e+02 8.350688333333332594e+02
5.775100000000000000e+04 7.842774743498669282e-15 8.534061310009043734e-15 nan 1.934698674786127981e+02 8.603098333333332448e+02
5.775100000000000000e+04 7.758657830880334192e-15 8.232977098169189968e-15 nan 1.912028477662809394e+02 8.434878333333332421e+02
5.777200000000000000e+04 7.730097622474388799e-15 7.433030634503277060e-15 7.742375560629739977e-15 1.645316914446127896e+02 7.004388333333333776e+02
5.777200000000000000e+04 7.695448171582035673e-15 7.997177000535424414e-15 7.723150966475293647e-15 1.635389844581032150e+02 6.976511666666666542e+02
5.777200000000000000e+04 7.747795236351785997e-15 8.205882203152163866e-15 7.808348574671322901e-15 1.609607580790546706e+02 7.044284999999999854e+02
5.779200000000000000e+04 8.041947042108200193e-15 nan nan 7.760036444896894636e+01 7.159963333333332685e+02
5.779200000000000000e+04 1.279296952638024880e-15 nan nan 1.335921854427773603e+01 1.115534999999999997e+02
5.779200000000000000e+04 8.280247509820497909e-15 nan nan 8.264943848292639927e+01 7.192270000000000891e+02
5.781400000000000000e+04 1.012569742784962208e-14 1.129999969788794312e-14 1.042378269374133875e-14 1.963981950124965863e+02 8.680914999999999964e+02
5.781400000000000000e+04 9.953412969981107188e-15 1.029650815580263844e-14 1.034708926391175771e-14 1.933407467770645098e+02 8.593764999999999645e+02
5.781400000000000000e+04 9.781551558160031118e-15 1.066458812914900954e-14 1.034130591310582107e-14 1.910367012056225349e+02 8.468529999999999518e+02
5.784000000000000000e+04 1.053172412731388516e-14 1.002228931152362560e-14 1.063846447568072907e-14 1.833430157826409186e+02 8.142031666666666752e+02
5.784000000000000000e+04 1.061186968719763737e-14 1.055437756299839303e-14 1.082624960252538794e-14 1.871110535429766912e+02 8.361825000000000045e+02
5.784000000000000000e+04 1.064768455699908897e-14 1.040391932175152027e-14 1.096032883244901293e-14 1.940197078361161971e+02 8.671100000000000136e+02
5.787500000000000000e+04 nan nan nan nan nan
5.787500000000000000e+04 nan nan nan nan nan
5.787500000000000000e+04 nan nan nan nan nan
5.790400000000000000e+04 1.071901666481469361e-14 1.063468392277394611e-14 nan 2.440175245541651918e+02 1.280930666666666639e+03
5.790400000000000000e+04 1.062721262454092289e-14 1.032740795862346601e-14 nan 2.457080054386739505e+02 1.275039666666666790e+03
5.790400000000000000e+04 1.053604344095349232e-14 1.085245819702504615e-14 nan 2.460345804689677607e+02 1.245315499999999929e+03
5.792400000000000000e+04 1.035649105671021829e-14 1.070628333195981082e-14 1.054738078157843462e-14 2.019770562626723347e+02 9.074071666666666260e+02
5.792400000000000000e+04 1.044530149418284746e-14 1.111416596288093940e-14 1.058144930299234675e-14 2.315149810713035947e+02 1.149852499999999964e+03
5.792400000000000000e+04 1.037295874585460050e-14 1.063562399566602177e-14 1.051833469533837697e-14 2.477583114206611015e+02 1.262142166666666753e+03
5.794500000000000000e+04 nan nan nan nan nan
5.794500000000000000e+04 nan nan nan nan nan
5.794500000000000000e+04 nan nan nan nan nan
5.796500000000000000e+04 nan nan nan nan nan
5.796500000000000000e+04 1.021572314774862381e-14 7.609032831989309192e-15 nan 7.349278248023838955e+01 2.206926666666666677e+02
5.796500000000000000e+04 1.049203873857453014e-14 nan nan 5.900210509434691630e+01 1.709001666666666779e+02
5.798500000000000000e+04 9.528555368624820996e-15 1.008248299168798638e-14 nan 2.606951070511126431e+02 1.401912166666666508e+03
5.798500000000000000e+04 9.524639177757859540e-15 9.597252364496711347e-15 nan 2.610106701975160490e+02 1.397693666666666559e+03
5.798500000000000000e+04 9.480569461705712367e-15 9.956538252917237000e-15 nan 2.615823856945655166e+02 1.397754166666666606e+03
5.800700000000000000e+04 8.684105982759749168e-15 9.125127752295687435e-15 8.986867121925598975e-15 2.131496202061157419e+02 1.238182166666666490e+03
5.800700000000000000e+04 8.554494722380527244e-15 9.420128828207040359e-15 8.931853165581385358e-15 2.107422093153693368e+02 1.231921833333333325e+03
5.800700000000000000e+04 8.639896404793598184e-15 9.437666512070662863e-15 8.942938913773421796e-15 2.203308879240701401e+02 1.250275666666666666e+03
5.802700000000000000e+04 9.124681988357464818e-15 1.052746632849116836e-14 9.327438655996641549e-15 1.957416881639716451e+02 1.218321666666666715e+03
5.802700000000000000e+04 9.093052111309021712e-15 9.884647955011132179e-15 9.231418294833431963e-15 2.036015834508572766e+02 1.215074666666666644e+03
5.802700000000000000e+04 9.009465179653503224e-15 1.030850351696573836e-14 9.250515961870296341e-15 2.002019383766582621e+02 1.198747666666666646e+03
5.804700000000000000e+04 9.170479194959384725e-15 9.673658826827580593e-15 9.533408082644367446e-15 2.430119265237696879e+02 1.233097166666666681e+03
5.804700000000000000e+04 9.211635077127568148e-15 9.660942872807173199e-15 9.601051108302874508e-15 2.425461434407909849e+02 1.226257833333333338e+03
5.804700000000000000e+04 9.139853636585753736e-15 9.713030130538234232e-15 9.423782365684215975e-15 2.476135287258679796e+02 1.224307499999999891e+03
5.806700000000000000e+04 9.134015082896171235e-15 9.727054803026356083e-15 nan 2.533297310941113096e+02 1.295442000000000007e+03
5.806700000000000000e+04 9.200971443526469986e-15 9.731473915000214990e-15 nan 2.492246074256812562e+02 1.306148833333333187e+03
5.806700000000000000e+04 9.577593630400305524e-15 9.972443946007626302e-15 nan 2.527041437135924014e+02 1.336005333333333510e+03
5.808700000000000000e+04 9.664626421822260879e-15 7.891472981721444256e-15 nan 1.577258413331529709e+02 1.060306166666666741e+03
5.808700000000000000e+04 9.715485872022392033e-15 7.930274894307747030e-15 nan 1.514561020698900506e+02 1.059249333333333425e+03
5.808700000000000000e+04 9.644468820650028212e-15 7.874553370673469012e-15 nan 1.616637372245438655e+02 1.057283666666666704e+03
5.812900000000000000e+04 9.088282723411718240e-15 8.871323489157699408e-15 nan 1.494341048372637317e+02 5.980475000000000136e+02
5.812900000000000000e+04 8.889936988865479969e-15 9.184282882324284479e-15 nan 1.466209017970026025e+02 5.840711666666666133e+02
5.812900000000000000e+04 9.048488634346417581e-15 8.952235324158438208e-15 nan 1.590159856573711750e+02 6.131800000000000637e+02
5.814900000000000000e+04 nan nan nan nan nan
5.814900000000000000e+04 nan nan nan nan nan
5.814900000000000000e+04 nan nan nan nan nan
5.817200000000000000e+04 9.458334404377819882e-15 1.033402139620193962e-14 nan 1.805882009103322901e+02 9.118189999999999600e+02
5.817200000000000000e+04 9.422553751898158843e-15 1.029657566008558565e-14 nan 1.765417113005408680e+02 9.048014999999999191e+02
5.817200000000000000e+04 9.486208208411117683e-15 9.559068942056238065e-15 nan 1.937528838985577408e+02 9.170616666666666106e+02
5.819200000000000000e+04 9.281965288229485804e-15 8.771858742356803940e-15 nan 1.775933825000539059e+02 7.651530000000000200e+02
5.819200000000000000e+04 9.674894082148086164e-15 9.553735540733797354e-15 nan 1.786801292693558310e+02 7.611903333333333421e+02
5.819200000000000000e+04 9.146223489862320806e-15 9.040665789380857989e-15 nan 1.767231757678000577e+02 7.455958333333333030e+02
5.821200000000000000e+04 9.942070864428803266e-15 8.982479653810742522e-15 nan 1.656101803807526096e+02 6.783941666666667061e+02
5.821200000000000000e+04 9.997447482295101304e-15 9.445731432680910945e-15 nan 1.627407261201756228e+02 6.702699999999999818e+02
5.821200000000000000e+04 9.957370504294917929e-15 9.498902056033620991e-15 nan 1.616171600087369598e+02 6.685990000000000464e+02
5.824200000000000000e+04 nan nan nan nan nan
5.824200000000000000e+04 nan nan nan nan nan
5.824200000000000000e+04 nan nan nan nan nan
5.829400000000000000e+04 1.057536924172974147e-14 1.077076849032943459e-14 nan 2.151384731508331640e+02 1.041088999999999942e+03
5.829500000000000000e+04 1.042890133896279471e-14 1.025511444164292382e-14 nan 1.393812532988705470e+02 1.045573333333333267e+03
5.829500000000000000e+04 1.038333940152546976e-14 1.052713156298015957e-14 nan 1.328867588833397804e+02 1.038405999999999949e+03
5.829500000000000000e+04 1.025117868673110684e-14 1.091701497470362275e-14 nan 1.448675601896880778e+02 1.037160333333333483e+03
5.833400000000000000e+04 nan nan nan nan nan
5.833500000000000000e+04 nan nan nan nan nan
5.833500000000000000e+04 9.459520274433965755e-15 9.355716391655309789e-15 nan 2.000078395053712939e+02 9.578410000000000082e+02
5.833600000000000000e+04 9.672349522815622426e-15 8.986755864428751967e-15 nan 1.720029553141362726e+02 7.677863333333333458e+02
5.833600000000000000e+04 9.640207467683867478e-15 9.086965662297010916e-15 nan 1.742380208879408485e+02 7.706308333333332712e+02
5.833600000000000000e+04 nan nan nan nan nan
5.833800000000000000e+04 9.672736949613966999e-15 9.363993834179013753e-15 nan 2.133299996032683055e+02 9.800918333333333976e+02
5.833800000000000000e+04 9.561116480161236943e-15 8.950778594735547128e-15 nan 2.065211976467787167e+02 9.529619999999999891e+02
5.833800000000000000e+04 9.592069272740352721e-15 9.099548836359611564e-15 nan 2.074191820000976065e+02 9.726444999999999936e+02
