5.769000000000000000e+04 4.867956819839025145e-15 nan nan 2.344265641538958107e+02 5.900771333333333359e+02
5.772000000000000000e+04 4.503551565747318797e-15 nan nan 2.144651112855573274e+02 5.334900666666666211e+02
5.775000000000000000e+04 3.982161415853854906e-15 nan nan 1.948496883156601598e+02 4.788407333333333327e+02
5.790300000000000000e+04 3.934967478417653672e-15 nan nan 2.015521344131694548e+02 4.973948666666666441e+02
5.795600000000000000e+04 3.851205016484557167e-15 nan nan 2.260173782761899872e+02 5.660781333333333123e+02
5.798600000000000000e+04 4.336345289854106889e-15 nan nan 2.378392019844924903e+02 5.999234000000000151e+02
5.801900000000000000e+04 4.404010341643072906e-15 nan nan 2.360405343063397083e+02 5.946958666666666886e+02
5.804700000000000000e+04 6.950171560935805580e-15 nan nan 2.033596453896779508e+02 5.022347333333333381e+02
5.807700000000000000e+04 4.788181950015700777e-15 nan nan 2.020412556997182776e+02 4.987709999999999582e+02
5.810900000000000000e+04 4.714347733639261669e-15 nan nan 1.939725214273484823e+02 4.764746666666666783e+02
5.813900000000000000e+04 4.479491627849211215e-15 nan nan 1.962489309845874175e+02 4.829653333333333194e+02
5.835800000000000000e+04 4.705520433079214326e-15 nan nan 1.857010273081048410e+02 4.538371999999999957e+02
