5.769000000000000000e+04 3.366279019593203880e-15 3.399557306721879886e-15 3.316513081052303533e-15 7.148074059796573465e+02 2.389208666666666431e+03
5.770000000000000000e+04 3.697238695384556616e-15 4.149937354548752851e-15 3.853167519821118598e-15 7.348804472783069741e+02 2.484276666666666642e+03
5.771400000000000000e+04 3.784727627084907212e-15 3.841745392184689337e-15 3.638224878714598576e-15 6.887249237784099023e+02 2.266485333333333074e+03
5.773500000000000000e+04 4.527288015477067392e-15 4.074887181177527102e-15 3.706806337235593789e-15 6.579772798494458357e+02 2.139844000000000051e+03
5.775600000000000000e+04 3.304737441449051696e-15 3.275811838271222705e-15 3.972053103818902225e-15 6.360960944116318387e+02 2.055532000000000153e+03
5.786700000000000000e+04 2.738974087431407821e-15 3.648918785448991583e-15 3.636719593113014472e-15 5.643600736402943312e+02 1.739875999999999976e+03
5.787600000000000000e+04 3.250367073250101935e-15 3.456768156738163791e-15 3.296086853468314589e-15 8.263651384387975440e+02 2.941110666666666930e+03
5.797200000000000000e+04 3.376293454341989083e-15 3.438227969626037954e-15 3.556070308260309427e-15 7.168022983529231169e+02 2.397049333333333379e+03
5.798200000000000000e+04 3.591448400107255013e-15 3.551936229827119729e-15 3.426863301210190757e-15 6.687569953704301042e+02 2.178635999999999967e+03
5.799300000000000000e+04 3.262323574846947844e-15 3.483462691761488453e-15 3.484845566135586795e-15 7.238011506144955547e+02 2.428467333333333499e+03
5.800300000000000000e+04 3.486416599057743298e-15 3.621595450336950448e-15 3.257915593369183412e-15 6.884855124825627399e+02 2.265790666666666766e+03
5.805700000000000000e+04 3.211928460253960744e-15 3.223318240635736698e-15 2.859836440708395311e-15 6.844271703491417611e+02 2.259574666666666872e+03
5.824300000000000000e+04 2.664083553190958380e-15 2.965433521525944043e-15 2.854284660104576782e-15 5.156645721853108171e+02 1.542936000000000149e+03
