5.769031502000000182e+04 4.765303593251080868e-15 nan 4.666628820370141502e-15 5.527155028461946813e+02 0.000000000000000000e+00 0.000000000000000000e+00
5.771118768799999816e+04 4.587793279576780609e-15 4.615212828892258433e-15 4.701561825175372740e-15 3.366446241978521812e+02 0.000000000000000000e+00 0.000000000000000000e+00
5.773229151599999750e+04 4.590450248386292948e-15 nan 4.447110303416090898e-15 4.555650558105430719e+02 0.000000000000000000e+00 0.000000000000000000e+00
5.775315251600000192e+04 4.270372980453164563e-15 4.224949361883538994e-15 4.227504556363048434e-15 4.554061631736688014e+02 0.000000000000000000e+00 0.000000000000000000e+00
5.777425635199999670e+04 4.077230923852996264e-15 3.548250253114665799e-15 4.140730012296670445e-15 2.885148137037126048e+02 0.000000000000000000e+00 0.000000000000000000e+00
5.779619338399999833e+04 4.303229507279080296e-15 4.250419204147373392e-15 nan 3.964517837066993593e+02 0.000000000000000000e+00 0.000000000000000000e+00
5.781812369000000035e+04 3.973240980598648073e-15 nan 3.903255854395138733e-15 3.710226353198958122e+02 0.000000000000000000e+00 0.000000000000000000e+00
5.781815971400000126e+04 4.027048971412042895e-15 4.060645290657446425e-15 nan 3.549737297522706285e+02 0.000000000000000000e+00 0.000000000000000000e+00
5.781815971400000126e+04 4.027048971412042895e-15 4.060645290657446425e-15 nan 3.549737297522706285e+02 0.000000000000000000e+00 0.000000000000000000e+00
5.781815971400000126e+04 4.027048971412042895e-15 4.060645290657446425e-15 nan 3.549737297522706285e+02 0.000000000000000000e+00 0.000000000000000000e+00
5.797235326799999893e+04 3.429933962991137483e-15 nan 3.305034305928329146e-15 4.260682922427582753e+02 0.000000000000000000e+00 0.000000000000000000e+00
5.799338022400000045e+04 3.511151152980364679e-15 3.527695939835012950e-15 3.800517832200979584e-15 4.727022735461766274e+02 0.000000000000000000e+00 0.000000000000000000e+00
5.801736830400000326e+04 3.549636865276172711e-15 nan 3.392868823141444164e-15 4.585937047728732523e+02 0.000000000000000000e+00 0.000000000000000000e+00
5.804737367800000357e+04 3.524363280947353062e-15 3.515629422188336834e-15 3.534686032897983263e-15 4.384865498042988179e+02 0.000000000000000000e+00 0.000000000000000000e+00
5.806827997599999799e+04 3.639674652038258202e-15 3.722784703818850459e-15 4.368700291830061964e-15 4.468123534383470314e+02 0.000000000000000000e+00 0.000000000000000000e+00
