5.769000000000000000e+04 5.810614800189212912e-15 nan nan 8.754520559923601297e+01 2.920951666666666711e+02
5.769000000000000000e+04 5.268834842579013474e-15 nan nan 8.467848101177645503e+01 2.802515000000000214e+02
5.769000000000000000e+04 5.962654268456684346e-15 nan nan 8.595171788788840672e+01 2.856866666666666674e+02
5.772000000000000000e+04 nan nan nan 7.339191279830376402e+01 2.342378333333333273e+02
5.772000000000000000e+04 4.894151066470770283e-15 nan nan 7.285741912295254963e+01 2.327715000000000032e+02
5.772000000000000000e+04 nan nan nan 7.387879204195495220e+01 2.368011666666666599e+02
5.775000000000000000e+04 4.927006656100571577e-15 nan nan 7.451546883503958441e+01 2.371198333333333323e+02
5.775000000000000000e+04 nan nan nan 7.393508174915824327e+01 2.347231666666666570e+02
5.775000000000000000e+04 nan nan nan 7.145815406832680594e+01 2.247783333333333360e+02
5.790100000000000000e+04 nan nan nan nan nan
5.790100000000000000e+04 nan nan nan nan nan
5.790100000000000000e+04 nan nan nan nan nan
5.790300000000000000e+04 nan nan nan 7.347144895567443257e+01 2.554929999999999950e+02
5.790300000000000000e+04 nan nan nan 7.135146727311031611e+01 2.453528333333333364e+02
5.790300000000000000e+04 nan nan nan 6.774714876791776419e+01 2.328708333333333371e+02
5.795600000000000000e+04 4.743836254189663217e-15 nan nan 8.323527867830375726e+01 2.757529999999999859e+02
5.795600000000000000e+04 4.528320696144578070e-15 nan nan 8.247511129244597328e+01 2.729643333333333430e+02
5.795600000000000000e+04 4.666294303935850655e-15 nan nan 8.376308791982312130e+01 2.788784999999999741e+02
5.798600000000000000e+04 4.767489710795195992e-15 nan nan 8.666916226925518174e+01 2.896508333333333098e+02
5.798600000000000000e+04 4.316113537886378936e-15 nan nan 8.481177750693353801e+01 2.827868333333333339e+02
5.798600000000000000e+04 4.685861292841156452e-15 nan nan 8.694477125367487247e+01 2.915651666666666415e+02
5.801900000000000000e+04 5.758061823424998179e-15 nan nan 8.326635318036863964e+01 2.789981666666666342e+02
5.801900000000000000e+04 5.459979681257773321e-15 nan nan 8.505283592461296394e+01 2.858861666666666110e+02
5.801900000000000000e+04 5.500010898574374362e-15 nan nan 8.451854253704081543e+01 2.842773333333333312e+02
5.804700000000000000e+04 4.981039751846799330e-15 nan nan 7.890764334878451791e+01 2.530700000000000216e+02
5.804700000000000000e+04 4.762908942934931867e-15 nan nan 7.775615921318699009e+01 2.486951666666666654e+02
5.804700000000000000e+04 5.011215102178361590e-15 nan nan 7.965637452179875311e+01 2.559138333333333435e+02
5.807700000000000000e+04 nan nan nan 8.143391385218328082e+01 2.697194999999999823e+02
5.807700000000000000e+04 4.858970058410858774e-15 nan nan 8.118391557036254369e+01 2.688365000000000009e+02
5.807700000000000000e+04 5.075007047457650538e-15 nan nan 8.374852695008493697e+01 2.796895000000000095e+02
5.813900000000000000e+04 3.929709663425594336e-15 nan nan 6.950965560073328220e+01 2.283045000000000186e+02
5.813900000000000000e+04 3.678722442559128973e-15 nan nan 7.046158091074154584e+01 2.319834999999999923e+02
5.813900000000000000e+04 3.356042664591315928e-15 nan nan 6.865416391192299272e+01 2.249186666666666667e+02
5.825800000000000000e+04 nan nan nan nan nan
5.825800000000000000e+04 nan nan nan 3.595565931938668314e+01 1.074950666666666592e+02
5.825800000000000000e+04 nan nan nan 3.205383600991729054e+01 9.537006666666665922e+01
5.832800000000000000e+04 5.397559371960758947e-15 nan nan 6.152509658534278714e+01 1.982429999999999950e+02
5.832800000000000000e+04 5.132380431433900545e-15 nan nan 6.876632961765702134e+01 2.271560000000000059e+02
5.832800000000000000e+04 nan nan nan 6.873318187756949271e+01 2.271284999999999741e+02
5.835800000000000000e+04 nan nan nan 5.959329387131499089e+01 2.240368333333333055e+02
5.835800000000000000e+04 nan nan nan nan nan
5.835800000000000000e+04 nan nan nan 5.533149908348409696e+01 2.063576666666666597e+02
