5.769000000000000000e+04 5.209470911369300477e-15 nan nan 7.370196748749127380e+01 2.722533333333333303e+02
5.769000000000000000e+04 5.270422990349471310e-15 nan nan 7.697325271047895967e+01 2.764250000000000114e+02
5.769000000000000000e+04 5.399986579105078556e-15 nan nan 7.760773890102576900e+01 2.824398333333332971e+02
5.770200000000000000e+04 5.418516713024658509e-15 nan nan 6.411218179241930670e+01 2.432854999999999848e+02
5.770200000000000000e+04 5.390957747775558139e-15 nan nan 7.163427947047212285e+01 2.562610000000000241e+02
5.770200000000000000e+04 5.592571352201836048e-15 nan nan 7.053462374567169491e+01 2.663410000000000082e+02
5.771400000000000000e+04 1.603720139511128628e-14 nan nan 3.468611274456020510e+01 9.864534999999999343e+01
5.771400000000000000e+04 2.655866074041436399e-14 nan nan 4.451508341489907394e+01 1.380388499999999965e+02
5.771400000000000000e+04 1.939119094591656731e-14 nan nan 4.232883691752522992e+01 1.347860333333333358e+02
5.772700000000000000e+04 5.483124493135031671e-15 nan nan 8.148264530038619569e+01 2.979096666666666806e+02
5.772700000000000000e+04 5.565714770032328505e-15 nan nan 8.229517056235390271e+01 3.028461666666666474e+02
5.772700000000000000e+04 5.463172492744240733e-15 nan nan 8.083337103256954492e+01 2.958003333333333558e+02
5.778500000000000000e+04 5.392596301786026823e-15 nan nan 7.399580569132240271e+01 2.405303333333333171e+02
5.778500000000000000e+04 5.097010618946578274e-15 nan nan 7.752155861193369901e+01 2.301563333333333219e+02
5.778500000000000000e+04 5.301935324509922114e-15 nan nan 7.131884929192979428e+01 2.350204999999999984e+02
5.779900000000000000e+04 5.303337011243762728e-15 nan nan 6.658733596466844062e+01 2.187783333333333360e+02
5.779900000000000000e+04 5.458592980038283097e-15 nan nan 6.717824943448408703e+01 2.221465000000000032e+02
5.779900000000000000e+04 5.641429085693732182e-15 nan nan 6.678469140980362795e+01 2.308751666666666722e+02
5.784700000000000000e+04 5.758703253533034736e-15 nan nan 7.232138143357927618e+01 2.221154999999999973e+02
5.784700000000000000e+04 5.732791951777023830e-15 nan nan 7.085491126259759653e+01 2.213068333333333442e+02
5.784700000000000000e+04 5.640155308266964674e-15 nan nan 7.294491071634634238e+01 2.204101666666666688e+02
5.787000000000000000e+04 5.218414140712731461e-15 nan nan 5.768353886124396723e+01 1.625278666666666822e+02
5.787200000000000000e+04 5.422858850001332520e-15 nan nan 1.031172203414850514e+02 3.604893333333333203e+02
5.787200000000000000e+04 5.527335783447412451e-15 nan nan 1.033294003177821736e+02 3.681463333333333026e+02
5.787200000000000000e+04 5.380776862699577089e-15 nan nan 1.061799523773319720e+02 3.644983333333333348e+02
5.788700000000000000e+04 5.401956573631465709e-15 nan nan 8.365402986973101918e+01 2.999516666666666538e+02
5.788700000000000000e+04 5.311053543472348318e-15 nan nan 8.105617624663113929e+01 2.874866666666666788e+02
5.788700000000000000e+04 5.319264577273106193e-15 nan nan 7.907553614550590737e+01 2.960579999999999927e+02
5.790100000000000000e+04 4.948743773207579573e-15 nan nan 7.299983457042662849e+01 2.356491666666666731e+02
5.790100000000000000e+04 5.028914937951946501e-15 nan nan 7.701803853209096928e+01 2.521201666666666483e+02
5.790100000000000000e+04 5.173765220712351385e-15 nan nan 7.462444223613491090e+01 2.385853333333333524e+02
5.791300000000000000e+04 5.109188146834257837e-15 nan nan 7.437838802303008379e+01 3.123803333333333399e+02
5.791300000000000000e+04 5.164150847602367674e-15 nan nan 8.008871080783245588e+01 3.131926666666666961e+02
5.791300000000000000e+04 5.215887362907941785e-15 nan nan 7.807150410204579316e+01 3.160331666666667161e+02
5.792500000000000000e+04 4.967531272115004963e-15 nan nan 8.313861218070393022e+01 2.520648333333333255e+02
5.792500000000000000e+04 4.976893251757295450e-15 nan nan 8.909547919806772143e+01 2.942438333333333276e+02
5.792500000000000000e+04 5.024469643249227587e-15 nan nan 8.409072328179676958e+01 2.729268333333333203e+02
5.793700000000000000e+04 5.689548813400671036e-15 nan nan 9.652975431276554730e+01 3.169956666666666933e+02
5.793700000000000000e+04 5.935434408642800593e-15 nan nan 9.215107262979158520e+01 3.218481666666666570e+02
5.793700000000000000e+04 5.638452689776314796e-15 nan nan 9.055650233221651035e+01 3.131431666666666729e+02
5.794900000000000000e+04 4.658907012686432240e-15 nan nan 5.988693997446313233e+01 1.921788333333333298e+02
5.794900000000000000e+04 4.907828035503562531e-15 nan nan 5.161235635799604893e+01 1.573503999999999792e+02
5.794900000000000000e+04 4.876444151186735580e-15 nan nan 6.124700634006676125e+01 2.122655000000000030e+02
5.796200000000000000e+04 5.656515083019593055e-15 nan nan 6.030006932168809186e+01 1.824994999999999834e+02
5.796200000000000000e+04 5.752838109270285678e-15 nan nan 3.332739390673751245e+01 9.244741666666666902e+01
5.796200000000000000e+04 5.560944264577053818e-15 nan nan 6.675858078363012282e+01 2.058939999999999770e+02
5.797400000000000000e+04 5.146728171051196055e-15 nan nan 8.983921601597674567e+01 3.180910000000000082e+02
5.797400000000000000e+04 4.856191184775000613e-15 nan nan 8.797004246984398890e+01 3.011159999999999854e+02
5.797400000000000000e+04 5.108648361560394672e-15 nan nan 8.674564232583715295e+01 3.156246666666666556e+02
5.798700000000000000e+04 5.472743063829129356e-15 nan nan 9.498698784142298734e+01 2.984714999999999918e+02
5.798700000000000000e+04 5.302091303523238087e-15 nan nan 8.741012469845476573e+01 2.891706666666667047e+02
5.798700000000000000e+04 5.476667426009576670e-15 nan nan 8.771150958610877524e+01 2.994008333333333098e+02
5.800000000000000000e+04 4.893151197499018287e-15 nan nan 7.914901460438946401e+01 2.809701666666666711e+02
5.800000000000000000e+04 4.705865405867233570e-15 nan nan 7.678001513828219515e+01 2.737290000000000418e+02
5.800000000000000000e+04 4.611654233156121185e-15 nan nan 7.258543329986343906e+01 2.697369999999999663e+02
5.801800000000000000e+04 5.435028124255667756e-15 nan nan 9.017520677581504174e+01 2.825196666666666943e+02
5.801800000000000000e+04 5.384108345623865263e-15 nan nan 7.873515092222953626e+01 2.777568333333333044e+02
5.801800000000000000e+04 2.810967610011438518e-15 nan nan 5.075643308069980719e+01 1.493810666666666691e+02
5.804700000000000000e+04 4.512436542441886833e-15 nan nan 6.641790538974858293e+01 2.392130000000000223e+02
5.804700000000000000e+04 4.704974938077254399e-15 nan nan 6.828423083601947496e+01 2.512741666666666731e+02
5.804700000000000000e+04 4.705075786729927292e-15 nan nan 6.848855299668764474e+01 2.465821666666666658e+02
5.805900000000000000e+04 nan nan nan nan nan
5.805900000000000000e+04 nan nan nan nan nan
5.805900000000000000e+04 nan nan nan nan nan
5.807200000000000000e+04 5.119483505335474415e-15 nan nan 7.944023324458314050e+01 2.602651666666666870e+02
5.807200000000000000e+04 5.149225705735131825e-15 nan nan 7.883025886882737154e+01 2.628728333333333467e+02
5.807200000000000000e+04 5.169558081726301280e-15 nan nan 7.505670104172789081e+01 2.654789999999999850e+02
5.808400000000000000e+04 5.373580225977519358e-15 nan nan 8.562794527003926248e+01 2.889386666666666770e+02
5.808400000000000000e+04 5.068054081167094506e-15 nan nan 7.149141772019747521e+01 2.782969999999999686e+02
5.808400000000000000e+04 5.201943623084152305e-15 nan nan 7.486969069794112386e+01 2.857860000000000014e+02
5.812700000000000000e+04 4.997279048004683620e-15 nan nan 2.112844507635529112e+01 6.080310000000000059e+01
5.812700000000000000e+04 nan nan nan nan nan
5.812700000000000000e+04 4.436412182515125463e-15 nan nan 1.848015876773767019e+01 4.675451666666666739e+01
5.815100000000000000e+04 nan nan nan nan nan
5.815100000000000000e+04 nan nan nan nan nan
5.815100000000000000e+04 nan nan nan nan nan
5.816600000000000000e+04 5.118876418235961785e-15 nan nan 7.200001433281903473e+01 2.439564999999999770e+02
5.816600000000000000e+04 5.204259196605272808e-15 nan nan 7.833083401811182966e+01 2.508293333333333237e+02
5.816600000000000000e+04 5.207251570282948701e-15 nan nan 7.645215058571353950e+01 2.475380000000000109e+02
5.818300000000000000e+04 5.702879571180535243e-15 nan nan 6.818849215440268097e+01 2.373148333333333255e+02
5.818300000000000000e+04 5.767553429529478969e-15 nan nan 6.850173993862544819e+01 2.360428333333333342e+02
5.818300000000000000e+04 5.727796704729134658e-15 nan nan 6.953286806487781746e+01 2.361613333333333458e+02
5.822200000000000000e+04 5.333119605039268947e-15 nan nan 8.216379886912237396e+01 2.515748333333333164e+02
5.822200000000000000e+04 5.341659035561707110e-15 nan nan 7.977673893458705834e+01 2.500436666666666667e+02
5.822200000000000000e+04 5.134048386959025783e-15 nan nan 8.089456941177087401e+01 2.382685000000000173e+02
5.823600000000000000e+04 5.585353749704495905e-15 nan nan 6.646457955438764031e+01 2.121678333333333342e+02
5.823600000000000000e+04 5.537768931913873832e-15 nan nan 5.803098746867194535e+01 1.996784999999999854e+02
5.823600000000000000e+04 5.685796653656003502e-15 nan nan 3.616816998768689473e+01 1.027388000000000119e+02
5.823700000000000000e+04 nan nan nan nan nan
5.823700000000000000e+04 nan nan nan nan nan
5.823700000000000000e+04 nan nan nan nan nan
5.825000000000000000e+04 5.719423707214559241e-15 nan nan 7.591147686801605232e+01 2.455825000000000102e+02
5.825000000000000000e+04 5.739913101685948848e-15 nan nan 7.571799290502906388e+01 2.475698333333333494e+02
5.825000000000000000e+04 5.759247534092220192e-15 nan nan 8.153881840922893787e+01 2.537358333333333178e+02
5.826300000000000000e+04 4.838828715143080450e-15 nan nan 7.210375041810507923e+01 2.267280000000000086e+02
5.826300000000000000e+04 4.854266476115499545e-15 nan nan 7.033434773607940826e+01 2.275393333333333317e+02
5.826300000000000000e+04 4.702929686167019660e-15 nan nan 6.851135348747295950e+01 2.213505000000000109e+02
5.827600000000000000e+04 5.351802454103341511e-15 nan nan 4.848562489800442421e+01 1.529244833333333133e+02
5.827600000000000000e+04 5.265464323638432569e-15 nan nan 4.062110885585641284e+01 1.343838833333333298e+02
5.827600000000000000e+04 5.374894587695235600e-15 nan nan 6.032379481754611561e+01 1.972334999999999923e+02
5.828900000000000000e+04 5.067617918054129107e-15 nan nan 7.270786132730901841e+01 2.230166666666666799e+02
5.828900000000000000e+04 5.345449832952142478e-15 nan nan 7.986957189323710793e+01 2.337973333333333414e+02
5.828900000000000000e+04 5.402457416905187736e-15 nan nan 7.747987197702119033e+01 2.348388333333333264e+02
5.830700000000000000e+04 4.678092846792502342e-15 nan nan 7.266533326656964675e+01 2.102628333333333330e+02
5.830700000000000000e+04 4.846384209248998606e-15 nan nan 7.271421967168163292e+01 2.178058333333333394e+02
5.830700000000000000e+04 4.737993064643791971e-15 nan nan 7.441667671902541770e+01 2.117861666666666736e+02
5.832000000000000000e+04 4.612095878020331563e-15 nan nan 6.526819095300696461e+01 2.039621666666666613e+02
5.832000000000000000e+04 4.775537843351094423e-15 nan nan 7.087545822043031762e+01 2.152038333333333355e+02
5.832000000000000000e+04 4.648609321037451232e-15 nan nan 6.572171598683030425e+01 2.067488333333333514e+02
5.833200000000000000e+04 4.843805506102450603e-15 nan nan 6.932245763940181860e+01 2.180081666666666536e+02
5.833200000000000000e+04 4.704810695386110235e-15 nan nan 6.577146882242165304e+01 2.091850000000000023e+02
5.833200000000000000e+04 4.793979680418231875e-15 nan nan 6.875051545494102356e+01 2.171380000000000052e+02
5.834400000000000000e+04 4.455767226830285816e-15 nan nan 6.416892325467385660e+01 1.967646666666666420e+02
5.834400000000000000e+04 4.564402317180084316e-15 nan nan 6.560706424242196988e+01 1.967551666666666677e+02
5.834400000000000000e+04 4.677810935122116465e-15 nan nan 6.729757019520519634e+01 2.034363333333333514e+02
