5.752900000000000000e+04 3.350573473837380443e-15 nan nan 2.193707953456007260e+02 1.129642000000000053e+03
5.753400000000000000e+04 3.202739253937747702e-15 nan nan 2.071881032852499516e+02 1.060929999999999836e+03
5.755000000000000000e+04 3.361757157013131754e-15 nan nan 2.172268833810722981e+02 1.118054999999999836e+03
5.755400000000000000e+04 nan nan nan nan nan
5.755700000000000000e+04 nan nan nan nan nan
5.756100000000000000e+04 nan nan nan nan nan
5.756600000000000000e+04 3.419782731740846834e-15 nan nan 2.159009481293621207e+02 1.109895999999999958e+03
5.757600000000000000e+04 3.321333513823437263e-15 nan nan 2.195752918827121789e+02 1.130607999999999947e+03
5.758100000000000000e+04 nan nan nan nan nan
5.758400000000000000e+04 nan nan nan nan nan
5.758700000000000000e+04 nan nan nan nan nan
5.759300000000000000e+04 3.219836472398721816e-15 nan nan 2.004046745261660192e+02 1.022479000000000042e+03
5.759300000000000000e+04 3.219836472398721816e-15 nan nan 2.004046745261660192e+02 1.022479000000000042e+03
5.760000000000000000e+04 3.399867369003129731e-15 nan nan 2.063008244394451367e+02 1.055849999999999909e+03
5.760000000000000000e+04 3.399867369003129731e-15 nan nan 2.063008244394451367e+02 1.055849999999999909e+03
5.760600000000000000e+04 nan nan nan nan nan
5.760900000000000000e+04 nan nan nan nan nan
5.761300000000000000e+04 3.240025853927664562e-15 nan nan 2.046783418429348558e+02 1.047304999999999836e+03
5.761600000000000000e+04 nan nan nan nan nan
5.761900000000000000e+04 nan nan nan nan nan
5.762300000000000000e+04 nan nan nan nan nan
5.762600000000000000e+04 3.375607217923832628e-15 nan nan 2.114966004945316911e+02 1.085653000000000020e+03
5.762900000000000000e+04 3.375996721397777738e-15 nan nan 2.160227142810477119e+02 1.109644999999999982e+03
5.763200000000000000e+04 nan nan nan nan nan
5.769000000000000000e+04 nan nan nan nan nan
5.769400000000000000e+04 nan nan nan nan nan
5.770000000000000000e+04 3.363872529569490509e-15 nan nan 1.893699467178907696e+02 9.630363999999999578e+02
5.770300000000000000e+04 nan nan nan nan nan
5.770700000000000000e+04 nan nan nan nan nan
5.771400000000000000e+04 nan nan nan nan nan
5.772800000000000000e+04 nan nan nan nan nan
5.773300000000000000e+04 nan nan nan nan nan
5.773600000000000000e+04 nan nan nan nan nan
5.774200000000000000e+04 nan nan nan nan nan
5.774600000000000000e+04 3.377542123603915450e-15 nan nan 1.659236067903379706e+02 8.395310999999999240e+02
5.774900000000000000e+04 nan nan nan nan nan
5.787600000000000000e+04 3.160511004975338603e-15 nan nan 2.247494005446542360e+02 1.159852000000000089e+03
5.790300000000000000e+04 nan nan nan nan nan
5.790600000000000000e+04 nan nan nan nan nan
5.791300000000000000e+04 nan nan nan nan nan
5.791600000000000000e+04 3.028813424294360548e-15 nan nan 2.066090678408265262e+02 1.057989000000000033e+03
5.792500000000000000e+04 3.313347523098587401e-15 nan nan 1.765684143404424162e+02 8.941916999999999689e+02
5.793300000000000000e+04 nan nan nan nan nan
5.793600000000000000e+04 3.314728548603227094e-15 nan nan 2.181888973624487278e+02 1.127864000000000033e+03
5.794800000000000000e+04 3.194669180843063589e-15 nan nan 2.088101032817401119e+02 1.070117999999999938e+03
5.795100000000000000e+04 3.346679233183494254e-15 nan nan 2.197776536722659557e+02 1.131262999999999920e+03
5.795400000000000000e+04 nan nan nan nan nan
5.795800000000000000e+04 2.894395035395263059e-15 nan nan 1.914655867880543383e+02 9.732897999999999001e+02
5.796200000000000000e+04 nan nan nan nan nan
5.797300000000000000e+04 3.379915042334114000e-15 nan nan 2.040809694617746572e+02 1.044120000000000118e+03
5.798000000000000000e+04 3.422698881072447710e-15 nan nan 2.184830214846383569e+02 1.123931000000000040e+03
5.798300000000000000e+04 3.350217792089955464e-15 nan nan 2.131011001600712689e+02 1.093874000000000024e+03
5.798600000000000000e+04 3.456418333956582525e-15 nan nan 2.141986701773805351e+02 1.101516000000000076e+03
5.799000000000000000e+04 2.838608302936306839e-15 nan nan 1.883552285495810850e+02 9.555609000000000606e+02
5.799300000000000000e+04 nan nan nan nan nan
5.800000000000000000e+04 nan nan nan nan nan
5.800300000000000000e+04 nan nan nan nan nan
5.801000000000000000e+04 nan nan nan nan nan
5.801700000000000000e+04 nan nan nan nan nan
5.802100000000000000e+04 nan nan nan nan nan
5.804700000000000000e+04 nan nan nan nan nan
5.805000000000000000e+04 nan nan nan nan nan
5.805300000000000000e+04 nan nan nan nan nan
5.806200000000000000e+04 nan nan nan nan nan
5.806500000000000000e+04 nan nan nan nan nan
5.806800000000000000e+04 nan nan nan nan nan
5.807100000000000000e+04 3.294396847590318877e-15 nan nan 1.680575641167029630e+02 8.481870000000001255e+02
5.807800000000000000e+04 nan nan nan nan nan
