5.769000000000000000e+04 nan nan nan 1.673203901960636131e+02 7.256853333333333467e+02
5.769000000000000000e+04 nan nan nan 1.642150740262581223e+02 7.070139999999998963e+02
5.769000000000000000e+04 nan nan nan 1.653107986526637774e+02 7.141668333333333294e+02
5.772500000000000000e+04 nan nan nan 1.585968527517690632e+02 6.590241666666665878e+02
5.772500000000000000e+04 nan nan nan 1.580921880645627766e+02 6.548838333333333139e+02
5.772500000000000000e+04 nan nan nan 1.567909048749284295e+02 6.477966666666667379e+02
5.776000000000000000e+04 1.085890322966079692e-14 nan nan 1.430771123079831568e+02 5.711291666666667197e+02
5.776000000000000000e+04 1.050210522445935876e-14 nan nan 1.383953411000584595e+02 5.418555000000000064e+02
5.776000000000000000e+04 1.074884952175423930e-14 nan nan 1.437795637385891041e+02 5.697549999999999955e+02
5.779500000000000000e+04 nan nan nan 1.375345416110025099e+02 5.630426666666666051e+02
5.779500000000000000e+04 nan nan nan 1.341025600820318004e+02 5.436443333333332930e+02
5.779500000000000000e+04 nan nan nan 1.339808751887626670e+02 5.425095000000000027e+02
5.785700000000000000e+04 nan nan nan 1.195917494503896847e+02 4.627584999999999695e+02
5.785700000000000000e+04 nan nan nan 1.135537268689142394e+02 4.323215000000000146e+02
5.785700000000000000e+04 nan nan nan 1.159654714760491885e+02 4.437188333333333503e+02
5.789400000000000000e+04 nan nan nan 1.527421404985444155e+02 6.402943333333333840e+02
5.789400000000000000e+04 nan nan nan 1.504487369881927634e+02 6.266881666666666888e+02
5.789400000000000000e+04 nan nan nan 1.538106178185265946e+02 6.459146666666666761e+02
5.793400000000000000e+04 nan nan nan 1.631144496758245452e+02 7.089215000000000373e+02
5.793400000000000000e+04 nan nan nan 1.608066955641012612e+02 6.930699999999999363e+02
5.793400000000000000e+04 nan nan nan 1.603967228649582069e+02 6.916681666666665933e+02
5.796900000000000000e+04 nan nan nan 1.625757720201130780e+02 7.406944999999999482e+02
5.796900000000000000e+04 nan nan nan 1.637029728712011263e+02 7.475961666666665906e+02
5.796900000000000000e+04 nan nan nan 1.589576534993170469e+02 7.196833333333332803e+02
5.799800000000000000e+04 nan nan nan 8.222354754515062325e+01 2.796731666666666456e+02
5.799800000000000000e+04 nan nan nan 7.423192710042978604e+01 2.466765000000000043e+02
5.799800000000000000e+04 nan nan nan 7.605744397025168269e+01 2.540424999999999898e+02
5.804700000000000000e+04 1.162200653937865560e-14 nan nan 1.609383239587290859e+02 6.873103333333333467e+02
5.804700000000000000e+04 1.171650617484311908e-14 nan nan 1.617761017794931035e+02 6.922581666666666251e+02
5.804700000000000000e+04 1.169186609953259865e-14 nan nan 1.617232675525940806e+02 6.928425000000000864e+02
5.808400000000000000e+04 nan nan nan 1.540950640555512337e+02 6.371813333333333276e+02
5.808400000000000000e+04 nan nan nan 1.546514692538956126e+02 6.397986666666666906e+02
5.808400000000000000e+04 nan nan nan 1.540838289838922890e+02 6.379279999999999973e+02
5.811900000000000000e+04 9.985277538790924000e-15 nan nan 1.035462057378592817e+02 4.029518333333333544e+02
5.811900000000000000e+04 1.010727755880200592e-14 nan nan 9.686692320978035298e+01 3.707454999999999927e+02
5.811900000000000000e+04 1.008193597032401183e-14 nan nan 1.166707676544414767e+02 4.648684999999999832e+02
5.815500000000000000e+04 9.855671107569292423e-15 nan nan 1.255044676618488211e+02 4.770833333333333144e+02
5.815500000000000000e+04 9.809610212232440495e-15 nan nan 1.259373049719089011e+02 4.778786666666666747e+02
5.815500000000000000e+04 9.840049881269175674e-15 nan nan 1.251572677353410938e+02 4.764406666666666297e+02
5.819000000000000000e+04 1.008804613865263920e-14 nan nan 1.360261153860594163e+02 5.223189999999999600e+02
5.819000000000000000e+04 1.033101565833989940e-14 nan nan 1.378290200538586134e+02 5.348993333333332885e+02
5.819000000000000000e+04 1.024542251406777337e-14 nan nan 1.373884102229616531e+02 5.313958333333333712e+02
5.822300000000000000e+04 1.038289322641186183e-14 nan nan 1.028095849086688958e+02 3.665029999999999859e+02
5.822300000000000000e+04 1.067007348662441647e-14 nan nan 1.194951926691460358e+02 4.505730000000000359e+02
5.822300000000000000e+04 1.069044878075414887e-14 nan nan 1.006233144009926690e+02 3.618238333333333117e+02
5.825800000000000000e+04 nan nan nan 1.328022106309784363e+02 5.172703333333333831e+02
5.825800000000000000e+04 nan nan nan 1.385163802303470959e+02 5.497473333333332448e+02
5.825800000000000000e+04 nan nan nan 1.359895361822790392e+02 5.356713333333333367e+02
5.829300000000000000e+04 nan nan nan 1.290382720106817942e+02 5.110595000000000141e+02
5.829300000000000000e+04 nan nan nan 1.285071385439419203e+02 5.074951666666666483e+02
5.829300000000000000e+04 nan nan nan 1.283936784482318956e+02 5.065823333333333380e+02
5.833000000000000000e+04 1.132383136322625710e-14 nan nan 1.300412749973784798e+02 5.110058333333333280e+02
5.833000000000000000e+04 1.136484452096829547e-14 nan nan 1.301763685316344947e+02 5.107826666666666711e+02
5.833000000000000000e+04 1.174655882775194987e-14 nan nan 1.313694723432148521e+02 5.177826666666666142e+02
