5.752300000000000000e+04 nan nan nan nan nan
5.752900000000000000e+04 2.605775906236705386e-14 2.479579398879457697e-14 nan 1.649187894775861196e+03 1.490415999999999985e+04
5.753400000000000000e+04 2.624828035695646315e-14 2.547628163871755789e-14 nan 1.665819870142258651e+03 1.518754999999999927e+04
5.754600000000000000e+04 2.581153984005304593e-14 3.053877045526697238e-14 nan 1.620293544440930873e+03 1.491747999999999956e+04
5.755000000000000000e+04 2.682864482274215186e-14 2.575942958838881376e-14 nan 1.671080853399247871e+03 1.524903999999999905e+04
5.755400000000000000e+04 2.586463448592491492e-14 2.520234649508654478e-14 nan 1.090033384482464498e+03 8.232378000000000611e+03
5.755700000000000000e+04 nan nan nan 1.649627973587214001e+03 1.530563999999999942e+04
5.756100000000000000e+04 nan nan nan 1.653159568012500358e+03 1.527164999999999964e+04
5.756600000000000000e+04 nan nan nan 1.623731116208073217e+03 1.491721000000000095e+04
5.756900000000000000e+04 2.614375042607956442e-14 2.767530254514466231e-14 nan 1.407372832583213039e+03 1.183104999999999927e+04
5.757600000000000000e+04 2.617277482399606900e-14 2.512984044598278386e-14 nan 1.654027029688687207e+03 1.524139999999999964e+04
5.758100000000000000e+04 nan nan nan 1.637402749344576250e+03 1.493785000000000036e+04
5.758400000000000000e+04 nan nan nan 1.641803078848115547e+03 1.504182000000000153e+04
5.758700000000000000e+04 nan nan nan 1.246621859797262005e+03 9.764700999999999112e+03
5.759000000000000000e+04 2.681877770977153359e-14 2.602522977585752208e-14 nan 1.382246165621300634e+03 1.145025000000000000e+04
5.759300000000000000e+04 2.669787103968220018e-14 2.565511914922637792e-14 nan 1.650352110005145278e+03 1.490187000000000080e+04
5.759700000000000000e+04 nan nan nan nan nan
5.760000000000000000e+04 2.679634491784337911e-14 2.512604939602074640e-14 nan 1.621663174345390416e+03 1.470560000000000036e+04
5.760600000000000000e+04 2.605401291677403870e-14 3.653563637846344535e-14 nan 1.607636413718195627e+03 1.444152000000000044e+04
5.760900000000000000e+04 2.611208413952643312e-14 2.505188012904396242e-14 nan 1.596533291266896413e+03 1.465935000000000036e+04
5.761300000000000000e+04 2.665121854913157959e-14 2.540348353409009561e-14 nan 1.618798653801508408e+03 1.465151000000000022e+04
5.761600000000000000e+04 nan nan nan 1.620473275830660214e+03 1.491854999999999927e+04
5.761900000000000000e+04 2.721163588212131058e-14 2.574076797982185306e-14 nan 1.626425205008260718e+03 1.469334000000000015e+04
5.762300000000000000e+04 nan nan nan 1.613921639064337114e+03 1.488020000000000073e+04
5.762600000000000000e+04 2.601113229965272989e-14 2.504700483377036312e-14 nan 1.603076456166239268e+03 1.449406000000000131e+04
5.762900000000000000e+04 2.581823610145255753e-14 2.928420918853209746e-14 nan 1.617140703029773022e+03 1.460532999999999811e+04
5.763200000000000000e+04 nan nan nan 1.616886666890741935e+03 1.462306000000000131e+04
5.763200000000000000e+04 nan nan nan 1.616886666890741935e+03 1.462306000000000131e+04
5.769000000000000000e+04 2.639220152204615029e-14 2.498884189937130276e-14 nan 1.576292668103305232e+03 1.410501000000000022e+04
5.769400000000000000e+04 nan nan nan 1.515964450763226523e+03 1.307647999999999956e+04
5.770000000000000000e+04 2.666530521956697323e-14 2.508346182929919058e-14 nan 1.551239466390295320e+03 1.359052000000000044e+04
5.770300000000000000e+04 nan nan nan 1.461798405735670030e+03 1.307764999999999964e+04
5.770700000000000000e+04 nan nan nan nan nan
5.770700000000000000e+04 nan nan nan nan nan
5.770700000000000000e+04 nan nan nan nan nan
5.771400000000000000e+04 nan nan nan 1.396046903269156701e+03 1.167329999999999927e+04
5.772000000000000000e+04 3.208558917265817346e-14 2.653193098429171672e-14 nan 1.441548623725030438e+03 1.214851000000000022e+04
5.772400000000000000e+04 nan nan nan nan nan
5.772800000000000000e+04 nan nan nan 1.441027746585978775e+03 1.233264999999999964e+04
5.773300000000000000e+04 nan nan nan 1.366432638455524739e+03 1.135150000000000000e+04
5.773600000000000000e+04 2.634534156137112108e-14 2.595177351602330978e-14 nan 1.390497112444842287e+03 1.159143999999999869e+04
5.773900000000000000e+04 2.681811072205916886e-14 2.697030117845918765e-14 nan 1.427386054817846343e+03 1.206028999999999905e+04
5.774200000000000000e+04 2.691168266570421753e-14 2.549755925978645481e-14 nan 1.418562282187616120e+03 1.191320000000000073e+04
5.774600000000000000e+04 2.688117603437711407e-14 2.590262464897710416e-14 nan 1.413729030569749057e+03 1.196376000000000022e+04
5.774900000000000000e+04 nan nan nan 1.390299977517322759e+03 1.142734000000000015e+04
5.775200000000000000e+04 2.682435538965830918e-14 2.605762407569275008e-14 nan 1.392939831421817644e+03 1.156981999999999971e+04
5.785700000000000000e+04 2.682420398921191374e-14 2.515059225021196486e-14 nan 1.249720276255789486e+03 9.979361999999999171e+03
5.787600000000000000e+04 2.652754527673533876e-14 2.556310609455524069e-14 nan 1.748278209329888568e+03 1.685065999999999985e+04
5.790300000000000000e+04 2.457383491912585721e-14 2.386080524701487831e-14 nan 1.545267348530599293e+03 1.363123999999999978e+04
5.790600000000000000e+04 2.634770829802586794e-14 3.860466825859608292e-14 nan 1.639407829761639277e+03 1.511072000000000116e+04
5.791300000000000000e+04 2.479721760236499069e-14 2.688849723481186880e-14 nan 1.619257944568753601e+03 1.489387000000000080e+04
5.791600000000000000e+04 2.556022146899413920e-14 2.472321894539569384e-14 nan 1.647085934794586137e+03 1.548792000000000189e+04
5.792500000000000000e+04 2.645867102020469154e-14 2.498150133542213517e-14 nan 1.478099570443300763e+03 1.283685000000000036e+04
5.793300000000000000e+04 nan nan nan nan nan
5.793600000000000000e+04 2.582130562302662490e-14 2.750741416688312010e-14 nan 1.646406294264829739e+03 1.524875000000000000e+04
5.794500000000000000e+04 nan nan nan nan nan
5.794800000000000000e+04 2.592755329956759223e-14 2.407536498561562773e-14 nan 1.595356562842250696e+03 1.441597999999999956e+04
5.795100000000000000e+04 2.601829224191472377e-14 2.521201671868164028e-14 nan 1.627800328151443409e+03 1.472197999999999956e+04
5.795400000000000000e+04 nan nan nan 1.402410068616381977e+03 1.172854999999999927e+04
5.795800000000000000e+04 2.524711372852617460e-14 2.627536656839910368e-14 nan 1.602685042329332646e+03 1.450207000000000153e+04
5.796200000000000000e+04 2.640826377354573710e-14 2.496093587184824631e-14 nan 1.429583892518950279e+03 1.192484000000000015e+04
5.797000000000000000e+04 2.522569167900183496e-14 2.807077710194788007e-14 nan 1.617205778564360799e+03 1.483504999999999927e+04
5.797300000000000000e+04 2.625496135339583469e-14 2.533831285507718296e-14 nan 1.516762757296643258e+03 1.339827999999999884e+04
5.798000000000000000e+04 2.556624704941618356e-14 2.481774245009074700e-14 nan 1.551373285658402892e+03 1.410590999999999985e+04
5.798300000000000000e+04 2.678817608409057086e-14 2.554976414926533906e-14 nan 1.635667846618714293e+03 1.512028999999999905e+04
5.798600000000000000e+04 2.681729527516126979e-14 2.544783492560136355e-14 nan 1.655976132788420273e+03 1.511202999999999884e+04
5.799000000000000000e+04 2.521153349021325498e-14 2.555493823359381816e-14 nan 1.592772722437022367e+03 1.426604999999999927e+04
5.799300000000000000e+04 nan nan nan 1.609606053823260709e+03 1.459170000000000073e+04
5.800000000000000000e+04 nan nan nan nan nan
5.800300000000000000e+04 4.870053705103682795e-14 2.381589216307710436e-14 nan 1.544875934696064178e+03 1.378645000000000073e+04
5.800700000000000000e+04 2.508755907719990146e-14 2.815115876719290464e-14 nan 1.566215066144919774e+03 1.414043999999999869e+04
5.801000000000000000e+04 nan nan nan 1.601267223856039891e+03 1.449417999999999847e+04
5.801700000000000000e+04 nan nan nan 1.640643951600435912e+03 1.491331000000000131e+04
5.802100000000000000e+04 nan nan nan nan nan
5.802400000000000000e+04 2.575701165028243007e-14 2.432224367188527886e-14 nan 1.147216906975149413e+03 8.841755000000001019e+03
5.802700000000000000e+04 2.524979288874387223e-14 2.378575547483077061e-14 nan 1.496212088465924126e+03 1.296336999999999898e+04
5.804700000000000000e+04 2.495946622818914294e-14 2.938178030676324680e-14 nan 1.527148777072921575e+03 1.346197000000000116e+04
5.805000000000000000e+04 nan nan nan 1.373970562310019659e+03 1.158093999999999869e+04
5.805300000000000000e+04 2.638167423788379091e-14 2.616617686895036938e-14 nan 1.096145804513203984e+03 8.674992000000000189e+03
5.805600000000000000e+04 2.626963189333263096e-14 2.477047040057709464e-14 nan 1.559134119047945887e+03 1.376817000000000189e+04
5.806200000000000000e+04 nan nan nan 1.537462224310658712e+03 1.335206000000000131e+04
5.806500000000000000e+04 2.659264790671510895e-14 2.494175947630507426e-14 nan 1.471775790885208608e+03 1.252729999999999927e+04
5.806800000000000000e+04 2.636237293554107686e-14 2.531126553056605426e-14 nan 1.501991875888114009e+03 1.325826000000000022e+04
5.807100000000000000e+04 2.657337445899450420e-14 2.550665024108067356e-14 nan 1.465730459680746662e+03 1.293789999999999964e+04
5.807500000000000000e+04 2.566943892523834195e-14 2.411015276314132480e-14 nan 1.484606127936965549e+03 1.292548999999999978e+04
5.807800000000000000e+04 nan nan nan 1.445140286344211972e+03 1.277268999999999869e+04
