5.752300000000000000e+04 nan nan nan nan nan
5.752900000000000000e+04 1.901448725789977692e-14 1.783803202030218471e-14 nan 1.403323458665332737e+03 9.997791000000001077e+03
5.753400000000000000e+04 1.901803144825662376e-14 1.826776888797204375e-14 nan 1.455935439281075560e+03 1.062073999999999978e+04
5.754600000000000000e+04 1.870134989512293538e-14 2.238391888730434048e-14 nan 1.434308626670707554e+03 1.036111000000000058e+04
5.755000000000000000e+04 1.943753813604847133e-14 1.859680704288605224e-14 nan 1.459127651827676800e+03 1.066606000000000131e+04
5.755400000000000000e+04 1.848043163287642048e-14 1.805317652027925229e-14 nan 9.767491923537563707e+02 5.636195999999999913e+03
5.755700000000000000e+04 nan nan 1.814977356138135543e-14 1.433778328880778872e+03 1.035456000000000131e+04
5.756100000000000000e+04 nan nan 1.836762373293660274e-14 1.445732276265091741e+03 1.049881000000000131e+04
5.756600000000000000e+04 1.916825102120679116e-14 1.823409743324068545e-14 nan 1.432125758156692655e+03 1.033496999999999935e+04
5.756900000000000000e+04 1.861824714862522575e-14 2.020714984352048923e-14 nan 1.231675064036541471e+03 8.089261999999999716e+03
5.757600000000000000e+04 1.908406974192399561e-14 2.657231192906542951e-14 nan 1.430417791546656872e+03 1.031668999999999869e+04
5.758100000000000000e+04 nan nan 1.850367895099096267e-14 1.406118127562723430e+03 1.002551000000000022e+04
5.758400000000000000e+04 nan nan 1.829126154682405730e-14 1.414919408490708065e+03 1.012714999999999964e+04
5.758700000000000000e+04 nan nan 1.830886044376786454e-14 1.085463087043306814e+03 6.621349000000000160e+03
5.759000000000000000e+04 1.960946477425956615e-14 1.904375433661090788e-14 nan 1.231119581578018142e+03 8.080795000000000073e+03
5.759300000000000000e+04 1.940060239495060873e-14 1.855995803114250558e-14 nan 1.439305700913531155e+03 1.042156000000000131e+04
5.759700000000000000e+04 nan nan nan nan nan
5.760000000000000000e+04 1.940041539141093201e-14 1.803367222610587632e-14 nan 1.413919889590470120e+03 1.012175000000000000e+04
5.760600000000000000e+04 1.899557731847942229e-14 2.466929642561692097e-14 nan 1.373624870999627774e+03 9.646418999999999869e+03
5.760900000000000000e+04 1.883684236311331746e-14 1.817003130610151774e-14 nan 1.394637037668604762e+03 9.893145000000000437e+03
5.761300000000000000e+04 1.926323376135838352e-14 1.850776952793006120e-14 nan 1.421316940830819476e+03 1.020584000000000015e+04
5.761600000000000000e+04 nan nan 1.821671502089390723e-14 1.416897347521347456e+03 1.015507999999999993e+04
5.761900000000000000e+04 1.991149356611668526e-14 1.879382037390387038e-14 nan 1.426148318277591898e+03 1.027043000000000029e+04
5.762300000000000000e+04 nan nan 1.835562573175958306e-14 1.421680233403789771e+03 1.020853999999999905e+04
5.762600000000000000e+04 1.871380519889566687e-14 1.790380381456390710e-14 nan 1.391066324439826303e+03 9.851263999999999214e+03
5.762900000000000000e+04 1.868935260635891644e-14 2.144731378465541563e-14 nan 1.419777421943131458e+03 1.018682999999999993e+04
5.763200000000000000e+04 nan nan 1.851070237962970670e-14 1.415127378278331662e+03 1.013568000000000029e+04
5.769000000000000000e+04 1.909108042434658741e-14 1.794775623034215133e-14 nan 1.374464523444710949e+03 9.655465000000000146e+03
5.769400000000000000e+04 nan nan 1.946124428054470835e-14 1.329899216238492500e+03 9.157479999999999563e+03
5.770000000000000000e+04 1.941199965645619301e-14 1.850099450034741836e-14 nan 1.365973071550960867e+03 9.566183999999999287e+03
5.770300000000000000e+04 nan nan 1.911579419922306804e-14 1.334646662901797754e+03 9.214094999999999345e+03
5.770700000000000000e+04 nan nan nan nan nan
5.771400000000000000e+04 nan nan 1.896023600631137372e-14 1.232754939918632317e+03 8.102388000000000829e+03
5.772000000000000000e+04 2.348629409937154067e-14 1.943867892145057790e-14 nan 1.272675805654489295e+03 8.526174999999999272e+03
5.772400000000000000e+04 nan nan nan nan nan
5.772800000000000000e+04 nan nan 1.847684926311512317e-14 1.268773081999097485e+03 8.484646000000000640e+03
5.773300000000000000e+04 nan nan 1.909153800999996506e-14 1.224509592628788141e+03 8.013461999999999534e+03
5.773600000000000000e+04 1.937491971700334908e-14 1.890328841044832527e-14 nan 1.240531639406753584e+03 8.179108000000000175e+03
5.773900000000000000e+04 1.931102726980939054e-14 1.908328400798237425e-14 nan 1.261427136982161301e+03 8.403916000000001077e+03
5.774200000000000000e+04 1.973184175490509259e-14 1.875485783990136243e-14 nan 1.257568885425654798e+03 8.357878000000000611e+03
5.774600000000000000e+04 1.930410073343616028e-14 1.835690464882164742e-14 nan 1.253255856708757165e+03 8.313474000000000160e+03
5.774900000000000000e+04 nan nan 1.941983920824721396e-14 1.212716664744237960e+03 7.888997000000000298e+03
5.775200000000000000e+04 1.962488537030333765e-14 1.895845496938505229e-14 nan 1.230066229200888984e+03 8.069233000000000175e+03
5.785700000000000000e+04 1.968345187425146768e-14 1.859210808499220708e-14 nan 1.110636283544856497e+03 6.862541000000000167e+03
5.787600000000000000e+04 1.917963768497338207e-14 1.827623086126145073e-14 nan 1.537681744017180108e+03 1.163911000000000058e+04
5.790300000000000000e+04 1.792748823753724890e-14 1.753745490745984514e-14 nan 1.229450420737222885e+03 8.061577999999999520e+03
5.790600000000000000e+04 1.900857461534151476e-14 2.677951488687425332e-14 nan 1.437321096053216024e+03 1.039828000000000065e+04
5.791300000000000000e+04 1.850431242935231510e-14 1.830906704033515591e-14 nan 1.340526911949130636e+03 9.269860000000000582e+03
5.791600000000000000e+04 1.820998986858321442e-14 1.733542657087263160e-14 nan 1.437701976282177611e+03 1.040152000000000044e+04
5.792500000000000000e+04 1.932868955038046032e-14 1.837152685927711423e-14 nan 1.309917891943748600e+03 8.926261999999998807e+03
5.793300000000000000e+04 2.234972762424402674e-14 2.052313849523741983e-14 nan 1.158018828737814601e+03 7.329352000000000771e+03
5.793600000000000000e+04 1.857186466231534024e-14 2.002471770484743561e-14 nan 1.445249419755555664e+03 1.049152000000000044e+04
5.794500000000000000e+04 nan nan nan nan nan
5.794800000000000000e+04 1.920366588212556270e-14 1.721687771961113441e-14 nan 1.327330676122816840e+03 9.123324000000000524e+03
5.795100000000000000e+04 1.854824697329600183e-14 1.819598771529208491e-14 nan 1.377368989987366376e+03 9.690109000000000378e+03
5.795400000000000000e+04 nan nan 1.804365111651485694e-14 1.186310266911576946e+03 7.613853000000000065e+03
5.795800000000000000e+04 1.803658919935304574e-14 1.869145952753619284e-14 nan 1.368883695709241010e+03 9.591802999999999884e+03
5.796200000000000000e+04 1.883503703179491476e-14 1.762421918540522049e-14 nan 1.221561228246488099e+03 7.977960000000000946e+03
5.797000000000000000e+04 1.789679878009200353e-14 1.972606571642834376e-14 nan 1.383241836120368362e+03 9.758819999999999709e+03
5.797300000000000000e+04 1.891516549986541015e-14 1.796182148845489777e-14 nan 1.313609342476915117e+03 8.971769000000000233e+03
5.798000000000000000e+04 1.799766296829347152e-14 1.738709677510459531e-14 nan 1.321857237179872300e+03 9.064505000000001019e+03
5.798300000000000000e+04 1.926648183321351671e-14 1.824535406910369921e-14 nan 1.438361067047313554e+03 1.041068000000000029e+04
5.798600000000000000e+04 1.978475460465698774e-14 1.843524233481403131e-14 nan 1.426737714722774854e+03 1.027427000000000044e+04
5.799000000000000000e+04 1.802869535038535197e-14 1.822848923263999624e-14 nan 1.327020022270612117e+03 9.116905999999999040e+03
5.799300000000000000e+04 nan nan 1.775155726225497208e-14 1.334506263788792921e+03 9.200485000000000582e+03
5.800000000000000000e+04 nan nan nan nan nan
5.800300000000000000e+04 1.976253098445183032e-14 1.820029793629984863e-14 nan 1.270813189048565619e+03 8.501143000000000029e+03
5.800700000000000000e+04 1.792383124469868805e-14 1.987730841677126631e-14 nan 1.323114237673646358e+03 9.073297999999998865e+03
5.801000000000000000e+04 nan nan 1.762623721802605105e-14 1.329311481486621915e+03 9.142711999999999534e+03
5.801700000000000000e+04 nan nan 1.765660640872827519e-14 1.383751912219087444e+03 9.766369999999998981e+03
5.802100000000000000e+04 nan nan nan nan nan
5.802400000000000000e+04 1.904634750692695251e-14 1.751159715479878025e-14 nan 9.721032621951499095e+02 5.597887999999999920e+03
5.802700000000000000e+04 1.956452858302757507e-14 1.826216639919564957e-14 nan 1.191817023167557181e+03 7.670807999999999993e+03
5.804700000000000000e+04 1.777329667522436793e-14 2.069796739932529617e-14 nan 1.301884141647461547e+03 8.839399000000001251e+03
5.805000000000000000e+04 nan nan 1.722059171209277277e-14 1.217839917212827686e+03 7.940858999999999469e+03
5.805300000000000000e+04 1.885464912023828862e-14 1.875539729573218906e-14 nan 9.951889962537883321e+02 5.807641000000000531e+03
5.805600000000000000e+04 1.873444113430275954e-14 1.792722398137801410e-14 nan 1.352832211125156618e+03 9.412507999999999811e+03
5.806200000000000000e+04 nan nan 1.869273734177730026e-14 1.342462337199254307e+03 9.293010000000000218e+03
5.806500000000000000e+04 1.921307389186173512e-14 1.750718576366832743e-14 nan 1.258188440719399296e+03 8.375313000000000102e+03
5.806800000000000000e+04 1.894077951895206552e-14 1.808220730696954559e-14 nan 1.325414269843167631e+03 9.104827999999999520e+03
5.807100000000000000e+04 1.914270461953526309e-14 1.823048271241193736e-14 nan 1.301175188570680120e+03 8.835484000000000378e+03
5.807500000000000000e+04 1.810691587044010505e-14 1.743707949177424267e-14 nan 1.280505656032752995e+03 8.610511000000000422e+03
5.807800000000000000e+04 nan nan 1.895102321646117890e-14 1.301771727105023501e+03 8.849015999999999622e+03
5.808200000000000000e+04 nan nan nan nan nan
5.808600000000000000e+04 nan nan nan nan nan
5.809400000000000000e+04 1.933473191081352362e-14 1.817909896860325008e-14 nan 1.338357072909087492e+03 9.255554000000000087e+03
5.810900000000000000e+04 nan nan 1.832224476919273895e-14 1.274572723100882740e+03 8.542231999999999971e+03
5.811200000000000000e+04 1.915750874541565732e-14 1.806252106243512970e-14 nan 1.275412845899357080e+03 8.549350999999998749e+03
5.811500000000000000e+04 nan nan 1.854899481953304958e-14 1.314770818777846216e+03 8.982674000000000888e+03
5.811800000000000000e+04 1.856529404494211106e-14 1.801876713094182858e-14 nan 1.256403017130948911e+03 8.357541000000001077e+03
5.822300000000000000e+04 nan nan 1.795623202792574855e-14 1.227653184902751718e+03 8.041947999999999411e+03
5.824400000000000000e+04 1.904151709492283595e-14 1.814399233704596479e-14 nan 1.173897185018454820e+03 7.494672999999999774e+03
5.825800000000000000e+04 2.089353468731833920e-14 1.784752803934997653e-14 nan 1.004235937094835549e+03 5.878658999999999651e+03
5.826200000000000000e+04 1.952681048922749197e-14 1.832782181872238943e-14 nan 1.198594027058907614e+03 7.737582000000000335e+03
5.826500000000000000e+04 1.849425516619713288e-14 2.850585725303951519e-14 nan 1.193522267437204164e+03 7.690903000000000247e+03
5.827100000000000000e+04 1.978146244876710401e-14 1.883545419112172358e-14 nan 1.180525163278215359e+03 7.555908000000000357e+03
5.827400000000000000e+04 nan nan 1.847004114893382890e-14 1.191257169591011461e+03 7.665164999999999054e+03
5.827700000000000000e+04 1.817256075602114284e-14 1.795092647216360943e-14 nan 1.156961916014759709e+03 7.317130000000000109e+03
5.828400000000000000e+04 1.885845263996055273e-14 1.792733919761448944e-14 nan 1.169555541720287010e+03 7.444888000000000829e+03
5.828800000000000000e+04 1.843674677621333538e-14 1.728006476029792844e-14 nan 1.153681229046543876e+03 7.284638000000000829e+03
5.829100000000000000e+04 nan nan nan nan nan
5.829400000000000000e+04 1.861981655908747916e-14 1.752610191437595206e-14 nan 1.069735185643046862e+03 6.478920000000000073e+03
5.829700000000000000e+04 nan nan nan nan nan
5.830700000000000000e+04 1.753186725409274167e-14 1.995728294710903877e-14 nan 1.121768117592476074e+03 6.972261999999999716e+03
5.831000000000000000e+04 1.766854392698368051e-14 1.747015758330134533e-14 nan 1.100871526475044675e+03 6.769497999999999593e+03
5.831300000000000000e+04 1.837913751739147715e-14 1.803896816989878212e-14 nan 1.171277769507702260e+03 7.463977000000000771e+03
5.831800000000000000e+04 nan nan nan nan nan
5.832100000000000000e+04 1.782863478768763045e-14 1.761363643012851830e-14 nan 1.045706350027741109e+03 6.251222999999999956e+03
5.832400000000000000e+04 1.797861640500862867e-14 1.698420420683211702e-14 nan 1.118083881665496619e+03 6.939896999999999935e+03
5.833100000000000000e+04 nan nan nan nan nan
5.833400000000000000e+04 1.906528833630338885e-14 1.767634283579318375e-14 nan 1.101003133846807032e+03 6.772605000000000473e+03
5.833800000000000000e+04 nan nan nan nan nan
5.834100000000000000e+04 1.849201071674512477e-14 1.923253539610398162e-14 nan 1.148015609613160905e+03 7.229527000000000044e+03
5.834400000000000000e+04 2.006687881590183625e-14 1.748171664601382926e-14 nan 1.119098975141840356e+03 6.947694999999999709e+03
5.834800000000000000e+04 nan nan nan nan nan
5.835100000000000000e+04 1.809544662566408366e-14 1.779016227259269227e-14 nan 1.141338074981196996e+03 7.163153000000000247e+03
