5.769300000000000000e+04 7.944170366299573993e-15 nan nan 3.168233961934108720e+02 9.913383999999999787e+02
5.770100000000000000e+04 7.899254578899480547e-15 8.082931211741488899e-15 nan 3.412821600505692459e+02 1.073204000000000178e+03
5.771900000000000000e+04 8.604966599751562160e-15 nan nan 3.021176613687091503e+02 9.191571999999999889e+02
5.772600000000000000e+04 8.868679173147560266e-15 8.897867134980078193e-15 9.141823322896620831e-15 3.396888034597112664e+02 1.061896999999999935e+03
5.773300000000000000e+04 9.003411519084729481e-15 nan nan 3.326014764416730713e+02 1.034288000000000011e+03
5.774100000000000000e+04 9.091821793486366790e-15 8.997369741932502291e-15 nan 3.117563282908881206e+02 9.665595999999999322e+02
5.774900000000000000e+04 9.272253737586053349e-15 nan nan 3.398593280166062414e+02 1.067495000000000118e+03
5.775700000000000000e+04 9.399749186640474015e-15 nan nan 3.658504648826194057e+02 1.180420999999999822e+03
5.776400000000000000e+04 9.601150471499592375e-15 9.551901928622608738e-15 nan 3.578624596086741008e+02 1.137999000000000024e+03
5.777200000000000000e+04 9.090791822205879146e-15 9.281619825438128978e-15 nan 3.080610304912632955e+02 9.507248999999999342e+02
5.778600000000000000e+04 9.394359821236808376e-15 9.384966381898462194e-15 nan 3.385497138090377121e+02 1.057351000000000113e+03
5.779400000000000000e+04 9.522435123905562251e-15 9.333370909658327258e-15 nan 3.047726321807679710e+02 9.289144000000000005e+02
5.780100000000000000e+04 9.087130776123216903e-15 nan nan 2.962778178139606098e+02 9.020467000000001008e+02
5.780900000000000000e+04 9.253462738941918015e-15 9.275900335580909139e-15 nan 2.764141864104536239e+02 8.204049000000001115e+02
5.781700000000000000e+04 9.789972711998663028e-15 9.687965062300720350e-15 1.007650850809472775e-14 3.221755409962397607e+02 9.964075999999998885e+02
5.785700000000000000e+04 9.893321803595403249e-15 nan nan 1.726054603571948860e+02 4.693484000000000265e+02
5.786400000000000000e+04 1.077598450613011307e-14 1.060165920945835837e-14 nan 2.868323925869976847e+02 8.609575000000000955e+02
5.787800000000000000e+04 1.044322654685726860e-14 1.099295116460404415e-14 1.133606140409668839e-14 4.820391110445432332e+02 1.695302000000000135e+03
5.788700000000000000e+04 1.115906307148123759e-14 1.162064169048399922e-14 1.136005790994663575e-14 2.294808772087110071e+02 6.662998000000000047e+02
5.789400000000000000e+04 1.001270593665431004e-14 nan nan 4.243921614148243293e+02 1.430951000000000022e+03
5.790300000000000000e+04 1.169814189341387294e-14 1.097606722155011700e-14 nan 2.795346206030727672e+02 8.391956999999999880e+02
5.791000000000000000e+04 1.232492116137857279e-14 9.844018803652799502e-15 9.165285837544924681e-15 3.176612366757690893e+02 9.734897000000000844e+02
5.791800000000000000e+04 1.106542407854601014e-14 1.112995110854955768e-14 1.091106915438966164e-14 2.127436076009584554e+02 5.974822000000000344e+02
5.792500000000000000e+04 1.050177736555343849e-14 1.066468025203277970e-14 nan 4.520975046945040958e+02 1.549312000000000126e+03
5.793300000000000000e+04 1.183239015041268681e-14 1.163634698874258687e-14 nan 3.498143821280353336e+02 1.103990999999999985e+03
5.794200000000000000e+04 2.194081342956072066e-14 8.575546750133587361e-15 nan 1.087665743172654089e+02 2.844660000000000082e+02
5.794900000000000000e+04 1.126823030543039899e-14 1.107073066979494962e-14 nan 2.897696877383946230e+02 8.715547000000000253e+02
5.795600000000000000e+04 1.076264200192971680e-14 1.004894490596250522e-14 nan 3.598866078536594273e+02 1.156424999999999955e+03
5.796400000000000000e+04 1.029712242257038328e-14 1.045829740563324077e-14 nan 1.757746138382631784e+02 4.787378999999999678e+02
5.805500000000000000e+04 9.036494089826678079e-15 nan nan 3.549088397161356170e+02 1.121562999999999874e+03
5.806200000000000000e+04 9.167417354408189310e-15 nan nan 3.465693031689318104e+02 1.094710000000000036e+03
5.807000000000000000e+04 9.622899259166367658e-15 1.000372965139944301e-14 nan 3.436098869662823176e+02 1.081233999999999924e+03
5.807900000000000000e+04 8.978775706443740408e-15 nan 8.216174510306571392e-15 3.255176064591688601e+02 1.010038999999999987e+03
5.808600000000000000e+04 8.820691045086069428e-15 nan nan 3.277658692809026206e+02 1.017786000000000058e+03
5.809400000000000000e+04 9.155524141465975092e-15 8.531994763885185667e-15 nan 3.254320663690411379e+02 1.014762000000000057e+03
5.810900000000000000e+04 1.186676131911210563e-14 8.668328569536268557e-15 7.886146090818300877e-15 2.819736939117625525e+02 8.448934999999999036e+02
5.811700000000000000e+04 9.531975270867610514e-15 9.085550504035154676e-15 nan 2.959307562652105617e+02 8.979278000000000475e+02
5.812500000000000000e+04 1.032868404810659863e-14 9.708593186761157678e-15 nan 2.940275446615232795e+02 8.838229999999999791e+02
5.813200000000000000e+04 1.128361632375496923e-14 nan nan 2.710937744299651513e+02 8.026073000000000093e+02
5.814000000000000000e+04 9.294106992175332480e-15 8.687350672383511005e-15 8.292578773810922118e-15 3.121514363485209742e+02 9.538519000000000005e+02
5.814700000000000000e+04 8.660379197944481578e-15 nan nan 2.964632282084631356e+02 8.981103999999999132e+02
5.815400000000000000e+04 1.140243408797572556e-14 8.988861270350007780e-15 9.227433630145127013e-15 1.188140171734457624e+02 3.101625000000000227e+02
5.816100000000000000e+04 9.367038894150845919e-15 8.170425506484751143e-15 7.907116635262476508e-15 2.632404136693535861e+02 7.766847000000000207e+02
5.816800000000000000e+04 9.320469238759808802e-15 8.887958738336256455e-15 nan 2.642752826289301993e+02 7.801063000000000329e+02
5.817500000000000000e+04 8.995734840220267968e-15 8.892406382233540862e-15 nan 2.621148846707191638e+02 7.668597999999999502e+02
5.818200000000000000e+04 8.714139841979888685e-15 nan nan 2.987090842324427058e+02 9.107548000000000457e+02
5.819000000000000000e+04 9.763282353622799462e-15 8.137989089495583105e-15 nan 2.111688955147400009e+02 5.958943000000000438e+02
5.819800000000000000e+04 1.015030882441195318e-14 9.355179881884837111e-15 nan 2.313748454276046687e+02 6.625395000000000891e+02
5.820500000000000000e+04 8.762655019906603988e-15 8.130306297613925367e-15 nan 2.612241208353902948e+02 7.688651999999999589e+02
5.822200000000000000e+04 8.910093515967280487e-15 9.188357711189274567e-15 nan 3.038399732302518146e+02 9.202401999999999589e+02
5.822900000000000000e+04 8.861924494491635374e-15 8.986703126038498403e-15 nan 2.832588908481224053e+02 8.528138999999998759e+02
5.824400000000000000e+04 8.328032138909166461e-15 8.453227021935766098e-15 nan 2.684449726683281483e+02 8.035553999999999633e+02
5.825300000000000000e+04 8.428396081431684888e-15 8.301805262062893319e-15 nan 2.870976452121408329e+02 8.718816000000000486e+02
5.826000000000000000e+04 7.837446634565963401e-15 8.121189410580606203e-15 7.921870325872123026e-15 8.869260292361678921e+01 2.252079000000000235e+02
5.827800000000000000e+04 8.073596584309330886e-15 nan nan 1.915641267641642571e+02 5.297167000000000598e+02
5.828600000000000000e+04 8.300144282532785484e-15 8.624000705095834357e-15 nan 2.562925442857608687e+02 7.445896999999999935e+02
5.829500000000000000e+04 8.098241993932098542e-15 8.359744035061403057e-15 nan 2.586490404165900259e+02 7.551265000000000782e+02
5.830700000000000000e+04 8.008657492255776863e-15 7.916297787847332770e-15 nan 2.655392393060117797e+02 7.819569999999999936e+02
5.831400000000000000e+04 7.918499573402736986e-15 8.259768691475636847e-15 nan 2.754339012932802007e+02 8.183876999999999953e+02
