5.769000000000000000e+04 3.136295492158628061e-15 3.250024532838690209e-15 3.217483549053742534e-15 1.428818523122689328e+02 7.474218333333333248e+02
5.769000000000000000e+04 3.144597339012632054e-15 3.219701621665767307e-15 3.208272862379588906e-15 1.880581959309866420e+02 7.389983333333333348e+02
5.769000000000000000e+04 3.091835367580888428e-15 3.202081711368004170e-15 3.175173169777671488e-15 1.919938843193678792e+02 7.347630000000000337e+02
5.770000000000000000e+04 2.765268059778275674e-15 3.140941960850153975e-15 3.175174560039625912e-15 1.821358365272523088e+02 7.068421666666666852e+02
5.770000000000000000e+04 2.689224899383022270e-15 3.096795889698885977e-15 3.111386409184329769e-15 1.892211900255803414e+02 6.943456666666666024e+02
5.770000000000000000e+04 2.783673104514682085e-15 3.146727880626737903e-15 3.150575310066324335e-15 1.977773840555273068e+02 7.052535000000000309e+02
5.771400000000000000e+04 3.161608946715107367e-15 3.166549194614373923e-15 3.180414769402979292e-15 1.707274475345768110e+02 6.757800000000000864e+02
5.771400000000000000e+04 3.190777429910246386e-15 3.210904830894631070e-15 3.201497816554478868e-15 1.564258732911294203e+02 6.869033333333333076e+02
5.771400000000000000e+04 3.156754175703920216e-15 3.186293267519798984e-15 3.171081543888085137e-15 1.958750186403892428e+02 6.782486666666666224e+02
5.772400000000000000e+04 3.139479073582704548e-15 3.113221649680553369e-15 3.115498051792900776e-15 1.708557376499260840e+02 6.666851666666666461e+02
5.772400000000000000e+04 3.101377090121645557e-15 3.087093758272985032e-15 3.101292512939224630e-15 1.727037122691031641e+02 6.620395000000000891e+02
5.772400000000000000e+04 3.175942582348930790e-15 3.126802936898390721e-15 3.139803769358677355e-15 1.940780602400531905e+02 6.707246666666667352e+02
5.773500000000000000e+04 nan nan nan nan nan
5.773500000000000000e+04 nan nan nan nan nan
5.773500000000000000e+04 nan nan nan nan nan
5.774500000000000000e+04 nan nan nan nan nan
5.774500000000000000e+04 nan nan nan nan nan
5.774500000000000000e+04 nan nan nan nan nan
5.775600000000000000e+04 3.175778008730724843e-15 3.189192430123971480e-15 3.169068020671136433e-15 1.867280755810402297e+02 6.782038333333333640e+02
5.775600000000000000e+04 3.140562243447036477e-15 3.116578063952501781e-15 3.119735415334397075e-15 1.722214846793603158e+02 6.661396666666665851e+02
5.775600000000000000e+04 3.183721366135131146e-15 3.191456835723107548e-15 3.194071876993782346e-15 1.868932563791386769e+02 6.841844999999999573e+02
5.776700000000000000e+04 nan nan nan nan nan
5.776700000000000000e+04 nan nan nan nan nan
5.776700000000000000e+04 nan nan nan nan nan
5.777900000000000000e+04 3.195866125887294091e-15 3.233503403504255789e-15 3.264931554018828316e-15 9.203571140543590445e+01 4.123580000000000041e+02
5.777900000000000000e+04 3.255021657736083867e-15 3.306208851506665506e-15 3.295768710679335599e-15 1.073202025370787851e+02 4.131901666666666415e+02
5.777900000000000000e+04 3.198379907003583770e-15 3.246980939526061033e-15 3.203550376307968154e-15 6.998435208379122230e+01 3.982439999999999714e+02
5.779000000000000000e+04 nan nan nan nan nan
5.779000000000000000e+04 nan nan nan nan nan
5.779000000000000000e+04 nan nan nan nan nan
5.780000000000000000e+04 nan nan nan nan nan
5.780000000000000000e+04 nan nan nan nan nan
5.780000000000000000e+04 nan nan nan nan nan
5.781400000000000000e+04 3.302609146755032886e-15 3.351679671354377267e-15 nan 1.101899361433618481e+02 4.712004999999999768e+02
5.781400000000000000e+04 3.223053442978969869e-15 3.275614929312643693e-15 nan 1.132044711594672464e+02 4.588025000000000091e+02
5.781400000000000000e+04 3.340384213621393868e-15 3.296842720924664146e-15 nan 1.401012491948692968e+02 4.641106666666666456e+02
5.784600000000000000e+04 nan nan nan nan nan
5.784600000000000000e+04 nan nan nan nan nan
5.784600000000000000e+04 nan nan nan nan nan
5.785700000000000000e+04 nan nan nan nan nan
5.785700000000000000e+04 nan nan nan nan nan
5.785700000000000000e+04 nan nan nan nan nan
5.786700000000000000e+04 3.142170128849217909e-15 3.096733601483960047e-15 3.088105538915059103e-15 1.507374507989643746e+02 4.880393333333333317e+02
5.786700000000000000e+04 3.228678748011302232e-15 3.159993016630380789e-15 3.175563870192326228e-15 1.507077844750743054e+02 4.987001666666666324e+02
5.786700000000000000e+04 3.174763441063067489e-15 3.149065580735188503e-15 3.132189040804733079e-15 1.351252969537388822e+02 4.964064999999999941e+02
5.787600000000000000e+04 3.200172903870858384e-15 3.251701667428456291e-15 3.218896386208596599e-15 1.684159667617059881e+02 8.603096666666666579e+02
5.787600000000000000e+04 3.156228748396894067e-15 3.174553842204554612e-15 3.153866896802051248e-15 1.574957787363728698e+02 8.424645000000000437e+02
5.787600000000000000e+04 3.167936440552033235e-15 3.215956516096788160e-15 3.167643559037891124e-15 1.860723874442255408e+02 8.465446666666666715e+02
5.797200000000000000e+04 nan nan nan nan nan
5.797200000000000000e+04 nan nan nan nan nan
5.797200000000000000e+04 nan nan nan nan nan
5.798200000000000000e+04 3.232768393047372205e-15 3.266374763092745148e-15 3.304651764011950380e-15 1.738402622501579913e+02 5.979771666666666761e+02
5.798200000000000000e+04 3.325792529933849959e-15 3.355598345328903168e-15 3.402347740066796570e-15 1.624679910029394989e+02 6.167690000000000055e+02
5.798200000000000000e+04 3.236415168238300367e-15 3.275987220644524917e-15 3.290264014636493300e-15 1.812299564896879076e+02 6.118773333333333539e+02
5.799300000000000000e+04 3.191216368692866629e-15 3.192145287690098984e-15 3.184628569983968080e-15 2.036703882324116250e+02 7.359476666666666915e+02
5.799300000000000000e+04 3.218473369962839326e-15 3.225158835307320826e-15 3.185110076169752717e-15 1.891657564955735609e+02 7.372966666666667379e+02
5.799300000000000000e+04 3.199858110324522229e-15 3.213937396741438841e-15 3.191250205673702892e-15 1.679251503722899770e+02 7.464386666666666770e+02
5.800300000000000000e+04 nan nan nan nan nan
5.800300000000000000e+04 nan nan nan nan nan
5.800300000000000000e+04 nan nan nan nan nan
5.804700000000000000e+04 3.107609862129140365e-15 3.117132096954081674e-15 3.115204968363312520e-15 1.903171823336250554e+02 6.837276666666667779e+02
5.804700000000000000e+04 3.067301520730456491e-15 3.072555059014601971e-15 3.058221003010984297e-15 1.615529036790632063e+02 6.782638333333333094e+02
5.804700000000000000e+04 3.122278874411173443e-15 3.091982126988010553e-15 3.090020249967713128e-15 1.950703974860298615e+02 6.833966666666667606e+02
5.805700000000000000e+04 3.166852126664328668e-15 3.188550759818555262e-15 3.173274450800051269e-15 1.737192076691072486e+02 7.146166666666666742e+02
5.805700000000000000e+04 3.133125293818888020e-15 3.161380621386497977e-15 3.157888683696012100e-15 1.822298286842730022e+02 7.103951666666666824e+02
5.805700000000000000e+04 3.173507439952502130e-15 3.151803029333104391e-15 3.147497712240729804e-15 1.895028224564205743e+02 7.106343333333333021e+02
5.806700000000000000e+04 nan nan nan nan nan
5.806700000000000000e+04 3.159120962808492508e-15 3.193006774711654753e-15 3.178315988067188107e-15 1.512685187292410092e+02 6.957435000000000400e+02
5.806700000000000000e+04 nan nan nan nan nan
5.807800000000000000e+04 3.321940262136505566e-15 3.266368794273925800e-15 3.281635122231087872e-15 1.953753129543637215e+02 7.182393333333333203e+02
5.807800000000000000e+04 3.207331785788458654e-15 3.188213022901731400e-15 3.187552239044497640e-15 1.909181813113771966e+02 6.967675000000000409e+02
5.807800000000000000e+04 3.323150871428779559e-15 3.293888673879374379e-15 3.305003266490107828e-15 2.005688609386544670e+02 7.205701666666666370e+02
5.808800000000000000e+04 nan nan nan nan nan
5.808800000000000000e+04 nan nan nan nan nan
5.808800000000000000e+04 nan nan nan nan nan
