5.750800000000000000e+04 nan 1.234882173748996751e-14 nan 1.863172563151117913e+02 1.010350166666666723e+03
5.750800000000000000e+04 nan 1.256618563363876842e-14 nan 1.915888534817405571e+02 1.042059999999999945e+03
5.750800000000000000e+04 nan 1.249935847133020163e-14 nan 1.920034852443127420e+02 1.030548000000000002e+03
5.751600000000000000e+04 nan 1.305315185605468018e-14 nan 1.992478309162804919e+02 1.095252166666666653e+03
5.751600000000000000e+04 nan 1.292946722017081318e-14 nan 2.000102290295938303e+02 1.086391333333333478e+03
5.751600000000000000e+04 nan 1.295628903775294699e-14 nan 1.779761691348955139e+02 9.134851666666667143e+02
5.752300000000000000e+04 nan 1.291173215953678647e-14 nan 8.300093185435792975e+01 4.003998333333333335e+02
5.752300000000000000e+04 nan nan nan nan nan
5.752300000000000000e+04 nan 1.277773158193800718e-14 nan 5.505579036392598624e+01 2.651843333333333135e+02
5.753000000000000000e+04 nan 1.233215542426245966e-14 nan 1.654075447130965983e+02 1.007239666666666608e+03
5.753000000000000000e+04 nan 1.231249092547340219e-14 nan 1.633621915232930348e+02 9.961996666666667579e+02
5.753000000000000000e+04 nan 1.221341091489765124e-14 nan 1.658665875949126871e+02 9.938860000000000809e+02
5.754700000000000000e+04 nan 2.316803582889924799e-14 nan 1.731135410349319272e+02 8.787853333333333694e+02
5.754700000000000000e+04 nan 2.208273935010208145e-14 nan 1.702844244735718178e+02 8.887308333333332939e+02
5.754700000000000000e+04 nan 2.296417360516244492e-14 nan 1.780663594348790184e+02 9.068706666666665797e+02
5.755400000000000000e+04 nan nan nan nan nan
5.755400000000000000e+04 nan 1.089572346203746013e-14 nan 6.850244005345579978e+01 4.383343333333333476e+02
5.755400000000000000e+04 nan 1.199840599335143215e-14 nan 5.987792989860059834e+01 3.734083333333333599e+02
5.756200000000000000e+04 nan 1.131425610899275408e-14 nan 1.261709272334852585e+02 9.133393333333333430e+02
5.756200000000000000e+04 nan 1.127121138384054105e-14 nan 1.247695034363242854e+02 8.937235000000000582e+02
5.756200000000000000e+04 nan 1.140221459901633888e-14 nan 1.238766925835166148e+02 9.173551666666666051e+02
5.756900000000000000e+04 nan nan nan 1.207434961606293342e+02 7.049246666666666670e+02
5.756900000000000000e+04 nan nan nan 1.332873453285371568e+02 8.174103333333333694e+02
5.756900000000000000e+04 nan nan nan 1.344854261882881588e+02 8.267189999999999372e+02
5.758300000000000000e+04 nan nan nan 1.234475268396686403e+02 8.249316666666667288e+02
5.758300000000000000e+04 nan nan nan 1.541428897014982340e+02 8.328341666666667606e+02
5.758300000000000000e+04 nan nan nan 1.571124887192271729e+02 8.563018333333333203e+02
5.759100000000000000e+04 nan nan nan 1.420002076239147470e+02 7.392275000000000773e+02
5.759100000000000000e+04 nan nan nan 1.560263867855558146e+02 8.336881666666666888e+02
5.759100000000000000e+04 nan nan nan 1.223558014262553115e+02 6.376086666666666360e+02
5.759800000000000000e+04 nan 1.112181135698578745e-14 nan 1.666688997320817975e+02 9.134750000000000227e+02
5.759800000000000000e+04 nan 1.120574886970717534e-14 nan 1.648240651976978484e+02 9.063968333333333476e+02
5.759800000000000000e+04 nan 1.111258041332276135e-14 nan 1.693853076125278960e+02 9.066953333333333376e+02
5.769100000000000000e+04 nan nan nan nan nan
5.769100000000000000e+04 nan nan nan nan nan
5.769100000000000000e+04 nan nan nan nan nan
5.769300000000000000e+04 nan nan nan nan nan
5.769300000000000000e+04 nan nan nan nan nan
5.769300000000000000e+04 nan nan nan nan nan
5.770100000000000000e+04 nan 1.906650552646950734e-14 nan 1.721853090962698900e+02 9.295153333333332739e+02
5.770100000000000000e+04 nan 1.836445707148723391e-14 nan 1.746117850144600254e+02 9.190729999999999791e+02
5.770100000000000000e+04 nan 1.983165653410916928e-14 nan 1.700854501552910278e+02 9.139878333333332421e+02
5.771100000000000000e+04 nan 1.211359719055463309e-14 nan 8.410746865150281337e+01 5.959791666666666288e+02
5.771100000000000000e+04 nan 1.080231484199271010e-14 nan 4.436252670831395761e+01 3.017276666666666642e+02
5.771100000000000000e+04 nan nan nan nan nan
5.771900000000000000e+04 nan 1.291425267252504897e-14 nan 1.577259875802407976e+02 8.741266666666666652e+02
5.771900000000000000e+04 nan 1.292050272653365793e-14 nan 1.614437132019137664e+02 8.944294999999999618e+02
5.771900000000000000e+04 nan 1.335853942913548145e-14 nan 1.674841518661371254e+02 9.067746666666666897e+02
5.772600000000000000e+04 nan 1.298593949942721188e-14 nan 1.797314346118976118e+02 9.397355000000000018e+02
5.772600000000000000e+04 nan 1.309407552426127119e-14 nan 1.798645852503298102e+02 9.384398333333333539e+02
5.772600000000000000e+04 nan 1.302098918965173955e-14 nan 1.773561345402300446e+02 9.379716666666666924e+02
5.773300000000000000e+04 nan 1.277696486748752610e-14 nan 1.558111108263012170e+02 8.777686666666667179e+02
5.773300000000000000e+04 nan 1.283649533580416272e-14 nan 1.603961960946770375e+02 8.827425000000000637e+02
5.773300000000000000e+04 nan 1.282678788867157707e-14 nan 1.672362915251518984e+02 8.801223333333332448e+02
5.774100000000000000e+04 nan nan nan 1.598500550503203783e+02 9.018025000000000091e+02
5.774100000000000000e+04 nan nan nan 1.581093081675956000e+02 9.106023333333333767e+02
5.774100000000000000e+04 nan nan nan 1.583213526880788606e+02 9.208186666666666724e+02
5.774900000000000000e+04 nan 1.347072016826219275e-14 nan 1.721676056185636696e+02 9.110490000000000919e+02
5.774900000000000000e+04 nan 1.352977826670787739e-14 nan 1.778115107345040542e+02 9.217648333333332857e+02
5.774900000000000000e+04 nan 1.350172802448024928e-14 nan 1.784435801024150408e+02 9.022676666666666279e+02
5.775700000000000000e+04 nan 1.343460064246896671e-14 nan 1.703994456089834273e+02 9.318353333333333239e+02
5.775700000000000000e+04 nan 1.357157867081293909e-14 nan 1.755074264125877903e+02 9.446688333333332821e+02
5.775700000000000000e+04 nan 1.376181929699462629e-14 nan 1.700601291375780590e+02 9.385236666666665997e+02
5.776400000000000000e+04 nan 2.321720728959905724e-14 nan 1.608199898196633910e+02 9.154853333333334149e+02
5.776400000000000000e+04 nan 2.226173296366379033e-14 nan 1.654186696866663624e+02 9.002516666666666652e+02
5.776400000000000000e+04 nan 2.277719687869666767e-14 nan 1.654497306789167794e+02 9.067963333333333367e+02
5.777200000000000000e+04 nan nan nan 1.459414139429389365e+02 7.666333333333333258e+02
5.777200000000000000e+04 nan nan nan 1.494073032088880382e+02 7.890391666666666879e+02
5.777200000000000000e+04 nan nan nan 1.456292821131329163e+02 7.816251666666667006e+02
5.777900000000000000e+04 nan 1.848074936563603696e-14 nan 1.542381317048171638e+02 7.199416666666667197e+02
5.777900000000000000e+04 nan 1.896517457947663304e-14 nan 1.434293853982313180e+02 7.142080000000000837e+02
5.777900000000000000e+04 nan 1.851728006454316691e-14 nan 1.508993802536192845e+02 7.171933333333332712e+02
5.778600000000000000e+04 nan 2.688654734257231085e-14 nan 1.490234315244487675e+02 7.818110000000000355e+02
5.778600000000000000e+04 nan 2.694858032995571306e-14 nan 1.533579302775854387e+02 7.813108333333333348e+02
5.778600000000000000e+04 nan 2.791539013111632749e-14 nan 1.537160525205457589e+02 8.021223333333332448e+02
5.779400000000000000e+04 nan 1.890924242415900637e-14 nan 1.587017163914993034e+02 8.019565000000000055e+02
5.779400000000000000e+04 nan 1.952254852795934813e-14 nan 1.508140879008361708e+02 8.005560000000000400e+02
5.779400000000000000e+04 nan 1.911445514478689581e-14 nan 1.523998938196347126e+02 7.882026666666666870e+02
5.780100000000000000e+04 nan 1.348363579501711108e-14 nan 1.359320988659291061e+02 7.718646666666666079e+02
5.780100000000000000e+04 nan 1.371505800924995304e-14 nan 1.459383612550230396e+02 7.890565000000000282e+02
5.780100000000000000e+04 nan 1.344997886379093843e-14 nan 1.399935467300894061e+02 7.663158333333333303e+02
5.780900000000000000e+04 nan nan nan 1.442275591294086325e+02 6.941263333333333776e+02
5.780900000000000000e+04 nan nan nan 1.460836750205229748e+02 6.899526666666666870e+02
5.780900000000000000e+04 nan nan nan 1.436448724300657318e+02 6.988836666666666133e+02
5.781700000000000000e+04 nan 1.336432098914801367e-14 nan 1.552179705351511814e+02 7.907831666666666024e+02
5.781700000000000000e+04 nan 1.344720649695303115e-14 nan 1.614459698393238796e+02 7.972095000000000482e+02
5.781700000000000000e+04 nan 1.330968955787738476e-14 nan 1.582983865962615653e+02 7.868843333333333021e+02
5.785700000000000000e+04 nan 1.369809949991160888e-14 nan 6.310419273388441752e+01 3.638541666666666856e+02
5.785700000000000000e+04 nan nan nan nan nan
5.785700000000000000e+04 nan nan nan nan nan
5.786400000000000000e+04 nan 1.879059155402077397e-14 nan 1.496200716122798156e+02 7.590131666666667343e+02
5.786400000000000000e+04 nan 1.839802600312869298e-14 nan 1.555641129922660184e+02 7.568034999999999854e+02
5.786400000000000000e+04 nan 1.870060341373405296e-14 nan 1.527087134430689730e+02 7.686396666666665851e+02
5.787800000000000000e+04 nan 1.476185797790344594e-14 nan 2.153696668580674327e+02 1.324225999999999885e+03
5.787800000000000000e+04 nan 1.490402407633236122e-14 nan 2.180992048780062191e+02 1.344039666666666790e+03
5.787800000000000000e+04 nan 1.465354929654523827e-14 nan 2.203825766502394004e+02 1.321668499999999995e+03
5.788700000000000000e+04 nan 1.495698976698571608e-14 nan 1.346376710588800165e+02 8.520285000000000082e+02
5.788700000000000000e+04 nan 1.505327609069589350e-14 nan 1.271136369486891908e+02 8.271923333333332948e+02
5.788700000000000000e+04 nan 1.584281184754345127e-14 nan 9.245816583877386563e+01 5.587323333333333721e+02
5.789400000000000000e+04 nan 1.502220919376757459e-14 nan 2.105553314276357924e+02 1.220413999999999987e+03
5.789400000000000000e+04 nan 1.502104319159034856e-14 nan 2.128655020682952852e+02 1.233723166666666657e+03
5.789400000000000000e+04 nan 1.498058248409379258e-14 nan 2.115646951499238071e+02 1.219141000000000076e+03
5.790300000000000000e+04 nan nan nan 1.894162984327156494e+02 1.080203833333333478e+03
5.790300000000000000e+04 nan nan nan 1.770070271347584594e+02 1.004432666666666705e+03
5.790300000000000000e+04 nan nan nan 1.860607869535380416e+02 1.028220500000000129e+03
5.791000000000000000e+04 nan 1.416166714345521170e-14 nan 1.979595913698178435e+02 1.179371666666666670e+03
5.791000000000000000e+04 nan 1.413083981254676240e-14 nan 2.005694111826619803e+02 1.182057666666666819e+03
5.791000000000000000e+04 nan 1.374122947260380851e-14 nan 1.926943345520627702e+02 1.144986499999999978e+03
5.791800000000000000e+04 nan 1.444649049068422018e-14 nan 1.681610322496385379e+02 8.474411666666667315e+02
5.791800000000000000e+04 nan 1.462914953674151060e-14 nan 1.111267468486372820e+02 5.201076666666666597e+02
5.791800000000000000e+04 nan 1.415094517218341099e-14 nan 1.329058826687156056e+02 6.587509999999999764e+02
5.792500000000000000e+04 nan nan nan 2.214131744387178742e+02 1.221789166666666688e+03
5.792500000000000000e+04 nan nan nan 2.081770984254744690e+02 1.199280666666666548e+03
5.792500000000000000e+04 nan nan nan 2.114012763015025484e+02 1.206493333333333339e+03
5.793300000000000000e+04 nan 1.757115899928041757e-14 nan 1.930219555239962119e+02 1.096085333333333210e+03
5.793300000000000000e+04 nan 1.745940187559679233e-14 nan 2.010090812649121688e+02 1.092933666666666795e+03
5.793300000000000000e+04 nan 1.724628225529124770e-14 nan 1.924806750576044294e+02 1.082961666666666588e+03
5.794200000000000000e+04 nan nan nan 1.331288162682473910e+02 7.031970000000000027e+02
5.794200000000000000e+04 nan nan nan nan nan
5.794200000000000000e+04 nan nan nan 1.337319088728461907e+02 7.307658333333332621e+02
5.794900000000000000e+04 nan 2.023728044963738872e-14 nan 1.520338323865824464e+02 7.816893333333333658e+02
5.794900000000000000e+04 nan 1.998450683920595152e-14 nan 1.557651781457878144e+02 8.064148333333333767e+02
5.794900000000000000e+04 nan 2.055865862067144815e-14 nan 1.610093398291012363e+02 8.198680000000000518e+02
5.795600000000000000e+04 nan 2.399190240764295025e-14 nan 1.875307916997037410e+02 1.101188333333333276e+03
5.795600000000000000e+04 nan 2.349678285715747802e-14 nan 1.835178455888122357e+02 1.078022333333333336e+03
5.795600000000000000e+04 nan 2.357679433605577305e-14 nan 1.942980533901972535e+02 1.077769666666666581e+03
5.796400000000000000e+04 nan 2.380333333631676700e-14 nan 9.547797037131658726e+01 5.112651666666666870e+02
5.796400000000000000e+04 nan nan nan nan nan
5.796400000000000000e+04 nan 2.308734862150000658e-14 nan 6.547423307839476081e+01 3.566878333333333444e+02
5.805500000000000000e+04 nan nan nan 1.541446977524288684e+02 8.666608333333333576e+02
5.805500000000000000e+04 nan nan nan 1.538801078729330243e+02 8.791298333333332948e+02
5.805500000000000000e+04 nan nan nan 1.570860001184626924e+02 8.726963333333333139e+02
5.806200000000000000e+04 nan 1.244107320170102811e-14 nan 1.448876439856148863e+02 8.562018333333332976e+02
5.806200000000000000e+04 nan 1.233649657507007276e-14 nan 1.520025708498168626e+02 8.617245000000000346e+02
5.806200000000000000e+04 nan 1.253895556405197432e-14 nan 1.488710581415149079e+02 8.657313333333332821e+02
5.807000000000000000e+04 nan 1.556303558708793551e-14 nan 1.494757456910604958e+02 9.046466666666667606e+02
5.807000000000000000e+04 nan 1.560837095040455062e-14 nan 1.387431486767995636e+02 9.112909999999999400e+02
5.807000000000000000e+04 nan 1.550334617955075048e-14 nan 1.571308267880968970e+02 8.973556666666665933e+02
5.807900000000000000e+04 nan 1.212269078373731337e-14 nan 1.498408547531780641e+02 8.422830000000000155e+02
5.807900000000000000e+04 nan 1.229826440060945065e-14 nan 1.535265175849706623e+02 8.538031666666666979e+02
5.807900000000000000e+04 nan 1.246983014902679345e-14 nan 1.524570995254269974e+02 8.557365000000000919e+02
5.808600000000000000e+04 nan 1.308646658817636623e-14 nan 1.625879974080288548e+02 9.581425000000000409e+02
5.808600000000000000e+04 nan 1.292552824176984449e-14 nan 1.608467462259772844e+02 9.483543333333333294e+02
5.808600000000000000e+04 nan 1.290898254198214133e-14 nan 1.707614507696312955e+02 9.555606666666666342e+02
5.809400000000000000e+04 nan nan nan 1.765869084470346877e+02 9.484926666666666506e+02
5.809400000000000000e+04 nan nan nan 1.721380154639379043e+02 9.541978333333333921e+02
5.809400000000000000e+04 nan nan nan 1.723858412077411515e+02 9.508615000000000919e+02
5.811700000000000000e+04 nan 1.819277254839139303e-14 nan 1.733170205357287728e+02 8.741408333333332621e+02
5.811700000000000000e+04 nan 1.862068468201347617e-14 nan 1.682589417110729926e+02 8.828358333333333121e+02
5.811700000000000000e+04 nan 1.882770813100699155e-14 nan 1.727896583983730068e+02 8.787065000000000055e+02
5.812500000000000000e+04 nan 1.683144576480516414e-14 nan 1.631938453405351197e+02 8.808236666666666679e+02
5.812500000000000000e+04 nan 1.679985734923043196e-14 nan 1.530978707913923529e+02 8.674294999999999618e+02
5.812500000000000000e+04 nan 1.699767829938264223e-14 nan 1.569820897659805894e+02 8.776276666666667552e+02
5.813200000000000000e+04 nan 1.273038382178615473e-14 nan 1.675498425495486856e+02 8.363201666666666370e+02
5.813200000000000000e+04 nan 1.292350017318506163e-14 nan 1.157911685560000024e+02 8.477651666666666870e+02
5.813200000000000000e+04 nan 1.295561203065478328e-14 nan 1.177008155730715799e+02 8.560419999999999163e+02
5.814000000000000000e+04 nan 1.263219563938818595e-14 nan 1.706344963151263698e+02 8.650868333333332885e+02
5.814000000000000000e+04 nan 1.255785704195595837e-14 nan 1.455236548445242590e+02 8.712518333333333658e+02
5.814000000000000000e+04 nan 1.261825948665069081e-14 nan 1.687250645989452948e+02 8.671115000000000919e+02
5.814700000000000000e+04 nan 1.244740196299943762e-14 nan 1.625664792875423927e+02 8.397824999999999136e+02
5.814700000000000000e+04 nan 1.228917955676671309e-14 nan 1.627973825387909130e+02 8.363669999999999618e+02
5.814700000000000000e+04 nan 1.272017167491771063e-14 nan 1.652739291689570678e+02 8.469830000000000609e+02
5.815400000000000000e+04 nan 1.151889842691924155e-14 nan 6.648899548299981177e+01 4.063876666666666324e+02
5.815400000000000000e+04 nan 1.228162240829192576e-14 nan 5.440976509705485142e+01 3.571176666666667074e+02
5.815400000000000000e+04 nan 1.182143688977949960e-14 nan 7.938027659212522735e+01 4.912696666666666943e+02
5.816100000000000000e+04 nan 1.226861647880996941e-14 nan 1.546093714589514718e+02 7.848981666666666115e+02
5.816100000000000000e+04 nan 1.213661349989551850e-14 nan 1.589663871668535080e+02 7.753753333333332876e+02
5.816100000000000000e+04 nan 1.216481568099545995e-14 nan 1.591009096868920665e+02 7.774020000000000437e+02
5.816800000000000000e+04 nan nan nan 1.559613284879103503e+02 7.897468333333332566e+02
5.816800000000000000e+04 nan nan nan 1.649827471922195343e+02 8.017240000000000464e+02
5.816800000000000000e+04 nan nan nan 1.555910347947976788e+02 7.940231666666666115e+02
5.817500000000000000e+04 nan nan nan 1.479898657852798749e+02 7.664814999999999827e+02
5.817500000000000000e+04 nan nan nan 1.547106347952266674e+02 7.579053333333333740e+02
5.817500000000000000e+04 nan nan nan 1.562970795536604953e+02 7.680663333333334322e+02
5.818200000000000000e+04 nan 1.208234658699097785e-14 nan 1.193518210226622358e+02 7.503356666666666115e+02
5.818200000000000000e+04 nan 1.226988950709138974e-14 nan 1.125307302587829668e+02 7.537369999999999663e+02
5.818200000000000000e+04 nan 1.216905196992180854e-14 nan 1.234417089173599749e+02 7.547958333333333485e+02
5.819000000000000000e+04 nan nan nan 1.629231070157902934e+02 8.038495000000000346e+02
5.819000000000000000e+04 nan nan nan 1.533102479894342309e+02 7.771243333333333112e+02
5.819000000000000000e+04 nan nan nan 1.622004160963883805e+02 7.954851666666667143e+02
5.819800000000000000e+04 nan 1.602173169759189619e-14 nan 1.621441059361600310e+02 7.846014999999999873e+02
5.819800000000000000e+04 nan 1.714480372870721294e-14 nan 1.608145866575905814e+02 7.765755000000000337e+02
5.819800000000000000e+04 nan 1.645976600397613464e-14 nan 1.616186785903860255e+02 7.812248333333333221e+02
5.820500000000000000e+04 nan nan nan 1.509549799485381527e+02 7.347656666666666752e+02
5.820500000000000000e+04 nan nan nan 1.027079507163169723e+02 7.442226666666666688e+02
5.820500000000000000e+04 nan nan nan 1.507906059193921919e+02 7.563956666666666706e+02
5.822200000000000000e+04 nan 1.453691132953352716e-14 nan 1.404109754765488844e+02 7.473274999999999864e+02
5.822200000000000000e+04 nan 1.459166024164523104e-14 nan 1.457255657234753414e+02 7.398564999999999827e+02
5.822200000000000000e+04 nan 1.456187907236444416e-14 nan 1.451988567533297498e+02 7.430303333333333740e+02
5.822900000000000000e+04 nan 1.426363911138331823e-14 nan 1.324198975313570941e+02 6.791705000000000609e+02
5.822900000000000000e+04 nan 1.426361234535156004e-14 nan 1.309398929121310857e+02 6.764526666666666870e+02
5.822900000000000000e+04 nan 1.435082892901405711e-14 nan 1.349628075896913799e+02 6.790339999999999918e+02
5.823700000000000000e+04 nan nan nan nan nan
5.823700000000000000e+04 nan nan nan nan nan
5.823700000000000000e+04 nan nan nan nan nan
5.824400000000000000e+04 nan 3.128388654997102301e-14 nan 9.238959944789112910e+01 8.643691666666667288e+02
5.824400000000000000e+04 nan 2.591339113219505615e-14 nan 8.142025199831476812e+01 7.857403333333332967e+02
5.824400000000000000e+04 nan 3.140263957530904680e-14 nan 8.418884252338918373e+01 8.356446666666666943e+02
5.825300000000000000e+04 nan 1.180148780425435645e-14 nan 1.414862820962104877e+02 7.220898333333333312e+02
5.825300000000000000e+04 nan 1.180256848741720223e-14 nan 1.449890876637886663e+02 7.240955000000000155e+02
5.825300000000000000e+04 nan 1.160296655152480809e-14 nan 1.390538905762845445e+02 7.089493333333333567e+02
