5.752300000000000000e+04 2.917006921056709204e-14 2.952543894944170479e-14 nan 4.016099063784996588e+02 1.676538000000000011e+03
5.752900000000000000e+04 2.807485225305468027e-14 2.809334040147229350e-14 nan 8.115405511218712036e+02 4.283119999999999891e+03
5.752900000000000000e+04 4.103613929858600666e-14 5.166294813259291817e-14 nan 1.175541887282113748e+03 7.518439000000000306e+03
5.753400000000000000e+04 2.790453410765331463e-14 2.810902058431229477e-14 nan 8.267991333368976257e+02 4.398985999999999876e+03
5.753400000000000000e+04 4.168399798105689856e-14 5.341326964681017422e-14 nan 1.194419516177467358e+03 7.701963000000000648e+03
5.754600000000000000e+04 2.759638698717307207e-14 3.402149953171253776e-14 nan 8.241900922118778681e+02 4.378659999999999854e+03
5.755000000000000000e+04 2.894720260576419817e-14 2.874222298071873405e-14 nan 8.308624062402425352e+02 4.430615999999999985e+03
5.755000000000000000e+04 4.197983753776647193e-14 5.374670326072905427e-14 nan 1.207853086401117707e+03 7.846795000000000073e+03
5.755400000000000000e+04 nan nan nan nan nan
5.755400000000000000e+04 2.793151654038563205e-14 2.867569467298682726e-14 nan 5.319290190956911601e+02 2.396458999999999833e+03
5.755700000000000000e+04 nan nan 2.682686566571454666e-14 8.196458577827946783e+02 4.343948000000000320e+03
5.755700000000000000e+04 nan nan 5.354950210033966551e-14 1.188366197432331546e+03 7.638552000000000589e+03
5.756100000000000000e+04 nan nan nan nan nan
5.756100000000000000e+04 nan nan 2.809089833897594738e-14 8.327675355360103140e+02 4.445510000000000218e+03
5.756600000000000000e+04 4.172483384773630064e-14 5.326908178893404014e-14 nan 1.170654999284497762e+03 7.465202999999999520e+03
5.756600000000000000e+04 2.790782614351090872e-14 2.855473794285453835e-14 nan 8.013858575013332484e+02 4.205360999999999876e+03
5.757600000000000000e+04 4.126035847901484295e-14 5.212340125079356356e-14 nan 1.192515463633311128e+03 7.686630999999999403e+03
5.757600000000000000e+04 2.806824390321574217e-14 2.759397178998947844e-14 nan 8.406671940717790221e+02 4.507131999999999607e+03
5.758100000000000000e+04 nan nan 5.407972827612505842e-14 1.165274578971932897e+03 7.403872999999999593e+03
5.758100000000000000e+04 nan nan 2.752777111526848587e-14 7.991901674297940872e+02 4.188865999999999985e+03
5.758400000000000000e+04 nan nan nan nan nan
5.758400000000000000e+04 nan nan 2.699477929274498642e-14 8.240519543374151681e+02 4.378389000000000124e+03
5.758700000000000000e+04 nan nan 2.772424778741799950e-14 5.999844338769341903e+02 2.811445999999999913e+03
5.758700000000000000e+04 nan nan nan nan nan
5.759000000000000000e+04 2.901786482818382769e-14 2.898067564264374879e-14 nan 5.421037790239496417e+02 2.457474000000000160e+03
5.759300000000000000e+04 2.875082713440621566e-14 2.871598158067341956e-14 nan 8.160766549649358694e+02 4.317286000000000058e+03
5.759300000000000000e+04 4.334332696648006511e-14 5.640323396716153463e-14 nan 1.189908939234085210e+03 7.653344999999999345e+03
5.759700000000000000e+04 nan nan nan nan nan
5.760000000000000000e+04 4.276183551140995782e-14 5.164112585054065273e-14 nan 1.163027141259080054e+03 7.383775999999999840e+03
5.760000000000000000e+04 2.848300846918259970e-14 2.790070379113539888e-14 nan 8.005003419644605174e+02 4.199055999999999585e+03
5.760600000000000000e+04 2.790891403055917873e-14 2.733731917371836372e-14 nan 7.807993170962513432e+02 4.052276000000000295e+03
5.760900000000000000e+04 2.786329404020752176e-14 2.652124596690193331e-14 nan 7.983557763219870367e+02 4.182507999999999811e+03
5.761300000000000000e+04 2.764843966998932132e-14 2.760770749524869822e-14 nan 7.990637410320551908e+02 4.187729000000000269e+03
5.761600000000000000e+04 nan nan 2.717783501075361222e-14 8.018489780136452509e+02 4.209420000000000073e+03
5.761900000000000000e+04 2.931713791316638130e-14 2.833632923087739519e-14 nan 8.158734340299545238e+02 4.315791000000000167e+03
5.762300000000000000e+04 nan nan 2.769829287467209592e-14 8.187834006102426656e+02 4.338092999999999847e+03
5.762600000000000000e+04 2.774175100338257622e-14 2.740646670972379811e-14 nan 8.012264216074418073e+02 4.205032000000000153e+03
5.762900000000000000e+04 2.774313807980859410e-14 3.361041312942254240e-14 nan 8.168887763531365636e+02 4.323337999999999738e+03
5.763200000000000000e+04 nan nan 2.850854598747009279e-14 8.080660739858381021e+02 4.256596999999999753e+03
5.769000000000000000e+04 2.825242580282258989e-14 2.792645952647018733e-14 nan 7.966064669433150129e+02 4.169712000000000444e+03
5.769400000000000000e+04 nan nan 2.996989230571238906e-14 7.340732243517907136e+02 3.713423000000000229e+03
5.770000000000000000e+04 2.867403363687888008e-14 2.858091394339800819e-14 nan 7.810382161488174688e+02 4.053412000000000262e+03
5.770300000000000000e+04 nan nan 2.866801343969359731e-14 7.470210581406206529e+02 3.804596000000000004e+03
5.770700000000000000e+04 nan nan 2.864098825733092415e-14 6.755414122513487882e+02 3.305737000000000080e+03
5.770700000000000000e+04 nan nan 2.863166185309281039e-14 6.774572150652132905e+02 3.318383999999999560e+03
5.771100000000000000e+04 3.416968767450956015e-14 2.852425853101854213e-14 nan 6.984859805372041137e+02 3.461891000000000531e+03
5.771400000000000000e+04 nan nan 2.968661422732440138e-14 6.654843718000221315e+02 3.237470000000000255e+03
5.772000000000000000e+04 3.349796796273742530e-14 2.947817006395058614e-14 nan 6.973488266011598853e+02 3.454471000000000004e+03
5.772400000000000000e+04 nan nan 2.836623413129016731e-14 6.594008700467047674e+02 3.197248000000000047e+03
5.773300000000000000e+04 nan nan 2.892038050549033532e-14 6.080724072801583588e+02 2.863036000000000058e+03
5.773600000000000000e+04 2.863290924037013374e-14 2.839971121831280237e-14 nan 6.744040308761061624e+02 3.297844000000000051e+03
5.773900000000000000e+04 2.838935375903129047e-14 2.787860642493808179e-14 nan 7.002537838885618839e+02 3.474213999999999942e+03
5.774200000000000000e+04 2.886028638285378803e-14 2.829292848238866598e-14 nan 6.846283690446158516e+02 3.367383999999999560e+03
5.774600000000000000e+04 2.854800055826465977e-14 2.812050719640129660e-14 nan 6.959013750029896528e+02 3.444476999999999862e+03
5.774900000000000000e+04 nan nan 2.939250551263066184e-14 6.569373230374468449e+02 3.180377999999999702e+03
5.775200000000000000e+04 2.931181683997159910e-14 2.850539767925932126e-14 nan 6.836265661782124425e+02 3.360900000000000091e+03
5.785700000000000000e+04 2.858297705621189644e-14 2.861540715534989433e-14 nan 5.857228540517727424e+02 2.722338000000000193e+03
5.787600000000000000e+04 2.881612053102765230e-14 2.798885428012652425e-14 nan 8.924012865259870750e+02 4.919802999999999884e+03
5.790300000000000000e+04 2.619790244728676214e-14 2.666689521844635301e-14 nan 6.976994434460391403e+02 3.456655999999999949e+03
5.790600000000000000e+04 2.831780114562663970e-14 2.761159286782225219e-14 nan 8.332213496508918524e+02 4.449273000000000138e+03
5.791300000000000000e+04 2.747506602074597064e-14 2.897641908371380664e-14 nan 7.682179130349924208e+02 3.957851999999999862e+03
5.791600000000000000e+04 2.671219060826408217e-14 2.724746586794349103e-14 nan 8.262608543679589275e+02 4.395194999999999709e+03
5.792500000000000000e+04 2.844961018076597644e-14 2.773879900641383557e-14 nan 7.324246509989876586e+02 3.699161000000000058e+03
5.793300000000000000e+04 3.384662645976219370e-14 3.135404651295457339e-14 nan 6.386010057539808713e+02 3.059615000000000236e+03
5.793600000000000000e+04 2.763357475625518717e-14 3.037821590540645030e-14 nan 8.193122628866263994e+02 4.341815000000000509e+03
5.794500000000000000e+04 nan nan nan nan nan
5.794800000000000000e+04 4.053387841820704947e-14 2.613203074421907603e-14 nan 7.608483718155127917e+02 3.904838999999999942e+03
5.795100000000000000e+04 2.686344977583790591e-14 2.785536833322099793e-14 nan 7.632872786819340263e+02 3.922391000000000531e+03
5.795400000000000000e+04 nan nan 2.660619147880407807e-14 6.767347998232188502e+02 3.312658999999999651e+03
5.795800000000000000e+04 2.700119712550408523e-14 2.971411085197482513e-14 nan 7.854645519672989167e+02 4.085349999999999909e+03
5.796200000000000000e+04 2.785973556541521554e-14 2.729143753434654592e-14 nan 6.321930199219395945e+02 3.017920999999999822e+03
5.797000000000000000e+04 2.653977777820665284e-14 3.238597428117027237e-14 nan 7.969807652845707935e+02 4.173122000000000298e+03
5.797300000000000000e+04 2.788937215961923048e-14 2.713310949966450271e-14 nan 7.877532104380518376e+02 4.103177999999999884e+03
5.798000000000000000e+04 2.672382111267661476e-14 2.689458928266141473e-14 nan 7.559401284578248124e+02 3.868831999999999880e+03
5.798300000000000000e+04 2.805027167956952119e-14 2.751558627019359295e-14 nan 7.977588709115617576e+02 4.178506999999999607e+03
5.798600000000000000e+04 2.891123019978532826e-14 2.823993412773836003e-14 nan 8.300154756015876956e+02 4.424393000000000029e+03
5.799000000000000000e+04 2.653059506903805052e-14 3.007047472060166228e-14 nan 7.653354520753256338e+02 3.937317000000000007e+03
5.799300000000000000e+04 nan nan 2.646707635938727833e-14 7.501455831429919954e+02 3.826426000000000386e+03
5.800000000000000000e+04 nan nan nan nan nan
5.800300000000000000e+04 4.693192804060675564e-14 2.734389862529132742e-14 nan 7.096380816035878070e+02 3.539598999999999705e+03
5.800700000000000000e+04 2.661452657601084915e-14 2.771208207768480691e-14 nan 7.430269810727902495e+02 3.775433999999999742e+03
5.801000000000000000e+04 nan nan 2.615146906087357973e-14 7.489527120471873332e+02 3.818323000000000320e+03
5.801700000000000000e+04 nan nan 2.671870129620571062e-14 8.003811029946493818e+02 4.198862999999999374e+03
5.802100000000000000e+04 nan nan 2.514735998652093020e-14 7.401527382909893049e+02 3.754898000000000138e+03
5.802400000000000000e+04 2.724501670003121850e-14 2.698220273547834397e-14 nan 5.514733526963187842e+02 2.513085000000000036e+03
5.802700000000000000e+04 2.748469117764163199e-14 2.600692847598661830e-14 nan 6.706996234863335076e+02 3.272652999999999793e+03
5.804700000000000000e+04 2.610025273330643234e-14 3.194655933629053296e-14 nan 7.349336252015491482e+02 3.717682999999999993e+03
5.805000000000000000e+04 nan nan 2.612983296769748372e-14 3.929031841062691797e+02 1.632041999999999916e+03
5.805300000000000000e+04 2.753949756789388571e-14 3.288026120391763287e-14 nan 7.445662783622173038e+02 3.787137999999999920e+03
5.805600000000000000e+04 2.760159195714304966e-14 2.667641044770762765e-14 nan 7.644999057737700241e+02 3.931644999999999527e+03
5.806200000000000000e+04 nan nan 2.901823022426675196e-14 7.485279195873637264e+02 3.815750000000000000e+03
5.806500000000000000e+04 2.772833539801985705e-14 2.647777416400730095e-14 nan 7.260675022637577740e+02 3.655930999999999585e+03
5.806800000000000000e+04 2.810231422487240699e-14 2.768360430951750234e-14 nan 7.460774278002653546e+02 3.797783999999999651e+03
5.807100000000000000e+04 2.805835963670710003e-14 2.759309452946282245e-14 nan 7.243630200838044857e+02 3.643375000000000000e+03
5.807500000000000000e+04 2.701352024955254424e-14 2.696812526360074370e-14 nan 7.114237122420431660e+02 3.551955999999999676e+03
5.807800000000000000e+04 nan nan 2.859444720754525453e-14 7.220533586463989195e+02 3.626775000000000091e+03
5.808200000000000000e+04 nan nan nan nan nan
5.808600000000000000e+04 nan nan 2.847005778159251749e-14 7.241098498310980176e+02 3.642951000000000022e+03
5.809000000000000000e+04 2.735096833008913408e-14 2.748304195740028820e-14 nan 6.947830399582015843e+02 3.437188999999999851e+03
5.809400000000000000e+04 2.877102759584241083e-14 2.733960812221151601e-14 nan 7.457812323720819450e+02 3.796587999999999738e+03
5.810900000000000000e+04 nan nan 2.802154345542336028e-14 6.937960359736775899e+02 3.429704000000000178e+03
5.811200000000000000e+04 2.803699681577959810e-14 2.787444625185409277e-14 nan 6.980209650584772589e+02 3.458836000000000240e+03
5.811500000000000000e+04 nan nan 2.847241830769771813e-14 7.304423194687707337e+02 3.685876999999999498e+03
5.811800000000000000e+04 2.764947020965383834e-14 1.857572081139337161e-14 nan 6.919395094736577221e+02 3.417108999999999469e+03
5.822300000000000000e+04 nan nan 2.637708795715200466e-14 6.664822167119190226e+02 3.244003999999999905e+03
5.823500000000000000e+04 nan nan nan nan nan
5.824400000000000000e+04 2.796035803724919486e-14 2.772180489384712559e-14 nan 6.505130728683240022e+02 3.138123000000000047e+03
5.826200000000000000e+04 2.860460599849577785e-14 2.812820285012063505e-14 nan 6.676114355438614894e+02 3.251779999999999745e+03
5.826500000000000000e+04 2.744732286398798370e-14 3.273299518800716230e-14 nan 6.606693971452182268e+02 3.205195999999999913e+03
5.827100000000000000e+04 2.887981317366966065e-14 2.777568275320942581e-14 nan 6.454447992777062382e+02 3.104769999999999982e+03
5.827400000000000000e+04 nan nan 2.751181489581823174e-14 6.485269524037242945e+02 3.124351999999999862e+03
5.827700000000000000e+04 2.638864375931389582e-14 2.740534119950275524e-14 nan 6.250398133146439932e+02 2.972596000000000004e+03
5.828400000000000000e+04 2.765312527440192413e-14 2.749187376126826596e-14 nan 6.464822368339846435e+02 3.111027999999999793e+03
5.829100000000000000e+04 2.733867226840825318e-14 3.175551520499327636e-14 nan 6.262002504125046016e+02 2.979192000000000007e+03
5.829400000000000000e+04 2.766401324616556235e-14 2.730874724598819340e-14 nan 5.774399545113431031e+02 2.671628999999999905e+03
5.829700000000000000e+04 nan nan nan nan nan
5.830700000000000000e+04 2.596694908141382708e-14 3.434101559670529605e-14 nan 6.284499248748552418e+02 2.993965000000000146e+03
5.831000000000000000e+04 2.583074911135084667e-14 2.675293846419713829e-14 nan 6.101517426370369321e+02 2.876131000000000313e+03
5.831300000000000000e+04 2.718383370280523506e-14 2.704528496905167307e-14 nan 6.508851990143366493e+02 3.140545000000000073e+03
5.831800000000000000e+04 2.865346264959674327e-14 2.789341923383975492e-14 nan 5.622519494316939017e+02 2.578270999999999731e+03
5.832100000000000000e+04 2.590165491604284398e-14 2.675793261389313195e-14 nan 5.686042660667175141e+02 2.617148000000000138e+03
5.832400000000000000e+04 2.701087241442510480e-14 2.921542911369079469e-14 nan 6.153078318666728137e+02 2.909192000000000007e+03
5.833100000000000000e+04 nan nan nan nan nan
5.833400000000000000e+04 2.798889870726294012e-14 2.710407919952950145e-14 nan 6.075393190301329014e+02 2.859710000000000036e+03
5.833800000000000000e+04 nan nan nan nan nan
5.834100000000000000e+04 2.823934736985283062e-14 3.028288352368069531e-14 nan 6.333178969679064494e+02 3.025067000000000007e+03
5.834400000000000000e+04 2.988630630012886690e-14 2.654569483386257377e-14 nan 6.134482296125363519e+02 2.897210000000000036e+03
5.834800000000000000e+04 nan nan nan nan nan
5.835100000000000000e+04 2.696905730238190886e-14 2.850225550170117482e-14 nan 6.256307985636896092e+02 2.974900000000000091e+03
