5.769000000000000000e+04 3.148563989106213988e-15 3.223759162588612647e-15 3.244885146994180656e-15 1.221497459512492867e+02 4.458356666666666683e+02
5.769000000000000000e+04 3.108839423443025183e-15 3.156607282730099216e-15 3.161122697235409630e-15 1.209104253366712101e+02 4.397746666666666329e+02
5.769000000000000000e+04 3.167523021365781404e-15 3.235647760548939154e-15 3.235386708808215077e-15 1.238729197923017011e+02 4.545158333333333189e+02
5.770000000000000000e+04 2.531960467422465763e-15 2.914441566596492161e-15 3.001100820093833866e-15 1.037316522466438613e+02 3.991118333333333226e+02
5.770000000000000000e+04 2.539394302346187158e-15 3.006644277972370207e-15 3.066797549395626942e-15 9.459526092115090989e+01 4.162344999999999686e+02
5.770000000000000000e+04 2.520678921712454882e-15 2.978824811270276759e-15 3.073819269983191400e-15 1.009074202331647143e+02 4.111021666666666761e+02
5.771400000000000000e+04 3.092568986986843481e-15 3.100430069671647456e-15 3.125631747409277791e-15 1.121117351071442982e+02 4.090231666666666683e+02
5.771400000000000000e+04 3.108573203327020630e-15 3.099531405096595468e-15 3.131082966450014940e-15 1.131479079183392429e+02 4.144033333333333644e+02
5.771400000000000000e+04 3.104176175574316558e-15 3.109807077532311421e-15 3.135589861333451191e-15 1.127164504254847515e+02 4.122816666666666947e+02
5.772400000000000000e+04 3.065861293880893767e-15 3.019080100450404201e-15 3.079969173378253818e-15 1.102868647897295489e+02 3.869878333333333558e+02
5.772400000000000000e+04 3.010510463919674711e-15 2.935202462098382235e-15 3.019584541221967258e-15 1.083407884776054715e+02 3.774928333333333512e+02
5.772400000000000000e+04 3.045073740499355771e-15 2.991176207870457872e-15 3.051386051908745981e-15 1.095725651714695346e+02 3.821801666666667074e+02
5.773500000000000000e+04 3.140458496403408034e-15 3.029408674836111679e-15 3.006056151883832267e-15 7.570443525901956150e+01 4.061985000000000241e+02
5.773500000000000000e+04 3.066716118693450873e-15 2.967320873044213550e-15 2.971507787380619357e-15 7.722563730630649559e+01 3.967860000000000014e+02
5.773500000000000000e+04 3.018450538972425714e-15 2.870429617059180240e-15 2.837626017973556209e-15 7.300875106848639007e+01 3.825048333333333517e+02
5.774500000000000000e+04 2.923715193465441685e-15 2.940696845297227027e-15 2.777568974011168452e-15 3.739393450456035595e+01 1.036364000000000090e+02
5.774500000000000000e+04 nan nan nan nan nan
5.774500000000000000e+04 nan nan nan nan nan
5.775600000000000000e+04 3.002133078526870073e-15 2.979194313287855317e-15 3.003543491011501171e-15 1.124605846047572868e+02 3.967071666666666943e+02
5.775600000000000000e+04 2.932571433991491407e-15 2.933347465568696819e-15 3.006341413379434758e-15 1.112262991582342835e+02 3.904283333333333417e+02
5.775600000000000000e+04 3.002057716399704038e-15 2.933360493957844843e-15 3.003952434947196991e-15 1.119445068061533988e+02 3.921825000000000045e+02
5.776700000000000000e+04 2.859758618398900692e-15 2.823724872368594676e-15 2.768409462226779655e-15 3.466639688707271461e+01 2.338930000000000007e+02
5.776700000000000000e+04 3.479193295414442510e-15 3.161114704349010432e-15 3.120289021780969302e-15 4.199647426040462506e+01 2.659628333333333217e+02
5.776700000000000000e+04 3.204864929752269746e-15 3.170230333698779639e-15 3.141838014068101802e-15 4.413873952985112936e+01 2.660108333333333235e+02
5.777900000000000000e+04 3.005629840294411883e-15 3.107867733767165185e-15 3.048909922528399476e-15 6.211053094396497443e+01 1.892520000000000095e+02
5.777900000000000000e+04 3.076972954990874697e-15 3.135888882853752017e-15 3.099530453234005506e-15 6.404994451926181398e+01 1.938543333333333294e+02
5.777900000000000000e+04 3.136236015898216142e-15 3.180109065880152710e-15 3.176364944702955712e-15 6.582435930873597840e+01 2.038513333333333435e+02
5.779000000000000000e+04 2.911236640518978340e-15 2.829121572837835029e-15 2.891728863284905519e-15 7.567439759280208023e+01 2.853871666666666442e+02
5.779000000000000000e+04 2.971287813694519815e-15 2.842343390210230381e-15 2.909869628116758432e-15 7.638101030456263629e+01 2.870261666666666542e+02
5.779000000000000000e+04 2.923192196994044806e-15 2.872220846472325462e-15 2.945364798029444119e-15 7.641690118798683784e+01 2.900291666666666401e+02
5.780000000000000000e+04 3.004256979520036694e-15 3.037965352536089981e-15 3.018839514850088869e-15 6.958402563196253254e+01 2.706273333333332971e+02
5.780000000000000000e+04 3.084230947841707578e-15 2.964214693466575533e-15 2.957214342140253979e-15 6.852433901054057230e+01 2.654336666666666815e+02
5.780000000000000000e+04 3.015875123715336170e-15 2.969522492505528462e-15 2.952400718706063288e-15 6.833264725289521380e+01 2.657806666666666615e+02
5.781400000000000000e+04 3.112671953417408348e-15 3.028694031761587912e-15 nan 7.585663214396319631e+01 2.385723333333333471e+02
5.781400000000000000e+04 3.141533441806503466e-15 3.014793787279587465e-15 nan 7.564117949283873088e+01 2.381446666666666658e+02
5.781400000000000000e+04 3.053106392689771421e-15 2.972193662381248839e-15 nan 7.503243555418944766e+01 2.357116666666666731e+02
5.784600000000000000e+04 2.930216866422667538e-15 3.021410242928285877e-15 2.868355889328365681e-15 7.820603825750387728e+01 2.857886666666666429e+02
5.784600000000000000e+04 2.983165561844617049e-15 3.111534469679156347e-15 3.007703808092281154e-15 8.034308644613619776e+01 2.926486666666666565e+02
5.784600000000000000e+04 2.990580616478084794e-15 3.071581317073848531e-15 2.942518664587418825e-15 7.981951539932225614e+01 2.898834999999999695e+02
5.785700000000000000e+04 nan nan nan nan nan
5.785700000000000000e+04 nan nan nan nan nan
5.785700000000000000e+04 nan nan nan nan nan
5.786700000000000000e+04 3.064021343752323584e-15 3.006316408074892408e-15 2.966430647722815978e-15 8.344783015915949420e+01 2.707893333333333317e+02
5.786700000000000000e+04 3.026395546794248002e-15 3.011544750217759881e-15 2.965951078781046024e-15 8.330697480288424117e+01 2.699058333333333621e+02
5.786700000000000000e+04 3.057997564287273280e-15 3.004834671989747318e-15 2.979431618168761649e-15 8.354432430429206136e+01 2.708393333333333430e+02
5.787600000000000000e+04 3.092865204178343958e-15 3.125504617565937295e-15 3.075116594953494267e-15 1.167021515614855645e+02 4.796448333333333380e+02
5.787600000000000000e+04 3.206688787916623742e-15 3.187336745384925895e-15 3.133505640549813476e-15 1.182227218319335975e+02 4.885439999999999827e+02
5.787600000000000000e+04 3.144562632814104180e-15 3.181797801591343223e-15 3.148768110716047891e-15 1.189359223845946048e+02 4.905266666666666424e+02
5.797200000000000000e+04 2.564602424431692632e-15 2.623561977495005343e-15 2.283534278306559188e-14 5.350844267441448210e+01 3.111306666666666843e+02
5.797200000000000000e+04 2.492896901913714341e-15 2.498247457136047960e-15 1.427204306334694131e-14 5.145812393714845712e+01 2.961980000000000359e+02
5.797200000000000000e+04 2.716989020330960852e-15 2.789895204054156080e-15 -1.488561625497460950e-14 5.547204893862079444e+01 3.258620000000000232e+02
5.798200000000000000e+04 6.067154455504874111e-16 6.856142407272487365e-16 7.056337620052187518e-16 2.310467903181055860e+01 6.137768333333333715e+01
5.798200000000000000e+04 6.765900052996333477e-16 7.596613845138970564e-16 7.751174722528898367e-16 2.590635236238482264e+01 6.951624999999999943e+01
5.798200000000000000e+04 6.654985042970022060e-16 7.453528553772218969e-16 7.701657965446410440e-16 2.546481570937557137e+01 6.813089999999999691e+01
5.799300000000000000e+04 2.990193818664062364e-15 3.486944474688828885e-15 3.313340567143265869e-15 1.102886087475918231e+02 3.872868333333333339e+02
5.799300000000000000e+04 2.963851604419616038e-15 3.471785759039651316e-15 3.299559126168010803e-15 1.112019352047821457e+02 3.917178333333333171e+02
5.799300000000000000e+04 3.019743747211470331e-15 3.592975249653449783e-15 3.417373892247010179e-15 1.126471446679774289e+02 3.986053333333333057e+02
5.800300000000000000e+04 3.272237593556519180e-15 2.980357973162331705e-15 3.556330758072979068e-15 6.061477183859010154e+01 3.362376666666666551e+02
5.800300000000000000e+04 3.099788371375269065e-15 2.937485613418954258e-15 3.549422938859377992e-15 5.779244887799341512e+01 3.237053333333333285e+02
5.800300000000000000e+04 2.929915126039542145e-15 2.729872326616703272e-15 3.306596407659137290e-15 5.530007752842086433e+01 3.060588333333333253e+02
5.804700000000000000e+04 2.904657972806969167e-15 2.905906906524447751e-15 2.940230698251078339e-15 1.049764281500444554e+02 3.686376666666666324e+02
5.804700000000000000e+04 2.889337170808295919e-15 2.866346525575157262e-15 2.904630524100511146e-15 1.056171538973589747e+02 3.681941666666667174e+02
5.804700000000000000e+04 2.908329291842494885e-15 2.881570635661613191e-15 2.908838411092970374e-15 1.060923875710980298e+02 3.739426666666666961e+02
5.805700000000000000e+04 2.908335033540051128e-15 2.853764525285316025e-15 2.881135198752845806e-15 1.082606422106341597e+02 3.786686666666666383e+02
5.805700000000000000e+04 2.984857128484459633e-15 2.920161254612439614e-15 2.929457592034743759e-15 1.092789900984758162e+02 3.834215000000000373e+02
5.805700000000000000e+04 2.977719984014084993e-15 2.892554514298211995e-15 2.903477841000787985e-15 1.083659034678054667e+02 3.788145000000000095e+02
5.806700000000000000e+04 3.006688474681698797e-15 3.225414107958587065e-15 2.940739148076371253e-15 6.863878399786101170e+01 3.607191666666666947e+02
5.806700000000000000e+04 3.026202021269727813e-15 3.134041866117271589e-15 3.017226434526908453e-15 8.421206986768575575e+01 3.640658333333333303e+02
5.806700000000000000e+04 2.932454255819864102e-15 3.136331510639447839e-15 2.907550335210975349e-15 7.649550691749305997e+01 3.586748333333333676e+02
5.807800000000000000e+04 2.827166022463233631e-15 2.792893962007130342e-15 2.803004183719142745e-15 1.042311884793359980e+02 3.590991666666666902e+02
5.807800000000000000e+04 2.811215696988438237e-15 2.783397576759349806e-15 2.806454481945359449e-15 1.041018850599844825e+02 3.591658333333333530e+02
5.807800000000000000e+04 2.837264119240412073e-15 2.813110885182832230e-15 2.840878928264104007e-15 1.046310329626410862e+02 3.612894999999999754e+02
5.808800000000000000e+04 2.593043256553177026e-15 2.676938995876152163e-15 2.584422961628635836e-15 6.682359599575254094e+01 2.818118333333333112e+02
5.808800000000000000e+04 2.762428646630937628e-15 2.816204470415767830e-15 2.688918250103942914e-15 7.550024544221777489e+01 3.155420000000000300e+02
5.808800000000000000e+04 2.811086264224563901e-15 2.926076541144384582e-15 2.787497649705623600e-15 7.545013863801561627e+01 3.194601666666666802e+02
5.811900000000000000e+04 2.350123111166382368e-15 2.453280546958097325e-15 2.444690096486182661e-15 6.436995463407558304e+01 2.964698333333333267e+02
5.811900000000000000e+04 2.553811748655268710e-15 2.605495909374034318e-15 2.605688909570373476e-15 6.767619231445750927e+01 3.141221666666667147e+02
5.811900000000000000e+04 2.502165553946474883e-15 2.544721282552567154e-15 2.535605322840689946e-15 6.579166369671932557e+01 3.042454999999999927e+02
5.812900000000000000e+04 2.704829461120748802e-15 2.764648530824729165e-15 2.813797510018781736e-15 9.102312644327444957e+01 3.014650000000000318e+02
5.812900000000000000e+04 2.663461340174217811e-15 2.692860649529349038e-15 2.734640422596199736e-15 9.095937796565952738e+01 2.975933333333333053e+02
5.812900000000000000e+04 2.681079053984835752e-15 2.726182554075460137e-15 2.753472261868082320e-15 9.073459649312022179e+01 2.977610000000000241e+02
5.813900000000000000e+04 2.651659950783949249e-15 2.619155298606624533e-15 2.633965673647711042e-15 9.074825621089273398e+01 3.007728333333333239e+02
5.813900000000000000e+04 2.706252750403298476e-15 2.610390897399087373e-15 2.605901505841943087e-15 9.103265544909733364e+01 3.006831666666666933e+02
5.813900000000000000e+04 2.620034597041133868e-15 2.580743988902598511e-15 2.578186232427578308e-15 9.050174621848823620e+01 2.982871666666666783e+02
5.814900000000000000e+04 2.414964127089932102e-15 2.415197783459123007e-15 2.416520627143601670e-15 5.289067402460634071e+01 2.744883333333333439e+02
5.814900000000000000e+04 2.124553690986295737e-15 2.009527752340713351e-15 2.089836898045370132e-15 4.566301344653818006e+01 2.236223333333333301e+02
5.814900000000000000e+04 nan nan nan nan nan
5.815900000000000000e+04 2.777888990139797637e-15 2.729603814236854110e-15 2.748218464958965621e-15 8.738623709623914237e+01 2.817655000000000314e+02
5.815900000000000000e+04 2.700442894688818066e-15 2.661064289498517880e-15 2.665666150823703400e-15 8.560757861828531645e+01 2.761951666666666370e+02
5.815900000000000000e+04 2.673165602331499716e-15 2.690844485086297576e-15 2.710341216011552352e-15 8.456984241445802297e+01 2.763310000000000173e+02
5.817300000000000000e+04 2.805094971099739829e-15 2.849852284681106465e-15 2.674405048245845611e-15 7.365546488670270264e+01 2.614990000000000236e+02
5.817300000000000000e+04 2.639785318123463498e-15 2.762670936617919611e-15 2.607397044612395035e-15 7.292584845762598889e+01 2.571016666666666879e+02
5.817300000000000000e+04 2.690028746716371096e-15 2.822268560975667377e-15 2.638514968624768771e-15 7.371826208081559173e+01 2.606101666666666574e+02
5.818400000000000000e+04 2.882319212346655704e-15 2.934727683443353285e-15 2.778653510038055891e-15 4.579479822264201516e+01 1.815729999999999791e+02
5.818400000000000000e+04 2.834789522899874132e-15 2.994560220596875679e-15 2.849734933108018646e-15 4.503140157872979898e+01 1.793034999999999854e+02
5.818400000000000000e+04 2.950678822560248335e-15 3.076989279876150872e-15 2.930433143311173440e-15 4.530179581687355750e+01 1.818116666666666674e+02
5.819400000000000000e+04 2.862147566664437167e-15 2.822652645855770254e-15 2.858813879851462713e-15 8.788393266662261283e+01 2.879883333333333439e+02
5.819400000000000000e+04 2.890289989652787484e-15 2.857140335040893817e-15 2.878164624125254396e-15 8.880301340079510908e+01 2.914639999999999986e+02
5.819400000000000000e+04 2.785849961588900073e-15 2.783155318395530777e-15 2.830326117037476545e-15 8.685806477507600221e+01 2.830068333333333044e+02
5.820600000000000000e+04 2.453766340661716152e-15 2.599893269074501219e-15 2.655996032806616125e-15 5.341061612481119880e+01 2.478483333333333292e+02
5.820600000000000000e+04 2.380182530591212094e-15 2.575135234010069042e-15 2.584135213228753544e-15 5.174188654752462213e+01 2.408090000000000259e+02
5.820600000000000000e+04 2.245753598501117737e-15 2.377514105670368774e-15 2.387257591767678435e-15 4.785982416123731298e+01 2.218586666666666645e+02
5.821600000000000000e+04 2.817112804302181556e-15 2.794647557859315698e-15 2.827092208811485939e-15 8.818638568211812867e+01 2.904650000000000318e+02
5.821600000000000000e+04 2.806678964936919794e-15 2.797596616020642596e-15 2.826740994230651249e-15 8.805266537242671632e+01 2.899708333333333599e+02
5.821600000000000000e+04 2.860228292083013102e-15 2.802460395637096406e-15 2.827371134364363318e-15 8.748530919702623976e+01 2.877983333333333462e+02
5.822300000000000000e+04 2.860382423318644453e-15 2.827054139871801525e-15 2.863703535891613711e-15 8.003790259388630091e+01 2.564725000000000250e+02
5.822300000000000000e+04 2.910378908702311555e-15 2.827902873359906050e-15 2.874157881209703342e-15 7.991281128436031622e+01 2.554454999999999814e+02
5.822300000000000000e+04 2.910585249013867757e-15 2.834507603353853993e-15 2.857932665510769086e-15 7.926729533186275489e+01 2.526211666666666815e+02
5.823300000000000000e+04 3.044456912933994920e-15 2.997095092817548290e-15 2.913738424875841358e-15 7.258863190727038273e+01 2.810191666666667061e+02
5.823300000000000000e+04 3.005802269932372569e-15 2.976649987341911845e-15 2.867711504161707429e-15 7.242277605348670022e+01 2.791863333333333230e+02
5.823300000000000000e+04 3.127645538113872885e-15 3.177955042314012807e-15 3.054598767253829053e-15 7.619208845437100308e+01 2.970370000000000346e+02
5.824300000000000000e+04 2.919087690378329299e-15 2.906199135798298767e-15 2.863102687071067759e-15 8.080275893013612176e+01 2.601043333333333294e+02
5.824300000000000000e+04 2.947011205768111810e-15 2.932991603172981642e-15 2.919643900290979959e-15 8.161254469566300429e+01 2.635663333333333185e+02
5.824300000000000000e+04 2.989785242552434088e-15 2.948819913056487013e-15 2.931195996081080932e-15 8.159009198831563481e+01 2.633821666666666488e+02
5.833400000000000000e+04 2.835116253985351811e-15 3.056619215863789774e-15 3.061450304564616251e-15 5.087166856664673276e+01 1.775194999999999936e+02
5.833400000000000000e+04 2.975257912870807356e-15 3.061885175502626101e-15 3.086114634867534007e-15 5.083108972691297822e+01 1.776329999999999814e+02
5.833400000000000000e+04 2.683021814367537109e-15 2.839765528645816531e-15 2.855109219556543918e-15 4.567904345279872302e+01 1.582324166666666656e+02
5.834500000000000000e+04 3.058737297762391480e-15 3.166303760362934698e-15 3.075360926816581964e-15 7.790619026337962794e+01 2.461791666666666742e+02
5.834500000000000000e+04 3.109543095395830555e-15 3.154286168439609981e-15 3.105311236395606704e-15 7.793334587022715709e+01 2.461873333333333278e+02
5.834500000000000000e+04 3.078152870957270097e-15 3.133643722661731370e-15 3.045168079775097027e-15 7.674699760132665460e+01 2.416488333333333287e+02
5.836200000000000000e+04 nan nan nan nan nan
