5.753000000000000000e+04 1.227909120955415977e-14 1.113492815619614112e-14 nan 4.400627132064691978e+02 1.879211999999999989e+03
5.754700000000000000e+04 1.206795471994801242e-14 1.117615361787875393e-14 nan 4.142896434667510448e+02 1.742125999999999749e+03
5.755800000000000000e+04 1.185000468418372580e-14 1.076786719499872135e-14 1.421429161796651596e-14 4.267620628827464202e+02 1.807825999999999794e+03
5.756800000000000000e+04 1.211198166874467907e-14 1.113554513977781827e-14 nan 4.124631025638906863e+02 1.732881000000000085e+03
5.758300000000000000e+04 1.183158678150062961e-14 1.110013278994281337e-14 1.187171242939578475e-14 3.245999257919715433e+02 1.293973999999999933e+03
5.759900000000000000e+04 1.169483383963777801e-14 1.093500892717518649e-14 nan 4.216132640780232919e+02 1.780541999999999916e+03
5.761000000000000000e+04 1.123538295452539941e-14 1.042697838259246906e-14 1.507687926583752721e-14 2.735807404894821389e+02 1.057978000000000065e+03
5.761200000000000000e+04 1.204772689189675018e-14 1.117138757623086432e-14 nan 4.271846986095679313e+02 1.811134999999999764e+03
5.762000000000000000e+04 1.187115061694208199e-14 1.124433938438278904e-14 nan 3.717793523143343464e+02 1.524545999999999822e+03
5.763300000000000000e+04 1.179258709129013224e-14 1.088209913665127838e-14 1.238368180124053719e-14 4.176373117415440674e+02 1.760534999999999854e+03
5.772400000000000000e+04 1.111889514035659133e-14 1.041417462669778657e-14 1.152650508713355450e-14 3.450922312298474708e+02 1.392754000000000133e+03
5.773600000000000000e+04 1.154880739565569140e-14 1.049299816326541660e-14 1.140133089470510334e-14 3.238604862646612901e+02 1.290393000000000029e+03
5.774600000000000000e+04 1.144618285444209511e-14 1.057777048358406470e-14 1.446548582415292260e-14 3.592431292548355941e+02 1.462754000000000133e+03
5.775700000000000000e+04 1.147753004987811167e-14 1.088780901340197359e-14 1.185557277171629290e-14 3.220901081712128189e+02 1.282809999999999945e+03
5.776900000000000000e+04 1.109996076218690750e-14 1.049103823087685410e-14 1.084519962608938976e-14 3.032393716560683288e+02 1.193541999999999916e+03
5.777900000000000000e+04 1.933288812674538119e-14 9.979732790688105664e-15 nan 2.676014916305186944e+02 1.030718000000000075e+03
5.779100000000000000e+04 1.141064508677752789e-14 1.050963823398913041e-14 nan 3.301817195606712403e+02 1.320583000000000084e+03
5.780100000000000000e+04 1.125917173660562459e-14 1.011336867161796470e-14 nan 3.116816752534056150e+02 1.233172000000000025e+03
5.781400000000000000e+04 1.128874378640707839e-14 1.041651963336180802e-14 nan 2.933062619349840361e+02 1.147316000000000031e+03
5.782400000000000000e+04 1.140016608414938700e-14 1.039838942724935231e-14 1.158928166340349555e-14 3.177576638057802825e+02 1.261478000000000065e+03
5.785700000000000000e+04 1.117759338747006987e-14 1.015016824616393127e-14 1.119815002052712863e-14 2.755736065989885333e+02 1.066769000000000005e+03
5.785700000000000000e+04 1.141566690364667454e-14 1.050795905958381497e-14 nan 1.687814913038264706e+02 6.123513000000000375e+02
5.786700000000000000e+04 1.099574421143986354e-14 1.557513707598314850e-14 nan 2.684080722128502998e+02 1.034474999999999909e+03
5.787700000000000000e+04 1.128680121409415348e-14 1.018216771832230423e-14 nan 4.460762573311281471e+02 1.911945000000000164e+03
5.788800000000000000e+04 1.137717039769345213e-14 1.048277274245524362e-14 nan 4.017398434908121772e+02 1.677902000000000044e+03
5.790100000000000000e+04 1.139621288038705709e-14 1.020815108717805189e-14 nan 3.484154401123091702e+02 1.408888999999999896e+03
5.791100000000000000e+04 1.654704206743268413e-14 1.053759955869745808e-14 nan 3.645998314351319891e+02 1.488959000000000060e+03
5.792200000000000000e+04 1.122960193411036817e-14 1.040857121685166719e-14 nan 3.707096417044226087e+02 1.519070000000000164e+03
5.793300000000000000e+04 1.152726554998340007e-14 1.032532479388651360e-14 nan 3.428034429090764093e+02 1.381329999999999927e+03
5.811000000000000000e+04 1.254196609536201583e-14 1.156388407271651326e-14 1.262708059348989773e-14 3.830581860423288276e+02 1.581088999999999942e+03
5.812100000000000000e+04 1.265050926299275198e-14 1.184585950674786457e-14 1.130766050521877196e-14 3.564156923945976132e+02 1.447947999999999865e+03
5.813300000000000000e+04 1.249056106088862556e-14 1.139315833685608818e-14 1.269660435650774084e-14 3.894280837182478763e+02 1.613540999999999940e+03
5.814300000000000000e+04 1.256925605020172137e-14 1.157667899654625768e-14 nan 3.766227065938209648e+02 1.548623000000000047e+03
5.815300000000000000e+04 1.248291494939941794e-14 1.174434975372702548e-14 1.201079236652027779e-14 3.495754904881277980e+02 1.414681000000000040e+03
5.815600000000000000e+04 1.263614712247111444e-14 1.154783653548791613e-14 1.267057790126078873e-14 3.324986360490118500e+02 1.331767000000000053e+03
5.816400000000000000e+04 1.249688869128629496e-14 1.161647050584337505e-14 nan 3.434619138115597252e+02 1.384702999999999975e+03
5.817600000000000000e+04 1.267154118050376795e-14 1.176368513398531992e-14 nan 3.425406527219263921e+02 1.380674999999999955e+03
5.818600000000000000e+04 1.271649178359129613e-14 1.187324242722249884e-14 nan 3.691147771967992526e+02 1.511101000000000113e+03
5.818600000000000000e+04 1.238562313678058973e-14 1.139131955597936683e-14 nan 3.622363586382611516e+02 1.477000999999999976e+03
5.819700000000000000e+04 1.243919570285933033e-14 1.152552427938239487e-14 1.275387341423192093e-14 3.439819692519276941e+02 1.387172000000000025e+03
5.820800000000000000e+04 1.241926870635122307e-14 1.158085011690203555e-14 nan 3.290618215547025329e+02 1.315380999999999858e+03
5.820900000000000000e+04 1.247151934103465782e-14 1.156157136267089329e-14 nan 3.035430860785130562e+02 1.195144000000000005e+03
5.821800000000000000e+04 1.231065006826901964e-14 1.118063293822739392e-14 nan 1.426795250706932450e+02 5.095488999999999464e+02
5.822200000000000000e+04 1.276988245599937820e-14 1.169674257456548314e-14 nan 3.193547644348026893e+02 1.269177000000000135e+03
5.823300000000000000e+04 1.994285764499626753e-14 1.764081112368718654e-14 1.106830982935644118e-14 3.129784916098302006e+02 1.238945000000000164e+03
5.824300000000000000e+04 1.276236504944641770e-14 1.166248290070202350e-14 1.171200718600634245e-14 3.575790731321046678e+02 1.453912000000000035e+03
5.825400000000000000e+04 1.281213006502730581e-14 1.142995753195918152e-14 1.292104160414190662e-14 3.330628747491792296e+02 1.334826999999999998e+03
5.826400000000000000e+04 nan nan nan nan nan
5.827400000000000000e+04 1.271762345442738749e-14 1.193395414760853408e-14 nan 3.422031723012051430e+02 1.378764999999999873e+03
5.828400000000000000e+04 1.288454273644652282e-14 1.193694322878146754e-14 nan 3.325932353632019840e+02 1.332192000000000007e+03
5.829300000000000000e+04 1.309645947485960792e-14 1.191131757736111758e-14 1.177793221100849523e-14 2.844951669551802524e+02 1.107404999999999973e+03
5.830800000000000000e+04 1.298522632545448530e-14 1.219152163733658022e-14 nan 3.395792527020597049e+02 1.366048999999999978e+03
5.831800000000000000e+04 1.308607134785140619e-14 1.182297624628279370e-14 1.306786639017844087e-14 3.082804136777649546e+02 1.217353000000000065e+03
5.833900000000000000e+04 1.290167591719448579e-14 1.209394113519204823e-14 nan 3.351532281134703339e+02 1.344586000000000013e+03
5.834900000000000000e+04 1.317694286191797820e-14 1.207829369385546953e-14 1.261599137770220109e-14 3.414926655960995276e+02 1.375285000000000082e+03
