5.769000000000000000e+04 nan nan nan 7.235306918399694496e+02 3.644098999999999705e+03
5.770800000000000000e+04 7.767594954678560837e-15 nan nan 7.225238921184359242e+02 3.632608000000000175e+03
5.772800000000000000e+04 7.967331999051060747e-15 nan nan 7.324717449960697877e+02 3.701413999999999760e+03
5.773300000000000000e+04 7.970486904334120572e-15 nan nan 7.227785443644877432e+02 3.633650000000000091e+03
5.774700000000000000e+04 7.923940266921250899e-15 nan nan 7.187941837355923553e+02 3.605121000000000095e+03
5.776700000000000000e+04 8.318452389813239224e-15 nan nan 6.640973450527644673e+02 3.232862000000000080e+03
5.778500000000000000e+04 8.159349430132873020e-15 nan nan 6.982842435498665736e+02 3.461114000000000033e+03
5.780300000000000000e+04 8.225565055282100770e-15 nan nan 6.416763395697955730e+02 3.080752999999999702e+03
5.782100000000000000e+04 8.045365823315337028e-15 nan nan 6.552972800170623486e+02 3.171869999999999891e+03
5.784000000000000000e+04 8.244828482212541634e-15 nan nan 6.515626965540768651e+02 3.146420999999999822e+03
5.785800000000000000e+04 8.079045701377556430e-15 nan nan 6.518833617180376905e+02 3.149338000000000193e+03
5.787600000000000000e+04 8.080074625666215441e-15 nan nan 9.073521117908286442e+02 5.045671000000000276e+03
5.789400000000000000e+04 8.093707536580658719e-15 nan nan 8.256350259457951779e+02 4.395894999999999527e+03
5.791300000000000000e+04 7.471237388634672647e-15 nan nan 7.767119303288641277e+02 4.026198999999999614e+03
5.793600000000000000e+04 7.855210558041815304e-15 nan nan 7.842033584181057222e+02 4.081710000000000036e+03
5.805500000000000000e+04 8.020963290656144799e-15 nan nan 6.812271552150887146e+02 3.348192000000000007e+03
5.807300000000000000e+04 6.641692230571119958e-15 nan nan 6.670692239078427974e+02 3.253918000000000120e+03
5.809100000000000000e+04 6.475910132018048117e-15 nan nan 5.787296260803246923e+02 2.680775999999999840e+03
5.811000000000000000e+04 6.103997073386846029e-15 nan nan 5.896619504657412563e+02 2.751061000000000149e+03
5.812800000000000000e+04 5.911649175729960485e-15 nan nan 5.765602838756780102e+02 2.666697999999999865e+03
5.814600000000000000e+04 6.228043541680072056e-15 nan nan 5.616064216457239127e+02 2.575481000000000222e+03
5.816400000000000000e+04 6.093866842436340438e-15 nan nan 5.049381443524329143e+02 2.242268999999999778e+03
5.818300000000000000e+04 6.156861625094842503e-15 nan nan 5.038337449565229917e+02 2.234297000000000025e+03
5.822400000000000000e+04 6.128098823887247537e-15 nan nan 5.717292672291376903e+02 2.639631000000000313e+03
5.824200000000000000e+04 5.858911276447576474e-15 nan nan 5.186724222222660501e+02 2.321509999999999764e+03
5.828800000000000000e+04 5.830702052423122239e-15 nan nan 5.147206032257499828e+02 2.298463000000000193e+03
5.831100000000000000e+04 5.798392919035749484e-15 nan nan 4.796712965304932368e+02 2.103068000000000211e+03
