5.750800000000000000e+04 1.283070293764629492e-14 1.283129501277592676e-14 nan 3.593057671968645650e+02 4.114637777777777956e+03
5.750800000000000000e+04 1.288865165316771573e-14 1.287317982768038754e-14 nan 3.588000953588214657e+02 4.166577777777777555e+03
5.750800000000000000e+04 1.267531809581785686e-14 1.271274380559533210e-14 nan 3.446345663382626867e+02 4.084802222222222554e+03
5.752000000000000000e+04 nan nan nan nan nan
5.752000000000000000e+04 nan nan nan nan nan
5.752000000000000000e+04 nan nan nan nan nan
5.753000000000000000e+04 1.270536965121105223e-14 1.131598312640595283e-14 nan 2.181871419668496515e+02 4.128548888888889451e+03
5.753000000000000000e+04 1.256026394084261111e-14 1.125575496249960500e-14 nan 2.235977886939185169e+02 4.128666666666666970e+03
5.753000000000000000e+04 1.278710931268484525e-14 1.144757569135737612e-14 nan 2.660207392280376553e+02 4.228386666666666315e+03
5.754700000000000000e+04 1.286747908723589051e-14 1.318661980320083283e-14 nan 3.408959310550604869e+02 3.735124444444444634e+03
5.754700000000000000e+04 1.297415382178881834e-14 1.318631401354224377e-14 nan 3.415236199437276241e+02 3.733311111111111131e+03
5.754700000000000000e+04 1.286470844891948246e-14 1.319878986736108679e-14 nan 3.520834103507094710e+02 3.749915555555555784e+03
5.755800000000000000e+04 1.282332842280880822e-14 1.238558765694570313e-14 nan 2.952680510036829560e+02 4.142779999999999745e+03
5.755800000000000000e+04 1.271696382654605532e-14 1.232289159673643339e-14 nan 2.815742438165031558e+02 4.111668888888889342e+03
5.755800000000000000e+04 1.281820310260428637e-14 1.238170015765681804e-14 nan 3.065287036556876501e+02 4.138688888888888869e+03
5.756800000000000000e+04 1.264621493082210503e-14 1.170972474704704161e-14 nan 3.587604184705548960e+02 3.612668888888888887e+03
5.756800000000000000e+04 1.253795485871328745e-14 1.157081334642102027e-14 nan 3.746479549713713482e+02 3.575653333333333194e+03
5.756800000000000000e+04 1.258465059748538022e-14 1.162767294559191086e-14 nan 3.400630786893954678e+02 3.591248888888889269e+03
5.758300000000000000e+04 1.268281022231770633e-14 1.324684382598673070e-14 nan 2.369215438572055348e+02 2.693208888888888850e+03
5.758300000000000000e+04 1.246062355422999945e-14 1.317614083790939338e-14 nan 2.565852440637729046e+02 3.157166666666666515e+03
5.758300000000000000e+04 1.245752042768757698e-14 1.327229604944339222e-14 nan 2.413165355368668656e+02 3.119815555555555875e+03
5.759900000000000000e+04 1.259402445616641316e-14 1.172330845966514300e-14 nan 3.451033083421186234e+02 3.958293333333333521e+03
5.759900000000000000e+04 1.257379989548673047e-14 1.169882630015230528e-14 nan 3.589933147354821017e+02 3.952739999999999782e+03
5.759900000000000000e+04 1.246085664021647301e-14 1.161341020047014086e-14 nan 3.556691501732726124e+02 3.942411111111111040e+03
5.761000000000000000e+04 1.286234993867178982e-14 1.337929309800545351e-14 1.091035247439438974e-14 2.331706644645365714e+02 2.996111111111111313e+03
5.761000000000000000e+04 1.280482033934679281e-14 1.321991994307720407e-14 1.069366896439562947e-14 2.355444581460236861e+02 2.897986666666666679e+03
5.761100000000000000e+04 1.299108948491444837e-14 1.411675759669690754e-14 nan 3.693663453789805544e+02 3.903666666666666515e+03
5.761200000000000000e+04 1.295049312847102088e-14 1.402714966721283927e-14 nan 3.352853760598574127e+02 3.874788888888888778e+03
5.761200000000000000e+04 1.301086593536575288e-14 1.410080400817059838e-14 nan 3.892729233569606890e+02 3.903446666666666715e+03
5.762000000000000000e+04 1.272763283346423058e-14 1.246930226342243250e-14 nan 2.397224658272807289e+02 3.112497777777777628e+03
5.762000000000000000e+04 1.269688606011407977e-14 1.262017822944831665e-14 nan 2.476038660250997054e+02 3.102942222222221972e+03
5.762000000000000000e+04 1.251660167221008493e-14 1.245024116465793406e-14 nan 2.607301850525597615e+02 3.132426666666666733e+03
5.763300000000000000e+04 1.357130322376017618e-14 1.337207207383852932e-14 nan 3.018945596778775666e+02 3.742686666666666497e+03
5.763300000000000000e+04 1.354239071404851011e-14 1.335253297169812833e-14 nan 2.998225756524379904e+02 3.778566666666666606e+03
5.763300000000000000e+04 1.349326366072061380e-14 1.333866634535842145e-14 nan 2.889311710461490748e+02 3.738784444444444034e+03
5.772400000000000000e+04 1.257955036208801917e-14 1.355630719526578863e-14 nan 2.974859394110890776e+02 3.122202222222222190e+03
5.772400000000000000e+04 1.245200166384493102e-14 1.356886450920296663e-14 nan 2.843215971750375388e+02 3.139373333333332994e+03
5.772400000000000000e+04 1.240115034408393360e-14 1.345282109091477943e-14 nan 2.808581288116088786e+02 3.173462222222221953e+03
5.773600000000000000e+04 1.214159211322440560e-14 1.160419109964355983e-14 9.741638614061581046e-15 1.186380968986895112e+02 2.724500000000000000e+03
5.773600000000000000e+04 1.231697007556898825e-14 1.162348268519001490e-14 9.848800664172102407e-15 1.218651122166328378e+02 2.774053333333333285e+03
5.773600000000000000e+04 1.241381885012877961e-14 1.171458078298305877e-14 9.968029523435974067e-15 1.214157798928256682e+02 2.810617777777777974e+03
5.774600000000000000e+04 1.306611037706272489e-14 1.295848290273223647e-14 nan 2.788504250021265420e+02 3.211511111111110949e+03
5.774600000000000000e+04 1.308761820520996143e-14 1.297023204029295589e-14 nan 2.665129433181076593e+02 3.233826666666666824e+03
5.774600000000000000e+04 1.304114000282377843e-14 1.299102769087157733e-14 nan 2.755152655282616934e+02 3.211768888888888796e+03
5.775700000000000000e+04 1.270424593223521336e-14 1.361639941972003745e-14 1.008511559805042028e-14 2.541480323286799887e+02 2.598028888888889014e+03
5.775700000000000000e+04 1.265748260171254628e-14 1.365932589982857124e-14 1.019486845052063658e-14 2.438976215975622779e+02 2.626817777777777792e+03
5.775700000000000000e+04 1.265724278694126682e-14 1.354022416577410585e-14 1.040348970491314544e-14 2.547057359088238400e+02 2.666666666666666515e+03
5.776900000000000000e+04 1.245089359401495649e-14 1.180725919089512860e-14 1.026541226561147299e-14 1.793131211869382469e+02 2.707224444444444543e+03
5.776900000000000000e+04 1.254662562412708608e-14 1.184922109443702812e-14 1.017475052288485548e-14 1.773121001751339634e+02 2.700168888888888887e+03
5.776900000000000000e+04 1.240647236097954140e-14 1.167848652184366576e-14 1.009135697582521527e-14 1.726017196071008755e+02 2.687766666666666879e+03
5.777900000000000000e+04 1.304551411009428949e-14 1.231128840885643569e-14 nan 2.502335232511226479e+02 2.704062222222222317e+03
5.777900000000000000e+04 1.290990044560716427e-14 1.214834415522292869e-14 nan 2.278226737006347946e+02 2.709015555555555693e+03
5.777900000000000000e+04 1.290624108591344202e-14 1.214365694852693671e-14 nan 2.532932482850535507e+02 2.718795555555555438e+03
5.779100000000000000e+04 1.249514725411352783e-14 1.280439512452661212e-14 1.110126605547703657e-14 2.325476180140759936e+02 2.765811111111111131e+03
5.779100000000000000e+04 1.248892536179147159e-14 1.277442931209585799e-14 1.103489249297076426e-14 2.231075391840797408e+02 2.744084444444444671e+03
5.779100000000000000e+04 1.257490781969277679e-14 1.274378855660859133e-14 1.105498856290598101e-14 2.198570926314355347e+02 2.755604444444444198e+03
5.780100000000000000e+04 1.235753870130707179e-14 1.147039433440273587e-14 1.147066346824199455e-14 1.737034059954317513e+02 2.718266666666666879e+03
5.780100000000000000e+04 1.218417084864849035e-14 1.129939195049449946e-14 1.134517604471497845e-14 1.744011030599081380e+02 2.681737777777777865e+03
5.780100000000000000e+04 1.245750103385131833e-14 1.153891377394471049e-14 1.149094868368703463e-14 1.958130277869052236e+02 2.716215555555555511e+03
5.781400000000000000e+04 1.262441155873751340e-14 1.251503352047912997e-14 nan 2.741400551898475442e+02 2.562433333333333394e+03
5.781400000000000000e+04 1.266376671018967538e-14 1.262141457677834894e-14 nan 2.730783151721709032e+02 2.559264444444444507e+03
5.781400000000000000e+04 1.268552488906499018e-14 1.259743956541316030e-14 nan 2.574290667806216675e+02 2.579477777777777646e+03
5.782400000000000000e+04 1.231503318675742460e-14 1.212418771615820155e-14 nan 2.175708951627573242e+02 2.644157777777777937e+03
5.782400000000000000e+04 1.253962720436554551e-14 1.235649777669090513e-14 nan 2.031361781818619363e+02 2.709713333333333594e+03
5.782400000000000000e+04 1.242705314700274910e-14 1.225667693129336424e-14 nan 2.145019509745566495e+02 2.693406666666666752e+03
5.785700000000000000e+04 nan nan nan nan nan
5.785700000000000000e+04 nan nan nan nan nan
5.785700000000000000e+04 1.280455729939722472e-14 1.322260711663709250e-14 nan 1.799677743150862170e+02 2.470864444444444416e+03
5.785700000000000000e+04 1.265190121924482673e-14 1.309493363735783435e-14 nan 1.564987808513315031e+02 2.254364444444444416e+03
5.785700000000000000e+04 1.292740909635923113e-14 1.331319910803153687e-14 nan 1.660562636284609255e+02 2.208514888888888891e+03
5.786700000000000000e+04 1.277788208250351920e-14 1.221317048386096248e-14 1.131168668392149739e-14 2.553933413228540417e+02 2.565086666666666588e+03
5.786700000000000000e+04 1.283075559462374911e-14 1.225466385580210304e-14 1.130316804206285764e-14 2.367683611592902082e+02 2.613735555555555493e+03
5.786700000000000000e+04 1.280432352494640314e-14 1.214729381955456685e-14 1.117166182066743968e-14 2.521385716365967937e+02 2.590542222222221881e+03
5.787700000000000000e+04 1.309717477425661901e-14 1.171021993117922361e-14 nan 3.948529924088074949e+02 3.926413333333333412e+03
5.787700000000000000e+04 1.312091340601230953e-14 1.174239197299362057e-14 nan 4.089941577516837015e+02 3.945579999999999927e+03
5.787700000000000000e+04 1.299575572364895063e-14 1.159153112912281017e-14 nan 4.014228997390650306e+02 3.940431111111111022e+03
5.788800000000000000e+04 1.283876812910316899e-14 1.187296944582445454e-14 nan 3.540692963729283633e+02 3.624468888888889069e+03
5.788800000000000000e+04 1.276930834343876649e-14 1.176252183851136006e-14 nan 3.881378697468270502e+02 3.546826666666666824e+03
5.788800000000000000e+04 1.276230903919068854e-14 1.183492062402613871e-14 nan 3.669518427499124869e+02 3.593108888888888941e+03
5.790100000000000000e+04 1.289658436494507262e-14 1.198985797659957238e-14 nan 3.572677140322371656e+02 3.768948888888889087e+03
5.790100000000000000e+04 1.295351038078284511e-14 1.205735004998705654e-14 nan 3.641443042797834551e+02 3.738637777777777956e+03
5.790100000000000000e+04 1.288894661463303171e-14 1.200429093624918717e-14 nan 3.596629944086164414e+02 3.785719999999999800e+03
5.791100000000000000e+04 1.271468213473905799e-14 1.182934076629441948e-14 1.104887251126267636e-14 1.893056110746796037e+02 3.906982222222222390e+03
5.791100000000000000e+04 1.262659013918834487e-14 1.178665168636540506e-14 1.082287927994762180e-14 2.135683843247289531e+02 3.874753333333333103e+03
5.791100000000000000e+04 1.253624120054536098e-14 1.170368588300873977e-14 1.089236539156961229e-14 2.071130222627160720e+02 3.855119999999999891e+03
5.792200000000000000e+04 1.340233769301471122e-14 1.303999152110734341e-14 nan 3.610608568225372892e+02 3.854706666666666479e+03
5.792200000000000000e+04 1.328000127194436169e-14 1.292247069406786874e-14 nan 3.516770711589782650e+02 3.862282222222222572e+03
5.792200000000000000e+04 1.321163555874128275e-14 1.292007985471484328e-14 nan 3.657780014642853530e+02 3.847911111111111040e+03
5.793300000000000000e+04 1.364574088292690646e-14 1.239415154703243324e-14 nan 3.275306255007304230e+02 3.518680000000000291e+03
5.793300000000000000e+04 1.350068723592102606e-14 1.220290109738970911e-14 nan 3.311947438373031787e+02 3.525484444444444307e+03
5.793300000000000000e+04 1.346824610493853137e-14 1.225778975786077329e-14 nan 3.216654504064348430e+02 3.582353333333333012e+03
5.808900000000000000e+04 nan nan nan nan nan
5.808900000000000000e+04 1.385603659646219791e-14 1.349008427205295224e-14 nan 1.597599293132378762e+02 2.881802222222222554e+03
5.808900000000000000e+04 nan nan nan nan nan
