5.769000000000000000e+04 nan nan 7.031352668342708621e-15 2.121114396128810426e+02 1.328765555555555466e+03
5.769000000000000000e+04 nan nan 6.986779025862517325e-15 2.057233915199563228e+02 1.327857111111111180e+03
5.769000000000000000e+04 nan nan 6.982510507983318752e-15 2.038843337174317583e+02 1.332711111111111222e+03
5.771200000000000000e+04 nan 7.439198825520800530e-15 7.185983648743493872e-15 1.916685273489135284e+02 1.179023333333333312e+03
5.771200000000000000e+04 nan 7.601550404894697877e-15 7.177490302708206570e-15 1.940033224549295028e+02 1.247302888888888901e+03
5.771200000000000000e+04 nan 7.268956691004589407e-15 7.258125644099323842e-15 1.854940594405148886e+02 1.147874444444444407e+03
5.781900000000000000e+04 nan nan nan nan nan
5.781900000000000000e+04 nan nan 7.769644680066435219e-15 1.567797081020912628e+02 9.251328888888889423e+02
5.782000000000000000e+04 nan nan 8.882328943448705330e-15 9.338405068941922593e+01 3.662453333333333489e+02
5.782100000000000000e+04 nan nan nan nan nan
5.785700000000000000e+04 nan nan nan nan nan
5.785700000000000000e+04 nan nan nan nan nan
5.785700000000000000e+04 nan nan nan nan nan
5.790100000000000000e+04 nan nan nan nan nan
5.790100000000000000e+04 nan nan nan nan nan
5.790100000000000000e+04 nan nan 6.489313564634331297e-15 2.026141639406312933e+01 7.150015555555555125e+01
5.792300000000000000e+04 nan 5.152148379822187801e-15 5.641631233052282609e-15 1.878538400216779110e+02 1.042062000000000126e+03
5.792300000000000000e+04 nan 5.094890339890901505e-15 5.661852268984019607e-15 1.836983863975085569e+02 1.006244222222222220e+03
5.792300000000000000e+04 nan 5.180649980972771484e-15 5.652649093844834121e-15 1.818308050114158050e+02 1.052685111111111155e+03
5.794400000000000000e+04 nan nan nan nan nan
5.794400000000000000e+04 nan nan nan nan nan
5.794400000000000000e+04 nan nan nan nan nan
5.796500000000000000e+04 nan nan 7.149713355595916730e-15 2.039394154926137759e+01 6.029155555555555424e+01
5.796500000000000000e+04 nan nan nan nan nan
5.796500000000000000e+04 nan nan 6.712298509926828519e-15 4.876726089167677713e+01 1.668076222222222214e+02
5.798600000000000000e+04 nan nan 6.873458834847652503e-15 2.392172757864381936e+02 1.540368222222222357e+03
5.798600000000000000e+04 nan nan 6.871368934621919148e-15 2.423383599335877818e+02 1.519219333333333225e+03
5.798600000000000000e+04 nan nan 6.929762690062743163e-15 2.357255014019913801e+02 1.524167999999999893e+03
5.801000000000000000e+04 nan nan nan 2.066160330177550861e+02 1.236468222222222266e+03
5.801000000000000000e+04 nan nan nan 2.116589641034267970e+02 1.276644444444444389e+03
5.801000000000000000e+04 nan nan nan 2.137728316104159774e+02 1.252881111111111068e+03
5.804700000000000000e+04 nan 6.793427565829948799e-15 6.783354547032233528e-15 2.148574824755829979e+02 1.328439111111111060e+03
5.804700000000000000e+04 nan 6.868722432068524710e-15 6.825053410002185259e-15 2.154371908167293839e+02 1.328682888888889011e+03
5.804700000000000000e+04 nan 6.542134467823108801e-15 6.771252300983514811e-15 2.058791333568457560e+02 1.242895333333333383e+03
5.806800000000000000e+04 nan nan 7.017205339132037192e-15 2.186322058454602200e+02 1.397541111111111150e+03
5.806800000000000000e+04 nan nan 7.024754666937118514e-15 2.178097121058994219e+02 1.386418222222222312e+03
5.806800000000000000e+04 nan nan 7.000964763552523860e-15 2.219817913140950054e+02 1.385506666666666661e+03
5.809000000000000000e+04 nan nan 7.856571768993371933e-15 1.242312731663396903e+02 1.058534666666666681e+03
5.809000000000000000e+04 nan nan 7.797979318935886472e-15 1.301105900866551792e+02 1.157859777777777936e+03
5.809000000000000000e+04 nan nan 7.838983021381861529e-15 1.255684609529083815e+02 1.140867555555555555e+03
5.822200000000000000e+04 nan nan 7.680514507400937428e-15 1.753510717632398723e+02 9.918311111111111131e+02
5.822200000000000000e+04 nan nan 7.742454058916588170e-15 1.734681723762042509e+02 9.820915555555556011e+02
5.822200000000000000e+04 nan nan 7.680582074340566202e-15 1.769238612237143968e+02 1.000609555555555517e+03
5.826400000000000000e+04 nan nan nan nan nan
5.826500000000000000e+04 nan 6.745372237198779957e-15 6.726013767010572080e-15 1.871583356164974816e+02 1.116333333333333258e+03
5.826500000000000000e+04 nan nan nan nan nan
5.827100000000000000e+04 nan nan 7.579661378683517698e-15 5.873019695998257816e+01 1.060520222222222401e+03
5.827100000000000000e+04 nan nan 7.681638514959570278e-15 6.333118894810426269e+01 1.068005999999999858e+03
5.827100000000000000e+04 nan nan 7.750242801830580701e-15 5.333372226060689769e+01 1.072826888888888789e+03
5.828600000000000000e+04 nan 7.324743324351278037e-15 7.139214508073448114e-15 1.955136213043111013e+02 1.098501555555555569e+03
5.828600000000000000e+04 nan 7.314368907387197988e-15 7.095231889888038922e-15 1.907544042755859834e+02 1.096316666666666606e+03
5.828600000000000000e+04 nan 7.432443127522432406e-15 7.059795795366504012e-15 1.905404955273569954e+02 1.068430222222222255e+03
5.831100000000000000e+04 nan 7.164691604560763607e-15 7.093346198208380008e-15 1.914799418396766839e+02 1.087033999999999878e+03
5.831100000000000000e+04 nan 7.197146820294776407e-15 7.159576028968643448e-15 1.987238179114304728e+02 1.110268222222222221e+03
5.831100000000000000e+04 nan 7.191392814663859838e-15 7.120421542437170347e-15 1.924317712747178177e+02 1.099570666666666739e+03
5.833200000000000000e+04 nan nan 7.293078110562614925e-15 1.817392349333493371e+02 1.054983999999999924e+03
5.833200000000000000e+04 nan nan 7.220318754762743750e-15 1.811654050204967064e+02 1.063025777777777876e+03
5.833200000000000000e+04 nan nan 7.173023226533916524e-15 1.735757109890274705e+02 1.060466000000000122e+03
