5.751600000000000000e+04 4.880841947326257222e-15 nan nan 7.984324041487019485e+02 3.557601999999999862e+03
5.752300000000000000e+04 5.138151345947995286e-15 5.486246605025171937e-15 5.388048664652802498e-15 2.652887644833895706e+02 8.154067000000000007e+02
5.753000000000000000e+04 5.176578487907905846e-15 nan nan 7.644441302096174695e+02 3.337407000000000153e+03
5.754700000000000000e+04 5.190077500978692171e-15 4.810049678084500761e-15 nan 6.993764260485738760e+02 2.919956000000000131e+03
5.755400000000000000e+04 5.117531989028448957e-15 5.170011343183423260e-15 5.452592874175651391e-15 3.486555420802217213e+02 1.113143000000000029e+03
5.756200000000000000e+04 5.101455903339096572e-15 nan nan 7.547338632476318026e+02 3.294980999999999767e+03
5.756900000000000000e+04 5.144983714012084597e-15 5.127284178637369793e-15 nan 5.833815707429067743e+02 2.215793999999999869e+03
5.758300000000000000e+04 4.859970966157060735e-15 4.794169566919497809e-15 nan 7.326989595700406426e+02 3.103904999999999745e+03
5.759800000000000000e+04 4.979985058169744085e-15 nan nan 7.697771062157437427e+02 3.357005000000000109e+03
5.769300000000000000e+04 5.055293711700217191e-15 nan nan 7.061026736467430283e+02 2.942492999999999938e+03
5.770100000000000000e+04 5.113621208615079180e-15 5.121230338269298863e-15 nan 7.290584378304902202e+02 3.176999000000000251e+03
5.771100000000000000e+04 5.366671474630797147e-15 nan nan 5.380157998268142592e+02 2.057354000000000269e+03
5.771900000000000000e+04 5.494705304957049440e-15 nan nan 7.049012297381094641e+02 2.945034999999999854e+03
5.772600000000000000e+04 5.712545544648897850e-15 5.458254200446095249e-15 5.442658085858848174e-15 7.025625490640188673e+02 2.932039999999999964e+03
5.773300000000000000e+04 5.806138480938421431e-15 nan nan 7.481378193567765038e+02 3.215320000000000164e+03
5.774100000000000000e+04 5.894513447178948776e-15 5.975141566404393306e-15 nan 7.165310011483049948e+02 3.106976999999999862e+03
5.774900000000000000e+04 5.958576596463673531e-15 nan nan 7.758396999208731586e+02 3.383340000000000146e+03
5.775700000000000000e+04 nan nan nan nan nan
5.776400000000000000e+04 6.509188707687734110e-15 6.327502453464364630e-15 nan 7.784105663477778307e+02 3.473640000000000327e+03
5.777200000000000000e+04 6.331190625307782880e-15 6.471216627816185392e-15 nan 7.248621484162634943e+02 3.057297000000000025e+03
5.778600000000000000e+04 6.625285929818532770e-15 6.490036550542210008e-15 nan 7.848304639406444494e+02 3.513360999999999876e+03
5.779400000000000000e+04 6.657904750008503434e-15 6.397148407898593388e-15 nan 7.253076967265112671e+02 3.084341999999999643e+03
5.780100000000000000e+04 6.387838245626513726e-15 nan nan 7.387650783438306235e+02 3.157436999999999898e+03
5.780900000000000000e+04 nan nan nan nan nan
5.781700000000000000e+04 6.945872755828209775e-15 6.666417052415151009e-15 6.864330597691758231e-15 7.540377916138396586e+02 3.325389000000000124e+03
5.786400000000000000e+04 nan nan nan nan nan
5.787800000000000000e+04 7.545957525640259729e-15 7.848175655829404070e-15 8.106848207730689265e-15 1.089333090649855421e+03 5.863574999999999818e+03
5.788700000000000000e+04 7.688248359016151358e-15 7.519040757930712002e-15 7.658076884305772976e-15 4.640528131956947959e+02 1.622054000000000087e+03
5.789400000000000000e+04 7.384908523192664246e-15 nan nan 1.020045580186257780e+03 5.286912999999999556e+03
5.790300000000000000e+04 7.878428445696603615e-15 7.299313486437352731e-15 nan 6.954766918204458079e+02 2.914949999999999818e+03
5.791000000000000000e+04 8.587782465418617360e-15 7.031430841354671190e-15 6.835272019382310045e-15 8.042778486341447888e+02 3.579458000000000084e+03
5.791800000000000000e+04 8.302475955466289277e-15 8.109895784975555046e-15 7.894439999504376587e-15 7.832946951617698232e+02 3.504253999999999905e+03
5.792500000000000000e+04 7.990023871527666720e-15 7.820661578972392778e-15 nan 1.053065598990923036e+03 5.604157000000000153e+03
5.793300000000000000e+04 8.687382759822348392e-15 8.400047395072804928e-15 nan 8.546369641484559452e+02 3.953440000000000055e+03
5.794200000000000000e+04 nan nan nan nan nan
5.794900000000000000e+04 8.759549087443187700e-15 8.204127728983842108e-15 nan 6.919538523072908447e+02 2.844657000000000153e+03
5.795600000000000000e+04 8.185172434450836054e-15 7.556385181314908645e-15 nan 8.687810893865917024e+02 4.050230000000000473e+03
5.805500000000000000e+04 7.564047955911668296e-15 nan nan 8.917651785346894258e+02 4.329279000000000451e+03
5.806200000000000000e+04 7.658716568633140474e-15 7.638186628308105749e-15 7.601636778619732431e-15 9.120523928195515282e+02 4.386469000000000051e+03
5.807000000000000000e+04 7.856923506250559145e-15 7.998721336406707508e-15 nan 8.536286895135017403e+02 4.005312999999999647e+03
5.807900000000000000e+04 7.344368947649603977e-15 nan 6.546333151614380416e-15 8.338651429423051695e+02 3.815527999999999793e+03
5.808600000000000000e+04 6.986413682449435978e-15 nan nan 8.035212555584258780e+02 3.577659999999999854e+03
5.809400000000000000e+04 7.225694896381526564e-15 6.711260681845099108e-15 nan 8.315179251994976539e+02 3.827010999999999967e+03
5.810900000000000000e+04 7.676093378926311242e-15 6.643306366182822115e-15 6.200182124132168710e-15 7.094405792430964084e+02 2.970931999999999789e+03
5.811700000000000000e+04 7.321915382189446867e-15 6.746597331364978748e-15 nan 7.515514165794550081e+02 3.273059999999999945e+03
5.812500000000000000e+04 7.453088885331470663e-15 6.477580582842983438e-15 nan 6.688530146574069022e+02 2.892670000000000073e+03
5.813200000000000000e+04 nan nan nan nan nan
5.814000000000000000e+04 7.417438877218202212e-15 6.806620378774433669e-15 6.272502898819870726e-15 7.857397206675384496e+02 3.454502999999999702e+03
5.814700000000000000e+04 7.006199833668455018e-15 nan nan 7.601805498382731230e+02 3.363829000000000178e+03
5.815400000000000000e+04 nan nan nan nan nan
5.816100000000000000e+04 7.249105054383551029e-15 6.590322096210995153e-15 6.278156102299475258e-15 7.488386201138475826e+02 3.282856999999999971e+03
5.816800000000000000e+04 nan nan nan nan nan
5.817500000000000000e+04 7.254964288408228452e-15 7.161403155718884402e-15 nan 7.028790107506462164e+02 2.980960000000000036e+03
5.818200000000000000e+04 6.770897649808717072e-15 nan nan 7.486577591070323479e+02 3.218749000000000251e+03
5.819000000000000000e+04 7.057152793438266224e-15 6.005025964823200903e-15 nan 6.115089106737086695e+02 2.409244999999999891e+03
5.819800000000000000e+04 nan nan nan nan nan
5.820500000000000000e+04 6.813254339084648435e-15 6.416931304930006430e-15 nan 6.747490548656855935e+02 2.793643000000000029e+03
5.822200000000000000e+04 6.965640449019697580e-15 7.115832693543604021e-15 nan 7.501538092449142141e+02 3.330295999999999822e+03
5.822900000000000000e+04 6.852852690738497289e-15 6.812548967186514980e-15 nan 7.202651725877492481e+02 3.052586999999999989e+03
5.824400000000000000e+04 6.696271701348568697e-15 6.406470660564467871e-15 nan 7.116382300868884840e+02 2.975729000000000269e+03
5.825300000000000000e+04 6.647329637154096669e-15 6.612732661617522196e-15 nan 7.495288450282963595e+02 3.213515000000000327e+03
5.827800000000000000e+04 nan nan nan nan nan
5.829500000000000000e+04 6.293776114551714995e-15 6.422562010092589801e-15 nan 6.694842531771715812e+02 2.702715999999999894e+03
5.830700000000000000e+04 6.429202060696563439e-15 6.297019592028678870e-15 nan 6.955546234644109518e+02 2.860395999999999731e+03
5.831400000000000000e+04 6.377854149054528247e-15 6.460568731250646878e-15 nan 7.219317396195941683e+02 3.067518000000000029e+03
