5.769000000000000000e+04 1.176348328966438327e-14 3.742014856398617698e-16 1.774915983946194312e-14 1.336800133768761611e+02 4.485617777777777633e+02
5.769000000000000000e+04 1.191178568511534352e-14 3.780328251940875759e-16 1.787357943020123026e-14 1.343019559774910761e+02 4.518031111111110931e+02
5.769000000000000000e+04 1.178674138771248723e-14 3.729686508672784820e-16 1.772237881675058103e-14 1.339501452497240450e+02 4.495544444444444707e+02
5.771100000000000000e+04 nan nan nan nan nan
5.771100000000000000e+04 nan nan nan nan nan
5.771100000000000000e+04 nan nan nan nan nan
5.773200000000000000e+04 1.036744149054307948e-14 3.359374693606052645e-16 1.583514408411955356e-14 1.109081156870551439e+02 3.218795555555555552e+02
5.773200000000000000e+04 1.004148246162840492e-14 3.279354200301352225e-16 1.539285741389417349e-14 1.089616567453233671e+02 3.121482222222222163e+02
5.773200000000000000e+04 1.000468395074528184e-14 3.223264248342616120e-16 1.529836750452968566e-14 1.078324411130298728e+02 3.068964444444444553e+02
5.775300000000000000e+04 1.044046291135618237e-14 3.116458098015751646e-16 3.463059343776337769e-14 1.183807721295590056e+02 3.602211111111110995e+02
5.775300000000000000e+04 1.046969299359753408e-14 3.120930977111471443e-16 3.576614384716465120e-14 1.180012287848749253e+02 3.593024444444444612e+02
5.775300000000000000e+04 9.996319021741353724e-15 2.968587512906341107e-16 3.466684653682868636e-14 1.148201881808799527e+02 3.425793333333333521e+02
5.777400000000000000e+04 nan nan nan nan nan
5.777400000000000000e+04 1.254009001033357517e-14 6.432090003271983383e-16 nan 1.088286125725051789e+02 3.187904444444444607e+02
5.777400000000000000e+04 nan nan nan nan nan
5.779600000000000000e+04 nan nan nan nan nan
5.779600000000000000e+04 nan nan nan nan nan
5.779600000000000000e+04 nan nan nan nan nan
5.781800000000000000e+04 nan nan nan nan nan
5.781800000000000000e+04 nan nan nan nan nan
5.781800000000000000e+04 nan nan nan nan nan
5.781800000000000000e+04 nan nan nan nan nan
5.781800000000000000e+04 nan nan nan nan nan
5.781800000000000000e+04 nan nan nan nan nan
5.785900000000000000e+04 nan nan nan nan nan
5.785900000000000000e+04 nan nan nan nan nan
5.785900000000000000e+04 nan nan nan nan nan
5.797200000000000000e+04 1.158319232974044815e-14 3.716207729399805344e-16 1.767936115669519818e-14 1.346606968346453925e+02 4.576608888888889055e+02
5.797200000000000000e+04 1.184360493679563370e-14 3.804038213358365278e-16 1.785481963629457297e-14 1.360510194646810476e+02 4.657891111111110831e+02
5.797200000000000000e+04 1.127938445801374830e-14 3.651349521126559092e-16 1.698596388755930351e-14 1.326161970392687124e+02 4.445817777777778019e+02
5.799300000000000000e+04 1.251091355176550044e-14 6.326080823773818164e-16 nan 1.437747328929413868e+02 5.107157777777777596e+02
5.799300000000000000e+04 1.268228653504416228e-14 6.113416424031679059e-16 nan 1.433308730921778817e+02 5.079662222222221999e+02
5.799300000000000000e+04 1.236910187873531656e-14 6.181896172256936009e-16 nan 1.427410709296929099e+02 5.041779999999999404e+02
5.801700000000000000e+04 1.151153645140023673e-14 3.665340133323402849e-16 1.733035266386444970e-14 1.350920748931537219e+02 4.563195555555555529e+02
5.801700000000000000e+04 1.157268687859825933e-14 3.642145189207955653e-16 1.728279921197817212e-14 1.355083032830471552e+02 4.590537777777777251e+02
5.801700000000000000e+04 1.160044339674697093e-14 3.675644654353201561e-16 1.747527698492955393e-14 1.363656770213944185e+02 4.639615555555555488e+02
5.804700000000000000e+04 1.098658096673184961e-14 3.265019741268521861e-16 3.663389907113910658e-14 1.291684716102861046e+02 4.216564444444444462e+02
5.804700000000000000e+04 1.111057808220258438e-14 3.280416392025720676e-16 3.717745721709586158e-14 1.290996912297648578e+02 4.219411111111110699e+02
5.804700000000000000e+04 1.110313467691821723e-14 3.256561397633607649e-16 3.884577796504910371e-14 1.286522701038556704e+02 4.190593333333333135e+02
5.806800000000000000e+04 1.120658861345389730e-14 5.073539062356719562e-16 nan 1.245801339613768590e+02 4.064137777777777387e+02
5.806800000000000000e+04 1.132051718854999724e-14 5.087105888529869049e-16 nan 1.255000914296933274e+02 4.094702222222222190e+02
5.806800000000000000e+04 1.136808252429335917e-14 5.184353825840396620e-16 nan 1.256253919410466580e+02 4.111319999999999482e+02
5.808900000000000000e+04 nan nan nan nan nan
5.808900000000000000e+04 nan nan nan nan nan
5.808900000000000000e+04 nan nan nan nan nan
