5.769000000000000000e+04 7.355144618036570760e-15 4.406630228007575921e-15 3.139748829510391904e-15 2.193704981385082249e+02 1.556967999999999847e+03
5.769000000000000000e+04 7.382363259039825053e-15 4.438856809529544156e-15 3.123160701833068514e-15 2.225669830973300805e+02 1.576027333333333218e+03
5.769000000000000000e+04 7.226821887694299017e-15 4.296027877559033324e-15 2.982841756684196190e-15 2.176833936815753248e+02 1.519587777777777774e+03
5.771100000000000000e+04 6.681045274563759947e-15 4.076534647399728235e-15 2.665001403475148298e-15 9.797347889021547473e+01 7.912877777777777055e+02
5.771100000000000000e+04 6.831970046807345467e-15 4.137936674764618255e-15 2.711239081150744162e-15 8.136501793126068094e+01 6.563488888888889505e+02
5.771100000000000000e+04 6.534043304527104872e-15 3.950562681978368837e-15 2.654940643335042784e-15 7.288983757822286691e+01 5.470502222222221462e+02
5.773200000000000000e+04 6.015487970903632105e-15 3.553796737132128599e-15 2.380021813611567372e-15 1.527380616396097253e+02 9.613793333333333067e+02
5.773200000000000000e+04 5.907493532960657524e-15 3.471776107700747049e-15 2.345007250271928163e-15 1.503036405032025584e+02 9.427591111111112241e+02
5.773200000000000000e+04 5.924470704710793808e-15 3.460095108418689712e-15 2.330325243311342466e-15 1.573436302161655362e+02 9.636484444444444080e+02
5.775300000000000000e+04 5.968469857931862846e-15 3.488288094616899638e-15 2.377052899414297709e-15 1.722819602844875533e+02 1.082522222222222126e+03
5.775300000000000000e+04 6.028277006454920580e-15 3.578924771168112208e-15 2.396804888316843502e-15 1.846362854554032822e+02 1.124557999999999993e+03
5.775300000000000000e+04 5.969658117280344048e-15 3.498839022261914335e-15 2.373872985795624906e-15 1.740853759485869716e+02 1.084009333333333188e+03
5.777400000000000000e+04 6.391484700288937876e-15 3.863021191239481120e-15 nan 1.457716569141395837e+02 9.152891111111111968e+02
5.777400000000000000e+04 6.395217990890786645e-15 3.840280725114772973e-15 nan 1.211272951266587370e+02 9.146095555555555165e+02
5.777400000000000000e+04 6.409050537632080347e-15 3.835172708963262296e-15 nan 1.403876706852526013e+02 9.160013333333332639e+02
5.779600000000000000e+04 6.753061655681313747e-15 nan nan 1.095116875360886297e+02 1.053758000000000038e+03
5.779600000000000000e+04 6.755876974632499871e-15 nan nan 1.011208265157877122e+02 1.069788888888888778e+03
5.779600000000000000e+04 6.939184624681793269e-15 nan nan 1.033437307123541444e+02 1.071082000000000107e+03
5.781800000000000000e+04 6.070924208659779439e-15 nan nan 6.482999897571319536e+01 9.016746666666666670e+02
5.781800000000000000e+04 5.937152232203692642e-15 nan nan 6.837931946673191419e+01 8.701066666666666833e+02
5.781800000000000000e+04 5.919311685007260705e-15 nan nan 6.874876881450651922e+01 8.702962222222222408e+02
5.781800000000000000e+04 5.580685627097138959e-15 3.394645182298046214e-15 2.092204112233695553e-15 6.135099254984191219e+01 8.139777777777777601e+02
5.781800000000000000e+04 5.940012788236575943e-15 nan nan 6.919705070059771401e+01 9.257775555555555229e+02
5.781800000000000000e+04 5.650955283953745502e-15 3.467007725923258666e-15 2.170231277475619397e-15 6.122208970985389698e+01 8.409808888888888987e+02
5.785900000000000000e+04 nan nan nan nan nan
5.785900000000000000e+04 5.422643343097267777e-15 nan nan 5.690371248869609389e+01 2.729100000000000250e+02
5.785900000000000000e+04 nan nan nan nan nan
5.797200000000000000e+04 7.028147839865483458e-15 4.309482036638522077e-15 2.804071794498124225e-15 1.431161599385712577e+02 1.459790222222222155e+03
5.797200000000000000e+04 6.992505973660490159e-15 4.332241860582466520e-15 2.792720778699315496e-15 1.543033303436170343e+02 1.470988666666666859e+03
5.797200000000000000e+04 7.109999650634765633e-15 4.378654138231748075e-15 2.871538702554731517e-15 1.479792054479741239e+02 1.489335999999999785e+03
5.799300000000000000e+04 7.337898573611717456e-15 4.364171776196399613e-15 nan 2.240132864177512886e+02 1.679296444444444433e+03
5.799300000000000000e+04 7.303335579311427054e-15 4.355671215573630277e-15 nan 2.353367028217818984e+02 1.681711999999999762e+03
5.799300000000000000e+04 7.435686830489598352e-15 4.404228222052217408e-15 nan 2.305154499918714919e+02 1.714044888888889091e+03
5.801700000000000000e+04 7.286656485327410212e-15 4.344805349311870065e-15 2.899702227999599965e-15 2.216574934393435967e+02 1.572496888888888861e+03
5.801700000000000000e+04 7.298602389342637746e-15 4.320505546499789930e-15 2.958028057567925284e-15 2.233415145413034963e+02 1.603539999999999964e+03
5.801700000000000000e+04 7.351125832055355751e-15 4.353035176095171956e-15 2.957815944064923676e-15 2.228718656597001768e+02 1.615544888888889091e+03
5.804700000000000000e+04 6.934184001221412537e-15 4.132813951462783472e-15 2.746252962973050168e-15 1.987996908447355793e+02 1.428648444444444522e+03
5.804700000000000000e+04 6.886766639835997689e-15 4.146478842873894917e-15 2.727463391432447681e-15 1.994848583495026730e+02 1.439787333333333436e+03
5.804700000000000000e+04 6.953829047916000480e-15 4.161822800711423694e-15 2.760797767539761175e-15 2.022254368500140913e+02 1.454288222222222203e+03
5.806800000000000000e+04 6.714827628038631394e-15 4.194844910097130910e-15 nan 1.891387844556464302e+02 1.317563777777777887e+03
5.806800000000000000e+04 6.664398512122785503e-15 4.146281429486056072e-15 nan 1.996920710819262865e+02 1.334457111111111089e+03
5.806800000000000000e+04 6.667606568769571161e-15 4.152898800821406460e-15 nan 1.950999465252323262e+02 1.318367111111110944e+03
5.808900000000000000e+04 6.402877052398525432e-15 3.969248516565074624e-15 nan 9.741146635329275227e+01 1.230873555555555413e+03
5.808900000000000000e+04 6.416801754448475926e-15 3.904394005235661540e-15 nan 9.985727253080534638e+01 1.234865111111111219e+03
5.808900000000000000e+04 6.474185432969406975e-15 3.976210145584618457e-15 nan 9.899041391285840064e+01 1.233176666666666506e+03
5.811000000000000000e+04 6.520676458162649798e-15 3.893565461994445382e-15 2.768735819012515027e-15 1.824044240861982757e+02 1.232649111111111097e+03
5.811000000000000000e+04 6.518723640639670430e-15 3.872911433249069374e-15 2.748574552473375136e-15 1.849420660871660118e+02 1.225952444444444382e+03
5.811000000000000000e+04 6.546459648303786889e-15 3.905391167971388103e-15 2.797347954374832427e-15 1.891909743431637594e+02 1.233460888888888803e+03
5.813200000000000000e+04 6.382100495488241810e-15 3.937099547468560443e-15 2.573834580515313742e-15 1.701974685662006266e+02 1.065635999999999967e+03
5.813200000000000000e+04 6.478400338655413856e-15 3.934454652331070383e-15 2.528260388764511802e-15 1.685583642926549715e+02 1.063293555555555486e+03
5.815300000000000000e+04 6.425962047972950534e-15 3.872244789924862489e-15 2.610696888700760455e-15 1.755598393252430185e+02 1.137167555555555509e+03
5.815300000000000000e+04 6.354160621461680154e-15 3.834967959078505195e-15 2.658998334354753511e-15 1.784627628878516248e+02 1.132520888888888976e+03
5.815300000000000000e+04 6.460317093079450833e-15 3.927911837856349401e-15 2.665649853972026148e-15 1.903649317633488067e+02 1.155076888888888789e+03
5.817400000000000000e+04 6.534156300101386311e-15 3.919416218090726248e-15 nan 8.427298591232298008e+01 1.131863777777777841e+03
5.817400000000000000e+04 6.594965827401569404e-15 3.934787702534367717e-15 nan 8.999883876598488541e+01 1.135804888888888854e+03
5.817400000000000000e+04 6.506324462331498492e-15 3.901077946898311976e-15 nan 9.048791734646708562e+01 1.124148444444444522e+03
5.819500000000000000e+04 6.543873268245147930e-15 3.894381675223955719e-15 nan 1.698688095805742932e+02 1.128281555555555542e+03
5.819500000000000000e+04 6.402049778446508060e-15 3.818564128535334890e-15 nan 1.728350122535355808e+02 1.101395333333333383e+03
5.819500000000000000e+04 6.513627939046030976e-15 3.892818219035987068e-15 nan 1.823210619909141030e+02 1.118924222222222170e+03
5.821500000000000000e+04 6.887195697409130282e-15 nan nan 1.690586880513920676e+02 1.185543333333333294e+03
5.821500000000000000e+04 7.013673427532206044e-15 nan nan 1.744897416575989553e+02 1.199210888888888803e+03
5.821600000000000000e+04 6.998063173967172208e-15 nan nan 1.732081499560203497e+02 1.202027777777777828e+03
5.822400000000000000e+04 6.931555975639558036e-15 nan nan 1.530243682733393484e+02 1.086155999999999949e+03
5.822400000000000000e+04 6.930050005698315320e-15 nan nan 1.597319723943274141e+02 1.099302444444444518e+03
5.822400000000000000e+04 6.973079355187648136e-15 nan nan 1.656034479704379123e+02 1.107984888888888918e+03
5.833500000000000000e+04 7.389170571542398215e-15 4.540959517708827280e-15 2.887156057244637916e-15 1.096323100972673643e+02 9.995324444444444225e+02
5.833500000000000000e+04 7.404197035238016329e-15 4.817943443722464732e-15 2.918367193102542059e-15 1.027786040281679902e+02 9.443326666666666824e+02
5.833500000000000000e+04 7.229514335332875060e-15 4.524788996813788528e-15 2.896689821642500083e-15 1.064165303608863411e+02 9.880344444444444889e+02
