5.750800000000000000e+04 nan 7.238926248579069181e-15 nan 4.047353121234759783e+02 2.887973333333333358e+03
5.750800000000000000e+04 nan 7.290521371352453642e-15 nan 3.954316891786286874e+02 2.785661666666666861e+03
5.750800000000000000e+04 nan 7.186182344602257045e-15 nan 3.994043424822639849e+02 2.812356666666666570e+03
5.751600000000000000e+04 nan 7.186910760668138096e-15 nan 3.985396370721638277e+02 2.826881666666666661e+03
5.751600000000000000e+04 nan 7.049852819595046388e-15 nan 3.917746564998878966e+02 2.748296666666666624e+03
5.751600000000000000e+04 nan 7.099737034740705574e-15 nan 3.602626594244198941e+02 2.327966666666666697e+03
5.752300000000000000e+04 nan 6.780883286828247520e-15 nan 1.523173253553395625e+02 6.114110000000000582e+02
5.752300000000000000e+04 nan 6.609854857568550657e-15 nan 1.206152740324551473e+02 4.714496666666666442e+02
5.752300000000000000e+04 nan 6.744995606719523258e-15 nan 1.980603994181083465e+02 8.837060000000000173e+02
5.753000000000000000e+04 nan 7.364676404406452623e-15 nan 2.342859089867948228e+02 2.320446666666666260e+03
5.753000000000000000e+04 nan 7.280925350167324312e-15 nan 2.354249924852516358e+02 2.292535000000000309e+03
5.753000000000000000e+04 nan 7.296085130394363287e-15 nan 2.437445382284478228e+02 2.292870000000000346e+03
5.754700000000000000e+04 nan 7.707059647223686392e-15 nan 3.173401179316905996e+02 1.837136666666666542e+03
5.754700000000000000e+04 nan 7.598710186443569641e-15 nan 3.243175699018805176e+02 1.895653333333333194e+03
5.754700000000000000e+04 nan 7.994009122935537665e-15 nan 3.150961401208051598e+02 1.808376666666666779e+03
5.755400000000000000e+04 nan 6.067315019230438833e-15 nan 8.232436356826146096e+01 5.745526666666667097e+02
5.755400000000000000e+04 nan nan nan nan nan
5.755400000000000000e+04 nan 5.808483053565312389e-15 nan 9.883057529005326103e+01 7.194638333333333549e+02
5.756200000000000000e+04 nan 6.218280167070020429e-15 nan 3.060309230409835664e+02 2.139839999999999691e+03
5.756200000000000000e+04 nan 6.183731147082508967e-15 nan 2.965260101577683827e+02 2.102521666666666533e+03
5.756200000000000000e+04 nan 6.103277090444424294e-15 nan 2.952370776186896819e+02 2.084401666666666642e+03
5.756900000000000000e+04 nan nan nan 2.958716479930908463e+02 1.605247666666666646e+03
5.756900000000000000e+04 nan nan nan 2.608386176579434164e+02 1.301287000000000035e+03
5.756900000000000000e+04 nan nan nan 2.814827489542382750e+02 1.490735333333333301e+03
5.758300000000000000e+04 nan nan nan 2.744791722764091446e+02 1.649081833333333407e+03
5.758300000000000000e+04 nan nan nan 2.646584435409523621e+02 1.545052999999999884e+03
5.758300000000000000e+04 nan nan nan 2.873462218144204599e+02 1.714224999999999909e+03
5.759100000000000000e+04 nan nan nan 2.744705944368390078e+02 1.573816666666666606e+03
5.759100000000000000e+04 nan nan nan 2.936706812791343850e+02 1.727608333333333348e+03
5.759100000000000000e+04 nan nan nan 2.401096658910915096e+02 1.308157999999999902e+03
5.759800000000000000e+04 nan 6.212754085038842607e-15 nan 3.543351958389786773e+02 2.254998333333333449e+03
5.759800000000000000e+04 nan 6.149687468642463081e-15 nan 3.438868688043810380e+02 2.133493333333333339e+03
5.759800000000000000e+04 nan 6.218133347442839650e-15 nan 3.557949605899657399e+02 2.267306666666666388e+03
5.769100000000000000e+04 nan nan nan nan nan
5.769100000000000000e+04 nan nan nan nan nan
5.769100000000000000e+04 nan nan nan nan nan
5.769300000000000000e+04 nan nan nan nan nan
5.769300000000000000e+04 nan nan nan nan nan
5.769300000000000000e+04 nan nan nan nan nan
5.770100000000000000e+04 nan 8.617055689382211894e-15 nan 3.599417082191216650e+02 2.365263333333333321e+03
5.770100000000000000e+04 nan 8.821132180933785920e-15 nan 3.571816742353449854e+02 2.299088333333333139e+03
5.770100000000000000e+04 nan 8.624336686859146203e-15 nan 3.539573252440013675e+02 2.330616666666666788e+03
5.771100000000000000e+04 nan 7.590178359743146996e-15 nan 1.049322980475507734e+02 8.055473333333333130e+02
5.771100000000000000e+04 nan 7.554180672387850301e-15 nan 1.589975643234504332e+02 1.412659666666666681e+03
5.771100000000000000e+04 nan nan nan nan nan
5.771900000000000000e+04 nan 7.940590823618116624e-15 nan 2.810154999350788216e+02 1.471795166666666773e+03
5.771900000000000000e+04 nan 7.913851298884505284e-15 nan 2.932458305520455610e+02 1.614336000000000013e+03
5.771900000000000000e+04 nan 7.853935859866031633e-15 nan 2.995122194023995235e+02 1.657853833333333341e+03
5.772600000000000000e+04 nan 7.796270343210430292e-15 nan 3.599667376398496685e+02 2.340508333333333212e+03
5.772600000000000000e+04 nan 7.984937858736502323e-15 nan 3.701863006725967011e+02 2.435478333333333467e+03
5.772600000000000000e+04 nan 7.866083259907995567e-15 nan 3.583138612291931508e+02 2.314058333333333394e+03
5.773300000000000000e+04 nan 8.307360308266079098e-15 nan 3.320892557774137686e+02 2.554253333333333558e+03
5.773300000000000000e+04 nan 8.274552649440591754e-15 nan 3.643162315059084904e+02 2.496535000000000309e+03
5.773300000000000000e+04 nan 8.287150979491918745e-15 nan 3.559667771332604502e+02 2.553934999999999945e+03
5.774100000000000000e+04 nan nan nan 3.113520095044938216e+02 2.209158333333333303e+03
5.774100000000000000e+04 nan nan nan 2.975503097744534671e+02 1.979580000000000155e+03
5.774100000000000000e+04 nan nan nan 3.157064207249803758e+02 2.288179999999999836e+03
5.774900000000000000e+04 nan 8.102946707235788255e-15 nan 3.456399607432772996e+02 2.154918333333333521e+03
5.774900000000000000e+04 nan 8.250661354701374730e-15 nan 3.355863569700223366e+02 2.018349999999999909e+03
5.774900000000000000e+04 nan 8.089988047648956952e-15 nan 3.450900574938311252e+02 2.162868333333333339e+03
5.775700000000000000e+04 nan 8.040422321204660989e-15 nan 3.477834405465585519e+02 2.187161666666666861e+03
5.775700000000000000e+04 nan 8.408411190504984060e-15 nan 3.651016652022118478e+02 2.355595000000000255e+03
5.775700000000000000e+04 nan 8.486561410278170632e-15 nan 3.623428921242717138e+02 2.340670000000000073e+03
5.776400000000000000e+04 nan 9.858178069564035957e-15 nan 3.503971131532312029e+02 2.500085000000000036e+03
5.776400000000000000e+04 nan 9.913415691522475570e-15 nan 3.579666052762349295e+02 2.544278333333333649e+03
5.776400000000000000e+04 nan 9.812709012036298721e-15 nan 3.564535239489877654e+02 2.485050000000000182e+03
5.777200000000000000e+04 nan nan nan 2.858751210031819596e+02 1.731365000000000009e+03
5.777200000000000000e+04 nan nan nan 2.967210498385701953e+02 1.788125000000000000e+03
5.777200000000000000e+04 nan nan nan 2.901246939677231467e+02 1.759323333333333267e+03
5.777900000000000000e+04 nan 8.872249261283954633e-15 nan 2.967363089862728316e+02 1.625740166666666710e+03
5.777900000000000000e+04 nan 8.949788769148065773e-15 nan 3.029997671317141226e+02 1.666831666666666479e+03
5.777900000000000000e+04 nan 9.025920472774180498e-15 nan 3.006353785767666409e+02 1.646581333333333305e+03
5.778600000000000000e+04 nan 1.054135287433271387e-14 nan 3.431760533572269196e+02 2.119525000000000091e+03
5.778600000000000000e+04 nan 1.056891213994279457e-14 nan 3.445980101635186088e+02 2.131849999999999909e+03
5.778600000000000000e+04 nan 1.062024852059283452e-14 nan 3.431072182497803738e+02 2.106943333333333612e+03
5.779400000000000000e+04 nan 1.061513118150835172e-14 nan 2.748528920369336674e+02 2.023363333333333458e+03
5.779400000000000000e+04 nan 1.057230705302729529e-14 nan 2.801087819011933107e+02 2.022674999999999955e+03
5.779400000000000000e+04 nan 1.052289568375420941e-14 nan 2.665092413809162508e+02 2.047926666666666733e+03
5.780100000000000000e+04 nan 7.424278623925794168e-15 nan 2.749822365988955539e+02 1.647584833333333336e+03
5.780100000000000000e+04 nan 7.519812114908816185e-15 nan 2.775162007862862765e+02 1.737720000000000027e+03
5.780100000000000000e+04 nan 7.626911937684065667e-15 nan 2.917989814563349000e+02 1.838831666666666479e+03
5.780900000000000000e+04 nan nan nan 3.097110303966422862e+02 1.738794999999999845e+03
5.780900000000000000e+04 nan nan nan 3.082790786860732055e+02 1.723610000000000127e+03
5.780900000000000000e+04 nan nan nan 3.053248516202756377e+02 1.709960000000000036e+03
5.781700000000000000e+04 nan 8.603615952904650446e-15 nan 3.338268247422619197e+02 2.017636666666666542e+03
5.781700000000000000e+04 nan 8.671623640083947838e-15 nan 3.315859392557531464e+02 2.021519999999999982e+03
5.781700000000000000e+04 nan 8.740227762300538531e-15 nan 3.352571091043373599e+02 2.017088333333333367e+03
5.785700000000000000e+04 nan nan nan nan nan
5.785700000000000000e+04 nan 9.474395837300250013e-15 nan 1.592430052621697030e+02 9.183983333333333121e+02
5.785700000000000000e+04 nan nan nan nan nan
5.786400000000000000e+04 nan 1.119778281389167388e-14 nan 3.387952128282094577e+02 2.076113333333333230e+03
5.786400000000000000e+04 nan 1.122356419221393392e-14 nan 3.380615752661140618e+02 2.096445000000000164e+03
5.786400000000000000e+04 nan 1.128901935904275663e-14 nan 3.416330593892264460e+02 2.109440000000000055e+03
5.787800000000000000e+04 nan 1.003489156318388419e-14 nan 4.432711846860392484e+02 3.591363333333333230e+03
5.787800000000000000e+04 nan 9.963675886346239426e-15 nan 4.414180748464210637e+02 3.592855000000000018e+03
5.787800000000000000e+04 nan 9.970906550922285656e-15 nan 4.411396701471476263e+02 3.611230000000000018e+03
5.788700000000000000e+04 nan 9.588315477310383869e-15 nan 2.068681666361477198e+02 1.556020999999999958e+03
5.788700000000000000e+04 nan 9.614959258378197906e-15 nan 1.724446575509386719e+02 1.330991000000000213e+03
5.788700000000000000e+04 nan 9.616672457158463539e-15 nan 1.212402000667477040e+02 9.292961666666666360e+02
5.789400000000000000e+04 nan 9.694535450371876901e-15 nan 4.409628777717920798e+02 3.388141666666666879e+03
5.789400000000000000e+04 nan 9.451931610411227909e-15 nan 4.228131042676245670e+02 3.158565000000000055e+03
5.789400000000000000e+04 nan 9.502741099896447086e-15 nan 4.214718405169991797e+02 3.125164999999999964e+03
5.790300000000000000e+04 nan nan nan 2.505933290360152057e+02 1.206770999999999958e+03
5.790300000000000000e+04 nan nan nan 2.740344984524167558e+02 1.371464499999999816e+03
5.790300000000000000e+04 nan nan nan 2.854284175589485244e+02 1.513638333333333321e+03
5.791000000000000000e+04 nan 8.780673506712313425e-15 nan 2.984592176996946478e+02 2.526453333333333376e+03
5.791000000000000000e+04 nan 8.758082054760796212e-15 nan 3.252415091543768426e+02 2.863338333333333139e+03
5.791000000000000000e+04 nan 8.710017422957377953e-15 nan 3.441502872684168324e+02 2.633414999999999964e+03
5.791800000000000000e+04 nan 9.256961124599241544e-15 nan 3.490820782764066053e+02 2.175105000000000018e+03
5.791800000000000000e+04 nan 9.304641160453403577e-15 nan 2.676572989561113332e+02 1.338056833333333316e+03
5.791800000000000000e+04 nan 9.279399357563387134e-15 nan 3.067375758849113936e+02 1.706980000000000018e+03
5.792500000000000000e+04 nan nan nan 4.202567473970837000e+02 3.106338333333333139e+03
5.792500000000000000e+04 nan nan nan 4.263946183852731338e+02 3.194328333333333376e+03
5.792500000000000000e+04 nan nan nan 4.279045538661082446e+02 3.187355000000000018e+03
5.793300000000000000e+04 nan 9.926209277401953817e-15 nan 3.397863225208704421e+02 2.123218333333333248e+03
5.793300000000000000e+04 nan 9.967568753385489463e-15 nan 3.491361420764987997e+02 2.190910000000000309e+03
5.793300000000000000e+04 nan 9.966903337744479130e-15 nan 3.327753783682226185e+02 2.060864999999999782e+03
5.794200000000000000e+04 nan nan nan 1.525574878666328402e+02 8.333701666666667052e+02
5.794200000000000000e+04 nan nan nan 1.629320832181709875e+02 8.665319999999999254e+02
5.794200000000000000e+04 nan nan nan 1.465029721856410276e+02 8.528485000000000582e+02
5.794900000000000000e+04 nan 1.016311451571624425e-14 nan 3.011272109121031235e+02 1.678884999999999991e+03
5.794900000000000000e+04 nan 1.036867140133705323e-14 nan 2.992900774585679073e+02 1.643787333333333436e+03
5.794900000000000000e+04 nan 1.007760490284654957e-14 nan 3.009042939363030769e+02 1.685664999999999964e+03
5.795600000000000000e+04 nan 1.076384911677531897e-14 nan 3.920837995287522517e+02 2.710454999999999927e+03
5.795600000000000000e+04 nan 1.079176286168943116e-14 nan 3.908581889853622897e+02 2.694623333333333449e+03
5.795600000000000000e+04 nan 1.072189221185174129e-14 nan 3.946299355767609427e+02 2.733504999999999654e+03
5.796400000000000000e+04 nan 1.029047702025335419e-14 nan 2.307281758272260390e+02 1.305129500000000007e+03
5.796400000000000000e+04 nan 9.811207569385123920e-15 nan 7.287343849764341996e+01 3.594778333333333080e+02
5.796400000000000000e+04 nan 1.023013672960633791e-14 nan 1.637697821345030036e+02 9.602671666666666397e+02
5.805500000000000000e+04 nan nan nan 2.880879324811918423e+02 1.555381333333333487e+03
5.805500000000000000e+04 nan nan nan 2.932036316920184618e+02 1.583587500000000091e+03
5.805500000000000000e+04 nan nan nan 2.857259073769202473e+02 1.536119833333333418e+03
5.806200000000000000e+04 nan 6.709802140798307415e-15 nan 1.605853808746091147e+02 1.585823499999999967e+03
5.806200000000000000e+04 nan 6.735463382372534059e-15 nan 1.868466640472248628e+02 1.635406166666666650e+03
5.806200000000000000e+04 nan 6.695715514548377807e-15 nan 1.610012808774781945e+02 1.540312500000000000e+03
5.807000000000000000e+04 nan 7.916223324705395232e-15 nan 2.677815878142882298e+02 1.703438333333333276e+03
5.807000000000000000e+04 nan 7.822382038196019021e-15 nan 2.254391893985822719e+02 1.735758333333333439e+03
5.807000000000000000e+04 nan 7.753811787591675637e-15 nan 1.946498871568291236e+02 1.729243333333333339e+03
5.807900000000000000e+04 nan 7.298054206884544887e-15 nan 2.655072912350823913e+02 1.340305000000000064e+03
5.807900000000000000e+04 nan 7.452283075617137635e-15 nan 2.640298153778807659e+02 1.296549333333333379e+03
5.807900000000000000e+04 nan 7.332108356801928937e-15 nan 2.688014064450142655e+02 1.347977333333333263e+03
5.808600000000000000e+04 nan 7.366393574738231815e-15 nan 2.990649683703953770e+02 2.003086666666666588e+03
5.808600000000000000e+04 nan 7.223935988119604419e-15 nan 2.396199208605935382e+02 1.976331666666666479e+03
5.808600000000000000e+04 nan 7.289021964106304119e-15 nan 2.869807765642434561e+02 1.999955000000000155e+03
5.809400000000000000e+04 nan nan nan 3.248371813493563423e+02 2.335806666666666388e+03
5.809400000000000000e+04 nan nan nan 3.426230023918531629e+02 2.397795000000000073e+03
5.809400000000000000e+04 nan nan nan 3.265675385092902729e+02 2.317418333333333521e+03
5.811700000000000000e+04 nan 9.903831704576439610e-15 nan 3.565074469506881769e+02 2.355375000000000000e+03
5.811700000000000000e+04 nan 9.870765387692024224e-15 nan 3.626913631123243817e+02 2.395254999999999654e+03
5.811700000000000000e+04 nan 9.825210744025927990e-15 nan 3.626375146051832417e+02 2.376491666666666788e+03
5.812500000000000000e+04 nan 9.650038616689652071e-15 nan 3.155008867709400988e+02 2.276511666666666770e+03
5.812500000000000000e+04 nan 9.476380950733606916e-15 nan 3.189445954912711159e+02 2.294908333333333303e+03
5.812500000000000000e+04 nan 9.470501623213676610e-15 nan 3.322102461239388731e+02 2.300218333333333248e+03
5.813200000000000000e+04 nan 7.105691709636456792e-15 nan 2.980058461249924449e+02 1.778221666666666806e+03
5.813200000000000000e+04 nan 7.139303750744393588e-15 nan 3.093299543686979973e+02 1.766478333333333239e+03
5.813200000000000000e+04 nan 7.110007235667236148e-15 nan 3.100367788293361855e+02 1.774576666666666824e+03
5.814000000000000000e+04 nan 7.108297867505190651e-15 nan 3.443072095417131209e+02 2.115574999999999818e+03
5.814000000000000000e+04 nan 7.041433926445278178e-15 nan 3.414095469331670074e+02 2.107301666666666733e+03
5.814000000000000000e+04 nan 7.110999586232210059e-15 nan 3.440560685209295002e+02 2.102311666666666497e+03
5.814700000000000000e+04 nan 7.035820926293546345e-15 nan 3.265366387726415951e+02 1.929336666666666588e+03
5.814700000000000000e+04 nan 7.045952975616573975e-15 nan 3.199479588881624750e+02 1.914221666666666806e+03
5.814700000000000000e+04 nan 6.960179336994606744e-15 nan 3.254101434061522014e+02 1.894941666666666606e+03
5.815400000000000000e+04 nan 6.183354159896396358e-15 nan 1.399232058715329856e+02 1.022654499999999985e+03
5.815400000000000000e+04 nan 6.266322807066241199e-15 nan 9.211757339238107534e+01 8.314158333333332394e+02
5.815400000000000000e+04 nan 6.574411025643488124e-15 nan 8.777259367765269360e+01 7.004343333333332566e+02
5.816100000000000000e+04 nan 6.870653494484206346e-15 nan 3.195401257435769935e+02 1.835491666666666561e+03
5.816100000000000000e+04 nan 6.834562815033708673e-15 nan 2.587214665251182737e+02 1.766435000000000173e+03
5.816100000000000000e+04 nan 6.809541299795858153e-15 nan 3.168345489146091154e+02 1.833728333333333239e+03
5.816800000000000000e+04 nan nan nan 3.218730826139306487e+02 1.860193333333333385e+03
5.816800000000000000e+04 nan nan nan 3.176205429585953652e+02 1.822730000000000018e+03
5.816800000000000000e+04 nan nan nan 3.205948884614625740e+02 1.863023333333333312e+03
5.817500000000000000e+04 nan nan nan 3.045423510138686538e+02 1.698113333333333458e+03
5.817500000000000000e+04 nan nan nan 3.043376455861831005e+02 1.684939999999999827e+03
5.817500000000000000e+04 nan nan nan 3.050880468545695408e+02 1.691703333333333376e+03
5.818200000000000000e+04 nan 7.240811258505681282e-15 nan 2.026700866350535080e+02 1.605417666666666719e+03
5.818200000000000000e+04 nan 7.119404577992598713e-15 nan 1.826272590194175223e+02 1.651756333333333487e+03
5.818200000000000000e+04 nan 7.245945521721496594e-15 nan 2.032310508625217835e+02 1.605790833333333239e+03
5.819000000000000000e+04 nan nan nan 3.054974965197313281e+02 1.722841666666666697e+03
5.819000000000000000e+04 nan nan nan 3.057707162822373448e+02 1.725186666666666724e+03
5.819000000000000000e+04 nan nan nan 2.921217105191815335e+02 1.603486166666666577e+03
5.819800000000000000e+04 nan 8.406102181989767788e-15 nan 3.085569869481935825e+02 1.764044999999999845e+03
5.819800000000000000e+04 nan 8.586902817322588976e-15 nan 3.047601816173021803e+02 1.680250000000000000e+03
5.819800000000000000e+04 nan 8.729536053308415751e-15 nan 2.839040472064606320e+02 1.637048999999999978e+03
5.820500000000000000e+04 nan nan nan 2.867489137061855899e+02 1.527518166666666502e+03
5.820500000000000000e+04 nan nan nan 2.866159357393360096e+02 1.530104333333333216e+03
5.820500000000000000e+04 nan nan nan 2.870708467895671561e+02 1.532926833333333434e+03
5.822200000000000000e+04 nan 7.727635642421558703e-15 nan 2.628662343726487052e+02 1.294461666666666588e+03
5.822200000000000000e+04 nan 7.576518411310815250e-15 nan 2.605611035450909299e+02 1.258584500000000162e+03
5.822200000000000000e+04 nan 7.450919434962691704e-15 nan 2.545673737573295341e+02 1.258836333333333187e+03
5.822900000000000000e+04 nan 7.404985414785184980e-15 nan 2.277576731791335476e+02 1.006699333333333357e+03
5.822900000000000000e+04 nan 7.308427752542694263e-15 nan 2.258529628299577041e+02 9.789628333333332648e+02
5.822900000000000000e+04 nan 7.356041949882002934e-15 nan 2.205780278988168845e+02 9.771381666666667343e+02
5.823700000000000000e+04 nan nan nan nan nan
5.823700000000000000e+04 nan nan nan nan nan
5.823700000000000000e+04 nan nan nan nan nan
5.824400000000000000e+04 nan 7.517943006433929323e-15 nan 3.241669274618737262e+01 1.250536000000000058e+03
5.824400000000000000e+04 nan 7.240801488890049206e-15 nan 2.784693442299624522e+01 1.143416666666666742e+03
5.824400000000000000e+04 nan 7.366660751010170646e-15 nan 3.682091899983942795e+01 1.239698333333333267e+03
5.825300000000000000e+04 nan 6.891125640664274146e-15 nan 2.812114759189987012e+02 1.463217000000000098e+03
5.825300000000000000e+04 nan 6.929023235457477931e-15 nan 2.804562195842389656e+02 1.498413833333333287e+03
5.825300000000000000e+04 nan 6.969145211775572196e-15 nan 2.868686439788709208e+02 1.507501333333333378e+03
5.826000000000000000e+04 nan 6.805758483271233268e-15 nan 1.520789003835617166e+02 4.977385000000000446e+02
5.826000000000000000e+04 nan 6.599470183260044897e-15 nan 3.504204272416846777e+01 6.662245000000000061e+01
5.826000000000000000e+04 nan 6.830420418733536856e-15 nan 3.756869057684275504e+01 8.218748333333333278e+01
5.827000000000000000e+04 nan nan nan nan nan
5.827000000000000000e+04 nan nan nan nan nan
5.827000000000000000e+04 nan nan nan nan nan
5.827800000000000000e+04 nan 7.176912373822784910e-15 nan 2.371844294978580763e+02 1.070829666666666753e+03
5.827800000000000000e+04 nan 7.140279634230503463e-15 nan 2.246260265670765932e+02 9.933539999999999281e+02
5.827800000000000000e+04 nan 7.154678559414597362e-15 nan 2.315717312240576575e+02 1.057622333333333245e+03
5.828600000000000000e+04 nan nan nan 1.951545348170351701e+02 7.971414999999999509e+02
5.829500000000000000e+04 nan nan nan 1.015819013624522285e+02 8.252024999999999864e+02
5.829500000000000000e+04 nan nan nan 9.428872527866872133e+01 7.819194999999999709e+02
5.829500000000000000e+04 nan nan nan 1.115836265323436862e+02 8.267368333333332657e+02
5.830700000000000000e+04 nan 6.747661632479135200e-15 nan 2.446865663062698388e+02 1.161890833333333376e+03
5.830700000000000000e+04 nan 6.832866696769377085e-15 nan 2.443373872250661520e+02 1.168396499999999833e+03
5.830700000000000000e+04 nan 6.823787193072707995e-15 nan 2.466199891910885924e+02 1.180866000000000213e+03
5.831400000000000000e+04 nan 6.172750439620074224e-15 nan 2.288873643651626253e+02 1.015627000000000066e+03
5.831400000000000000e+04 nan 6.050790235485198182e-15 nan 2.303873022706826532e+02 9.945020000000000664e+02
5.831400000000000000e+04 nan 6.135580971062945915e-15 nan 2.321672431409256490e+02 1.012508000000000038e+03
5.832100000000000000e+04 nan nan nan nan nan
5.832100000000000000e+04 nan nan nan nan nan
5.832100000000000000e+04 nan nan nan nan nan
5.832900000000000000e+04 nan 5.978106915757477839e-15 nan 2.447428635364425986e+02 1.275404999999999973e+03
5.832900000000000000e+04 nan 5.889144187192126243e-15 nan 2.446883964006696885e+02 1.248875833333333276e+03
5.832900000000000000e+04 nan 5.926727526164327555e-15 nan 2.483566552134989820e+02 1.270329500000000053e+03
