5.751600000000000000e+04 7.373999595366980843e-15 nan nan 7.742639957345307948e+02 4.463664999999999964e+03
5.752300000000000000e+04 7.233982542631848629e-15 7.311147347614861080e-15 8.169659102883879511e-15 3.465931066205748721e+02 1.595750000000000000e+03
5.753000000000000000e+04 7.502074218837268007e-15 nan nan 7.630118949639072525e+02 4.421923000000000684e+03
5.754700000000000000e+04 7.380164335608893737e-15 7.137732192130866071e-15 nan 7.219190581347384068e+02 4.123314000000000306e+03
5.755400000000000000e+04 7.348527776513916298e-15 7.960127920125202299e-15 8.538465994942589872e-15 3.660168636185264859e+02 1.732041999999999916e+03
5.756200000000000000e+04 7.317907922600432844e-15 nan nan 7.533338433114880672e+02 4.254565000000000509e+03
5.756900000000000000e+04 7.227220279571858240e-15 7.083264861640451793e-15 nan 6.739912489535373652e+02 3.686515000000000327e+03
5.758300000000000000e+04 6.849264159268671935e-15 6.720719584930981922e-15 nan 7.032000280197870552e+02 4.010586000000000240e+03
5.759100000000000000e+04 1.364576271890029614e-14 1.337154322216009577e-14 nan 5.712071471182871392e+02 2.949404999999999745e+03
5.759800000000000000e+04 7.137276853223280591e-15 nan nan 7.593964301850701304e+02 4.276944999999999709e+03
5.769300000000000000e+04 7.386994473295074110e-15 nan nan 6.843041401195935123e+02 3.869151000000000295e+03
5.770100000000000000e+04 7.497550237747414466e-15 7.408882175420739165e-15 nan 7.024822718175696536e+02 4.026228000000000065e+03
5.771100000000000000e+04 nan nan nan nan nan
5.771900000000000000e+04 7.740386294829384586e-15 nan nan 6.804322739592602147e+02 3.835308999999999742e+03
5.772600000000000000e+04 7.865753622665231065e-15 7.690334604694081741e-15 8.406186481742807593e-15 7.117322722307744698e+02 4.074812000000000353e+03
5.773300000000000000e+04 8.176643728169025042e-15 nan nan 7.012339354315249693e+02 3.966469000000000051e+03
5.774100000000000000e+04 8.278716204413253585e-15 8.110464194861255626e-15 nan 7.119695326596989844e+02 3.992144999999999527e+03
5.774900000000000000e+04 8.439142426688175413e-15 nan nan 7.275335135868083398e+02 4.138213999999999942e+03
5.775700000000000000e+04 8.554672299658380835e-15 nan nan 7.662639544426773455e+02 4.412865999999999985e+03
5.776400000000000000e+04 8.825283722345107381e-15 8.698101346292566371e-15 nan 7.551662329162327296e+02 4.246945999999999913e+03
5.777200000000000000e+04 8.681691575052178201e-15 8.435478554053703582e-15 nan 6.779138627991676458e+02 3.708705000000000382e+03
5.778600000000000000e+04 8.899977087846606593e-15 8.692103041458569518e-15 nan 7.154670708350042787e+02 4.044052999999999884e+03
5.779400000000000000e+04 8.750587898989411247e-15 8.717936500034088707e-15 nan 7.010552900844351143e+02 3.920430000000000291e+03
5.780100000000000000e+04 8.846018419120294276e-15 nan nan 6.832906044747151100e+02 3.765819000000000415e+03
5.780900000000000000e+04 8.658532012131339993e-15 8.529429630699588183e-15 nan 6.367571685187803041e+02 3.370408999999999651e+03
5.781700000000000000e+04 9.062785088824549906e-15 8.879354418726359026e-15 9.714034054073671264e-15 6.983438288547588400e+02 3.921701999999999771e+03
5.786400000000000000e+04 9.483432450958645772e-15 9.480693821416141738e-15 nan 6.686917852353331000e+02 3.651534999999999854e+03
5.787800000000000000e+04 9.564492057008134341e-15 9.654022852176680343e-15 1.071423888733810694e-14 1.018735440536460487e+03 6.480231999999999971e+03
5.788700000000000000e+04 9.804137071412071800e-15 9.708513404918732178e-15 1.053366575303973806e-14 6.359400466741117270e+02 3.471983999999999469e+03
5.789400000000000000e+04 9.751593127119788163e-15 nan nan 9.597022814143074356e+02 6.029395999999999731e+03
5.790300000000000000e+04 nan nan nan nan nan
5.791000000000000000e+04 9.961515987530138958e-15 9.513816013784827984e-15 1.032326017508554684e-14 8.890039925707693556e+02 5.486655999999999949e+03
5.791800000000000000e+04 1.004017841670312000e-14 9.912168315499721893e-15 1.085654532005587593e-14 6.069452073935276530e+02 3.272086000000000240e+03
5.792500000000000000e+04 1.007573297424764008e-14 9.752531977118459506e-15 nan 9.583510232390221972e+02 6.153208999999999833e+03
5.793300000000000000e+04 1.010270226626730450e-14 9.932008435691026896e-15 nan 9.075668550554624971e+02 5.570181999999999789e+03
5.794900000000000000e+04 1.005480220310992202e-14 9.729201412082839060e-15 nan 7.351958391580483294e+02 4.208454999999999927e+03
5.795600000000000000e+04 9.923983475323286394e-15 9.652012803424614712e-15 nan 9.212309576150729526e+02 5.545318000000000211e+03
5.796400000000000000e+04 9.615969999509362377e-15 9.321980294059490854e-15 nan 3.706102456857666994e+02 1.767168999999999869e+03
5.805500000000000000e+04 9.215517356917112641e-15 nan nan 8.224811828746586571e+02 4.928423000000000684e+03
5.806200000000000000e+04 9.151520854304509360e-15 8.889265369195117555e-15 9.936436614302956208e-15 8.035535322870706523e+02 4.692518000000000029e+03
5.807000000000000000e+04 9.235757443389189897e-15 9.208012574875706919e-15 nan 8.238258377819369116e+02 4.976433999999999287e+03
5.807900000000000000e+04 9.022055239257252537e-15 nan 9.184676641257829837e-15 7.699503356732212751e+02 4.585673000000000684e+03
5.808600000000000000e+04 8.873986528571443397e-15 nan nan 8.072668353471005958e+02 4.736442000000000007e+03
5.809400000000000000e+04 8.940467830652019080e-15 8.563298696904110221e-15 nan 8.094831941220127192e+02 4.755728000000000065e+03
5.810900000000000000e+04 8.831321849752495443e-15 8.534100094570446654e-15 9.089020898697071733e-15 7.506041124495586701e+02 4.257558999999999287e+03
5.811700000000000000e+04 8.820322252972195281e-15 8.640769525706632681e-15 nan 7.454524559490605498e+02 4.235360999999999876e+03
5.812500000000000000e+04 9.055735551253582726e-15 8.762719103110557328e-15 nan 7.508036021870668719e+02 4.256579999999999927e+03
5.813200000000000000e+04 8.752241205362166221e-15 nan nan 7.278951334967268849e+02 4.105916000000000167e+03
5.814000000000000000e+04 8.855063414216142979e-15 8.562412185080238823e-15 9.243459905154875230e-15 7.791792183460637489e+02 4.384846999999999753e+03
5.814700000000000000e+04 8.721416754994024595e-15 nan nan 7.389004983662546238e+02 4.204091000000000349e+03
5.815400000000000000e+04 9.994582474968512951e-15 9.847689008976665835e-15 6.561383215355377448e-15 3.737215962202940318e+02 1.729588000000000193e+03
5.816100000000000000e+04 8.672569507735729902e-15 8.439260800351242336e-15 9.035977238197175407e-15 7.232670958271172594e+02 4.033684999999999945e+03
5.816800000000000000e+04 1.587170264932764502e-14 8.402636327930793659e-15 nan 7.013808187338673861e+02 3.912895999999999731e+03
5.817500000000000000e+04 8.591477553382408544e-15 8.388966066046774478e-15 nan 6.807825154917559303e+02 3.759494000000000142e+03
5.818200000000000000e+04 8.786968784264720400e-15 nan nan 7.241544737134291836e+02 4.036076999999999771e+03
5.819000000000000000e+04 8.456144097507219492e-15 8.008049428122217330e-15 nan 6.746172316035381300e+02 3.722914999999999964e+03
5.819800000000000000e+04 8.679254394504712075e-15 8.397424547923403201e-15 nan 6.893249334038996494e+02 3.820005999999999858e+03
5.820500000000000000e+04 8.411889623447234960e-15 8.027151435457699489e-15 nan 6.781785091745907721e+02 3.697926999999999680e+03
5.822200000000000000e+04 8.448027585982897590e-15 8.424221352595872240e-15 nan 6.847797418543124195e+02 3.761686000000000149e+03
5.822900000000000000e+04 8.498523146361761789e-15 8.332930857798418726e-15 nan 6.531560902933292709e+02 3.553731999999999971e+03
5.824400000000000000e+04 8.224664364467213422e-15 8.039419958976746427e-15 nan 5.840951194682710366e+02 3.126322999999999865e+03
5.825300000000000000e+04 8.234943380880515341e-15 8.081865714872448784e-15 nan 6.630679418856407210e+02 3.686980000000000473e+03
5.827800000000000000e+04 8.311224175552356683e-15 nan nan 5.012823656407000499e+02 2.551997000000000298e+03
5.829500000000000000e+04 7.989811880898591470e-15 7.857176354081627337e-15 nan 5.914798363966416446e+02 3.269122000000000298e+03
5.830700000000000000e+04 8.081790078132687262e-15 7.943337501484218787e-15 nan 6.236205457880402037e+02 3.392023999999999887e+03
5.831400000000000000e+04 7.887186408542951951e-15 7.876609800902314928e-15 nan 6.382835984567362857e+02 3.399304000000000087e+03
