5.769000000000000000e+04 nan nan 1.464607726597100380e-14 5.452704268624559583e-17 1.847304444083393020e-14 1.173350250033093040e-16
5.769000000000000000e+04 nan nan 1.464607726597100380e-14 5.452704268624559583e-17 1.847304444083393020e-14 1.173350250033093040e-16
5.769000000000000000e+04 nan nan 1.464607726597100380e-14 5.452704268624559583e-17 1.847304444083393020e-14 1.173350250033093040e-16
5.771100000000000000e+04 nan nan nan nan nan nan
5.771100000000000000e+04 nan nan nan nan nan nan
5.771100000000000000e+04 nan nan nan nan nan nan
5.773200000000000000e+04 nan nan nan nan 1.527910559239580913e-14 1.382613056838265301e-16
5.773200000000000000e+04 nan nan nan nan 1.527910559239580913e-14 1.382613056838265301e-16
5.773200000000000000e+04 nan nan nan nan 1.527910559239580913e-14 1.382613056838265301e-16
5.775300000000000000e+04 nan nan 1.170241469908431779e-14 4.938445712143692920e-17 1.424880425072761843e-14 2.468043658175879986e-17
5.775300000000000000e+04 nan nan 1.170241469908431779e-14 4.938445712143692920e-17 1.424880425072761843e-14 2.468043658175879986e-17
5.775300000000000000e+04 nan nan 1.170241469908431779e-14 4.938445712143692920e-17 1.424880425072761843e-14 2.468043658175879986e-17
5.777400000000000000e+04 nan nan nan nan nan nan
5.777400000000000000e+04 nan nan nan nan nan nan
5.777400000000000000e+04 nan nan nan nan nan nan
5.779600000000000000e+04 nan nan nan nan nan nan
5.779600000000000000e+04 nan nan nan nan nan nan
5.779600000000000000e+04 nan nan nan nan nan nan
5.781800000000000000e+04 nan nan nan nan nan nan
5.781800000000000000e+04 nan nan nan nan nan nan
5.781800000000000000e+04 nan nan nan nan nan nan
5.781800000000000000e+04 nan nan nan nan nan nan
5.781800000000000000e+04 nan nan nan nan nan nan
5.781800000000000000e+04 nan nan nan nan nan nan
5.785900000000000000e+04 nan nan nan nan nan nan
5.785900000000000000e+04 nan nan nan nan nan nan
5.785900000000000000e+04 nan nan nan nan nan nan
5.797200000000000000e+04 nan nan 1.381257377410558915e-14 9.279822398445484604e-17 1.687683506706919559e-14 3.571722793557665876e-17
5.797200000000000000e+04 nan nan 1.381257377410558915e-14 9.279822398445484604e-17 1.687683506706919559e-14 3.571722793557665876e-17
5.797200000000000000e+04 nan nan 1.381257377410558915e-14 9.279822398445484604e-17 1.687683506706919559e-14 3.571722793557665876e-17
5.799300000000000000e+04 nan nan 1.402888883359561467e-14 5.245857064117859246e-17 nan nan
5.799300000000000000e+04 nan nan 1.402888883359561467e-14 5.245857064117859246e-17 nan nan
5.799300000000000000e+04 nan nan 1.402888883359561467e-14 5.245857064117859246e-17 nan nan
5.801700000000000000e+04 nan nan 1.451427914179822323e-14 9.970406025328014439e-17 nan nan
5.801700000000000000e+04 nan nan 1.451427914179822323e-14 9.970406025328014439e-17 nan nan
5.801700000000000000e+04 nan nan 1.451427914179822323e-14 9.970406025328014439e-17 nan nan
5.804700000000000000e+04 nan nan 1.322031117656099425e-14 4.663610393749625999e-17 1.652496688714838671e-14 1.378503919099646228e-16
5.804700000000000000e+04 nan nan 1.322031117656099425e-14 4.663610393749625999e-17 1.652496688714838671e-14 1.378503919099646228e-16
5.804700000000000000e+04 nan nan 1.322031117656099425e-14 4.663610393749625999e-17 1.652496688714838671e-14 1.378503919099646228e-16
5.806800000000000000e+04 nan nan 1.316491575155278999e-14 7.560227654633807182e-17 nan nan
5.806800000000000000e+04 nan nan 1.316491575155278999e-14 7.560227654633807182e-17 nan nan
5.806800000000000000e+04 nan nan 1.316491575155278999e-14 7.560227654633807182e-17 nan nan
5.808900000000000000e+04 nan nan nan nan nan nan
5.808900000000000000e+04 nan nan nan nan nan nan
5.808900000000000000e+04 nan nan nan nan nan nan
