5.769000000000000000e+04 4.303273138720307904e-15 4.363116747910613915e-15 nan 6.448572497376375168e+02 2.071579999999999927e+03
5.770200000000000000e+04 4.208904651939096791e-15 4.439046445547288099e-15 nan 5.476276216317895660e+02 1.664244666666666490e+03
5.771400000000000000e+04 nan nan nan nan nan
5.772700000000000000e+04 4.281274525415867178e-15 4.491131001441726813e-15 nan 6.099991997171331377e+02 1.920866000000000213e+03
5.778500000000000000e+04 4.519657359431860251e-15 4.658167661008330042e-15 nan 5.819611299577934460e+02 1.801106666666666570e+03
5.779900000000000000e+04 4.560747396072284706e-15 4.571760675848740021e-15 nan 5.542502095684774304e+02 1.688096666666666806e+03
5.783500000000000000e+04 4.344258359925350498e-15 4.451781071379705631e-15 nan 5.375196434924098412e+02 1.620660000000000082e+03
5.784700000000000000e+04 4.501540719227248467e-15 4.417719203103559128e-15 nan 5.469751606251359135e+02 1.658042000000000144e+03
5.787200000000000000e+04 4.295529113503551342e-15 4.372353050694483543e-15 nan 7.767022663077233346e+02 2.682994666666666490e+03
5.788700000000000000e+04 4.242378624414028965e-15 4.564888296802196343e-15 nan 6.566085798225877852e+02 2.120361333333333278e+03
5.790100000000000000e+04 4.214881364867305036e-15 4.136638264030236348e-15 nan 5.120071376064951210e+02 1.521438666666666677e+03
5.791300000000000000e+04 4.299949874596114271e-15 4.310560953739092817e-15 nan 6.840361863232828910e+02 2.245074666666666872e+03
5.792500000000000000e+04 4.329767781960203932e-15 4.402792910633057097e-15 nan 6.612122322975426414e+02 2.139795333333333474e+03
5.793700000000000000e+04 4.426274086785366657e-15 4.517833003373912873e-15 nan 7.212065857331650705e+02 2.414158000000000357e+03
5.794900000000000000e+04 4.190561323712300296e-15 4.744361370933467979e-15 nan 3.486115683422497113e+02 9.413919999999999391e+02
5.796200000000000000e+04 4.341805925372715662e-15 4.747130215812819646e-15 nan 3.455600023475520288e+02 9.313393333333333430e+02
5.797400000000000000e+04 4.261493909825259260e-15 4.226016778521235047e-15 nan 6.804394752508460442e+02 2.227458666666666431e+03
5.798700000000000000e+04 4.300679433634053032e-15 4.317677689918308724e-15 nan 6.223093116044368571e+02 1.972577333333333399e+03
5.800000000000000000e+04 4.102395439503331394e-15 4.076994938581119186e-15 nan 6.620697488751087576e+02 2.145653333333333194e+03
5.801800000000000000e+04 3.953632266323132631e-15 4.043065123506061265e-15 nan 6.141634901732327307e+02 1.936281333333333350e+03
5.804700000000000000e+04 3.825781367349117500e-15 3.845441576882200167e-15 nan 5.605328075883559222e+02 1.714330000000000155e+03
5.807200000000000000e+04 3.709780174358662467e-15 3.714881516785065865e-15 nan 5.737998742459591313e+02 1.768839333333333343e+03
5.808400000000000000e+04 3.848792083423451609e-15 3.929649193969358368e-15 nan 5.911366287129125112e+02 1.843733333333333348e+03
5.812700000000000000e+04 3.616086885940125500e-15 nan nan 1.545423662332885328e+02 3.707580666666666502e+02
5.815100000000000000e+04 3.734526880094723392e-15 nan nan 1.443935776739775463e+02 3.443643333333333203e+02
5.816600000000000000e+04 3.904470328186538999e-15 3.926077370438918825e-15 nan 5.535522016043920530e+02 1.685366000000000213e+03
5.818300000000000000e+04 4.038799025538222690e-15 4.055288641754239615e-15 nan 5.332402042696265880e+02 1.605898000000000138e+03
5.822200000000000000e+04 4.178824024312272241e-15 4.330448090889068663e-15 nan 5.703831644351241721e+02 1.752545999999999822e+03
5.823600000000000000e+04 4.432842138379305853e-15 4.768611084044523583e-15 nan 5.242684271752434597e+02 1.569160000000000082e+03
5.825000000000000000e+04 4.628450442658600505e-15 4.938720803151745999e-15 nan 6.078267558327961524e+02 1.909283333333333303e+03
5.826300000000000000e+04 4.656943698258819526e-15 4.840420839817322414e-15 nan 6.222489600227112305e+02 1.970142666666666628e+03
5.827600000000000000e+04 4.900299086855435301e-15 4.949714631024972964e-15 nan 4.102178598640907694e+02 1.148382000000000062e+03
5.828900000000000000e+04 4.793288047484723896e-15 5.081629723995689892e-15 nan 6.089483127578373569e+02 1.913990666666666812e+03
5.830700000000000000e+04 4.641015924306699112e-15 4.638711784733899535e-15 nan 5.857055784274679127e+02 1.815722666666666782e+03
5.832000000000000000e+04 4.439628103421756228e-15 4.691371303928252103e-15 nan 5.813259910746210153e+02 1.797711333333333187e+03
5.833200000000000000e+04 4.267951524583173769e-15 4.325138734236842688e-15 nan 5.339875580285291790e+02 1.606503333333333330e+03
5.834400000000000000e+04 4.205703217281038538e-15 4.162594730301762565e-15 nan 5.152030109899646959e+02 1.533742666666666537e+03
