5.750800000000000000e+04 4.558133446284966008e-15 7.345638771991756450e-15 nan 2.342668566480324728e+02 1.583861333333333278e+03
5.750800000000000000e+04 4.543921356415141955e-15 7.286758027239675962e-15 nan 2.324510392826266525e+02 1.557682888888888783e+03
5.750800000000000000e+04 4.455337986324338014e-15 7.216858357129155886e-15 nan 2.292475821665029798e+02 1.529282444444444536e+03
5.752000000000000000e+04 nan nan nan nan nan
5.752000000000000000e+04 nan nan nan nan nan
5.752000000000000000e+04 nan nan nan nan nan
5.753000000000000000e+04 4.404866684522208180e-15 6.286045788971773083e-15 nan 1.854936103458272783e+02 1.525559111111111179e+03
5.753000000000000000e+04 4.491405371839679041e-15 6.410205299441600612e-15 nan 1.933745931780899525e+02 1.603936222222222341e+03
5.753000000000000000e+04 4.365941526011231154e-15 6.268101525703833486e-15 nan 1.798183982632224343e+02 1.480036888888889052e+03
5.754700000000000000e+04 4.532025313235847934e-15 7.365107831558637568e-15 nan 2.054133841772074618e+02 1.290547555555555618e+03
5.754700000000000000e+04 4.563460689251580915e-15 7.384476700487335629e-15 nan 2.040102750022221869e+02 1.277834222222222252e+03
5.754700000000000000e+04 4.551445311336838685e-15 7.425483185557673713e-15 nan 2.059677052366716055e+02 1.297019111111111215e+03
5.755800000000000000e+04 4.300744773436357459e-15 6.611622399005672681e-15 nan 1.932656608217798748e+02 1.478515777777777885e+03
5.755800000000000000e+04 4.345621399465274918e-15 6.744140966823959807e-15 nan 1.951075735882294566e+02 1.485264444444444280e+03
5.755800000000000000e+04 4.330933847676270228e-15 6.672715026449805840e-15 nan 1.943631993069900545e+02 1.481850888888888676e+03
5.756800000000000000e+04 4.387392373880861228e-15 6.599765864156355376e-15 nan 2.010565711656431915e+02 1.240259555555555607e+03
5.756800000000000000e+04 4.421408190033427709e-15 6.576994578109995344e-15 nan 2.013696830665596451e+02 1.243429555555555680e+03
5.756800000000000000e+04 4.458104557894026528e-15 6.663081412388868760e-15 nan 2.045295318894258401e+02 1.274374444444444407e+03
5.758300000000000000e+04 4.409750101713509522e-15 7.112971519036276059e-15 nan 1.198899128151230116e+02 8.138471111111111895e+02
5.758300000000000000e+04 4.327522966108014325e-15 7.106172285525818039e-15 nan 1.374226066094919076e+02 9.408377777777776600e+02
5.758300000000000000e+04 4.256762956659686461e-15 6.984798012519611264e-15 nan 1.413485582945254180e+02 9.628515555555555920e+02
5.759900000000000000e+04 4.411197777765500187e-15 6.690982337753036291e-15 nan 2.205974195611283051e+02 1.446823333333333494e+03
5.759900000000000000e+04 4.398730481823308706e-15 6.715453217864313030e-15 nan 2.214724484218627083e+02 1.454422666666666601e+03
5.759900000000000000e+04 4.427867153054111701e-15 6.685945083500987382e-15 nan 2.213636135368306839e+02 1.454738888888888823e+03
5.761000000000000000e+04 4.491494907768224782e-15 7.312092102968691527e-15 nan 1.432895716114190918e+02 8.598606666666667024e+02
5.761000000000000000e+04 4.469550882620315154e-15 7.234126577294446609e-15 nan 1.458285971534320993e+02 8.825142222222222017e+02
5.761100000000000000e+04 4.462882705646835138e-15 7.664955516872166344e-15 nan 2.109330730121282045e+02 1.470300666666666530e+03
5.761200000000000000e+04 4.465608478925806409e-15 7.704816231391271698e-15 nan 2.106026877560144044e+02 1.460718666666666650e+03
5.761200000000000000e+04 4.505012485616429872e-15 7.758241923841052960e-15 nan 2.134873467200869186e+02 1.491964444444444325e+03
5.762000000000000000e+04 4.419591333159681631e-15 6.925412773351972687e-15 nan 1.234695309211177943e+02 9.449131111111109931e+02
5.762000000000000000e+04 4.404997612088230804e-15 6.997058228148693014e-15 nan 1.211801695975820508e+02 9.288377777777776600e+02
5.762000000000000000e+04 4.418230010334788631e-15 7.068667695555650904e-15 nan 1.277829628884015989e+02 9.791779999999999973e+02
5.763300000000000000e+04 4.458631815377915752e-15 6.853911365718577273e-15 nan 1.937206231002183472e+02 1.184340000000000146e+03
5.763300000000000000e+04 4.395950551512516806e-15 6.830540894062623202e-15 nan 1.936834019668903863e+02 1.182219111111111033e+03
5.763300000000000000e+04 4.486621748864822060e-15 6.907432069537066375e-15 nan 1.989418057344136912e+02 1.233234222222222343e+03
5.772400000000000000e+04 4.170686891811133625e-15 7.046460879177930773e-15 nan 1.759113576295300732e+02 1.069873555555555413e+03
5.772400000000000000e+04 4.221847876620441142e-15 7.175182831418834430e-15 nan 1.761703914936011586e+02 1.055382000000000062e+03
5.772400000000000000e+04 4.291594011440819787e-15 7.204163686207104729e-15 nan 1.760130664438754309e+02 1.041860444444444511e+03
5.773600000000000000e+04 4.223534770860574820e-15 6.314609071058519241e-15 nan 1.167421163963324631e+02 9.795751111111110276e+02
5.773600000000000000e+04 4.291542092939328800e-15 6.339291476329707335e-15 nan 1.170994265528681098e+02 9.861808888888888305e+02
5.773600000000000000e+04 4.327728557337313690e-15 6.433713759150940614e-15 nan 1.202442260628755832e+02 1.014033777777777686e+03
5.774600000000000000e+04 4.320606956739437870e-15 6.713539055202033588e-15 nan 1.824308009418611221e+02 1.093677333333333308e+03
5.774600000000000000e+04 4.354096200611080238e-15 6.733532010407152428e-15 nan 1.821597993534015529e+02 1.089371333333333268e+03
5.774600000000000000e+04 4.310288677346707677e-15 6.758071114623645091e-15 nan 1.814094864157036398e+02 1.085789111111111197e+03
5.775700000000000000e+04 4.451700794134550161e-15 7.297880582915514009e-15 nan 1.537362798906096373e+02 8.237373333333333676e+02
5.775700000000000000e+04 4.516715187406341145e-15 7.437843185331531813e-15 nan 1.599925318578995928e+02 8.763553333333333057e+02
5.775700000000000000e+04 4.510782924915829104e-15 7.409882085661090719e-15 nan 1.553728511065064879e+02 8.454675555555555775e+02
5.776900000000000000e+04 4.253822661647761299e-15 6.538960999704845203e-15 nan 1.495396528903096680e+02 9.682031111111110704e+02
5.776900000000000000e+04 4.338227678183540396e-15 6.570554159824724066e-15 nan 1.514099501521957905e+02 9.796402222222221781e+02
5.776900000000000000e+04 4.383253743253125602e-15 6.597959227394822134e-15 nan 1.525286968955230691e+02 1.001463333333333253e+03
5.777900000000000000e+04 4.340348587762927608e-15 6.552231242786451712e-15 nan 1.711962132226315987e+02 9.665453333333333603e+02
5.777900000000000000e+04 4.381125040803619273e-15 6.589848084463290528e-15 nan 1.692412784096804614e+02 9.591253333333332876e+02
5.777900000000000000e+04 4.310531008847366213e-15 6.461426414454687685e-15 nan 1.702130638286734552e+02 9.566971111111112123e+02
5.779100000000000000e+04 4.384890968939490076e-15 7.102685195197001768e-15 nan 1.582388052603131428e+02 9.915499999999999545e+02
5.779100000000000000e+04 4.388797130677605846e-15 7.065730586600155072e-15 nan 1.558712038582647779e+02 9.725213333333333594e+02
5.779100000000000000e+04 4.340716617633356419e-15 6.921117428272780774e-15 nan 1.547110376103979092e+02 9.635131111111110158e+02
5.780100000000000000e+04 4.362666596411325971e-15 6.605560523672985975e-15 nan 1.551917385476321272e+02 9.599231111111110977e+02
5.780100000000000000e+04 4.325996144652721727e-15 6.560836290111251681e-15 nan 1.554194150379474308e+02 9.651104444444445107e+02
5.780100000000000000e+04 4.357583561449869792e-15 6.640268473845862969e-15 nan 1.548832379180907139e+02 9.701391111111111059e+02
5.781400000000000000e+04 4.291243163356849388e-15 6.786460483651278346e-15 nan 1.632235584141694744e+02 8.989002222222222827e+02
5.781400000000000000e+04 4.304336783108072360e-15 6.767133338223744152e-15 nan 1.623690448327959643e+02 8.914413333333333185e+02
5.781400000000000000e+04 4.302910305973961087e-15 6.786465309319188650e-15 nan 1.615141866953725867e+02 8.855435555555554856e+02
5.782400000000000000e+04 4.145509983600525837e-15 6.351608626135798117e-15 nan 1.265195115436878268e+02 9.111091111111111331e+02
5.782400000000000000e+04 4.196941413951449692e-15 6.520156228039618840e-15 nan 1.286205864347150225e+02 9.329102222222221599e+02
5.782400000000000000e+04 4.131362578843027875e-15 6.353442571569634097e-15 nan 1.272893638002636436e+02 9.176553333333332603e+02
5.785700000000000000e+04 4.257027299834368561e-15 6.841644128064359103e-15 nan 1.255062238208594181e+02 8.441213333333332685e+02
5.785700000000000000e+04 4.332140815893272243e-15 6.993731859116213698e-15 nan 6.650720899203645331e+01 4.553620000000000232e+02
5.785700000000000000e+04 4.234171524111185343e-15 6.813071359397314845e-15 nan 1.129932425131410980e+02 7.752786666666667088e+02
5.785700000000000000e+04 4.220197196917675832e-15 6.982469377064817540e-15 nan 4.783826861040259359e+01 3.120055555555555316e+02
5.785700000000000000e+04 4.275078532776965029e-15 6.870741547944311917e-15 nan 1.118369496483614967e+02 7.618306666666666160e+02
5.786700000000000000e+04 4.510376113254805038e-15 6.937808185778939552e-15 nan 1.672761063285387593e+02 9.330264444444444507e+02
5.786700000000000000e+04 4.466704569057005684e-15 6.828084318816204877e-15 nan 1.701071318838074831e+02 9.516955555555556430e+02
5.786700000000000000e+04 4.448214393971344068e-15 6.852986037813186929e-15 nan 1.696310453659256723e+02 9.499517777777778065e+02
5.787700000000000000e+04 4.493544178442113388e-15 6.535727789767079161e-15 nan 2.121164399319852407e+02 1.358073333333333494e+03
5.787700000000000000e+04 4.512226725324288250e-15 6.543779919344849460e-15 nan 2.120123237720826239e+02 1.355786888888889052e+03
5.787700000000000000e+04 4.485884346387982067e-15 6.568913140437202401e-15 nan 2.089769385254214740e+02 1.327427333333333308e+03
5.788800000000000000e+04 4.324207623718754744e-15 6.321138079020347120e-15 nan 1.674309106848851911e+02 1.110629333333333307e+03
5.788800000000000000e+04 4.358719659967825535e-15 6.413228519866625467e-15 nan 1.716787921566524062e+02 1.153744444444444525e+03
5.788800000000000000e+04 4.333310754599479604e-15 6.417475863123106891e-15 nan 1.702284150516056513e+02 1.141338888888888960e+03
5.790100000000000000e+04 4.417993829612931917e-15 6.503121684289158566e-15 nan 2.049756279349543888e+02 1.276407999999999902e+03
5.790100000000000000e+04 4.440992337589663095e-15 6.480286536048973654e-15 nan 2.030284697940643071e+02 1.258032666666666728e+03
5.790100000000000000e+04 4.483631115677799193e-15 6.590343875914400042e-15 nan 2.061994767724354745e+02 1.289067999999999984e+03
5.791100000000000000e+04 4.604735381719637099e-15 6.979367408549149232e-15 nan 1.848433291036550088e+02 1.434816666666666606e+03
5.791100000000000000e+04 4.518355672247055608e-15 6.881149916092005378e-15 nan 1.848871242231774943e+02 1.412248000000000047e+03
5.791100000000000000e+04 4.491561118437375957e-15 6.837950299046109942e-15 nan 1.817077862662264067e+02 1.395433111111110975e+03
5.792200000000000000e+04 4.506105211083204082e-15 7.049730444505116978e-15 nan 2.115222353620187050e+02 1.343394222222222197e+03
5.792200000000000000e+04 4.626333993216082225e-15 7.083053130353822278e-15 nan 2.109706826278918186e+02 1.338278888888889014e+03
5.792200000000000000e+04 4.569467493245123040e-15 7.048782524148294162e-15 nan 2.129477768449230268e+02 1.356226444444444496e+03
5.793300000000000000e+04 4.638195658983579845e-15 6.703694635410125460e-15 nan 1.905653341313634144e+02 1.139762888888888938e+03
5.793300000000000000e+04 4.641877435093276563e-15 6.666827795703877616e-15 nan 1.823154824589519194e+02 1.064287777777777819e+03
5.793300000000000000e+04 4.661713234021492183e-15 6.684546917045177794e-15 nan 1.858720696704040449e+02 1.096107333333333372e+03
5.808900000000000000e+04 nan nan nan nan nan
5.808900000000000000e+04 4.886234083050921697e-15 6.992221355078873078e-15 nan 6.662160164061309331e+01 5.380040000000000191e+02
5.808900000000000000e+04 4.863336102441583440e-15 7.012919289570130466e-15 nan 1.055307114025733881e+02 8.601471111111111441e+02
5.811000000000000000e+04 4.793891548327581749e-15 7.088557083141887725e-15 nan 1.964338270221709593e+02 1.203490000000000009e+03
5.811000000000000000e+04 4.791096450567697380e-15 7.114963467054828946e-15 nan 1.968873891214431069e+02 1.211465555555555511e+03
5.811000000000000000e+04 4.853844835774710238e-15 7.138808526903870832e-15 nan 1.966550250609161310e+02 1.203468222222222266e+03
5.812100000000000000e+04 4.690605118357195588e-15 6.706869378137942124e-15 nan 1.610765696055715352e+02 1.120984888888888918e+03
5.812100000000000000e+04 4.780101516761228442e-15 6.966120339593849854e-15 nan 1.591282660133598483e+02 1.110205999999999904e+03
5.812100000000000000e+04 4.729833484258172508e-15 6.813512211908561544e-15 nan 1.607320703265349664e+02 1.123283333333333303e+03
5.813300000000000000e+04 4.862449415388642643e-15 7.466155924337463101e-15 nan 2.023274912126643699e+02 1.250429555555555680e+03
5.813300000000000000e+04 4.724295677465286432e-15 7.264880598842885136e-15 nan 2.009697859054966784e+02 1.236336000000000013e+03
5.813300000000000000e+04 4.785487032794633757e-15 7.412985672728010949e-15 nan 2.020452348488571204e+02 1.246489333333333207e+03
5.814300000000000000e+04 4.820425408539205672e-15 7.308746888071805490e-15 nan 1.932823012283946298e+02 1.226736222222222068e+03
5.814300000000000000e+04 4.715964240372332332e-15 7.164699354039830025e-15 nan 1.868824145761690545e+02 1.198974888888888927e+03
5.814300000000000000e+04 4.878183971904361495e-15 7.380298215917107565e-15 nan 1.962895880715284136e+02 1.232432000000000016e+03
5.815300000000000000e+04 nan nan nan nan nan
5.815300000000000000e+04 4.786990314096173714e-15 6.875999533910081959e-15 nan 1.559643780217030269e+02 1.145085111111111246e+03
5.815600000000000000e+04 4.683834395876468073e-15 6.836305087850345498e-15 nan 1.716354721017214331e+02 1.078355999999999995e+03
5.815600000000000000e+04 4.703870072900968570e-15 6.833700598516654828e-15 nan 1.719590400567664119e+02 1.080052444444444518e+03
5.815600000000000000e+04 4.741601847419935784e-15 6.877981603015122917e-15 nan 1.723208366737155472e+02 1.083565555555555420e+03
5.816400000000000000e+04 4.792305647699023651e-15 7.649046437540441120e-15 nan 1.886679109431764800e+02 1.118612444444444463e+03
5.816400000000000000e+04 4.737987575995577907e-15 7.577364191236287590e-15 nan 1.876986986913628357e+02 1.111520222222222401e+03
5.816400000000000000e+04 4.694803915197284419e-15 7.523484076141578549e-15 nan 1.864064565278704606e+02 1.100517777777777837e+03
5.817600000000000000e+04 4.809174789032060503e-15 6.860227661380054841e-15 nan 1.733915214097198714e+02 1.040211999999999989e+03
5.817600000000000000e+04 4.853481488723885607e-15 6.986243211764907375e-15 nan 1.744629953867407437e+02 1.047615777777777794e+03
5.817600000000000000e+04 4.839478729396263975e-15 6.948128449649826066e-15 nan 1.722973735015939383e+02 1.056296444444444433e+03
5.818600000000000000e+04 4.741537509623930862e-15 7.226123294872577826e-15 nan 1.720163091558172539e+02 1.040009111111111224e+03
5.818600000000000000e+04 4.797366390607628742e-15 7.271335599496796221e-15 nan 1.813562022782535905e+02 1.129373777777777832e+03
5.818600000000000000e+04 4.718090293278824683e-15 7.210385589747327862e-15 nan 1.791958224539028208e+02 1.110034666666666681e+03
5.818600000000000000e+04 4.739123437303884599e-15 7.153854309985488203e-15 nan 1.798002992642853712e+02 1.115795555555555666e+03
5.819700000000000000e+04 4.728390928993144616e-15 7.329325371217829627e-15 nan 1.814025777047157533e+02 1.055629777777777690e+03
5.819700000000000000e+04 4.762064173432706097e-15 7.344482504443799540e-15 nan 1.801186533692837202e+02 1.043677111111111117e+03
5.819700000000000000e+04 4.692003025590296693e-15 7.276264423655094334e-15 nan 1.798139528592580234e+02 1.041897333333333336e+03
5.820800000000000000e+04 4.633729003663165389e-15 7.325968330859666404e-15 nan 1.090578505172023398e+02 1.026290444444444347e+03
5.820800000000000000e+04 4.701589621092671762e-15 7.374545536333462774e-15 nan 1.107969751677520804e+02 1.043690000000000055e+03
5.820900000000000000e+04 4.563561552031865940e-15 7.211929882021416279e-15 nan 1.076197202065551011e+02 1.005347111111111190e+03
5.820900000000000000e+04 4.529817502134792081e-15 7.064264017164359210e-15 nan 1.091063544484513557e+02 9.991539999999999964e+02
5.820900000000000000e+04 4.448061469248015654e-15 6.945209763507194279e-15 nan 1.145372702445849455e+02 1.009691333333333318e+03
5.821800000000000000e+04 4.740221881662018696e-15 6.712616224901332131e-15 nan 9.060655810210116101e+01 3.966059999999999945e+02
5.821800000000000000e+04 4.748878608301834336e-15 6.772531479666619646e-15 nan 8.294307973954522595e+01 3.543206666666666820e+02
5.821800000000000000e+04 4.631220484876150668e-15 6.549993884337448991e-15 nan 5.291512034812724607e+01 2.041590444444444188e+02
5.822200000000000000e+04 4.997581740685595787e-15 7.112185998209131165e-15 nan 1.735509123073611875e+02 9.838837777777777092e+02
5.822200000000000000e+04 4.764686617185383279e-15 6.835373264900902386e-15 nan 1.776685564669883206e+02 1.021519555555555485e+03
5.822200000000000000e+04 4.783699721784961152e-15 6.806976691606848751e-15 nan 1.773139346347458911e+02 1.017097777777777765e+03
5.823300000000000000e+04 4.674573786987003219e-15 7.057700617952709691e-15 nan 1.607487810873193155e+02 9.776117777777777746e+02
5.823300000000000000e+04 4.712879469226506373e-15 7.148162026747256112e-15 nan 1.362201796749044433e+02 7.692777777777778283e+02
5.823300000000000000e+04 4.632897661381254850e-15 7.004456276869503423e-15 nan 1.667947756508454233e+02 1.014994666666666717e+03
5.824300000000000000e+04 4.909785430159919153e-15 7.198426337314655525e-15 nan 1.801837354455651905e+02 1.105746888888888861e+03
5.824300000000000000e+04 4.851710558996052227e-15 7.206746193512279038e-15 nan 1.792196878455911815e+02 1.105791555555555533e+03
5.824300000000000000e+04 4.822737225324607245e-15 7.112229458485514958e-15 nan 1.794173229598931414e+02 1.098912444444444418e+03
5.825400000000000000e+04 4.886109647341875687e-15 7.272960019665880084e-15 nan 1.786215581880479419e+02 1.031226666666666688e+03
5.825400000000000000e+04 4.861672955363609098e-15 7.275745919997484215e-15 nan 1.701862986094071175e+02 9.580051111111112050e+02
5.825400000000000000e+04 4.909334368060825716e-15 7.365058310600776862e-15 nan 1.789074909783493865e+02 1.033657555555555518e+03
5.826400000000000000e+04 4.765784921688262333e-15 7.329219617924183993e-15 nan 9.599948134922330212e+01 6.871148888888887996e+02
5.826400000000000000e+04 4.633730687147754609e-15 7.106662997752453679e-15 nan 9.084109459706165524e+01 5.947635555555555129e+02
5.826400000000000000e+04 4.842191015149830436e-15 7.311023779013615754e-15 nan 1.249374578433289429e+02 8.656231111111111431e+02
5.827400000000000000e+04 4.834171465957629760e-15 6.703010260061288166e-15 nan 1.679218763711736244e+02 9.849646666666667443e+02
5.827400000000000000e+04 4.872690031312334700e-15 6.756379756603926580e-15 nan 1.687083228396034826e+02 9.903802222222221872e+02
5.827400000000000000e+04 4.840665529897812381e-15 6.696591295579780404e-15 nan 1.655045728117633530e+02 9.646813333333334413e+02
5.828400000000000000e+04 4.999070629650622263e-15 7.703225187870267663e-15 nan 1.425449512461210873e+02 7.395666666666667197e+02
5.828400000000000000e+04 4.934892561661059778e-15 7.690779596386505852e-15 nan 1.400596622618042204e+02 7.224331111111112023e+02
5.828400000000000000e+04 4.910301173963997573e-15 7.571250049344019663e-15 nan 1.378877493362741120e+02 7.056415555555555557e+02
5.829300000000000000e+04 4.810550479187304406e-15 6.844539609632518473e-15 nan 1.424680843060122015e+02 9.822935555555554856e+02
5.829300000000000000e+04 4.875939939732345132e-15 7.003231741908956309e-15 nan 1.434562685609807033e+02 1.001144000000000119e+03
5.829300000000000000e+04 4.756632910661226775e-15 6.801164138091741825e-15 nan 1.414235815748431548e+02 9.964911111111110813e+02
5.830800000000000000e+04 4.945380338114695647e-15 7.734563547327037269e-15 nan 1.758311682119451689e+02 1.006412000000000035e+03
5.830800000000000000e+04 4.979667123365339434e-15 7.781579491375094028e-15 nan 1.771455497458720174e+02 1.018067777777777792e+03
5.830800000000000000e+04 4.938890183272658925e-15 7.735483096648312494e-15 nan 1.757838842265177277e+02 1.005950888888888926e+03
5.831800000000000000e+04 5.015617863793050338e-15 7.160754807741400679e-15 nan 1.427024653818950242e+02 7.806546666666666852e+02
5.831800000000000000e+04 5.000200684738933733e-15 7.195183355508208342e-15 nan 1.397327928073187024e+02 7.634333333333332803e+02
5.831800000000000000e+04 5.033521654673218602e-15 7.231616970699936076e-15 nan 1.425095846690103372e+02 7.817964444444443188e+02
5.832900000000000000e+04 4.631201719805334059e-15 6.942092056233441206e-15 nan 9.175568986589462384e+01 6.195333333333333030e+02
5.832900000000000000e+04 4.788504096112706905e-15 7.002896805966520312e-15 nan 9.681140837520878506e+01 6.570526666666665960e+02
5.832900000000000000e+04 4.745525515390983566e-15 6.818807695411531064e-15 nan 9.667175039293506700e+01 6.513122222222222035e+02
5.833900000000000000e+04 4.652850426623531541e-15 6.909553324165297425e-15 nan 1.327132058084918071e+02 6.702724444444444316e+02
5.833900000000000000e+04 4.685795046493889405e-15 7.170442346728291088e-15 nan 1.351673216079663291e+02 6.878897777777777947e+02
5.833900000000000000e+04 4.654513161494868733e-15 6.911012067468239160e-15 nan 1.329305701705319791e+02 6.716406666666666752e+02
5.834900000000000000e+04 4.638726477507326729e-15 7.035339602354308556e-15 nan 1.371208738539277476e+02 8.274406666666667434e+02
5.834900000000000000e+04 4.551902497393752677e-15 6.830584661742059485e-15 nan 1.343392253051319472e+02 8.080348888888888723e+02
5.834900000000000000e+04 4.650023385010063456e-15 7.060610621769227312e-15 nan 1.377744560860343199e+02 8.319764444444444962e+02
