5.769000000000000000e+04 3.403593109334125256e-15 3.563334917279796345e-15 nan 1.464796032019927168e+02 5.856026666666667779e+02
5.769000000000000000e+04 3.447223737877835730e-15 3.626410003332731129e-15 nan 1.483397401317582194e+02 5.958723333333332448e+02
5.769000000000000000e+04 3.501895245867394015e-15 3.612887593207821482e-15 nan 1.490805231194670455e+02 5.995434999999999945e+02
5.770200000000000000e+04 3.740363109990581132e-15 3.604909996246500849e-15 nan 1.363940705244980620e+02 6.683353333333333239e+02
5.770200000000000000e+04 3.582703312841517818e-15 3.524241555166204677e-15 nan 1.363460931018778979e+02 6.683486666666666451e+02
5.770200000000000000e+04 3.709281718198000185e-15 3.597441548848345963e-15 nan 1.419912064616246425e+02 7.010995000000000346e+02
5.771400000000000000e+04 3.485066788111581608e-15 3.604220336724069668e-15 nan 6.078237995956369133e+01 1.851545000000000130e+02
5.771400000000000000e+04 3.782672870237797256e-15 3.553929034660602775e-15 nan 8.181977789669272738e+01 2.665533333333333417e+02
5.771400000000000000e+04 3.629166961671258939e-15 3.478635809764969962e-15 nan 7.506688293131624334e+01 2.395258333333333098e+02
5.772700000000000000e+04 3.886683616481451217e-15 4.020541025819954117e-15 nan 1.462917537772619028e+02 6.178909999999999627e+02
5.772700000000000000e+04 3.893482609531313119e-15 4.065075483720303730e-15 nan 1.467252203368636572e+02 6.274868333333332657e+02
5.772700000000000000e+04 3.935084215396169169e-15 4.068993872712560514e-15 nan 1.478925294772463133e+02 6.251169999999999618e+02
5.778500000000000000e+04 3.746220044464250986e-15 3.850346646696012836e-15 nan 1.263834881836534549e+02 4.756480000000000246e+02
5.778500000000000000e+04 3.818074354849837309e-15 3.951403101956771554e-15 nan 1.307811481527741648e+02 4.949448333333332926e+02
5.778500000000000000e+04 3.846394590463568325e-15 3.942923153699776586e-15 nan 1.309511779604449089e+02 4.975060000000000286e+02
5.779900000000000000e+04 3.774248936824473892e-15 3.666430621356315955e-15 nan 1.122129535709188843e+02 5.036201666666666483e+02
5.779900000000000000e+04 3.855625087621883344e-15 3.717577416703943130e-15 nan 1.135868675419920919e+02 5.115989999999999895e+02
5.779900000000000000e+04 3.794656592300250398e-15 3.710296907330642337e-15 nan 1.104183923967133722e+02 4.952213333333332912e+02
5.784700000000000000e+04 3.667111054537810686e-15 3.603377503410723199e-15 nan 1.284831995046010320e+02 4.824481666666666797e+02
5.784700000000000000e+04 3.684044400566509219e-15 3.597724291974208459e-15 nan 1.293329651999155772e+02 4.867373333333333676e+02
5.784700000000000000e+04 3.728503995496149148e-15 3.621968370245633400e-15 nan 1.294834172695719872e+02 4.872205000000000155e+02
5.787000000000000000e+04 3.690797291206026758e-15 4.120442828845079866e-15 nan 1.167014316104543781e+02 4.220559999999999832e+02
5.787200000000000000e+04 3.678472406608575300e-15 3.572795579199527065e-15 nan 1.901428744999828098e+02 8.586546666666666852e+02
5.787200000000000000e+04 3.677781115936030967e-15 3.530161934463880863e-15 nan 1.870605093110262942e+02 8.361949999999999363e+02
5.787200000000000000e+04 3.730186600505333051e-15 3.579431514114267360e-15 nan 1.871988404767469660e+02 8.508235000000000809e+02
5.788700000000000000e+04 3.792793605946234700e-15 3.576438011799901876e-15 nan 1.322866278658019326e+02 6.770721666666667033e+02
5.788700000000000000e+04 3.888644965864244364e-15 3.630855366557616943e-15 nan 1.352935106427503626e+02 6.883961666666666588e+02
5.788700000000000000e+04 3.937366398964695180e-15 3.657120829245260091e-15 nan 1.351434432685349805e+02 6.917598333333332903e+02
5.790100000000000000e+04 3.508777867706936933e-15 3.443228704908755988e-15 nan 1.550780802007501222e+02 6.315138333333333094e+02
5.790100000000000000e+04 3.572145216383751513e-15 3.482780469126822563e-15 nan 1.492591142046206301e+02 5.977296666666666169e+02
5.790100000000000000e+04 3.591603594490261324e-15 3.496350077680722207e-15 nan 1.488052166657566318e+02 5.951203333333334058e+02
5.791300000000000000e+04 3.542810375493099604e-15 3.415557447295194250e-15 nan 1.244682964825054938e+02 7.735259999999999536e+02
5.791300000000000000e+04 3.576754484204223518e-15 3.466759564847393706e-15 nan 1.246201102245497339e+02 7.786088333333333367e+02
5.791300000000000000e+04 3.604155048905248694e-15 3.471538212423588102e-15 nan 1.261020267557237702e+02 7.821536666666667088e+02
5.792500000000000000e+04 3.700700561729681922e-15 nan nan 1.565992470394069471e+02 6.404060000000000628e+02
5.792500000000000000e+04 3.631381747188996650e-15 nan nan 1.634649962791403368e+02 6.802876666666667234e+02
5.792500000000000000e+04 3.633750046151662297e-15 nan nan 1.471973055874544514e+02 5.841698333333333721e+02
5.793700000000000000e+04 3.450791355481764813e-15 3.370403694465108747e-15 nan 1.572331773915828705e+02 7.134141666666666879e+02
5.793700000000000000e+04 3.500443504866898161e-15 3.383345262123110766e-15 nan 1.593464879041763140e+02 7.264099999999999682e+02
5.793700000000000000e+04 3.507675083722964684e-15 3.402454280992080464e-15 nan 1.565278223717048718e+02 7.094198333333333721e+02
5.794900000000000000e+04 3.268394102690914492e-15 nan nan 1.278938730388418037e+02 5.041616666666666902e+02
5.794900000000000000e+04 3.277135927970725710e-15 nan nan 9.720889548730902163e+01 3.712626666666666324e+02
5.794900000000000000e+04 3.265443244263035369e-15 nan nan 1.216333419983721313e+02 4.784961666666666815e+02
5.796200000000000000e+04 3.781344604597770067e-15 3.711705721965313332e-15 nan 1.089211225771747280e+02 3.846558333333333053e+02
5.796200000000000000e+04 3.706275215274783151e-15 3.664012066839813525e-15 nan 1.201397942178402189e+02 4.382290000000000418e+02
5.796200000000000000e+04 4.127641976138556430e-15 3.683735609529607943e-15 nan 6.056084511742222531e+01 1.824861666666666622e+02
5.797400000000000000e+04 3.640255426895794222e-15 3.474523150724835109e-15 nan 1.440524250214970721e+02 7.797965000000000373e+02
5.797400000000000000e+04 3.606076630318742632e-15 3.486255189561807934e-15 nan 1.440954435637428901e+02 7.801744999999999663e+02
5.797400000000000000e+04 3.623520124258849537e-15 3.491769383928878796e-15 nan 1.425592632299400861e+02 7.733946666666666943e+02
5.798700000000000000e+04 3.407402478998657889e-15 3.187777630254704584e-15 nan 1.644526664050066529e+02 6.839223333333333130e+02
5.798700000000000000e+04 3.432423467365885005e-15 3.214114701191193398e-15 nan 1.644511477250171936e+02 6.865866666666665878e+02
5.798700000000000000e+04 3.429386002305640281e-15 3.176587279751894478e-15 nan 1.625715510758093103e+02 6.822203333333333148e+02
5.800000000000000000e+04 3.854652494036997236e-15 nan nan 1.111563094286404834e+02 6.462729999999999109e+02
5.800000000000000000e+04 3.717087061287920697e-15 nan nan 1.096092250442885359e+02 6.341988333333333685e+02
5.800000000000000000e+04 3.678911637131213600e-15 nan nan 1.096344923254003305e+02 6.321594999999999800e+02
5.801800000000000000e+04 3.235961504391276620e-15 3.639714345955143455e-15 nan 1.356228171327752250e+02 5.215713333333333139e+02
5.801800000000000000e+04 3.175913660684578326e-15 3.549643457003308718e-15 nan 1.300665608175006014e+02 4.910828333333333262e+02
5.801800000000000000e+04 3.234467569202779064e-15 3.603816595525721437e-15 nan 1.309691571555137841e+02 4.959111666666666451e+02
5.804700000000000000e+04 3.309564694891794735e-15 3.280995947334796559e-15 nan 1.220594120185671585e+02 4.546899999999999977e+02
5.804700000000000000e+04 3.318109803404434775e-15 3.293412295839996433e-15 nan 1.218901809593795065e+02 4.525558333333332826e+02
5.804700000000000000e+04 3.269577391354368316e-15 3.232313808078291805e-15 nan 1.197482118461946214e+02 4.476709999999999923e+02
5.805900000000000000e+04 nan nan nan nan nan
5.805900000000000000e+04 nan nan nan nan nan
5.805900000000000000e+04 nan nan nan nan nan
5.807200000000000000e+04 3.403161980547696170e-15 3.755145531384206644e-15 nan 1.428252122583387518e+02 5.680423333333333176e+02
5.807200000000000000e+04 3.380293664021275737e-15 3.671525083482719945e-15 nan 1.427372401181932275e+02 5.667133333333333667e+02
5.807200000000000000e+04 3.340159381685865114e-15 3.656004011352985115e-15 nan 1.421087235871413554e+02 5.641976666666666915e+02
5.808400000000000000e+04 3.270937831369807514e-15 3.182912792180443664e-15 nan 1.184503955425143715e+02 5.027186666666666497e+02
5.808400000000000000e+04 3.230927627929018707e-15 3.199745850090322538e-15 nan 1.181117565312270159e+02 5.012641666666666538e+02
5.808400000000000000e+04 3.279538434069217816e-15 3.225624622761405724e-15 nan 1.201515874461262570e+02 5.108213333333333139e+02
5.812700000000000000e+04 nan nan nan nan nan
5.812700000000000000e+04 nan nan nan nan nan
5.812700000000000000e+04 3.271969227849094160e-15 3.294239271911467357e-15 nan 3.113062130416375339e+01 9.956708333333332916e+01
5.815100000000000000e+04 nan nan nan nan nan
5.815100000000000000e+04 nan nan nan nan nan
5.815100000000000000e+04 nan nan nan nan nan
5.816600000000000000e+04 3.501761444126587864e-15 3.515737142821207528e-15 nan 1.311509096362431990e+02 4.973101666666667029e+02
5.816600000000000000e+04 3.571151453591502454e-15 3.577717612260876657e-15 nan 1.308846684230944106e+02 4.960249999999999773e+02
5.816600000000000000e+04 3.614798303798787889e-15 3.628351541140219947e-15 nan 1.324766044550494541e+02 5.038016666666666197e+02
5.818300000000000000e+04 3.519601927739471632e-15 3.374671260065512372e-15 nan 1.126792234992736041e+02 5.042280000000000086e+02
5.818300000000000000e+04 3.548137488785311350e-15 3.434978599953675240e-15 nan 1.149263719557955596e+02 5.173813333333333730e+02
5.818300000000000000e+04 3.545797970405709311e-15 3.386344308227908515e-15 nan 1.140113319112183490e+02 5.154278333333332967e+02
5.822200000000000000e+04 3.644557654081371308e-15 nan nan 1.397954469560219479e+02 5.403088333333332685e+02
5.822200000000000000e+04 3.709443990732292335e-15 nan nan 1.400971350629039591e+02 5.434144999999999754e+02
5.822200000000000000e+04 3.670169402006278729e-15 nan nan 1.361392858091899427e+02 5.243216666666666015e+02
5.823600000000000000e+04 3.738759204530910351e-15 3.737071729012048238e-15 nan 1.125881456060959636e+02 4.598753333333333444e+02
5.823600000000000000e+04 3.706511110102712205e-15 3.691524456604719457e-15 nan 1.016068532894077947e+02 4.182605000000000359e+02
5.823600000000000000e+04 3.857195454086296011e-15 3.766000024384249152e-15 nan 6.502105205191978143e+01 2.133923333333333403e+02
5.823700000000000000e+04 nan nan nan nan nan
5.823700000000000000e+04 nan nan nan nan nan
5.823700000000000000e+04 nan nan nan nan nan
5.825000000000000000e+04 3.742400643330235588e-15 3.509390658433706709e-15 nan 1.344972673890935937e+02 5.129524999999999864e+02
5.825000000000000000e+04 3.713881063843754855e-15 3.511458482748777488e-15 nan 1.332677530274905280e+02 5.084364999999999668e+02
5.825000000000000000e+04 3.736055005441015373e-15 3.502094835952323134e-15 nan 1.325032103511681214e+02 5.033466666666666356e+02
5.826300000000000000e+04 3.288502975453724736e-15 nan nan 1.305555826331679725e+02 5.116013333333333435e+02
5.826300000000000000e+04 3.381939480683354685e-15 nan nan 1.335008137488676141e+02 5.236573333333333267e+02
5.826300000000000000e+04 3.340699883763817542e-15 nan nan 1.304257462334052207e+02 5.160818333333332930e+02
5.827600000000000000e+04 3.423674364902732542e-15 3.369102059019978655e-15 nan 1.066673743148561755e+02 4.028148333333332971e+02
5.827600000000000000e+04 3.406163505421840089e-15 3.332938658387107540e-15 nan 7.644612918379905864e+01 2.720241666666667015e+02
5.827600000000000000e+04 3.510165304570878264e-15 3.474279192320659841e-15 nan 8.840517110207825624e+01 3.245568333333333157e+02
5.828900000000000000e+04 3.384108140590445841e-15 3.149548819855798875e-15 nan 1.259720807607655786e+02 4.656760000000000446e+02
5.828900000000000000e+04 3.497742424300989042e-15 3.217733777958259197e-15 nan 1.269984748615402026e+02 4.729016666666666424e+02
5.828900000000000000e+04 3.444184196336484519e-15 3.242350909042358906e-15 nan 1.281414653361940736e+02 4.751678333333333057e+02
5.830700000000000000e+04 3.258536731458434692e-15 3.129583882966194662e-15 nan 1.312690804709437771e+02 4.936696666666666715e+02
5.830700000000000000e+04 3.241609420974888050e-15 3.118794611486097488e-15 nan 1.304803431290170010e+02 4.887256666666666547e+02
5.830700000000000000e+04 3.235602008825541510e-15 3.145448848491053916e-15 nan 1.308116100910414445e+02 4.910911666666667088e+02
5.832000000000000000e+04 3.128349658991184661e-15 nan nan 1.143285008642669140e+02 4.552573333333332926e+02
5.832000000000000000e+04 3.079105373508368649e-15 nan nan 1.106134040791985882e+02 4.350476666666666574e+02
5.832000000000000000e+04 3.066796787443115480e-15 nan nan 1.118577958877996537e+02 4.426481666666666683e+02
5.833200000000000000e+04 3.016040657909718455e-15 2.999756210936390071e-15 nan 1.201181432839363765e+02 4.534381666666666888e+02
5.833200000000000000e+04 3.072317622543864049e-15 3.055675606358091879e-15 nan 1.215479340914947102e+02 4.585286666666667088e+02
5.833200000000000000e+04 3.003234486556635236e-15 2.965430495130835005e-15 nan 1.194826769434469611e+02 4.456871666666666556e+02
5.834400000000000000e+04 2.858824319695676188e-15 2.798844204416098539e-15 nan 1.167014337642938813e+02 4.197268333333333317e+02
5.834400000000000000e+04 2.849695108711894501e-15 2.778050971059068319e-15 nan 1.150724380040395545e+02 4.120583333333333371e+02
5.834400000000000000e+04 2.821937918136427970e-15 2.750891960609883413e-15 nan 1.161397224514873869e+02 4.167786666666667088e+02
