5.769000000000000000e+04 3.392669593685659557e-15 3.968723688379710125e-15 3.161113251304863907e-15 4.708187873455344175e+02 2.052802000000000135e+03
5.771200000000000000e+04 3.241220963599088408e-15 3.284063996459959897e-15 3.495192940784721915e-15 4.346480610733055414e+02 1.853747000000000071e+03
5.792300000000000000e+04 2.800329529756074716e-15 nan 3.042113251804244650e-15 4.730330559449099042e+02 2.066077999999999975e+03
5.798600000000000000e+04 2.968694932409082228e-15 2.973373474546179564e-15 3.085134877138401949e-15 5.053116293946977748e+02 2.246000000000000000e+03
5.801000000000000000e+04 2.897603795033722321e-15 nan 2.917149971071785954e-15 4.583901363888424498e+02 1.982754000000000133e+03
5.804700000000000000e+04 2.743940358547879545e-15 2.687306994344550488e-15 2.910451142273715626e-15 4.333440050359029101e+02 1.847406000000000176e+03
5.806800000000000000e+04 2.805656223562222318e-15 2.696138896703079566e-15 2.838093146946267134e-15 4.501848386952272563e+02 1.941234999999999900e+03
5.809000000000000000e+04 2.833683549759833348e-15 nan 2.860496300713074755e-15 4.070065084519177958e+02 1.709045000000000073e+03
5.822200000000000000e+04 2.904601309305275903e-15 nan 2.998207472983214699e-15 3.779763913122577605e+02 1.559602000000000089e+03
5.827100000000000000e+04 2.801343995747299718e-15 nan 2.954963678206279324e-15 3.793252061583630166e+02 1.566050999999999931e+03
5.828600000000000000e+04 2.796527623936670068e-15 2.942025864974331411e-15 3.098200952018482026e-15 3.829691729880956359e+02 1.584134000000000015e+03
5.831100000000000000e+04 2.778114352890326502e-15 2.715088604418827201e-15 3.065375379638394217e-15 3.690122094000790867e+02 1.515891000000000076e+03
5.833200000000000000e+04 2.854814668186120731e-15 2.731919719253549912e-15 2.911457907193490623e-15 3.776354258414169180e+02 1.556687999999999874e+03
