5.769000000000000000e+04 6.046642635740554511e-15 nan 5.784030686937045695e-15 2.279937657484657620e+02 8.590558999999999514e+02
5.771100000000000000e+04 5.955941840709208798e-15 5.735359870002399123e-15 5.794118762965749192e-15 9.761167628741766578e+01 3.420966999999999985e+02
5.773200000000000000e+04 5.613744939081300756e-15 nan 5.491673285499302168e-15 1.642464982628132191e+02 6.043448999999999387e+02
5.775300000000000000e+04 5.536101567680459310e-15 5.376046175688338095e-15 5.397340724130069561e-15 1.892622763469562699e+02 7.043361999999999625e+02
5.777400000000000000e+04 5.445085622533751309e-15 5.408198680738563964e-15 6.144583722417147386e-15 1.431382191859682109e+02 5.121539999999999964e+02
5.779600000000000000e+04 5.258581060105138744e-15 5.212559834198987157e-15 nan 1.599829586043765346e+02 5.820661999999999807e+02
5.781800000000000000e+04 4.976668725667349406e-15 4.932066746699295814e-15 nan 1.434898827687298137e+02 5.239075000000000273e+02
5.781800000000000000e+04 4.999194537721542373e-15 4.944050639410260431e-15 nan 1.522616874595616991e+02 5.488145999999999276e+02
5.797200000000000000e+04 4.886893936118728711e-15 nan 4.729957867587857843e-15 1.892239053296165707e+02 7.103582999999999856e+02
5.799300000000000000e+04 5.170706778972811346e-15 5.142876779358999484e-15 6.039110065683034840e-15 2.132458280990440755e+02 8.007762999999999920e+02
5.801700000000000000e+04 5.219675348288247266e-15 nan 4.878243751334589632e-15 1.999887066630610661e+02 7.463187000000000353e+02
5.804700000000000000e+04 5.083024335166836507e-15 4.905097340513384027e-15 4.934347056898617746e-15 1.885699975865601630e+02 6.963149999999999409e+02
5.806800000000000000e+04 5.356455730292210894e-15 5.225199766262899875e-15 5.858231807902204488e-15 1.769118210308049868e+02 6.486861000000000104e+02
5.808900000000000000e+04 5.256989751077867494e-15 5.168566651830298606e-15 5.742898798887886492e-15 1.776576001740501738e+02 6.522877999999999474e+02
5.811000000000000000e+04 5.179171956353756851e-15 nan 4.655649040350478283e-15 1.642713136791061572e+02 6.078884000000000469e+02
5.813200000000000000e+04 5.078778059169415076e-15 4.995080678601361232e-15 4.929904407716574952e-15 1.607142413010780899e+02 5.851141999999999825e+02
5.815300000000000000e+04 5.067987244095720307e-15 nan 4.744865519474339524e-15 1.630426876705707286e+02 5.903241000000000440e+02
5.817400000000000000e+04 5.097902955452608676e-15 5.014288782945373806e-15 4.827842664379737096e-15 1.621601320469592338e+02 5.876142999999999574e+02
5.819500000000000000e+04 5.032092542714763461e-15 5.012947793905738636e-15 4.888200936811415406e-15 1.638190592721797145e+02 5.932920000000000300e+02
5.821500000000000000e+04 5.043259471340244630e-15 5.037717088316226762e-15 nan 1.614618910668789908e+02 5.930253999999999905e+02
5.822400000000000000e+04 5.078712785635476700e-15 4.928417442758621529e-15 nan 1.606473449375148448e+02 5.957459999999999809e+02
5.833500000000000000e+04 5.313363953552687251e-15 5.282815346779199422e-15 5.363263872708898253e-15 1.447136990674081005e+02 5.300251000000000658e+02
