5.769000000000000000e+04 3.928994712598741237e-15 3.793647512175702121e-15 3.819525093086052319e-15 2.122144227528806368e+02 5.269535333333333256e+02
5.770000000000000000e+04 3.849836042511171631e-15 3.851688676335542616e-15 3.818248547255962660e-15 2.133643815418893723e+02 5.302770666666666557e+02
5.771400000000000000e+04 4.019068554409379358e-15 3.977142035370004364e-15 3.809735926952266066e-15 1.959624153613791293e+02 4.818727999999999838e+02
5.772400000000000000e+04 3.807651798984413299e-15 3.772080777032151653e-15 3.711963186865976211e-15 1.946670561122040226e+02 4.783254666666666139e+02
5.773500000000000000e+04 3.717115629488164897e-15 3.726078264909753041e-15 3.709085896671640076e-15 1.840037285258809163e+02 4.493813999999999851e+02
5.775600000000000000e+04 3.762273230362563338e-15 3.821731899530101130e-15 3.800841946840367620e-15 1.971068341410236542e+02 4.851090000000000373e+02
5.776700000000000000e+04 3.528429478413930189e-15 3.632589924828183867e-15 3.629730345210497921e-15 1.407743578103408595e+02 3.347646000000000299e+02
5.777900000000000000e+04 6.782633080401878650e-15 6.322739819809610689e-15 5.997394310437003924e-15 1.314487843547527461e+02 3.108796000000000390e+02
5.779000000000000000e+04 3.722862790765920241e-15 3.668668709608843270e-15 3.773282075781097796e-15 1.705715334495930904e+02 4.131294666666666444e+02
5.780000000000000000e+04 3.940118291745429033e-15 3.828610429676215617e-15 3.836918453815611650e-15 1.594501234126289262e+02 3.834907999999999788e+02
5.781400000000000000e+04 3.798310360225413769e-15 3.702419292608897957e-15 3.703777034163307448e-15 1.429934840746753935e+02 3.405076666666666370e+02
5.783600000000000000e+04 3.785366999595480770e-15 3.711494322432267907e-15 3.740698438619515215e-15 1.342207994940501408e+02 3.179445999999999799e+02
5.784600000000000000e+04 3.714738096498710723e-15 3.543898566480325218e-15 3.509369858764422639e-15 1.473540344121208818e+02 3.518570666666666398e+02
5.785700000000000000e+04 4.152484706423977475e-15 3.788770153367921930e-15 3.838788490883318006e-15 8.254770318509915228e+01 1.894492666666666594e+02
5.786700000000000000e+04 3.826835348498190005e-15 3.631527137722630932e-15 3.688387683570238902e-15 1.520304784118812336e+02 3.640510000000000446e+02
5.787600000000000000e+04 3.623121074403507753e-15 3.728571041715379193e-15 3.721950135646450645e-15 2.507245925706874914e+02 6.373123333333332994e+02
5.797200000000000000e+04 3.471976113357156120e-15 3.545365763825144558e-15 3.483651517822697200e-15 2.047667022930853307e+02 5.063522666666666510e+02
5.798200000000000000e+04 3.390131634835662355e-15 3.498846597436675244e-15 3.465840467304158026e-15 1.939098223371624101e+02 4.763890666666666789e+02
5.799300000000000000e+04 3.530268603973009920e-15 3.566840323963642006e-15 3.576251287318379614e-15 2.065241471089045149e+02 5.111512000000000171e+02
5.800300000000000000e+04 3.481992948800562500e-15 3.586137463163929393e-15 3.546293877924943175e-15 2.032320567588809865e+02 5.020572000000000230e+02
5.804700000000000000e+04 6.328873106605140311e-15 3.383857907831636048e-15 3.378190555209913592e-15 1.818430479822803534e+02 4.433026666666666529e+02
5.805700000000000000e+04 3.549001168787991413e-15 3.420255357597473363e-15 3.360767432092201952e-15 1.916880976533536796e+02 4.702651333333333241e+02
5.806700000000000000e+04 3.531810493323857146e-15 3.402054018449984757e-15 3.405359190564457123e-15 1.779882194018338453e+02 4.328720000000000141e+02
5.807800000000000000e+04 3.413417987872994464e-15 3.371126533936432727e-15 3.344505304656798219e-15 1.785316125145727710e+02 4.344383333333333326e+02
5.808800000000000000e+04 3.694760854914038570e-15 3.480552048738417502e-15 3.630206010618962556e-15 1.498391519362580198e+02 3.582891999999999939e+02
5.810900000000000000e+04 3.377867437296942341e-15 3.245382935948402261e-15 3.199792363276331667e-15 1.447427508249559196e+02 3.449804000000000315e+02
5.811900000000000000e+04 3.252990585484014211e-15 3.101050933821769580e-15 3.044182287819021344e-15 1.514206440951436718e+02 3.624557333333333418e+02
5.812900000000000000e+04 3.192759681902325742e-15 3.112804971890453004e-15 3.122954836758553884e-15 1.571390642738002725e+02 3.774336666666666815e+02
5.813900000000000000e+04 3.276827727647017300e-15 3.035097809471461966e-15 2.970732054056626172e-15 1.323647493389949261e+02 3.131690666666666516e+02
5.814900000000000000e+04 3.446531689961787290e-15 2.334497441936269778e-15 2.386256251613093280e-15 1.028112654474702339e+02 2.389195333333333338e+02
5.815900000000000000e+04 3.274699748550205188e-15 3.122805340575527678e-15 3.062620427855791630e-15 1.457572323306906981e+02 3.476283333333333303e+02
5.817300000000000000e+04 3.097505248607230361e-15 3.062465256272844731e-15 3.086027921616291346e-15 1.373989987637012860e+02 3.261604666666666503e+02
5.818400000000000000e+04 3.269078680577606029e-15 3.141901447438880803e-15 3.152176699128316271e-15 1.256488610190299937e+02 2.960686666666666724e+02
5.819400000000000000e+04 3.153303758191201006e-15 3.156526636804786599e-15 3.150180838306306653e-15 1.450181600327372280e+02 3.457347333333333381e+02
5.820600000000000000e+04 3.046686946981290003e-15 3.141085591430446541e-15 2.996336064441329112e-15 1.374210723601841266e+02 3.261124666666666485e+02
5.821600000000000000e+04 3.095015977614237595e-15 2.987609037529844799e-15 2.964644362725754235e-15 1.389980810417671080e+02 3.303224666666666849e+02
5.822300000000000000e+04 3.360314417873615925e-15 3.190096437413440817e-15 3.262844671868030050e-15 1.501145265417735004e+02 3.590346000000000117e+02
5.823300000000000000e+04 3.053059438181246924e-15 3.148511003636692728e-15 3.124017955059796250e-15 1.342170996446714355e+02 3.179390000000000214e+02
5.824300000000000000e+04 3.082278878706486895e-15 3.222078033563433456e-15 3.235463133848817399e-15 1.474144834225540706e+02 3.519916666666666742e+02
5.833400000000000000e+04 3.469661161782281576e-15 3.322535105578959850e-15 3.135600426243045435e-15 1.291084557671583468e+02 3.048511333333333369e+02
5.834500000000000000e+04 3.209943133427816072e-15 3.240536143403784036e-15 3.240031498496257999e-15 1.413156294888466959e+02 3.361267333333333340e+02
