5.769000000000000000e+04 3.832744017728845888e-15 3.755048767030312980e-15 nan 5.114283182632678972e+02 1.982625999999999976e+03
5.771000000000000000e+04 3.731676933582426109e-15 3.710903981972338912e-15 nan 4.715902399889067169e+02 1.797660000000000082e+03
5.773000000000000000e+04 3.649093194558122439e-15 3.855396861499495272e-15 nan 4.740161971966606984e+02 1.808414666666666790e+03
5.775100000000000000e+04 3.685594190757594438e-15 3.798150738432033504e-15 3.552567567308535278e-15 4.159059738128077583e+02 1.548464666666666744e+03
5.777200000000000000e+04 3.487113150178463808e-15 3.453480284573262350e-15 3.656962364172595878e-15 3.732515727960699223e+02 1.366932000000000016e+03
5.779200000000000000e+04 3.609230253797120862e-15 3.519825249994330764e-15 3.469309945991454560e-15 3.946990121873818680e+02 1.456819999999999936e+03
5.781400000000000000e+04 3.458185650074975596e-15 3.856691177807659051e-15 3.585889680982570074e-15 3.534676002968700459e+02 1.282596000000000004e+03
5.781400000000000000e+04 3.458185650074975596e-15 3.856691177807659051e-15 3.585889680982570074e-15 3.534676002968700459e+02 1.282596000000000004e+03
5.781400000000000000e+04 3.458185650074975596e-15 3.856691177807659051e-15 3.585889680982570074e-15 3.534676002968700459e+02 1.282596000000000004e+03
5.781400000000000000e+04 3.458185650074975596e-15 3.856691177807659051e-15 3.585889680982570074e-15 3.534676002968700459e+02 1.282596000000000004e+03
5.784000000000000000e+04 nan nan nan nan nan
5.790400000000000000e+04 3.803568635542620188e-15 3.889118228475873300e-15 3.710788510093460264e-15 5.392050589254638453e+02 2.116008666666666613e+03
5.792400000000000000e+04 3.719383272232860050e-15 3.822712952654570203e-15 3.553158244611424331e-15 4.440397876042146095e+02 1.674074666666666644e+03
5.794500000000000000e+04 nan nan nan nan nan
5.798500000000000000e+04 3.688455788805095776e-15 3.769900552121417253e-15 3.713433476539351853e-15 5.311080154982314525e+02 2.074611333333333278e+03
5.800700000000000000e+04 3.658442077366200871e-15 3.813294338644580861e-15 nan 5.291094667139437888e+02 2.065564666666666653e+03
5.802700000000000000e+04 nan nan nan nan nan
5.804700000000000000e+04 3.546816915525344364e-15 3.844019901840210259e-15 nan 4.931109736626336826e+02 1.895817333333333181e+03
5.806700000000000000e+04 3.625516905066781372e-15 3.846075331235366061e-15 3.669950094033375984e-15 5.083449053310254158e+02 1.967998000000000047e+03
