5.769000000000000000e+04 5.201825659909274246e-15 5.648741324002210979e-15 5.073422564027145812e-15 6.784204080224930067e+01 2.188060000000000116e+02
5.769000000000000000e+04 4.923517527493166920e-15 5.252312693215504191e-15 4.915999424600316044e-15 6.702050996268619087e+01 2.094046666666666852e+02
5.769000000000000000e+04 5.003591042292854522e-15 5.393060365080679219e-15 4.956282235161451169e-15 6.693458324772096546e+01 2.091316666666666606e+02
5.770000000000000000e+04 3.716877125356218313e-15 4.324258405800107768e-15 4.419126850000263735e-15 6.696193570335569234e+01 2.095345000000000084e+02
5.770000000000000000e+04 3.975221160308542160e-15 4.490658442174153281e-15 4.582465039834202537e-15 6.917037242577967504e+01 2.161298333333333517e+02
5.770000000000000000e+04 3.802888350857284387e-15 4.326865214951814121e-15 4.468284408064824111e-15 6.662385359636415672e+01 2.102231666666666570e+02
5.771400000000000000e+04 4.813053012687674184e-15 4.262228561324939322e-15 4.437585013377031990e-15 6.080152422148246671e+01 1.829540000000000077e+02
5.771400000000000000e+04 4.739472834177987966e-15 4.235252514101181235e-15 4.395820474698433089e-15 6.081190660183939656e+01 1.835101666666666631e+02
5.771400000000000000e+04 4.777415458800876463e-15 4.311701857541775207e-15 4.504998099004531675e-15 6.131702505251524116e+01 1.853638333333333321e+02
5.772400000000000000e+04 4.665742450138511663e-15 4.033104183718710066e-15 4.355076137949788041e-15 5.679554260801826615e+01 1.705753333333333330e+02
5.772400000000000000e+04 4.932026115851130928e-15 4.054381418725278839e-15 4.347756066227790398e-15 5.680837241155661843e+01 1.706958333333333258e+02
5.772400000000000000e+04 4.487761156911574812e-15 3.969725531916956390e-15 4.252446692405032299e-15 5.562547107181228512e+01 1.660075999999999965e+02
5.773500000000000000e+04 4.199170938172318721e-15 3.843346298075316948e-15 3.862938025887586821e-15 5.043504926706673075e+01 1.691039999999999850e+02
5.773500000000000000e+04 3.984770455629265843e-15 3.733242360124823300e-15 3.847584338735893100e-15 4.988435200460376961e+01 1.657158499999999890e+02
5.773500000000000000e+04 3.860816473888671821e-15 3.592853442395299785e-15 3.710340119514080848e-15 5.079627139495752886e+01 1.640656999999999925e+02
5.774500000000000000e+04 nan nan nan nan nan
5.774500000000000000e+04 nan nan nan nan nan
5.774500000000000000e+04 nan 4.431087497739536078e-15 3.902763652978403976e-15 1.814828059507178182e+01 4.736266666666666936e+01
5.775600000000000000e+04 4.168421541467527130e-15 4.012150815655872541e-15 4.089254319124475573e-15 6.052951199701417551e+01 1.804924999999999784e+02
5.775600000000000000e+04 4.226943059267572086e-15 4.213830687175055133e-15 4.210065619635910907e-15 6.153399244009110447e+01 1.849566666666666492e+02
5.775600000000000000e+04 4.425617575619707788e-15 4.260338442362408464e-15 4.315339378118046626e-15 6.323813328378056298e+01 1.914211666666666645e+02
5.776700000000000000e+04 4.751015135094698539e-15 4.877059967797649070e-15 4.954145964782509653e-15 4.558374354983364185e+01 1.542419833333333372e+02
5.776700000000000000e+04 4.446476147311652288e-15 4.764665956452590438e-15 5.093710909387815860e-15 4.444862320777448872e+01 1.538410166666666612e+02
5.776700000000000000e+04 4.391342654558358979e-15 4.453587187041775125e-15 4.573931125360887643e-15 4.362306053905428627e+01 1.437736166666666691e+02
5.777900000000000000e+04 4.584880615248430791e-15 4.454265318918820921e-15 4.724605569143600846e-15 4.644091812751239701e+01 1.345961833333333288e+02
5.777900000000000000e+04 4.521060471778778060e-15 4.184532360451059372e-15 4.592357442809690627e-15 4.566528879531019669e+01 1.305832833333333269e+02
5.777900000000000000e+04 4.860520011766420043e-15 4.325082187087337852e-15 4.562063104286405945e-15 4.573790368831481601e+01 1.311065833333333330e+02
5.779000000000000000e+04 4.755939054703094746e-15 4.710591596216443631e-15 4.912952692714754166e-15 5.059548776849631935e+01 1.505763833333333537e+02
5.779000000000000000e+04 4.906917974557357562e-15 4.747242382264981149e-15 4.938455446829856957e-15 5.197247283822373731e+01 1.547760333333333449e+02
5.779000000000000000e+04 4.615534987114568646e-15 4.422394172997155229e-15 4.862846771431371856e-15 5.054625609991023794e+01 1.501872666666666873e+02
5.780000000000000000e+04 4.219305008416454458e-15 3.838536368839442936e-15 3.971618647259567308e-15 4.938504914521170264e+01 1.504839833333333559e+02
5.780000000000000000e+04 4.145812223839382680e-15 3.740660039503738962e-15 3.857228196512886214e-15 4.849858492540279542e+01 1.475088999999999828e+02
5.780000000000000000e+04 4.203975905843164587e-15 3.844483604704736311e-15 3.890245806445469696e-15 4.898535824274306805e+01 1.488632333333333406e+02
5.781400000000000000e+04 9.447038347887706669e-15 4.727968088526193001e-15 nan 4.533777737247991979e+01 1.344664666666666619e+02
5.781400000000000000e+04 8.332071305328681541e-15 4.616648706040005841e-15 nan 4.487580175085084022e+01 1.329350000000000023e+02
5.781400000000000000e+04 9.219555051674267711e-15 4.690783608531305286e-15 nan 4.622306622806533483e+01 1.372245666666666750e+02
5.784600000000000000e+04 4.148314438360355510e-15 4.272793473083175997e-15 7.681985162046222456e-15 4.694818246161614894e+01 1.447755833333333442e+02
5.784600000000000000e+04 4.488281539490857489e-15 4.496023305336144117e-15 4.229489305660045589e-15 4.687697968087034184e+01 1.447012666666666405e+02
5.784600000000000000e+04 4.026289388716556741e-15 4.188114452715917261e-15 4.254132768241142176e-15 4.656632903624446840e+01 1.432528000000000077e+02
5.785700000000000000e+04 nan nan nan nan nan
5.785700000000000000e+04 4.761328858369806920e-15 4.210950465300371645e-15 4.252882826347690048e-15 2.878577455656036932e+01 8.664293333333333180e+01
5.785700000000000000e+04 nan nan nan nan nan
5.786700000000000000e+04 4.216685727911550186e-15 4.048238388809611241e-15 4.149274681869385399e-15 4.935254721300179881e+01 1.459050166666666541e+02
5.786700000000000000e+04 4.249845999062481563e-15 4.053478514711515953e-15 4.195888485351183427e-15 4.908517716159399669e+01 1.444721499999999992e+02
5.786700000000000000e+04 4.336394308437449028e-15 4.207328133139663262e-15 4.287445368520671950e-15 5.020391475084498722e+01 1.484876500000000021e+02
5.787600000000000000e+04 4.235958205810183653e-15 4.758996444581770473e-15 4.456948836896858830e-15 7.526099925293793547e+01 2.467361666666666622e+02
5.787600000000000000e+04 4.225033822606185063e-15 4.912426523454939267e-15 4.565997257014480314e-15 7.654984699238168844e+01 2.515365000000000180e+02
5.787600000000000000e+04 4.261298287105563191e-15 4.810092228011264720e-15 4.541514207988274474e-15 7.594946977309953695e+01 2.493571666666666715e+02
5.797200000000000000e+04 4.354330197297852283e-15 4.007479782647994872e-15 5.835718596105221295e-15 6.206285054145485702e+01 2.077896666666666476e+02
5.797200000000000000e+04 4.563943035778548925e-15 4.195657291223588462e-15 5.936773068083228798e-15 6.364610323258067837e+01 2.149426666666666677e+02
5.797200000000000000e+04 4.232541275653142623e-15 4.049451834427335917e-15 5.769598831005136519e-15 6.283901205919775634e+01 2.112865000000000180e+02
5.798200000000000000e+04 3.673398234541250972e-15 3.981141553512848450e-15 5.933395363127704690e-15 6.053483113003046867e+01 1.979041666666666686e+02
5.798200000000000000e+04 3.562632865743004763e-15 3.955947682548859621e-15 5.530278415336670741e-15 6.000029721418115969e+01 1.949893333333333487e+02
5.798200000000000000e+04 3.751287916410349827e-15 3.960753242397579947e-15 5.670457446362324043e-15 6.079523272410378354e+01 1.981723333333333414e+02
5.799300000000000000e+04 4.188050345426890325e-15 5.612855483766938108e-15 4.418081680361143569e-15 6.650610051580953552e+01 2.057284999999999968e+02
5.799300000000000000e+04 4.072977568901829705e-15 5.660085057113509176e-15 4.559368243605678974e-15 6.694887298892588490e+01 2.080973333333333244e+02
5.799300000000000000e+04 4.230400952352300486e-15 5.684600629231024701e-15 4.585256020493267437e-15 6.735375610988943151e+01 2.092185000000000059e+02
5.800300000000000000e+04 4.341779345803434557e-15 3.865046164990195900e-15 4.654823209274270438e-15 6.116985026532006486e+01 2.002240000000000180e+02
5.800300000000000000e+04 4.490418863399877214e-15 4.265035886521440066e-15 5.057537080898913580e-15 6.676597578251060838e+01 2.207575000000000216e+02
5.800300000000000000e+04 4.406352214598838096e-15 3.973660927260475201e-15 4.687407531490546200e-15 6.225592628958256824e+01 2.037296666666666738e+02
5.804700000000000000e+04 4.027894775682606852e-15 3.628794169837093501e-15 3.999266451970418198e-15 5.486960789499719482e+01 1.703508333333333269e+02
5.804700000000000000e+04 4.269138281590173290e-15 3.711535375515582529e-15 3.983247231184312829e-15 5.648509388156773525e+01 1.760978333333333410e+02
5.804700000000000000e+04 4.214785271892149998e-15 3.680670983814640773e-15 3.905558179455014492e-15 5.537344279455007978e+01 1.727106666666666683e+02
5.805700000000000000e+04 4.286522400314773296e-15 3.749816348801537789e-15 4.031721229976445147e-15 6.168372166587368355e+01 1.899858333333333178e+02
5.805700000000000000e+04 4.406535859673262457e-15 3.741137586323894303e-15 4.052912702943579374e-15 6.148725655586024175e+01 1.900488333333333344e+02
5.805700000000000000e+04 4.376730396766216528e-15 3.743089171693598377e-15 3.961080818230237019e-15 6.123665332812795015e+01 1.888456666666666592e+02
5.806700000000000000e+04 4.240351141299125482e-15 4.680262161409497671e-15 4.459069147292883636e-15 5.689443007233182925e+01 1.881680000000000064e+02
5.806700000000000000e+04 4.249667219836129130e-15 4.744977409352693594e-15 4.556982286533729925e-15 5.957107011078098679e+01 1.878905000000000030e+02
5.806700000000000000e+04 4.367675760284875797e-15 5.020078650365895345e-15 4.786980832045200964e-15 6.219336204377945876e+01 2.022766666666666708e+02
5.807800000000000000e+04 4.053856393273571425e-15 3.682022759225684230e-15 3.726252526792878587e-15 6.211236452574149780e+01 1.883091666666666413e+02
5.807800000000000000e+04 3.953407337459841229e-15 3.648377296746684799e-15 3.689805601348542632e-15 6.136664856346338581e+01 1.852601666666666631e+02
5.807800000000000000e+04 3.931859421630443024e-15 3.622634562599924839e-15 3.621969667198258756e-15 6.154281871748459309e+01 1.861653333333333364e+02
5.808800000000000000e+04 4.367540100357250600e-15 4.109872483019296692e-15 4.633941641707114936e-15 4.976860457870228771e+01 1.528269500000000107e+02
5.808800000000000000e+04 4.360810964012249687e-15 4.056861147655906926e-15 4.554073154569687112e-15 5.226510888101225305e+01 1.610588166666666723e+02
5.808800000000000000e+04 4.043663170999817438e-15 4.058852956581238094e-15 4.481406683753252856e-15 5.312631243608264953e+01 1.630626166666666563e+02
5.811900000000000000e+04 3.832748063239408559e-15 3.661859045097661060e-15 3.814880232407258883e-15 5.433021663805168799e+01 1.677483333333333348e+02
5.811900000000000000e+04 4.021084500635847363e-15 3.654061073103130964e-15 3.780096624490794869e-15 5.478891970049679827e+01 1.686689999999999827e+02
5.811900000000000000e+04 1.746939781756443360e-15 1.669701177829367453e-15 1.745313914311135340e-15 2.725901013827455799e+01 7.671926666666666961e+01
5.812900000000000000e+04 3.875196924522542036e-15 3.505409925551598280e-15 3.521583530917226796e-15 5.133539389986916035e+01 1.530965166666666448e+02
5.812900000000000000e+04 4.082552139686033808e-15 3.545206719108187692e-15 4.032113257477990548e-15 5.203041835091779888e+01 1.556903166666666607e+02
5.812900000000000000e+04 4.155766825046511890e-15 3.520127638796828460e-15 3.943272284196888580e-15 5.207480612973571255e+01 1.557002000000000237e+02
5.813900000000000000e+04 3.169209957821468793e-15 2.963269303059195744e-15 2.954148670171362217e-15 4.483053371057560810e+01 1.294304500000000075e+02
5.813900000000000000e+04 2.940631443565909996e-15 2.828219257641906777e-15 2.798955683522996810e-15 4.343617353728325980e+01 1.242474500000000006e+02
5.813900000000000000e+04 3.905093706699598297e-15 3.319667054532395500e-15 3.273338895087818223e-15 4.861057953265639497e+01 1.419277833333333376e+02
5.814900000000000000e+04 3.575283948366422170e-15 3.108212010805349387e-15 3.491507391637706682e-15 4.112968257787123605e+01 1.337172166666666726e+02
5.814900000000000000e+04 3.569035901222119149e-15 3.182759440939654600e-15 3.426583586808198867e-15 3.991405110467488271e+01 1.245144333333333293e+02
5.814900000000000000e+04 3.866520142513620411e-15 3.184126960797982196e-15 3.558890144679680373e-15 4.119605036470228043e+01 1.279189833333333297e+02
5.815900000000000000e+04 3.407277977070617871e-15 3.409291966830030164e-15 3.453490061947355628e-15 5.018962558759349690e+01 1.472274500000000046e+02
5.815900000000000000e+04 3.271572412632160223e-15 3.333874947811621133e-15 3.398942367846277135e-15 4.936424787479540299e+01 1.453085666666666498e+02
5.815900000000000000e+04 3.509618743529856188e-15 3.565969294134564337e-15 3.600136413625525852e-15 5.249433873998914635e+01 1.557787999999999897e+02
5.817300000000000000e+04 2.033957278857908202e-15 2.042673805320870972e-15 2.066184610011198214e-15 2.517578461155984115e+01 6.858363333333333856e+01
5.817300000000000000e+04 1.850568767756529518e-15 2.108861878902020175e-15 2.066015666877893625e-15 2.591126716498997951e+01 7.049168333333334147e+01
5.817300000000000000e+04 1.920609755805581510e-15 1.818777467745943564e-15 1.880432103671465234e-15 2.267045703732157591e+01 6.126214999999999833e+01
5.818400000000000000e+04 7.944597119431682006e-15 4.422396157481627959e-15 4.313172674992575385e-15 4.866554268650583737e+01 1.517776499999999942e+02
5.818400000000000000e+04 7.263208856905011672e-15 4.326035532577100109e-15 4.298999992426509958e-15 4.734968492821993635e+01 1.474129499999999950e+02
5.818400000000000000e+04 6.150871697844544257e-15 4.397476532446569712e-15 4.239467105694241741e-15 4.693614889552221570e+01 1.461568666666666729e+02
5.819400000000000000e+04 4.123730220124328044e-15 4.140385902271100730e-15 4.316404768675464298e-15 5.283752974598775154e+01 1.545945333333333451e+02
5.819400000000000000e+04 4.000514373432221780e-15 4.146221220579685295e-15 4.362181439606756736e-15 5.238967836592767213e+01 1.531387500000000159e+02
5.819400000000000000e+04 4.281613603227947740e-15 4.277404019977647343e-15 4.469650741699189261e-15 5.354995321962398691e+01 1.570738333333333401e+02
5.820600000000000000e+04 3.856701729724193932e-15 3.638349280445105080e-15 3.632505837871216538e-15 4.924917012937855532e+01 1.538097833333333142e+02
5.820600000000000000e+04 4.275951863659871313e-15 3.774547178795991858e-15 3.825945356415165016e-15 5.086501725732730250e+01 1.592919166666666513e+02
5.820600000000000000e+04 3.984755332515711092e-15 3.650251558030170357e-15 3.674939998848555464e-15 5.021275074112416092e+01 1.564301000000000101e+02
5.821600000000000000e+04 4.197566893147149396e-15 3.914644948906427312e-15 3.963305626631986865e-15 5.608553755364193449e+01 1.730701666666666654e+02
5.821600000000000000e+04 4.447978129577582824e-15 4.021846443462264281e-15 4.019628536678933126e-15 5.712502541313724436e+01 1.772319999999999993e+02
5.821600000000000000e+04 4.485104582318179209e-15 4.011442396537161662e-15 4.051866505633075812e-15 5.760304623754564801e+01 1.787301666666666620e+02
5.822300000000000000e+04 4.480553209432953388e-15 4.417150967864808551e-15 4.442961722848286038e-15 5.185631277136199913e+01 1.586633666666666613e+02
5.822300000000000000e+04 4.563632210974494038e-15 4.356722853464834672e-15 4.442020614506828059e-15 5.126993437188009040e+01 1.563630333333333340e+02
5.822300000000000000e+04 4.762493471465720890e-15 4.413446436726575731e-15 4.572090966147377215e-15 5.156890825292344971e+01 1.573259833333333120e+02
5.823300000000000000e+04 3.575781183355089013e-15 4.154274041525711834e-15 3.885827625693707625e-15 4.764633208173762569e+01 1.466640666666666561e+02
5.823300000000000000e+04 3.835738460453062308e-15 4.199964322446973682e-15 4.031384428733111904e-15 4.925780734490012946e+01 1.516032500000000027e+02
5.823300000000000000e+04 3.744007325941844266e-15 4.080516118407614250e-15 3.995988394518343588e-15 4.802125795293997612e+01 1.472458833333333530e+02
5.824300000000000000e+04 4.342497906592474537e-15 4.192669536704331257e-15 4.123324369543127378e-15 5.391123317727944908e+01 1.631662000000000035e+02
5.824300000000000000e+04 4.440746262451697761e-15 4.366317925591359222e-15 4.305538567980629291e-15 5.625484299635112961e+01 1.715586666666666815e+02
5.824300000000000000e+04 1.126694845332754830e-15 1.120571529854601994e-15 1.119658838345059501e-15 1.645208396261799777e+01 4.404499999999999460e+01
5.833400000000000000e+04 3.608864034812004287e-15 3.760956084826308798e-15 4.053393788720041912e-15 4.281780710980509497e+01 1.325260833333333323e+02
5.833400000000000000e+04 3.695404878207349057e-15 3.735161416817459279e-15 3.976131034547854112e-15 4.201110601563954106e+01 1.297260500000000150e+02
5.833400000000000000e+04 3.970871103775352187e-15 3.727580775775182428e-15 3.994932079392071477e-15 4.330543792479883081e+01 1.335814666666666710e+02
5.834500000000000000e+04 3.943371613799851202e-15 4.355814158142533236e-15 4.348539938324241185e-15 5.410473827271472658e+01 1.599418666666666695e+02
5.834500000000000000e+04 4.020498391694873223e-15 4.350808424062197105e-15 4.227060223222828574e-15 5.345147716149022443e+01 1.576193666666666786e+02
5.834500000000000000e+04 4.104594408696342568e-15 4.352844862230103328e-15 4.237951344252731708e-15 5.367601176322119017e+01 1.584805500000000222e+02
5.836200000000000000e+04 nan nan nan nan nan
