5.750800000000000000e+04 1.306255465872227013e-14 7.690050550638710987e-15 nan 1.346888955650494211e+02 6.797731111111111204e+02
5.750800000000000000e+04 1.265253938729949444e-14 7.495764928047864338e-15 nan 1.295892079339455165e+02 6.419235555555555948e+02
5.750800000000000000e+04 1.293414448150229878e-14 7.613013649385028060e-15 nan 1.302452463969782741e+02 6.490008888888888805e+02
5.752000000000000000e+04 nan nan nan nan nan
5.752000000000000000e+04 nan nan nan nan nan
5.752000000000000000e+04 nan nan nan nan nan
5.753000000000000000e+04 1.315151854917816060e-14 7.129292695021986181e-15 nan 1.337262019084173232e+02 7.244842222222222290e+02
5.753000000000000000e+04 1.296493778485441020e-14 6.973137316419227068e-15 nan 1.291132805814191613e+02 6.959828888888888514e+02
5.753000000000000000e+04 1.271877194240630052e-14 6.895020644723458156e-15 nan 1.254040700033887532e+02 6.756808888888888305e+02
5.754700000000000000e+04 1.286500613888652232e-14 7.594313075977874717e-15 nan 1.329478646688971821e+02 6.696862222222222272e+02
5.754700000000000000e+04 1.267826443499020731e-14 7.461525326699062455e-15 nan 1.321759954210727130e+02 6.651086666666666360e+02
5.754700000000000000e+04 1.260856631934553295e-14 7.446412242470259384e-15 nan 1.315764859209882047e+02 6.606435555555555084e+02
5.755800000000000000e+04 1.232797785346121636e-14 6.859743381338277183e-15 nan 1.304596302153911722e+02 6.802022222222221899e+02
5.755800000000000000e+04 1.254046613100611392e-14 6.993582342533193995e-15 nan 1.314589012819783136e+02 6.924477777777777874e+02
5.755800000000000000e+04 1.226956612823197517e-14 6.843993598308000988e-15 nan 1.302432065472861211e+02 6.790275555555556366e+02
5.756800000000000000e+04 1.291920869303894049e-14 7.477643229734436256e-15 nan 1.306107770413311755e+02 6.608257777777778301e+02
5.756800000000000000e+04 1.281777032084592391e-14 7.384617399907999247e-15 nan 1.283520494397561436e+02 6.455364444444444416e+02
5.756800000000000000e+04 1.297658662183450030e-14 7.457136724769278024e-15 nan 1.296376391642775729e+02 6.550788888888888550e+02
5.758300000000000000e+04 1.306560200981252363e-14 7.837460925821073239e-15 nan 1.158480218760181231e+02 5.935257777777777619e+02
5.758300000000000000e+04 1.275585163069645501e-14 7.735314676845311919e-15 nan 1.115708568359476800e+02 5.682306666666667070e+02
5.758300000000000000e+04 1.333602472909060356e-14 8.016528372812073396e-15 nan 9.795368627351376745e+01 4.906706666666666479e+02
5.759900000000000000e+04 1.237169860076734759e-14 7.189291694713444114e-15 nan 1.308468108697785510e+02 6.625502222222221462e+02
5.759900000000000000e+04 1.197992489264600428e-14 7.022510583142703212e-15 nan 1.282061063841541966e+02 6.437660000000000764e+02
5.759900000000000000e+04 1.209101613556273679e-14 7.035199230927728579e-15 nan 1.277900203134142885e+02 6.424433333333333849e+02
5.761000000000000000e+04 1.275536162468940057e-14 7.849733443732353406e-15 nan 1.134767561235004081e+02 5.778688888888888187e+02
5.761000000000000000e+04 1.281279535522469944e-14 7.873288712013513842e-15 nan 1.153568261971070399e+02 5.900640000000000782e+02
5.761100000000000000e+04 1.272126862936582563e-14 7.293221324872311394e-15 nan 1.263772372957566290e+02 6.450095555555556075e+02
5.761200000000000000e+04 1.299939112597399531e-14 7.422736788659205640e-15 nan 1.271733630215114914e+02 6.492466666666666697e+02
5.761200000000000000e+04 1.321315836886556025e-14 7.531653790794282875e-15 nan 1.303557374920285383e+02 6.721335555555555175e+02
5.762000000000000000e+04 1.307866899933893551e-14 7.673268429886623758e-15 nan 1.201721767153550502e+02 6.134148888888888678e+02
5.762000000000000000e+04 1.237843938698974322e-14 7.334488135311362739e-15 nan 1.171960804645235186e+02 5.924148888888888678e+02
5.762000000000000000e+04 1.274296774077288024e-14 7.602880522166083563e-15 nan 1.173147569705296576e+02 5.971571111111111350e+02
5.763300000000000000e+04 1.310325953725997599e-14 7.462039055356784663e-15 nan 1.277395453794635074e+02 6.558804444444443789e+02
5.763300000000000000e+04 1.322505438069232149e-14 7.515635373068488302e-15 nan 1.300852427128900501e+02 6.702351111111111095e+02
5.763300000000000000e+04 1.314429049282123043e-14 7.435390644525430938e-15 nan 1.274265749083957502e+02 6.520491111111110740e+02
5.772400000000000000e+04 1.343903705042641925e-14 8.080246177854539927e-15 nan 1.199481894987017938e+02 5.892851111111111777e+02
5.772400000000000000e+04 1.370694460080464462e-14 8.235550152102954330e-15 nan 1.188113775042076696e+02 5.815457777777778574e+02
5.772400000000000000e+04 1.353247357413527486e-14 8.163631964939205774e-15 nan 1.195046149365741428e+02 5.859608888888889169e+02
5.773600000000000000e+04 1.266062850718443736e-14 7.534440991664711902e-15 nan 9.811574188879686176e+01 4.911475555555555275e+02
5.773600000000000000e+04 1.275508900320596990e-14 7.565986510871012428e-15 nan 9.955949580985965497e+01 4.985084444444444784e+02
5.773600000000000000e+04 1.262800901634922987e-14 7.540124322929990282e-15 nan 9.897070353067198312e+01 4.947004444444444289e+02
5.774600000000000000e+04 1.243166251858509206e-14 7.036456526196984199e-15 nan 1.122995230145758114e+02 5.346704444444444562e+02
5.774600000000000000e+04 1.257052527754078177e-14 7.098961934165357683e-15 nan 1.142423965623194704e+02 5.463493333333333339e+02
5.774600000000000000e+04 1.251975545738484698e-14 7.022181408956218488e-15 nan 1.132591528561964225e+02 5.398808888888888760e+02
5.775700000000000000e+04 1.290686807542351435e-14 7.986527717194643034e-15 nan 1.028865556822569545e+02 5.031213333333333253e+02
5.775700000000000000e+04 1.235277045976488521e-14 7.831775566371262357e-15 nan 1.001635345709362213e+02 4.898646666666666647e+02
5.775700000000000000e+04 1.269923821761008314e-14 7.964380555988165976e-15 nan 1.019134834592460663e+02 5.026753333333332989e+02
5.776900000000000000e+04 1.288183064181209673e-14 7.767346150062922099e-15 nan 9.465268530519432488e+01 4.387582222222221731e+02
5.776900000000000000e+04 1.312450184124299772e-14 7.899937172843248816e-15 nan 9.705950428820381148e+01 4.573377777777777737e+02
5.776900000000000000e+04 1.274371058140479605e-14 7.751082089095504056e-15 nan 9.501361462123489332e+01 4.426522222222221785e+02
5.777900000000000000e+04 1.251725192632929853e-14 6.890551282728414758e-15 nan 9.786558607971264223e+01 4.360808888888888646e+02
5.777900000000000000e+04 1.248602067310010422e-14 6.884642760764982956e-15 nan 9.848953051972942774e+01 4.398815555555555079e+02
5.777900000000000000e+04 1.257562673400229546e-14 6.890789342242226109e-15 nan 9.900702050966377499e+01 4.421746666666666670e+02
5.779100000000000000e+04 1.336166991162568934e-14 8.109164834055422025e-15 nan 1.120761253520732339e+02 5.378388888888888459e+02
5.779100000000000000e+04 1.336343969960436114e-14 8.118025497817452143e-15 nan 1.128347419525593409e+02 5.428964444444444553e+02
5.779100000000000000e+04 1.308896674853370712e-14 7.966316192551219100e-15 nan 1.107546321555173989e+02 5.285962222222223090e+02
5.780100000000000000e+04 1.259344307952469397e-14 7.707340368480553175e-15 nan 9.499366651478074175e+01 4.497862222222222499e+02
5.780100000000000000e+04 1.231452585427177894e-14 7.527356477399447400e-15 nan 9.383086384491144827e+01 4.437035555555555675e+02
5.780100000000000000e+04 1.246852581464254252e-14 7.573606996048005821e-15 nan 9.353229310886781889e+01 4.446408888888888669e+02
5.781400000000000000e+04 1.222529865879500345e-14 6.892408279423186313e-15 nan 9.588423510626235213e+01 4.285775555555555911e+02
5.781400000000000000e+04 1.185455120167699907e-14 6.887564417466973388e-15 nan 9.540759027743074228e+01 4.251937777777778251e+02
5.781400000000000000e+04 1.235309218556683613e-14 6.977397914224248898e-15 nan 9.667634698118874326e+01 4.341379999999999768e+02
5.782400000000000000e+04 1.293638349134804570e-14 7.396706675902333074e-15 nan 9.315781509033897123e+01 4.353779999999999859e+02
5.782400000000000000e+04 1.325584736539460470e-14 7.677228061925255141e-15 nan 9.523408794702238822e+01 4.492586666666666702e+02
5.782400000000000000e+04 1.298379016203801374e-14 7.512686178816871250e-15 nan 9.302875904299477838e+01 4.354142222222222358e+02
5.785700000000000000e+04 1.351707549004310017e-14 8.004123990356085164e-15 nan 8.506052622693916021e+01 4.143891111111110490e+02
5.785700000000000000e+04 nan nan nan nan nan
5.785700000000000000e+04 1.363019965291981220e-14 7.977448891770102593e-15 nan 8.273179627554659987e+01 3.988693333333333157e+02
5.785700000000000000e+04 nan nan nan nan nan
5.785700000000000000e+04 1.339079116529970462e-14 7.897330693253807431e-15 nan 9.177393870350437055e+01 4.437888888888888914e+02
5.786700000000000000e+04 1.329334529618513789e-14 7.896152769049075336e-15 nan 1.006768437948838368e+02 4.563315555555554965e+02
5.786700000000000000e+04 1.344619103921055839e-14 7.964775032327893949e-15 nan 1.014138433363903999e+02 4.592497777777778083e+02
5.786700000000000000e+04 1.383083711598312052e-14 7.729129477054315602e-15 nan 9.593040756440119310e+01 4.272997777777778197e+02
5.787700000000000000e+04 1.235885214801308702e-14 6.798965111931141958e-15 nan 1.312962000961782394e+02 7.021191111111111240e+02
5.787700000000000000e+04 1.258014635041677788e-14 6.773142527457004899e-15 nan 1.331920243232808048e+02 7.134322222222222081e+02
5.787700000000000000e+04 1.270974080261860600e-14 6.938111688046998062e-15 nan 1.348511102466833051e+02 7.273233333333332666e+02
5.788800000000000000e+04 1.251052016129358001e-14 7.111444230208284002e-15 nan 1.244135073758118040e+02 6.488382222222222708e+02
5.788800000000000000e+04 1.282627272382189497e-14 7.303350603013690573e-15 nan 1.266095454287749362e+02 6.634251111111111641e+02
5.788800000000000000e+04 1.293077852960112049e-14 7.381252588032949410e-15 nan 1.254988657323765722e+02 6.556782222222221890e+02
5.790100000000000000e+04 1.266324654582675764e-14 6.848932457661378651e-15 nan 1.275050233353154283e+02 6.319097777777777765e+02
5.790100000000000000e+04 1.266905320249952437e-14 6.825241793411879543e-15 nan 1.257950753779416573e+02 6.208160000000000309e+02
5.790100000000000000e+04 1.267646819409865404e-14 6.838004029988860048e-15 nan 1.276807235049794684e+02 6.321791111111111832e+02
5.791100000000000000e+04 1.327851762831422307e-14 8.029664521911165799e-15 nan 1.248348944015542514e+02 6.655453333333333603e+02
5.791100000000000000e+04 1.310807983742043966e-14 7.905139493487693490e-15 nan 1.225162649742608210e+02 6.471171111111111713e+02
5.791100000000000000e+04 1.331792854956241344e-14 8.074648439582935408e-15 nan 1.250106866163865647e+02 6.621459999999999582e+02
5.792200000000000000e+04 1.300660846163119517e-14 7.228655278024886615e-15 nan 1.296567491120158593e+02 6.543764444444443598e+02
5.792200000000000000e+04 1.291545832305965120e-14 7.213714259219808922e-15 nan 1.286452145030598331e+02 6.477502222222221917e+02
5.792200000000000000e+04 1.280177788655490077e-14 7.117084027627753398e-15 nan 1.261846591323620856e+02 6.308035555555555902e+02
5.793300000000000000e+04 1.328025752057831296e-14 7.161250851282784076e-15 nan 1.252125843956469424e+02 6.122062222222222090e+02
5.793300000000000000e+04 1.310353024206211801e-14 7.117976910969508782e-15 nan 1.225641245869964138e+02 5.944977777777778556e+02
5.793300000000000000e+04 1.284938722899058309e-14 7.075721902673769274e-15 nan 1.264627306437892429e+02 6.204080000000000155e+02
5.808900000000000000e+04 1.487718000452536220e-14 8.869377181068377481e-15 nan 7.427319983092151290e+01 3.677104444444444766e+02
5.808900000000000000e+04 nan nan nan nan nan
5.808900000000000000e+04 4.440165935979243481e-15 2.592752548269395082e-15 nan 4.160081580232957776e+01 1.759081777777777802e+02
5.811000000000000000e+04 1.493807216386247498e-14 8.675731158848199236e-15 nan 1.285171880912586175e+02 6.445120000000000573e+02
5.811000000000000000e+04 1.524340004540760990e-14 8.842034818923308746e-15 nan 1.302186946913965357e+02 6.552993333333333794e+02
5.811000000000000000e+04 1.524635012289453785e-14 8.865934121904254344e-15 nan 1.298469496728260140e+02 6.545182222222222208e+02
5.812100000000000000e+04 1.401981741826303357e-14 8.517568007323351207e-15 nan 1.185603123476225704e+02 5.858171111111111031e+02
5.812100000000000000e+04 1.394511797185807199e-14 8.321373194037907588e-15 nan 1.190021736518759639e+02 5.896271111111111622e+02
5.812100000000000000e+04 1.396956266404426036e-14 8.317708963001448713e-15 nan 1.183682812144224670e+02 5.852811111111111586e+02
5.813300000000000000e+04 1.481250355909480671e-14 8.587638075005551610e-15 nan 1.287499158089962066e+02 6.417751111111111868e+02
5.813300000000000000e+04 1.477164796361802505e-14 8.650299920423769157e-15 nan 1.291147272454401502e+02 6.451595555555555848e+02
5.813300000000000000e+04 1.516407168265656561e-14 8.798188022183553428e-15 nan 1.312158334465486007e+02 6.588477777777777646e+02
5.814300000000000000e+04 1.409494765989216629e-14 7.867774492355909851e-15 nan 1.261180158450586646e+02 6.220871111111110849e+02
5.814300000000000000e+04 1.348928140775397998e-14 7.584301110102095559e-15 nan 1.218543144921585508e+02 5.960386666666666997e+02
5.814300000000000000e+04 1.392171086486237159e-14 7.770566185850964241e-15 nan 1.250581961455936693e+02 6.155455555555555520e+02
5.815300000000000000e+04 1.396779864987012484e-14 8.364509666979281961e-15 nan 1.072299545650594297e+02 5.446546666666666852e+02
5.815300000000000000e+04 nan nan nan nan nan
5.815600000000000000e+04 1.478135380591381921e-14 8.581492206575352206e-15 nan 1.116653378161081918e+02 5.415713333333333139e+02
5.815600000000000000e+04 1.476552678415040600e-14 8.577069100745576622e-15 nan 1.119401998256066264e+02 5.425615555555555147e+02
5.815600000000000000e+04 1.465434125395741419e-14 8.524351653303251167e-15 nan 1.108592356639577616e+02 5.358404444444444152e+02
5.816400000000000000e+04 1.361810718879410584e-14 7.756926603610377563e-15 nan 1.163945089280578458e+02 5.549371111111111077e+02
5.816400000000000000e+04 1.401347427229572341e-14 7.885384139495683982e-15 nan 1.174994208165705771e+02 5.628253333333333330e+02
5.816400000000000000e+04 1.379422850578579893e-14 7.822706859331355419e-15 nan 1.170876793118628427e+02 5.604211111111111450e+02
5.817600000000000000e+04 1.363324107073766821e-14 7.782121999748079600e-15 nan 1.153768558000252540e+02 5.540359999999999445e+02
5.817600000000000000e+04 1.346786445860148321e-14 7.629110335072963097e-15 nan 1.140965575637866323e+02 5.448437777777778592e+02
5.817600000000000000e+04 1.352459110202467357e-14 7.735937806743253657e-15 nan 1.155004199102459523e+02 5.563435555555555538e+02
5.818600000000000000e+04 1.380901852759459426e-14 7.813809826055480004e-15 nan 1.181894968512516755e+02 5.800382222222222026e+02
5.818600000000000000e+04 1.363237041967334868e-14 7.968504318208289436e-15 nan 1.155678640623027178e+02 5.605986666666666451e+02
5.818600000000000000e+04 1.401561468144001087e-14 7.840897539086823015e-15 nan 1.182985627451701589e+02 5.819277777777778056e+02
5.818600000000000000e+04 1.377193033570755584e-14 7.700080969092703564e-15 nan 1.165718094743484414e+02 5.701948888888889542e+02
5.819700000000000000e+04 1.412369598145532793e-14 8.467446140863576947e-15 nan 1.186454626480986292e+02 5.715006666666666888e+02
5.819700000000000000e+04 1.402498161587963185e-14 8.312657051001117545e-15 nan 1.177409181184214333e+02 5.651273333333333539e+02
5.819700000000000000e+04 1.410856379606636792e-14 8.384850617927981545e-15 nan 1.170279874136842579e+02 5.603006666666666433e+02
5.820800000000000000e+04 1.294231114717832506e-14 7.873920426803081112e-15 nan 8.114189768253976354e+01 4.692642222222222017e+02
5.820800000000000000e+04 1.295669280934957768e-14 7.886059777645312752e-15 nan 8.138392052046637559e+01 4.715597777777777537e+02
5.820900000000000000e+04 1.256886271031983733e-14 7.243695948783467313e-15 nan 8.001285627452647020e+01 4.574395555555555575e+02
5.820900000000000000e+04 1.297596850123738550e-14 7.546677867185718389e-15 nan 8.819570148086715733e+01 4.938897777777777947e+02
5.820900000000000000e+04 1.281652196264652489e-14 7.257389546989686533e-15 nan 7.865710679817169648e+01 4.548786666666666747e+02
5.821800000000000000e+04 1.434223179574849491e-14 7.849165283794706290e-15 nan 5.244838781893798796e+01 2.016252222222222201e+02
5.821800000000000000e+04 1.412818172028497722e-14 7.843825578814661061e-15 nan 5.746837877419947915e+01 2.246057777777777744e+02
5.821800000000000000e+04 1.446841969962114263e-14 7.995309622090513956e-15 nan 3.324595526507017240e+01 1.196831555555555582e+02
5.822200000000000000e+04 1.427242711870027632e-14 8.442561818098068324e-15 nan 1.111807498140114490e+02 5.230948888888889314e+02
5.822200000000000000e+04 1.449148168783386669e-14 8.632470077599924238e-15 nan 1.070557505697303355e+02 4.963946666666666374e+02
5.822200000000000000e+04 1.419846019933798156e-14 8.425501446282070823e-15 nan 1.103985989854816268e+02 5.177977777777778101e+02
5.823300000000000000e+04 1.385566211744160617e-14 8.466530558591999087e-15 nan 1.076519409059415153e+02 5.071762222222222363e+02
5.823300000000000000e+04 1.393780753894267121e-14 8.550500318690573278e-15 nan 1.045602200955595720e+02 4.885482222222221935e+02
5.823300000000000000e+04 1.315290131920262508e-14 8.098432218948091581e-15 nan 8.200323332309159241e+01 3.579782222222222572e+02
5.824300000000000000e+04 1.386474815163866670e-14 8.340154261724635782e-15 nan 1.138911845833429624e+02 5.461528888888889242e+02
5.824300000000000000e+04 1.412999277442550669e-14 8.494646319530854917e-15 nan 1.157456061043895517e+02 5.575146666666666988e+02
5.824300000000000000e+04 1.377024285545821673e-14 8.270704345981867635e-15 nan 1.136753062094034732e+02 5.423582222222222526e+02
5.825400000000000000e+04 1.448676101793742472e-14 8.336250792728717575e-15 nan 1.080989474300361763e+02 5.094044444444444366e+02
5.825400000000000000e+04 1.406565581299567861e-14 8.124807928172318105e-15 nan 1.119548727412762332e+02 5.364188888888888869e+02
5.825400000000000000e+04 1.405760972032978184e-14 8.134248111049440139e-15 nan 1.119877500898150373e+02 5.371386666666667224e+02
5.826400000000000000e+04 1.390415446511477465e-14 8.351229108035643243e-15 nan 6.526577879097578716e+01 3.013637777777777842e+02
5.826400000000000000e+04 1.430902137395455863e-14 8.610189019612590183e-15 nan 8.821896506921545722e+01 4.314220000000000255e+02
5.826400000000000000e+04 1.354057059711292187e-14 8.161813436226730145e-15 nan 6.638837116775908953e+01 3.263182222222222322e+02
5.827400000000000000e+04 1.354986939575802624e-14 7.577968709677167144e-15 nan 1.099434342747509135e+02 5.174113333333333458e+02
5.827400000000000000e+04 1.381862106009515113e-14 7.798923887418228863e-15 nan 1.141114411324040390e+02 5.441755555555555475e+02
5.827400000000000000e+04 1.385799754487199668e-14 7.788105015653898206e-15 nan 1.132811145388681098e+02 5.396733333333332894e+02
5.828400000000000000e+04 1.411389530247896236e-14 8.078049469119501544e-15 nan 1.042497584435954963e+02 4.878228888888888832e+02
5.828400000000000000e+04 1.425571618546447927e-14 8.079064005424718812e-15 nan 1.041660658079930784e+02 4.884868888888888705e+02
5.828400000000000000e+04 1.435754400258707748e-14 8.133523247727270320e-15 nan 1.060453092188419788e+02 4.993246666666667011e+02
5.829300000000000000e+04 1.432765252360113776e-14 8.094388913529687489e-15 nan 9.487723958689230130e+01 4.700428888888889105e+02
5.829300000000000000e+04 1.441618051969365671e-14 8.045307495504135197e-15 nan 9.416713627782456797e+01 4.697124444444444862e+02
5.829300000000000000e+04 1.404583891765056916e-14 7.925031007972577709e-15 nan 9.552829729433513251e+01 4.844791111111111377e+02
5.830800000000000000e+04 1.418560957945737636e-14 8.234320593832787946e-15 nan 1.140892273988716568e+02 5.382980000000000018e+02
5.830800000000000000e+04 1.403689406774673405e-14 8.216563229859558061e-15 nan 1.129168775069831128e+02 5.301779999999999973e+02
5.830800000000000000e+04 1.423094957060673887e-14 8.207915641523920176e-15 nan 1.134656513407720553e+02 5.331846666666666579e+02
5.831800000000000000e+04 1.540446706658971147e-14 8.842626050054346796e-15 nan 1.018318296656247242e+02 4.950977777777778215e+02
5.831800000000000000e+04 1.479292921523739319e-14 8.529487535180173594e-15 nan 1.018334200640515661e+02 4.942146666666666874e+02
5.831800000000000000e+04 1.476788489922897245e-14 8.473505732445280157e-15 nan 1.002835245155504964e+02 4.859575555555555866e+02
5.832900000000000000e+04 1.390282146453995713e-14 8.018715020570327084e-15 nan 9.609445270093993940e+01 4.757928888888889105e+02
5.832900000000000000e+04 1.455214775240557298e-14 8.288726957180398769e-15 nan 1.011783869829076394e+02 5.066135555555555925e+02
5.832900000000000000e+04 1.395923207355587164e-14 8.026498779322817334e-15 nan 9.746082181130100253e+01 4.830520000000000209e+02
5.833900000000000000e+04 1.350479528962693084e-14 7.841044694575697012e-15 nan 1.055395364356715930e+02 4.967071111111110895e+02
5.833900000000000000e+04 1.369379624673621665e-14 8.064792113511642185e-15 nan 1.062135143750738422e+02 5.005628888888889492e+02
5.833900000000000000e+04 1.372894405810794182e-14 7.987338078214480087e-15 nan 1.064370191342692635e+02 5.030426666666666051e+02
5.834900000000000000e+04 1.413076940362259992e-14 8.337775261604283185e-15 nan 1.031691378910892070e+02 5.026137777777777274e+02
5.834900000000000000e+04 1.395109073604117011e-14 8.361125956827374378e-15 nan 1.018995132507857164e+02 4.943062222222221749e+02
5.834900000000000000e+04 1.406945177530570130e-14 8.504666622652384677e-15 nan 1.032591493222567181e+02 5.026237777777777751e+02
