5.769031127399999968e+04 5.654536067379291752e-15 nan 5.400986674054269405e-15 1.944251459161779394e+02 0.000000000000000000e+00 0.000000000000000000e+00
5.771118394999999873e+04 5.457384993933815271e-15 5.272603067238876357e-15 5.285228180705176596e-15 7.938392642675928812e+01 0.000000000000000000e+00 0.000000000000000000e+00
5.773228775399999722e+04 5.253444767255611637e-15 nan 5.055891598138361538e-15 1.433633995508010344e+02 0.000000000000000000e+00 0.000000000000000000e+00
5.775314875400000165e+04 5.106315753931425277e-15 4.930751171791894873e-15 4.958274506804327610e-15 1.593449326388044938e+02 0.000000000000000000e+00 0.000000000000000000e+00
5.777425257399999828e+04 5.109252041094947981e-15 5.063241452384089459e-15 5.678626614483162353e-15 1.200860826839154498e+02 0.000000000000000000e+00 0.000000000000000000e+00
5.779618955399999686e+04 4.815693425872963868e-15 4.752958707931151596e-15 nan 1.317130753001563050e+02 0.000000000000000000e+00 0.000000000000000000e+00
5.781811958400000003e+04 4.654599635702732686e-15 4.548986363224140441e-15 nan 1.254424836090598063e+02 0.000000000000000000e+00 0.000000000000000000e+00
5.781815592199999810e+04 4.712637007111426979e-15 4.605421433266315989e-15 nan 1.225497472931604079e+02 0.000000000000000000e+00 0.000000000000000000e+00
5.781815592199999810e+04 4.712637007111426979e-15 4.605421433266315989e-15 nan 1.225497472931604079e+02 0.000000000000000000e+00 0.000000000000000000e+00
5.797234950799999933e+04 4.619183944529134773e-15 nan 4.479391265712704441e-15 1.659141179346662511e+02 0.000000000000000000e+00 0.000000000000000000e+00
5.799337645599999814e+04 4.801215590214213948e-15 4.750798235643256243e-15 5.587773887275200051e-15 1.824250106183220907e+02 0.000000000000000000e+00 0.000000000000000000e+00
5.801736454599999706e+04 4.874445595272476658e-15 nan 4.700553783179328297e-15 1.808394980826592757e+02 0.000000000000000000e+00 0.000000000000000000e+00
5.804736989799999719e+04 4.763572035052644479e-15 4.653924870748319381e-15 4.690933050855197132e-15 1.680458955763041047e+02 0.000000000000000000e+00 0.000000000000000000e+00
5.806827619799999957e+04 4.851291424022997869e-15 4.818545623033982090e-15 5.690915239779978664e-15 1.664428735745242136e+02 0.000000000000000000e+00 0.000000000000000000e+00
