5.753000000000000000e+04 1.063665611551679330e-14 9.583909108627899644e-15 nan 1.013550010794809964e+03 5.961894000000000233e+03
5.754700000000000000e+04 1.071490380730924903e-14 9.832315948904764780e-15 nan 9.572696820009514340e+02 5.463784999999999854e+03
5.755800000000000000e+04 1.040637178956313356e-14 9.350159827675842711e-15 1.209214987363735234e-14 9.634751450129268733e+02 5.525987999999999374e+03
5.756800000000000000e+04 1.060148018348713165e-14 1.030908619046950747e-14 nan 9.626078047127961099e+02 5.513657000000000153e+03
5.758300000000000000e+04 1.042818971504177768e-14 9.486528399660386940e-15 1.037802445694088867e-14 8.875842816197639422e+02 4.892833000000000538e+03
5.759900000000000000e+04 1.026620949027110085e-14 9.498078148509353688e-15 nan 9.499255223225866303e+02 5.403011000000000422e+03
5.761000000000000000e+04 1.015346923311060145e-14 9.136316049511870271e-15 1.273601341248940306e-14 7.409065577676105931e+02 3.765151999999999589e+03
5.761200000000000000e+04 1.042361005724669378e-14 1.077794076215976629e-14 nan 9.696963481557402247e+02 5.572488999999999578e+03
5.762000000000000000e+04 1.041536852567412872e-14 9.533161467311442336e-15 nan 8.854887598253540091e+02 4.868210000000000036e+03
5.763300000000000000e+04 1.034102636203994992e-14 1.079184014448484841e-14 1.036942817776021690e-14 9.502768923192281818e+02 5.409737000000000080e+03
5.772400000000000000e+04 9.478274991745825681e-15 8.579301193667093459e-15 9.591978368929240058e-15 8.215859724465057070e+02 4.362217999999999847e+03
5.773600000000000000e+04 9.670453570644774017e-15 1.005818739466742643e-14 9.493963211174660004e-15 7.758729881180155417e+02 4.017872000000000298e+03
5.774600000000000000e+04 9.771138374995031704e-15 9.068795949483895742e-15 nan 8.214460041829646570e+02 4.360193000000000211e+03
5.775700000000000000e+04 9.615762610651979540e-15 9.332529610575464842e-15 9.543251524951624222e-15 7.542182714771702194e+02 3.872500000000000000e+03
5.776900000000000000e+04 9.425192031217135119e-15 8.610223711467844369e-15 9.036621688420103489e-15 7.224387597973001220e+02 3.630152999999999793e+03
5.779100000000000000e+04 9.567972008354500424e-15 9.009982194821624473e-15 nan 7.731448987755900362e+02 3.998008999999999560e+03
5.780100000000000000e+04 9.431781756746797654e-15 8.236309480214159972e-15 nan 7.274512235179995514e+02 3.669566000000000258e+03
5.781400000000000000e+04 9.420466931281577487e-15 8.436611981402797503e-15 nan 6.952187438575306260e+02 3.441662000000000262e+03
5.782400000000000000e+04 9.544423792478632417e-15 8.483108796107996286e-15 9.381656695686563874e-15 7.349651274575865045e+02 3.719979000000000269e+03
5.785700000000000000e+04 9.437870658663518503e-15 8.177294091250081895e-15 9.290381410668710929e-15 6.393325426642057892e+02 3.065518000000000029e+03
5.785700000000000000e+04 8.944266335922357034e-15 9.091703493225697959e-15 nan 3.176712499628293358e+02 1.301566000000000031e+03
5.786700000000000000e+04 9.237759591990040203e-15 8.327381951482561994e-15 nan 6.637444794584192778e+02 3.225969000000000051e+03
5.787700000000000000e+04 9.435806844349609783e-15 1.197839558603993399e-14 nan 9.909062803182893049e+02 5.773911000000000058e+03
5.788800000000000000e+04 9.300835840933394267e-15 9.300222359353299574e-15 nan 9.191621672685909061e+02 5.151667999999999665e+03
5.790100000000000000e+04 9.406887541553389938e-15 8.326118703153319149e-15 nan 7.577272755412014931e+02 3.883773999999999887e+03
5.791100000000000000e+04 1.241840300800959295e-14 8.807836107327636524e-15 nan 8.034962932015291699e+02 4.225810999999999694e+03
5.792200000000000000e+04 9.293577231903838826e-15 8.564299193518940567e-15 nan 8.387352100045145562e+02 4.495966999999999643e+03
5.793300000000000000e+04 9.568455038733606274e-15 8.358816847114525275e-15 nan 7.848960729737264046e+02 4.083378999999999905e+03
5.808900000000000000e+04 1.052738487817932422e-14 9.463063043153825498e-15 1.056222227291755657e-14 5.580530810159781367e+02 2.556608999999999924e+03
5.811000000000000000e+04 1.082773104374722926e-14 9.621969474689089932e-15 1.038667785998684711e-14 8.846662542870959669e+02 4.861079999999999927e+03
5.812100000000000000e+04 1.064421842639121095e-14 9.887453125078428150e-15 9.588147254864863307e-15 8.400808158909120493e+02 4.503726999999999862e+03
5.813300000000000000e+04 1.078582298280479028e-14 9.528263611674706026e-15 1.045619134495419141e-14 8.889708385748454020e+02 4.896863999999999578e+03
5.814300000000000000e+04 1.068208321165244157e-14 9.708117430971474450e-15 nan 8.562798858941793014e+02 4.631878999999999905e+03
5.816400000000000000e+04 1.072171644077697993e-14 9.712876036842751556e-15 nan 7.883781134215188331e+02 4.108606999999999971e+03
5.817600000000000000e+04 1.085584417364409655e-14 9.896064674848138030e-15 nan 7.892431366321079622e+02 4.116951000000000022e+03
5.818600000000000000e+04 1.064210341597689072e-14 9.699286759728443775e-15 nan 8.207624898933805753e+02 4.355677999999999884e+03
5.819700000000000000e+04 1.084574754737104335e-14 9.798155102244993159e-15 1.068256563208994374e-14 7.995971927281653961e+02 4.193386000000000422e+03
5.820800000000000000e+04 1.085643155848423148e-14 9.941942887387420733e-15 nan 7.692562880889439612e+02 3.968039999999999964e+03
5.820900000000000000e+04 1.069006987897798948e-14 9.729329590509294068e-15 nan 7.334770034782983430e+02 3.708305000000000291e+03
5.821800000000000000e+04 1.074817260646290468e-14 9.664441029472580542e-15 nan 4.162731924861548123e+02 1.753000999999999749e+03
5.822200000000000000e+04 1.513077041641997671e-14 1.001866678123227305e-14 nan 7.534780814526357062e+02 3.851819000000000415e+03
5.823300000000000000e+04 1.087167498172143186e-14 1.003904647464516045e-14 9.504269161319368553e-15 7.636253781829149148e+02 3.928192000000000007e+03
5.824300000000000000e+04 1.087819262828961593e-14 9.712732418080900915e-15 1.016851258411358813e-14 8.341441241094688621e+02 4.458216000000000349e+03
5.825400000000000000e+04 1.103838396340086317e-14 9.751933443102812452e-15 1.089479395158948191e-14 7.560764522164035952e+02 3.874983999999999469e+03
5.826400000000000000e+04 1.117536101958000418e-14 9.966562939605209279e-15 nan 6.359431770739765852e+02 3.050041999999999916e+03
5.827400000000000000e+04 1.097293056099159865e-14 9.968743654164211812e-15 nan 8.034588299096162700e+02 4.222282000000000153e+03
5.828400000000000000e+04 1.127178213483065595e-14 1.010450284173875149e-14 nan 8.084248339618391128e+02 4.260887999999999920e+03
5.829300000000000000e+04 1.116485999890579524e-14 1.005713619978997038e-14 9.391992704565370873e-15 6.568295666405509792e+02 3.184481999999999971e+03
5.830800000000000000e+04 1.114691202726271651e-14 1.028657330285572028e-14 nan 7.675534235603437310e+02 3.955288999999999760e+03
5.831800000000000000e+04 1.147818431481948643e-14 1.016400075048166442e-14 1.127114072233814452e-14 7.313452496986773212e+02 3.700526000000000295e+03
5.833900000000000000e+04 1.132921776295557736e-14 1.026420984462789473e-14 nan 8.120934689009046679e+02 4.293646999999999935e+03
5.834900000000000000e+04 1.143760516285356566e-14 1.030206342986270210e-14 1.080162072441287100e-14 8.101604717059486802e+02 4.275699999999999818e+03
