5.750800000000000000e+04 1.247145528081964638e-14 9.090547056420002147e-17
5.751600000000000000e+04 1.297963603799281240e-14 5.312428260586322931e-17
5.752300000000000000e+04 1.284473187073739604e-14 6.700028879938964584e-17
5.753000000000000000e+04 1.228601908821117050e-14 5.196558638240507948e-17
5.754700000000000000e+04 2.273831626138792479e-14 4.709747102375692866e-16
5.755400000000000000e+04 1.144706472769444614e-14 5.513412656569860125e-16
5.756200000000000000e+04 1.132922736394987800e-14 5.451950386691905262e-17
5.756900000000000000e+04 nan nan
5.758300000000000000e+04 nan nan
5.759100000000000000e+04 nan nan
5.759800000000000000e+04 1.114671354667190647e-14 4.191403587213764186e-17
5.769100000000000000e+04 nan nan
5.769300000000000000e+04 nan nan
5.770100000000000000e+04 1.908753971068863474e-14 5.991663060502469155e-16
5.771100000000000000e+04 1.145795601627367159e-14 6.556411742809614946e-16
5.771900000000000000e+04 1.306443160939806173e-14 2.079812860440430554e-16
5.772600000000000000e+04 1.303366807111340596e-14 4.504749710448105545e-17
5.773300000000000000e+04 1.281341603065442144e-14 2.607775686445871372e-17
5.774100000000000000e+04 nan nan
5.774900000000000000e+04 1.350074215315010595e-14 2.412044367633319326e-17
5.775700000000000000e+04 1.358933287009217894e-14 1.341750614220862297e-16
5.776400000000000000e+04 2.275204571065317070e-14 3.904759769143528402e-16
5.777200000000000000e+04 nan nan
5.777900000000000000e+04 1.865440133655194353e-14 2.202553508681925568e-16
5.778600000000000000e+04 2.725017260121478380e-14 4.710610678366877193e-16
5.779400000000000000e+04 1.918208203230175010e-14 2.549067034242122657e-16
5.780100000000000000e+04 1.354955755601933418e-14 1.178303788489935530e-16
5.780900000000000000e+04 nan nan
5.781700000000000000e+04 1.337373901465947600e-14 5.653465920173620826e-17
5.785700000000000000e+04 1.369809949991160888e-14 0.000000000000000000e+00
5.786400000000000000e+04 1.862974032362783997e-14 1.679148813960051223e-16
5.787800000000000000e+04 1.477314378359368286e-14 1.025668266218347278e-16
5.788700000000000000e+04 1.528435923507502133e-14 3.968372918573529842e-16
5.789400000000000000e+04 1.500794495648390629e-14 1.935404456858362666e-17
5.790300000000000000e+04 nan nan
5.791000000000000000e+04 1.401124547620192806e-14 1.913444759799444902e-16
5.791800000000000000e+04 1.440886173320304673e-14 1.970309554575738076e-16
5.792500000000000000e+04 nan nan
5.793300000000000000e+04 1.742561437672282130e-14 1.347650325724251233e-16
5.794200000000000000e+04 nan nan
5.794900000000000000e+04 2.026014863650493157e-14 2.349535876408465261e-16
5.795600000000000000e+04 2.368849320028539834e-14 2.170150832252228029e-16
5.796400000000000000e+04 2.344534097890838679e-14 3.579923574083802102e-16
5.805500000000000000e+04 nan nan
5.806200000000000000e+04 1.243884178027435840e-14 8.266859535148352321e-17
5.807000000000000000e+04 1.555825090568107782e-14 4.300946024110777997e-17
5.807900000000000000e+04 1.229692844445785249e-14 1.417222008426461928e-16
5.808600000000000000e+04 1.297365912397611577e-14 8.005241212203425644e-17
5.809400000000000000e+04 nan nan
5.811700000000000000e+04 1.854705512047061920e-14 2.643883290006038020e-16
5.812500000000000000e+04 1.687632713780608155e-14 8.677186683718897188e-17
5.813200000000000000e+04 1.286983200854200041e-14 9.947240970794775752e-17
5.814000000000000000e+04 1.260277072266494504e-14 3.226435726310897502e-17
5.814700000000000000e+04 1.248558439822795378e-14 1.780111892495445070e-16
5.815400000000000000e+04 1.187398590833022230e-14 3.135899843779377046e-16
5.816100000000000000e+04 1.219001521990031648e-14 5.675948779035540763e-17
5.816800000000000000e+04 nan nan
5.817500000000000000e+04 nan nan
5.818200000000000000e+04 1.217376268800139047e-14 7.663650074025368795e-17
5.819000000000000000e+04 nan nan
5.819800000000000000e+04 1.654210047675841459e-14 4.621737918608992905e-16
5.820500000000000000e+04 nan nan
5.822200000000000000e+04 1.456348354784773412e-14 2.237992553660724872e-17
5.822900000000000000e+04 1.429269346191631284e-14 4.110798446457724204e-17
5.823700000000000000e+04 nan nan
5.824400000000000000e+04 2.953330575249170971e-14 2.560125252656573622e-15
5.825300000000000000e+04 1.173567428106545769e-14 9.383957260097274429e-17
