5.750800000000000000e+04 1.120578434553865280e-14 1.323299531186044766e-17
5.751600000000000000e+04 1.143515042393380358e-14 5.520659492049804749e-17
5.752300000000000000e+04 1.063677983072155064e-14 3.232150887103027576e-17
5.753000000000000000e+04 1.115344816021978391e-14 6.703040264249886321e-17
5.754700000000000000e+04 1.012792707926703878e-14 3.597542319240539034e-17
5.755400000000000000e+04 9.933955969361875563e-15 4.340461689703373529e-16
5.756200000000000000e+04 1.006868837537416010e-14 9.239463475563176219e-18
5.756900000000000000e+04 nan nan
5.758300000000000000e+04 nan nan
5.759100000000000000e+04 nan nan
5.759800000000000000e+04 1.025212338544871908e-14 4.978024944587911835e-17
5.769100000000000000e+04 nan nan
5.769300000000000000e+04 9.352302765461195330e-15 0.000000000000000000e+00
5.770100000000000000e+04 1.141261480559639679e-14 6.615489280002438096e-17
5.771100000000000000e+04 1.119405741086951166e-14 1.141122735509478906e-16
5.771900000000000000e+04 1.188991850859185726e-14 6.004810736068088292e-17
5.772600000000000000e+04 1.175867368644475610e-14 8.380274663402425512e-17
5.773300000000000000e+04 1.232338864463287469e-14 4.469313511404407543e-17
5.774100000000000000e+04 nan nan
5.774900000000000000e+04 1.263742804613867998e-14 3.379067616174619668e-17
5.775700000000000000e+04 1.265726746803299065e-14 9.564818571819251935e-17
5.776400000000000000e+04 1.259620537994014880e-14 9.962030278379157914e-18
5.777200000000000000e+04 nan nan
5.777900000000000000e+04 1.169877218039764761e-14 1.793338825880343078e-17
5.778600000000000000e+04 1.222860555458729138e-14 4.763808526633355674e-17
5.779400000000000000e+04 1.225517997153151634e-14 1.247491097222469343e-17
5.780100000000000000e+04 1.220333370768505490e-14 5.294090737152093627e-17
5.780900000000000000e+04 nan nan
5.781700000000000000e+04 1.261018328773877551e-14 3.090883646828535555e-17
5.785700000000000000e+04 1.318164895882590688e-14 0.000000000000000000e+00
5.786400000000000000e+04 1.339120461226483969e-14 2.214919505913259140e-17
5.787800000000000000e+04 1.351017614276539181e-14 2.127871925087563956e-17
5.788700000000000000e+04 1.338222495776209376e-14 1.645470384512755795e-16
5.789400000000000000e+04 1.367751683341738056e-14 1.744724707080374529e-18
5.790300000000000000e+04 nan nan
5.791000000000000000e+04 1.297235226402851212e-14 6.264996533870892857e-17
5.791800000000000000e+04 1.315379848174650369e-14 8.525703785795677336e-17
5.792500000000000000e+04 nan nan
5.793300000000000000e+04 1.298894078065050876e-14 3.302492825991465219e-18
5.794200000000000000e+04 nan nan
5.794900000000000000e+04 1.294512957799548773e-14 6.428040906014752465e-17
5.795600000000000000e+04 1.303833232647296125e-14 5.911155735993166089e-17
5.796400000000000000e+04 1.638712607887987117e-14 3.446547734664863467e-15
5.805500000000000000e+04 nan nan
5.806200000000000000e+04 1.169960077774307299e-14 5.422529402729969385e-17
5.807000000000000000e+04 1.105349540728619965e-14 3.737140701344748325e-17
5.807900000000000000e+04 1.174222914840946241e-14 1.154240581130009236e-17
5.808600000000000000e+04 1.189289472629511930e-14 5.681938837489087440e-17
5.809400000000000000e+04 nan nan
5.811700000000000000e+04 1.253934699907955579e-14 2.634505707581407311e-17
5.812500000000000000e+04 1.243238587838029344e-14 5.423828619617637317e-17
5.813200000000000000e+04 1.193706865534525678e-14 4.875238634875400740e-17
5.814000000000000000e+04 1.143959563493943989e-14 3.927715000555962877e-17
5.814700000000000000e+04 1.162839699638021543e-14 4.164546551553411634e-17
5.815400000000000000e+04 1.027303865552914071e-14 1.544675492118694033e-16
5.816100000000000000e+04 1.107631531741195025e-14 3.192289103352164690e-17
5.816800000000000000e+04 nan nan
5.817500000000000000e+04 nan nan
5.818200000000000000e+04 1.147993865537519918e-14 1.212250858177771412e-16
5.819000000000000000e+04 nan nan
5.819800000000000000e+04 1.138882428480313854e-14 3.315786181990198747e-17
5.820500000000000000e+04 nan nan
5.822200000000000000e+04 1.123153574598460437e-14 1.014527142003304245e-16
5.822900000000000000e+04 1.129842483845923416e-14 1.748161378043958941e-17
5.823700000000000000e+04 nan nan
5.824400000000000000e+04 -2.508640519363684911e-13 3.082875019940713000e-13
5.825300000000000000e+04 1.112991784031149870e-14 5.246145490134409039e-17
