5.753007521200000338e+04 1.219245353932955155e-14 1.105063151839166485e-14 nan 4.175526056778693942e+02 0.000000000000000000e+00 0.000000000000000000e+00
5.754723344999999972e+04 1.194915760193821461e-14 1.091267710345178256e-14 nan 3.961991493376782500e+02 0.000000000000000000e+00 0.000000000000000000e+00
5.755801474600000074e+04 1.181858229293590682e-14 1.077657295981470226e-14 1.444429912513326484e-14 4.064570425382634653e+02 0.000000000000000000e+00 0.000000000000000000e+00
5.756818909400000121e+04 1.188358021964946145e-14 1.085984373684850413e-14 nan 3.868963865666769948e+02 0.000000000000000000e+00 0.000000000000000000e+00
5.758319299199999659e+04 1.159533850742295616e-14 1.083271840435099006e-14 1.175781407555117880e-14 3.023691199945176322e+02 0.000000000000000000e+00 0.000000000000000000e+00
5.759998459800000273e+04 1.158499807166387554e-14 1.068191400593011604e-14 nan 3.985314005817297129e+02 0.000000000000000000e+00 0.000000000000000000e+00
5.761013266799999838e+04 1.111177976874334075e-14 1.021575364134561263e-14 1.402446678802163178e-14 2.519181466581705422e+02 0.000000000000000000e+00 0.000000000000000000e+00
5.761200010399999883e+04 1.176704025532913679e-14 1.087049832479192979e-14 nan 3.926300962015049549e+02 0.000000000000000000e+00 0.000000000000000000e+00
5.762007969400000002e+04 1.164073242793962990e-14 1.095734434716962218e-14 nan 3.595341434480858993e+02 0.000000000000000000e+00 0.000000000000000000e+00
5.763300703200000135e+04 1.157137248271379557e-14 1.063291271242131917e-14 1.212734744862183850e-14 3.842412576275680181e+02 0.000000000000000000e+00 0.000000000000000000e+00
5.772434545999999682e+04 1.112934388267182811e-14 1.033922614310961444e-14 1.142266362588702464e-14 3.229730376742138560e+02 0.000000000000000000e+00 0.000000000000000000e+00
5.773628818799999863e+04 1.134004592032992223e-14 1.021371114431117598e-14 1.111048789013066692e-14 2.884734121826137994e+02 0.000000000000000000e+00 0.000000000000000000e+00
5.774633838600000308e+04 1.138189215029950490e-14 1.038474335731843951e-14 1.408182711425535319e-14 3.233192662914830180e+02 0.000000000000000000e+00 0.000000000000000000e+00
5.775718968199999654e+04 1.134763169556546008e-14 1.064715856859269532e-14 1.114960452023994501e-14 2.981069393857079604e+02 0.000000000000000000e+00 0.000000000000000000e+00
5.776935911199999828e+04 1.108367657366477729e-14 1.040714675354442393e-14 1.088917464152760878e-14 2.766891282198454860e+02 0.000000000000000000e+00 0.000000000000000000e+00
5.777932315599999856e+04 1.863039173911722429e-14 9.545492683756716494e-15 nan 2.314711770199444345e+02 0.000000000000000000e+00 0.000000000000000000e+00
5.779119986600000266e+04 1.127876886779241641e-14 1.029929053865495357e-14 nan 2.967779337465363483e+02 0.000000000000000000e+00 0.000000000000000000e+00
5.780131803599999694e+04 1.117624097543158281e-14 9.965284494593400645e-15 nan 2.819547301168772151e+02 0.000000000000000000e+00 0.000000000000000000e+00
5.781429830999999831e+04 1.132413579169220546e-14 1.041383332597681495e-14 nan 2.677132991547083520e+02 0.000000000000000000e+00 0.000000000000000000e+00
5.782430783199999860e+04 1.142450789016440445e-14 1.037225047887443076e-14 1.162056853215419501e-14 2.924879417308911229e+02 0.000000000000000000e+00 0.000000000000000000e+00
5.785718016799999896e+04 1.148455652533846987e-14 1.040480502138137084e-14 nan 1.536022633265327499e+02 0.000000000000000000e+00 0.000000000000000000e+00
5.785729559000000154e+04 1.113118703042537419e-14 1.004655043574472004e-14 1.128511359604278598e-14 2.531011579400816061e+02 0.000000000000000000e+00 0.000000000000000000e+00
5.786715289800000028e+04 1.104741882002398470e-14 1.551840172190917628e-14 nan 2.544211519575879663e+02 0.000000000000000000e+00 0.000000000000000000e+00
5.787734489999999641e+04 1.104037660142180145e-14 9.902730837887215663e-15 nan 4.079553200485710818e+02 0.000000000000000000e+00 0.000000000000000000e+00
5.788831522599999880e+04 1.130621813220955727e-14 1.038250910745550245e-14 nan 3.800135841580427041e+02 0.000000000000000000e+00 0.000000000000000000e+00
5.790105947800000285e+04 1.104257429566535911e-14 1.003030862739518182e-14 nan 3.661582300349529078e+02 0.000000000000000000e+00 0.000000000000000000e+00
5.791103187400000024e+04 1.117726465900147215e-14 1.013534291059325713e-14 nan 3.763060010678754566e+02 0.000000000000000000e+00 0.000000000000000000e+00
5.792214754800000082e+04 1.109624068807228556e-14 1.026190027891464623e-14 nan 3.723684755750532531e+02 0.000000000000000000e+00 0.000000000000000000e+00
5.793314784599999984e+04 1.115143591125987749e-14 1.020336143971731558e-14 nan 3.566142715934381044e+02 0.000000000000000000e+00 0.000000000000000000e+00
