5.769000000000000000e+04 1.056040905473483163e-14 2.627148602301766707e-15 1.248066858172660706e-14 2.777141142229170896e+02 1.769163111111110993e+03
5.769000000000000000e+04 1.049461209212247994e-14 2.606543045944213445e-15 1.230450959925243055e-14 2.771299002195159460e+02 1.761727333333333263e+03
5.769000000000000000e+04 1.056496186635231907e-14 2.624032922013665309e-15 1.233400024009115959e-14 2.786886072175782374e+02 1.780893111111111239e+03
5.771100000000000000e+04 9.414538329763371351e-15 2.252206446742144303e-15 4.884405981104891637e-14 1.579399646714927599e+02 6.146288888888889232e+02
5.771100000000000000e+04 9.394517276219582072e-15 2.235883509883795381e-15 1.844839103890341168e-13 1.692166764400890884e+02 6.976784444444443807e+02
5.771100000000000000e+04 9.391308279150751266e-15 2.231824941853794278e-15 2.955195809401045358e-13 1.879830482585568063e+02 8.474882222222222481e+02
5.773200000000000000e+04 8.058506053775818026e-15 1.964449497879525215e-15 9.534636432885555084e-15 2.140579645178121666e+02 1.073022222222222126e+03
5.773200000000000000e+04 7.947750255793610413e-15 1.966161737347889934e-15 9.510737709173696620e-15 2.122607571538452760e+02 1.056384222222222206e+03
5.773200000000000000e+04 7.868897825925022367e-15 1.936972408375313708e-15 9.431024537054708067e-15 2.109468361832257699e+02 1.043434666666666544e+03
5.775300000000000000e+04 8.076547325971827282e-15 1.935500328102150087e-15 1.225438193487593012e-14 2.274802392174350132e+02 1.204501111111111186e+03
5.775300000000000000e+04 8.077714806563010331e-15 1.935213381383479334e-15 1.265252301736899919e-14 2.275246238134232328e+02 1.204804000000000087e+03
5.775300000000000000e+04 8.086697169213051250e-15 1.925856483009613554e-15 1.284304070173992621e-14 2.282951149699540565e+02 1.212292888888888911e+03
5.777400000000000000e+04 8.462732255850689206e-15 2.580942120798225966e-15 nan 1.896814050348020828e+02 8.547875555555556275e+02
5.777400000000000000e+04 8.498742617902995556e-15 2.579240726236019557e-15 nan 1.896253093940617589e+02 8.545071111111111577e+02
5.777400000000000000e+04 8.721042706266223234e-15 2.657989196931252363e-15 nan 1.914952016901323475e+02 8.712142222222222472e+02
5.779600000000000000e+04 nan nan nan nan nan
5.779600000000000000e+04 nan nan nan nan nan
5.779600000000000000e+04 nan nan nan nan nan
5.781800000000000000e+04 nan nan nan nan nan
5.781800000000000000e+04 nan nan nan nan nan
5.781800000000000000e+04 nan nan nan nan nan
5.781800000000000000e+04 7.634939092305533102e-15 1.895233863914298553e-15 8.838942446991706907e-15 1.818218310158269730e+02 8.130206666666666706e+02
5.781800000000000000e+04 7.601944189975792089e-15 1.903488531487212211e-15 8.905370792337038734e-15 1.808625756926252279e+02 8.104308888888888305e+02
5.781800000000000000e+04 nan nan nan nan nan
5.785900000000000000e+04 nan nan nan nan nan
5.785900000000000000e+04 nan nan nan nan nan
5.785900000000000000e+04 nan nan nan nan nan
5.797200000000000000e+04 9.411463837692713782e-15 2.295286619009997399e-15 1.113175248081650953e-14 2.212930488389692982e+02 1.212029333333333398e+03
5.797200000000000000e+04 9.631517038385506725e-15 2.292395338247387319e-15 1.105063756082293938e-14 2.223431848632319543e+02 1.222876222222222168e+03
5.797200000000000000e+04 9.721459484756666482e-15 2.363621196289590088e-15 1.117828081782835401e-14 2.267870495784551110e+02 1.265139777777777908e+03
5.799300000000000000e+04 1.081713668156642009e-14 3.463051620346247066e-15 nan 2.742378220510086066e+02 1.726517555555555418e+03
5.799300000000000000e+04 1.077300694576514307e-14 3.387982126533382990e-15 nan 2.727099023238555446e+02 1.708156444444444332e+03
5.799300000000000000e+04 1.082505241012866066e-14 3.460389853243501241e-15 nan 2.734858609240986880e+02 1.717013111111111130e+03
5.801700000000000000e+04 1.079326780048800746e-14 2.676446927695379247e-15 1.305615886269100545e-14 2.689293855763799002e+02 1.662182888888888783e+03
5.801700000000000000e+04 1.074722521132851530e-14 2.657420067788849000e-15 1.293277998430778746e-14 2.685491792051947755e+02 1.675691111111111240e+03
5.801700000000000000e+04 1.076484251972853911e-14 2.661050961997448612e-15 1.293865124228465113e-14 2.705849883507448794e+02 1.681861111111111086e+03
5.804700000000000000e+04 9.711545905007682472e-15 2.337602583226847257e-15 1.472195454799738439e-14 2.533465131291912371e+02 1.482591333333333296e+03
5.804700000000000000e+04 9.678064535235120090e-15 2.318446076501551721e-15 1.468453277637914885e-14 2.530432672762081552e+02 1.479919111111111079e+03
5.804700000000000000e+04 9.597876588498591308e-15 2.302731876087681323e-15 1.470421446425228997e-14 2.513035650462973081e+02 1.462841777777777907e+03
5.806800000000000000e+04 9.220675577726746417e-15 2.777334900968917238e-15 nan 2.404115101039783724e+02 1.344589333333333343e+03
5.806800000000000000e+04 9.243225353838075105e-15 2.778951206077741082e-15 nan 2.420329380445251672e+02 1.362808444444444376e+03
5.806800000000000000e+04 9.182700453549823407e-15 2.736552921772473160e-15 nan 2.404089517103617482e+02 1.344321777777777925e+03
5.808900000000000000e+04 8.687558129258906048e-15 2.560308850567119791e-15 nan 2.222698670275698021e+02 1.193590888888888912e+03
5.808900000000000000e+04 8.586551400059687199e-15 2.522166829281148034e-15 nan 2.220628901755251832e+02 1.187575111111111028e+03
5.808900000000000000e+04 8.947039812488872295e-15 2.666549547406082948e-15 nan 2.268358108847837400e+02 1.236853555555555658e+03
