5.769000000000000000e+04 nan nan 1.394395843810392131e-14 2.036089119714972355e+02 1.610371777777777652e+03
5.769000000000000000e+04 nan nan 1.397106045337334218e-14 2.002799405958417935e+02 1.629275777777777876e+03
5.769000000000000000e+04 nan nan 1.406628768277987135e-14 2.035883678721439196e+02 1.647104666666666844e+03
5.771200000000000000e+04 nan 1.412225504469790507e-14 1.504933136751313344e-14 2.088294026512937478e+02 1.666201555555555615e+03
5.771200000000000000e+04 nan 1.402409885670755200e-14 1.481403156404445077e-14 2.043981122357744482e+02 1.676323333333333494e+03
5.771200000000000000e+04 nan 1.400137847900297430e-14 1.503511473368427606e-14 2.014020350732232032e+02 1.623760222222222410e+03
5.781900000000000000e+04 nan nan nan nan nan
5.781900000000000000e+04 nan nan 1.655836125700140648e-14 1.452755948498678151e+02 1.164983111111111157e+03
5.782000000000000000e+04 nan nan 1.633223464625924514e-14 7.163834068176200276e+01 4.423842222222222631e+02
5.782100000000000000e+04 nan nan nan nan nan
5.785700000000000000e+04 nan nan nan nan nan
5.785700000000000000e+04 nan nan nan nan nan
5.785700000000000000e+04 nan nan nan nan nan
5.790100000000000000e+04 nan nan nan nan nan
5.790100000000000000e+04 nan nan nan nan nan
5.790100000000000000e+04 nan nan 1.200235773580278909e-14 2.107250725827881155e+01 1.166445555555555558e+02
5.792300000000000000e+04 nan 1.069694095547185129e-14 1.114675584627409996e-14 2.074080927458817598e+02 1.724429333333333489e+03
5.792300000000000000e+04 nan 1.061553605111954395e-14 1.111551427661275814e-14 2.104532481792765850e+02 1.722018888888889023e+03
5.792300000000000000e+04 nan 1.055577272659913884e-14 1.109151237264266413e-14 2.102785587215164185e+02 1.728919333333333270e+03
5.794400000000000000e+04 nan nan nan nan nan
5.794400000000000000e+04 nan nan nan nan nan
5.794400000000000000e+04 nan nan nan nan nan
5.796500000000000000e+04 nan nan 1.199304501638373738e-14 4.135674583559418949e+01 2.379937777777777512e+02
5.796500000000000000e+04 nan nan 1.307007931119525019e-14 1.237969731507240567e+01 6.855480000000000018e+01
5.796500000000000000e+04 nan nan 1.193881285239756277e-14 1.597152521245859802e+01 8.232326666666666881e+01
5.798600000000000000e+04 nan nan 1.383869310286135735e-14 2.544227259040501110e+02 2.119062888888889120e+03
5.798600000000000000e+04 nan nan 1.373289854372871735e-14 2.496541044589169474e+02 2.108263777777777705e+03
5.798600000000000000e+04 nan nan 1.381273012377756053e-14 2.493890872822231017e+02 2.106514666666666926e+03
5.801000000000000000e+04 nan nan nan 1.803493553463800652e+02 1.543229777777777599e+03
5.801000000000000000e+04 nan nan nan 1.807360220599620106e+02 1.475053333333333285e+03
5.801000000000000000e+04 nan nan nan 1.776397224387112317e+02 1.521489555555555626e+03
5.804700000000000000e+04 nan 1.338007203274506727e-14 1.403568002529300041e-14 2.160997469184373756e+02 1.755759777777777799e+03
5.804700000000000000e+04 nan 1.337481409043549870e-14 1.392535552160734389e-14 2.219420821847999434e+02 1.775515555555555466e+03
5.804700000000000000e+04 nan 1.341009557593483245e-14 1.392714073664236897e-14 2.224429149760716484e+02 1.768291111111111150e+03
5.806800000000000000e+04 nan nan 1.455585328681266456e-14 2.279141535021886398e+02 1.893906000000000176e+03
5.806800000000000000e+04 nan nan 1.441796193248599352e-14 2.285062454114430750e+02 1.871550222222222146e+03
5.806800000000000000e+04 nan nan 1.450896096521628635e-14 2.329837499602101047e+02 1.889801111111111140e+03
5.809000000000000000e+04 nan nan 1.383993115442206772e-14 4.815871296027469128e+01 1.345017333333333227e+03
5.809000000000000000e+04 nan nan 1.376976183186978139e-14 4.624844604705832296e+01 1.293396888888888952e+03
5.809000000000000000e+04 nan nan 1.412194663650734561e-14 4.700772903956519144e+01 1.363141555555555669e+03
5.822200000000000000e+04 nan nan 1.355854541725914325e-14 1.681193964528887932e+02 1.192547555555555618e+03
5.822200000000000000e+04 nan nan 1.354368221342960869e-14 1.689765593809671032e+02 1.226817777777777792e+03
5.822200000000000000e+04 nan nan 1.362682415746626876e-14 1.668859647742351342e+02 1.213486222222222068e+03
5.826400000000000000e+04 nan nan nan nan nan
5.826500000000000000e+04 nan 1.352323965985428564e-14 1.391280287675723841e-14 1.753513503293946485e+02 1.553895777777777766e+03
5.826500000000000000e+04 nan nan nan nan nan
5.827100000000000000e+04 nan nan 1.298108733897792042e-14 4.933166157241588934e+01 1.529888444444444303e+03
5.827100000000000000e+04 nan nan 1.308041909550524394e-14 4.912136740560053738e+01 1.527814222222222270e+03
5.827100000000000000e+04 nan nan 1.300476195868969648e-14 4.537484138690447111e+01 1.527491555555555351e+03
5.828600000000000000e+04 nan 3.581705835218893141e-14 1.467774115232356922e-14 2.053406741675171077e+02 1.579250222222222192e+03
5.828600000000000000e+04 nan nan 1.437191333878081138e-14 1.967802830241231220e+02 1.548636222222222386e+03
5.828600000000000000e+04 nan nan 1.441411740347583996e-14 2.074901405923735069e+02 1.549433999999999969e+03
5.831100000000000000e+04 nan 1.396831035613144575e-14 1.479409226167609685e-14 2.001514521827764099e+02 1.492190888888888821e+03
5.831100000000000000e+04 nan 1.379485776263612061e-14 1.471365794469552939e-14 1.990465708633310271e+02 1.497253999999999905e+03
5.831100000000000000e+04 nan 1.392788001661974386e-14 1.478480473345267289e-14 1.981562643377603763e+02 1.503198666666666668e+03
5.833200000000000000e+04 nan nan 1.417493482162072980e-14 1.638118640039355114e+02 1.527137333333333117e+03
5.833200000000000000e+04 nan nan 1.436215808384376046e-14 1.681475076300231137e+02 1.526688666666666677e+03
5.833200000000000000e+04 nan nan 1.417410502764751619e-14 1.694626804326161675e+02 1.519541333333333341e+03
