5.769000000000000000e+04 4.540065723199216343e-15 nan nan 2.348619758663668904e+02 1.297552999999999884e+03
5.769000000000000000e+04 4.543488963905495121e-15 nan nan 2.357318033027267461e+02 1.300008666666666841e+03
5.769000000000000000e+04 4.576004364876307606e-15 nan nan 2.372820988720744992e+02 1.303385999999999967e+03
5.770200000000000000e+04 4.742883765068289698e-15 nan nan 1.730867979008375812e+02 1.347219666666666626e+03
5.770200000000000000e+04 4.894552383066407446e-15 nan nan 1.755535712295867938e+02 1.400405999999999949e+03
5.770200000000000000e+04 4.829838469447138554e-15 nan nan 1.820151927475125433e+02 1.438428333333333285e+03
5.771400000000000000e+04 4.925342988768610939e-15 nan nan 1.372906651271080420e+02 5.708803333333332830e+02
5.771400000000000000e+04 4.893983599413121449e-15 nan nan 1.273931382453019125e+02 5.404428333333332830e+02
5.771400000000000000e+04 4.552951738963800080e-15 nan nan 1.067970995819123345e+02 4.015823333333333380e+02
5.772700000000000000e+04 5.264051968405395438e-15 nan nan 2.413204354873395232e+02 1.480602333333333263e+03
5.772700000000000000e+04 5.225663897874893016e-15 nan nan 2.449492209698569241e+02 1.468511833333333470e+03
5.772700000000000000e+04 5.226264147709271673e-15 nan nan 2.397468042091402083e+02 1.467156999999999925e+03
5.778500000000000000e+04 5.010608745087451357e-15 nan nan 2.227126652530784554e+02 1.119619999999999891e+03
5.778500000000000000e+04 4.916203228296115570e-15 nan nan 2.235032618417573644e+02 1.130812333333333527e+03
5.778500000000000000e+04 4.998322349574449680e-15 nan nan 2.228943312712237912e+02 1.143234833333333199e+03
5.779900000000000000e+04 4.789080323934845346e-15 nan nan 1.753147707894543430e+02 1.109869999999999891e+03
5.779900000000000000e+04 4.788154576134211073e-15 nan nan 1.719009216835906386e+02 1.107738333333333458e+03
5.779900000000000000e+04 4.798935759270337397e-15 nan nan 1.713062255144968731e+02 1.098794666666666444e+03
5.784700000000000000e+04 4.825121497154448875e-15 nan nan 2.135898114763532476e+02 1.040581166666666604e+03
5.784700000000000000e+04 4.709571196826285086e-15 nan nan 2.092127737126828890e+02 1.021583333333333371e+03
5.784700000000000000e+04 4.706984374444504482e-15 nan nan 2.100320611378371893e+02 1.024209666666666635e+03
5.787000000000000000e+04 4.772169936712371304e-15 nan nan 1.850041749120532586e+02 8.185964999999999918e+02
5.787200000000000000e+04 4.667609945360459874e-15 nan nan 2.822788520863586541e+02 1.706174999999999955e+03
5.787200000000000000e+04 4.653229177776807182e-15 nan nan 2.755351221439289588e+02 1.654518666666666604e+03
5.787200000000000000e+04 4.696452655846744695e-15 nan nan 2.796252802403309374e+02 1.652072333333333290e+03
5.788700000000000000e+04 4.908727544093669068e-15 nan nan 1.772535509490696199e+02 1.411426833333333434e+03
5.788700000000000000e+04 4.898204922481538385e-15 nan nan 2.006048644346515459e+02 1.418889999999999873e+03
5.788700000000000000e+04 4.942488925962118987e-15 nan nan 1.752076101899092748e+02 1.435001499999999851e+03
5.790100000000000000e+04 4.489541133191653689e-15 nan nan 2.331316142280367671e+02 1.221817000000000007e+03
5.790100000000000000e+04 4.510564627334790466e-15 nan nan 2.382100185553993583e+02 1.313794166666666570e+03
5.790100000000000000e+04 4.503867055769370612e-15 nan nan 2.330647016648935619e+02 1.233231333333333396e+03
5.791300000000000000e+04 4.422416352092883925e-15 nan nan 1.213923083025350422e+02 1.603229166666666742e+03
5.791300000000000000e+04 4.465721508890475856e-15 nan nan 1.335729028191368570e+02 1.606501999999999953e+03
5.791300000000000000e+04 4.491203956249660758e-15 nan nan 1.284853688784118049e+02 1.625925166666666655e+03
5.792500000000000000e+04 4.662000428419401555e-15 nan nan 2.332770040230597033e+02 1.217197166666666590e+03
5.792500000000000000e+04 4.661265179198256395e-15 nan nan 2.548654651500454804e+02 1.419481333333333396e+03
5.792500000000000000e+04 4.664917905733830425e-15 nan nan 2.427001205209815566e+02 1.313320999999999913e+03
5.793700000000000000e+04 4.521811665011801856e-15 nan nan 2.550644549530492782e+02 1.592166500000000042e+03
5.793700000000000000e+04 4.483071120167399725e-15 nan nan 2.471687140538229812e+02 1.533333999999999833e+03
5.793700000000000000e+04 4.470699241164506993e-15 nan nan 2.582376508346102355e+02 1.550007166666666535e+03
5.794900000000000000e+04 4.395996069223725724e-15 nan nan 1.827119816920272513e+02 9.907843333333332794e+02
5.794900000000000000e+04 4.470864962911205316e-15 nan nan 1.983205566420208470e+02 1.054933333333333394e+03
5.794900000000000000e+04 4.329340316973237145e-15 nan nan 1.390432807795996837e+02 7.538425000000000864e+02
5.796200000000000000e+04 4.971923402911814894e-15 nan nan 1.001545255361503735e+02 3.736168333333333180e+02
5.796200000000000000e+04 4.608335739523078593e-15 nan nan 1.895158261261105679e+02 8.768300000000000409e+02
5.796200000000000000e+04 4.725569364812706382e-15 nan nan 1.727173995234877566e+02 7.722023333333332857e+02
5.797400000000000000e+04 4.312610540636071546e-15 nan nan 2.037937173500286008e+02 1.546744333333333316e+03
5.797400000000000000e+04 4.369736350830123607e-15 nan nan 2.069810014603453396e+02 1.547075333333333447e+03
5.797400000000000000e+04 4.321819915636789528e-15 nan nan 1.975580023215360086e+02 1.533676166666666859e+03
5.798700000000000000e+04 4.363235880918982949e-15 nan nan 2.618659756625251021e+02 1.481047000000000025e+03
5.798700000000000000e+04 4.359281993520693857e-15 nan nan 2.584629930928226145e+02 1.466046666666666624e+03
5.798700000000000000e+04 4.322078957125018129e-15 nan nan 2.590314194835319199e+02 1.466940166666666755e+03
5.800000000000000000e+04 4.618494578468925701e-15 nan nan 1.367183790785443591e+02 1.378547666666666601e+03
5.800000000000000000e+04 4.538708450583943467e-15 nan nan 1.508711535763276856e+02 1.369992999999999938e+03
5.800000000000000000e+04 4.631343049174016364e-15 nan nan 1.464667338912030345e+02 1.396350333333333310e+03
5.801800000000000000e+04 4.315494710312764594e-15 nan nan 2.208644036041690981e+02 1.212084500000000162e+03
5.801800000000000000e+04 4.294670504359487481e-15 nan nan 2.117316879849445854e+02 1.148466333333333296e+03
5.801800000000000000e+04 4.243089976243364784e-15 nan nan 2.190868456983351962e+02 1.160352166666666790e+03
5.804700000000000000e+04 4.192546421676426169e-15 nan nan 2.026453980305195444e+02 1.084635833333333267e+03
5.804700000000000000e+04 4.192141735323041697e-15 nan nan 1.972791856149890464e+02 1.073273833333333414e+03
5.804700000000000000e+04 4.183756147295220653e-15 nan nan 2.010671288024142598e+02 1.070871499999999969e+03
5.805900000000000000e+04 nan nan nan nan nan
5.805900000000000000e+04 nan nan nan nan nan
5.805900000000000000e+04 nan nan nan nan nan
5.807200000000000000e+04 4.415641945766860112e-15 nan nan 2.271571875984634232e+02 1.269967000000000098e+03
5.807200000000000000e+04 4.435701507428941776e-15 nan nan 2.316365105989934818e+02 1.290222333333333381e+03
5.807200000000000000e+04 4.389494825921945860e-15 nan nan 2.395415527787843359e+02 1.290951833333333298e+03
5.808400000000000000e+04 4.357105140047155345e-15 nan nan 1.895795344932006401e+02 1.189212166666666690e+03
5.808400000000000000e+04 4.274538776541404685e-15 nan nan 1.856769707781088528e+02 1.182571499999999787e+03
5.808400000000000000e+04 4.358413293383311571e-15 nan nan 1.888273949401952052e+02 1.178907500000000027e+03
5.812700000000000000e+04 4.047401603224135227e-15 nan nan 6.494063092779347812e+01 2.544284999999999854e+02
5.812700000000000000e+04 4.024074784156627876e-15 nan nan 4.646233739922285366e+01 2.037450000000000045e+02
5.812700000000000000e+04 3.793283882925397653e-15 nan nan 3.883390585395481054e+01 1.564206833333333293e+02
5.815100000000000000e+04 nan nan nan nan nan
5.815100000000000000e+04 nan nan nan nan nan
5.815100000000000000e+04 nan nan nan nan nan
5.816600000000000000e+04 4.548873901882370609e-15 nan nan 2.223967328004211765e+02 1.148575833333333321e+03
5.816600000000000000e+04 4.597272358171578415e-15 nan nan 2.238722948532274870e+02 1.156766500000000178e+03
5.816600000000000000e+04 4.511498561239580042e-15 nan nan 2.232938859102504239e+02 1.142751999999999953e+03
5.818300000000000000e+04 4.748543952319664153e-15 nan nan 1.824556423828276763e+02 1.225742999999999938e+03
5.818300000000000000e+04 4.745958750964046145e-15 nan nan 1.891545857953785514e+02 1.221774000000000115e+03
5.818300000000000000e+04 4.834490486706952318e-15 nan nan 1.847776612936259539e+02 1.258380666666666684e+03
5.822200000000000000e+04 4.801550653019115021e-15 nan nan 2.225044868712654704e+02 1.177679000000000087e+03
5.822200000000000000e+04 4.811096170740247668e-15 nan nan 2.279178527867847777e+02 1.183460166666666737e+03
5.822200000000000000e+04 4.762563444518515587e-15 nan nan 2.188714718589857569e+02 1.126940499999999929e+03
5.823600000000000000e+04 5.013007630805958100e-15 nan nan 1.087793815603020988e+02 4.582778333333333194e+02
5.823600000000000000e+04 4.906799248776993553e-15 nan nan 1.467727362338596038e+02 9.061968333333333021e+02
5.823600000000000000e+04 4.951766814382877446e-15 nan nan 1.652882891093462945e+02 9.901158333333332848e+02
5.823700000000000000e+04 nan nan nan nan nan
5.823700000000000000e+04 nan nan nan nan nan
5.823700000000000000e+04 5.129479272149376189e-15 nan nan 1.713170456246893281e+01 3.162325000000000159e+02
5.825000000000000000e+04 4.777146845451133486e-15 nan nan 2.102574498351655166e+02 1.057840333333333319e+03
5.825000000000000000e+04 4.774455884092162139e-15 nan nan 2.087992187216124194e+02 1.067935833333333449e+03
5.825000000000000000e+04 4.762153565977993890e-15 nan nan 2.050210294876763726e+02 1.077308833333333268e+03
5.826300000000000000e+04 4.452993655276417590e-15 nan nan 2.062096819085063260e+02 1.114545833333333348e+03
5.826300000000000000e+04 4.430409159894486990e-15 nan nan 2.070830829716669257e+02 1.109546666666666624e+03
5.826300000000000000e+04 4.432331247246390837e-15 nan nan 2.021111793792654794e+02 1.102489333333333434e+03
5.827600000000000000e+04 4.311581212352168965e-15 nan nan 1.773137506307573688e+02 8.857483333333333348e+02
5.827600000000000000e+04 4.425717718272184066e-15 nan nan 1.234811196824961570e+02 6.133541666666666288e+02
5.827600000000000000e+04 4.360173497066087621e-15 nan nan 1.349819057317103272e+02 7.034021666666666306e+02
5.828900000000000000e+04 4.436025239150185875e-15 nan nan 2.090717027256546316e+02 1.013802000000000021e+03
5.828900000000000000e+04 4.482561560258105552e-15 nan nan 2.069369084314061240e+02 1.013512500000000045e+03
5.828900000000000000e+04 4.400396722031983490e-15 nan nan 2.051628390494641394e+02 1.006592166666666685e+03
5.830700000000000000e+04 4.210762274542113770e-15 nan nan 2.230535696025365553e+02 1.059549166666666679e+03
5.830700000000000000e+04 4.188162845607573649e-15 nan nan 2.153909651306743740e+02 1.061505833333333385e+03
5.830700000000000000e+04 4.209447922298915190e-15 nan nan 2.230216063877877843e+02 1.070421000000000049e+03
5.832000000000000000e+04 4.211990970016883061e-15 nan nan 1.897277486227322925e+02 1.019251333333333378e+03
5.832000000000000000e+04 4.165963589078124227e-15 nan nan 1.883364525681276689e+02 9.899846666666667261e+02
5.832000000000000000e+04 4.255619676044822184e-15 nan nan 1.902876959840318989e+02 1.022071833333333302e+03
5.833200000000000000e+04 4.001823114960924016e-15 nan nan 2.001901243064443463e+02 1.001764999999999986e+03
5.833200000000000000e+04 4.019928824045905118e-15 nan nan 2.019245053811975197e+02 1.011808000000000106e+03
5.833200000000000000e+04 4.003402232340158956e-15 nan nan 1.988131922264393552e+02 9.907803333333333740e+02
5.834400000000000000e+04 3.775194122457935732e-15 nan nan 1.942432584700457028e+02 9.360923333333333858e+02
5.834400000000000000e+04 3.774660892575625652e-15 nan nan 1.934827469407622687e+02 9.126654999999999518e+02
5.834400000000000000e+04 3.774677124748620558e-15 nan nan 1.964512287918524578e+02 9.391764999999999191e+02
