5.769000000000000000e+04 nan nan nan nan nan
5.769000000000000000e+04 7.915318178527866961e-15 6.160549194075967419e-15 nan 2.517397061094453932e+02 1.380924999999999955e+03
5.769000000000000000e+04 nan nan nan nan nan
5.771000000000000000e+04 7.635293140565117562e-15 6.075691722362954362e-15 nan 2.095770422393962633e+02 1.213651166666666768e+03
5.771000000000000000e+04 7.571688556174737781e-15 6.105166563352002113e-15 nan 2.048324918247218704e+02 1.210710833333333312e+03
5.771000000000000000e+04 7.560192769355259035e-15 6.023970597253465423e-15 nan 2.042555670887819588e+02 1.210368500000000040e+03
5.773000000000000000e+04 6.412245616155998365e-15 6.411094488566496748e-15 nan 2.175118527227163554e+02 1.138210000000000036e+03
5.773000000000000000e+04 6.635867882352932145e-15 6.339471980771411384e-15 nan 2.061902772162283384e+02 1.081136500000000069e+03
5.773000000000000000e+04 6.787618359155198542e-15 6.470568941674797395e-15 nan 2.058921316248763844e+02 1.098755666666666684e+03
5.775100000000000000e+04 5.409221860525657884e-15 5.650709992668087595e-15 nan 1.995852240216977407e+02 9.577921666666666169e+02
5.775100000000000000e+04 5.443698737954032361e-15 5.562935621243029059e-15 nan 2.051182643245828103e+02 9.580386666666666997e+02
5.775100000000000000e+04 5.392391801076118803e-15 5.560956277370716566e-15 nan 1.963497813184255847e+02 9.419263333333333321e+02
5.777200000000000000e+04 5.150179951273588726e-15 5.167645519655261754e-15 5.216347323697228694e-15 1.677797953977816405e+02 8.118833333333333258e+02
5.777200000000000000e+04 5.280755251391133637e-15 5.445023069839717382e-15 5.329920008997373209e-15 1.655192216650713704e+02 8.280996666666667352e+02
5.777200000000000000e+04 5.284914115141211004e-15 5.318382114504660695e-15 5.321660313851087714e-15 1.642920261874049288e+02 8.305044999999998936e+02
5.779200000000000000e+04 5.428540416339939783e-15 5.352417508075341072e-15 nan 1.487415427392729157e+02 9.057128333333332648e+02
5.779200000000000000e+04 5.495624615717417625e-15 5.490922939219249329e-15 nan 1.420755726957036131e+02 9.162970000000000255e+02
5.779200000000000000e+04 5.421388035539136615e-15 5.468310952020672466e-15 nan 1.536485797402997378e+02 9.177264999999999873e+02
5.781400000000000000e+04 5.391713438760591814e-15 5.595252965339120862e-15 5.543384128417659218e-15 1.820736503186414552e+02 8.323181666666665706e+02
5.781400000000000000e+04 5.580182294500551914e-15 5.758998620042623884e-15 5.621751372391188115e-15 1.804476693194530696e+02 8.501425000000000409e+02
5.781400000000000000e+04 5.525399200864083879e-15 5.757081311926869894e-15 5.532433841671912541e-15 1.785199029660276722e+02 8.432309999999999945e+02
5.784000000000000000e+04 6.411248098165672531e-15 6.399451312578298040e-15 6.561179722552867390e-15 1.835244497220584492e+02 9.688646666666666079e+02
5.784000000000000000e+04 6.423744757424928114e-15 6.412773622719917077e-15 6.461033155828898176e-15 1.767839441626815074e+02 9.384039999999999964e+02
5.784000000000000000e+04 6.364238481943886320e-15 6.346679497135988526e-15 6.410611130685170707e-15 1.743618153500164283e+02 9.269238333333333912e+02
5.787500000000000000e+04 nan nan nan nan nan
5.787500000000000000e+04 nan nan nan nan nan
5.787500000000000000e+04 nan nan nan nan nan
5.790400000000000000e+04 6.461348876133616166e-15 6.332778258712053470e-15 1.957776839197042595e-14 2.494719869664807561e+02 1.419666333333333341e+03
5.790400000000000000e+04 6.480897763377173949e-15 6.398588604787532899e-15 2.388035788302519654e-14 2.571830726302358130e+02 1.443027666666666619e+03
5.790400000000000000e+04 6.405242160061466792e-15 6.260111999997361564e-15 2.167427484391110076e-14 2.528698187702449331e+02 1.427903833333333296e+03
5.792400000000000000e+04 6.265544383162195920e-15 6.430998540814268578e-15 6.266946545532117873e-15 1.882290613383163986e+02 9.739958333333332803e+02
5.792400000000000000e+04 6.191630403210420836e-15 6.542872981538004254e-15 6.250339561327212516e-15 2.249641064076717498e+02 1.229647666666666737e+03
5.792400000000000000e+04 6.255652960617312901e-15 6.466053066827247649e-15 6.357407326546642056e-15 2.436834517918937024e+02 1.390589499999999816e+03
5.794500000000000000e+04 8.496896333530564680e-15 6.025615778284980354e-15 nan 1.932393736967639484e+02 1.145369999999999891e+03
5.794500000000000000e+04 1.563699650027438921e-14 5.974965253068470331e-15 nan 1.841946918419865256e+02 1.039369333333333316e+03
5.794500000000000000e+04 8.045978114858972362e-15 5.660565104205938619e-15 nan 1.847524554767028349e+02 1.090536333333333232e+03
5.796500000000000000e+04 nan nan nan nan nan
5.796500000000000000e+04 6.563487615102486560e-15 7.045106297588944151e-15 nan 5.220369267763997811e+01 1.678168333333333351e+02
5.796500000000000000e+04 6.653461735848471503e-15 6.668184407824829068e-15 nan 6.882343447121061786e+01 2.289115000000000180e+02
5.798500000000000000e+04 6.065087483387114489e-15 6.385027752580771024e-15 nan 2.591668766053928152e+02 1.411311666666666724e+03
5.798500000000000000e+04 6.065156959584329355e-15 6.292298701240032098e-15 nan 2.572231776227947648e+02 1.413748166666666748e+03
5.798500000000000000e+04 6.072517742998773408e-15 6.302712185909097325e-15 nan 2.549489845002514414e+02 1.412562999999999874e+03
5.800700000000000000e+04 5.833497677482900506e-15 5.768454347887901537e-15 5.946237292786083816e-15 2.394865162980889579e+02 1.370789666666666790e+03
5.800700000000000000e+04 5.813386653736906087e-15 5.813643532224254551e-15 5.948484041288004003e-15 2.411233388830912361e+02 1.363663666666666813e+03
5.800700000000000000e+04 5.758388546184642226e-15 5.815838160099024714e-15 5.883954837917145709e-15 2.408594596106511858e+02 1.367217000000000098e+03
5.802700000000000000e+04 5.817700053795069240e-15 5.989382094216497755e-15 5.898893497559038009e-15 2.217982644980695000e+02 1.313351499999999987e+03
5.802700000000000000e+04 5.783955262943554282e-15 5.934517597769191763e-15 5.846971503114730663e-15 2.272484980725024286e+02 1.299931666666666615e+03
5.802700000000000000e+04 5.776340756411695941e-15 6.047237636394546394e-15 5.814556463986365216e-15 2.186092278222672292e+02 1.292355000000000018e+03
5.804700000000000000e+04 5.900979781726898497e-15 6.167667881398952401e-15 5.930546824121112590e-15 2.391972314487091182e+02 1.280624666666666599e+03
5.804700000000000000e+04 5.827529020282323488e-15 5.992309253878088209e-15 5.910448817215625350e-15 2.423038496173071223e+02 1.272665333333333365e+03
5.804700000000000000e+04 5.857391824718766330e-15 6.067864030195490006e-15 5.927596361605017368e-15 2.422554291390556216e+02 1.269747500000000173e+03
5.806700000000000000e+04 5.956282433353695589e-15 6.259883430507751545e-15 nan 2.515221530064320916e+02 1.349048500000000104e+03
5.806700000000000000e+04 5.943727858839969427e-15 6.173761350718472536e-15 nan 2.428811388790426236e+02 1.320876999999999953e+03
5.806700000000000000e+04 5.933907860929573780e-15 6.129958315328294155e-15 nan 2.523617983717905702e+02 1.353616666666666561e+03
5.808700000000000000e+04 6.958536695610986446e-15 5.876264782361867383e-15 nan 1.965680482559378959e+02 1.209724333333333334e+03
5.808700000000000000e+04 6.914909043041462251e-15 5.675378523226876362e-15 nan 1.969024180776184778e+02 1.195615000000000009e+03
5.808700000000000000e+04 6.844994632311847580e-15 5.737945439237353058e-15 nan 1.935705573066532850e+02 1.201176500000000033e+03
5.812900000000000000e+04 6.069998290503475424e-15 6.430535273866450884e-15 nan 1.910944407406843197e+02 9.688581666666666479e+02
5.812900000000000000e+04 5.981199125122251749e-15 6.245123471975352047e-15 nan 1.804506890024159418e+02 9.458356666666666115e+02
5.812900000000000000e+04 6.073420574243389194e-15 6.440887998396258391e-15 nan 1.937198419371790123e+02 9.832785000000000082e+02
5.814900000000000000e+04 5.919384634320467633e-15 6.149912824150707677e-15 nan 1.576618337552857554e+02 1.116591666666666697e+03
5.814900000000000000e+04 5.937946430405121916e-15 6.413926402835124612e-15 nan 1.560214190577314639e+02 1.131137500000000045e+03
5.814900000000000000e+04 5.878783177611526263e-15 6.119711704333089781e-15 nan 1.499913278462301207e+02 1.128875333333333401e+03
5.817200000000000000e+04 6.097302558199399966e-15 6.229758576836614859e-15 nan 1.994541333957981522e+02 1.033431499999999915e+03
5.817200000000000000e+04 6.126576459858916267e-15 6.331420753907430510e-15 nan 1.910765420847129121e+02 1.041055666666666639e+03
5.817200000000000000e+04 6.097706901802464341e-15 6.358865912599727274e-15 nan 1.891833633655455742e+02 1.028244500000000016e+03
5.819200000000000000e+04 6.038533409689841297e-15 6.330792771872782575e-15 nan 1.971668916040140687e+02 1.004879833333333295e+03
5.819200000000000000e+04 5.874935991557036990e-15 6.051957027633098955e-15 nan 1.984130969548642440e+02 9.917255000000000109e+02
5.819200000000000000e+04 5.928109519549103761e-15 6.270254626634883097e-15 nan 2.009611962619362373e+02 9.780271666666666306e+02
5.821200000000000000e+04 6.923502430347007436e-15 5.990949593604283515e-15 nan 1.835652955058581028e+02 8.965139999999998963e+02
5.821200000000000000e+04 7.040706754729141225e-15 6.166308600109939662e-15 nan 1.784729288843234940e+02 9.076076666666666597e+02
5.821200000000000000e+04 6.977907966595256801e-15 6.100178486290181944e-15 nan 1.744042747738581625e+02 8.996831666666665797e+02
5.824200000000000000e+04 nan nan nan nan nan
5.824200000000000000e+04 nan nan nan nan nan
5.824200000000000000e+04 nan nan nan nan nan
5.829400000000000000e+04 6.332010480084853064e-15 6.425582154137657672e-15 7.128368356727356226e-14 2.019403168233335464e+02 1.065290333333333365e+03
5.829500000000000000e+04 6.419092238968918896e-15 6.051210383591187411e-15 -1.113982448328330249e-12 1.636595234563674524e+02 1.110464333333333343e+03
5.829500000000000000e+04 6.455789152562383598e-15 6.132097913117245370e-15 3.969922006384887852e-13 1.600815007562664789e+02 1.103380666666666684e+03
5.829500000000000000e+04 6.397961867750846323e-15 6.249612842496939300e-15 2.686585861149020493e-13 1.546648594666760062e+02 1.091230666666666593e+03
5.833400000000000000e+04 nan nan nan nan nan
5.833500000000000000e+04 nan nan nan nan nan
5.833500000000000000e+04 5.884107301216301016e-15 6.022712161876320658e-15 nan 1.945497741164216734e+02 9.828985000000000127e+02
5.833600000000000000e+04 nan nan nan nan nan
5.833600000000000000e+04 6.211685893628733064e-15 6.389282999833830209e-15 nan 1.736589943505563269e+02 8.235696666666666488e+02
5.833600000000000000e+04 6.088969186272955029e-15 6.500838443062606946e-15 nan 1.643304750427643626e+02 8.027818333333333385e+02
5.833800000000000000e+04 6.147031823636201968e-15 6.537249014381916097e-15 nan 1.784837910739749134e+02 1.037761500000000069e+03
5.833800000000000000e+04 6.228358172273091293e-15 6.495630587579041984e-15 nan 2.145199417944004381e+02 1.046465500000000020e+03
5.833800000000000000e+04 6.179623921725554448e-15 6.460939490876232494e-15 nan 1.758736360284366356e+02 1.020516999999999939e+03
