5.750800000000000000e+04 1.215018264681435806e-14 1.092787742158495153e-16 nan nan 3.044686857866584546e+02 3.636567436334866699e+01
5.750800000000000000e+04 1.215018264681435806e-14 1.092787742158495153e-16 nan nan 3.044686857866584546e+02 3.636567436334866699e+01
5.750800000000000000e+04 1.215018264681435806e-14 1.092787742158495153e-16 nan nan 3.044686857866584546e+02 3.636567436334866699e+01
5.751600000000000000e+04 1.203500747421580319e-14 3.121321162250848949e-17 nan nan 2.442201657901042324e+02 2.347421913342832411e+01
5.751600000000000000e+04 1.203500747421580319e-14 3.121321162250848949e-17 nan nan 2.442201657901042324e+02 2.347421913342832411e+01
5.751600000000000000e+04 1.203500747421580319e-14 3.121321162250848949e-17 nan nan 2.442201657901042324e+02 2.347421913342832411e+01
5.752300000000000000e+04 nan nan nan nan nan nan
5.753000000000000000e+04 1.145272263106131608e-14 2.646436307457841107e-17 nan nan 2.353284992817594627e+02 3.502220950086048390e+01
5.753000000000000000e+04 1.145272263106131608e-14 2.646436307457841107e-17 nan nan 2.353284992817594627e+02 3.502220950086048390e+01
5.753000000000000000e+04 1.145272263106131608e-14 2.646436307457841107e-17 nan nan 2.353284992817594627e+02 3.502220950086048390e+01
5.754700000000000000e+04 1.160661686163001444e-14 9.681009558869043041e-17 nan nan 2.243304235838579643e+02 1.523795024881234461e+01
5.754700000000000000e+04 1.160661686163001444e-14 9.681009558869043041e-17 nan nan 2.243304235838579643e+02 1.523795024881234461e+01
5.754700000000000000e+04 1.160661686163001444e-14 9.681009558869043041e-17 nan nan 2.243304235838579643e+02 1.523795024881234461e+01
5.755400000000000000e+04 nan nan nan nan nan nan
5.755400000000000000e+04 nan nan nan nan nan nan
5.756200000000000000e+04 1.075684971651389320e-14 5.415775148400980625e-17 nan nan 2.378846794703701732e+02 4.082005020876600554e+01
5.756200000000000000e+04 1.075684971651389320e-14 5.415775148400980625e-17 nan nan 2.378846794703701732e+02 4.082005020876600554e+01
5.756200000000000000e+04 1.075684971651389320e-14 5.415775148400980625e-17 nan nan 2.378846794703701732e+02 4.082005020876600554e+01
5.756900000000000000e+04 1.115900321994314788e-14 0.000000000000000000e+00 nan nan 3.762654584310880637e+02 0.000000000000000000e+00
5.756900000000000000e+04 1.115900321994314788e-14 0.000000000000000000e+00 nan nan 3.762654584310880637e+02 0.000000000000000000e+00
5.756900000000000000e+04 1.115900321994314788e-14 0.000000000000000000e+00 nan nan 3.762654584310880637e+02 0.000000000000000000e+00
5.758300000000000000e+04 1.027631920049268767e-14 9.061752459603941316e-17 nan nan 2.182375674783304476e+02 1.600633416308066970e+01
5.758300000000000000e+04 1.027631920049268767e-14 9.061752459603941316e-17 nan nan 2.182375674783304476e+02 1.600633416308066970e+01
5.758300000000000000e+04 1.027631920049268767e-14 9.061752459603941316e-17 nan nan 2.182375674783304476e+02 1.600633416308066970e+01
5.759100000000000000e+04 1.083713851214495569e-14 0.000000000000000000e+00 nan nan 2.044345053142814095e+02 0.000000000000000000e+00
5.759100000000000000e+04 1.083713851214495569e-14 0.000000000000000000e+00 nan nan 2.044345053142814095e+02 0.000000000000000000e+00
5.759100000000000000e+04 1.083713851214495569e-14 0.000000000000000000e+00 nan nan 2.044345053142814095e+02 0.000000000000000000e+00
5.759800000000000000e+04 1.059517759603955456e-14 6.875348638069542670e-17 nan nan 2.243055858201364856e+02 8.568138190296419765e+00
5.759800000000000000e+04 1.059517759603955456e-14 6.875348638069542670e-17 nan nan 2.243055858201364856e+02 8.568138190296419765e+00
5.759800000000000000e+04 1.059517759603955456e-14 6.875348638069542670e-17 nan nan 2.243055858201364856e+02 8.568138190296419765e+00
5.770100000000000000e+04 1.300204265702540399e-14 9.436699938084169099e-17 nan nan 2.717827131966664069e+02 4.142865334624783458e+01
5.770100000000000000e+04 1.300204265702540399e-14 9.436699938084169099e-17 nan nan 2.717827131966664069e+02 4.142865334624783458e+01
5.770100000000000000e+04 1.300204265702540399e-14 9.436699938084169099e-17 nan nan 2.717827131966664069e+02 4.142865334624783458e+01
5.771100000000000000e+04 nan nan nan nan nan nan
5.771100000000000000e+04 nan nan nan nan nan nan
5.771900000000000000e+04 nan nan nan nan 2.828966307559051643e+02 3.794971101063914887e+01
5.771900000000000000e+04 nan nan nan nan 2.828966307559051643e+02 3.794971101063914887e+01
5.771900000000000000e+04 nan nan nan nan 2.828966307559051643e+02 3.794971101063914887e+01
5.772600000000000000e+04 1.267372637988497699e-14 1.450726055665345555e-17 nan nan 2.289170757186633409e+02 1.755590589614837072e+01
5.772600000000000000e+04 1.267372637988497699e-14 1.450726055665345555e-17 nan nan 2.289170757186633409e+02 1.755590589614837072e+01
5.772600000000000000e+04 1.267372637988497699e-14 1.450726055665345555e-17 nan nan 2.289170757186633409e+02 1.755590589614837072e+01
5.773300000000000000e+04 1.228946050658209903e-14 3.997890358584601902e-17 nan nan 2.320912358904400605e+02 2.745086022712279927e+01
5.773300000000000000e+04 1.228946050658209903e-14 3.997890358584601902e-17 nan nan 2.320912358904400605e+02 2.745086022712279927e+01
5.773300000000000000e+04 1.228946050658209903e-14 3.997890358584601902e-17 nan nan 2.320912358904400605e+02 2.745086022712279927e+01
5.774100000000000000e+04 1.368399849338921404e-14 6.876000785668872711e-17 nan nan 2.406745332285231598e+02 1.342814636468680689e+01
5.774100000000000000e+04 1.368399849338921404e-14 6.876000785668872711e-17 nan nan 2.406745332285231598e+02 1.342814636468680689e+01
5.774100000000000000e+04 1.368399849338921404e-14 6.876000785668872711e-17 nan nan 2.406745332285231598e+02 1.342814636468680689e+01
5.774900000000000000e+04 1.274820125142762182e-14 1.020123511648557903e-16 nan nan 2.536715389853673059e+02 1.319304837018498056e+01
5.774900000000000000e+04 1.274820125142762182e-14 1.020123511648557903e-16 nan nan 2.536715389853673059e+02 1.319304837018498056e+01
5.774900000000000000e+04 1.274820125142762182e-14 1.020123511648557903e-16 nan nan 2.536715389853673059e+02 1.319304837018498056e+01
5.775700000000000000e+04 1.285627592598744626e-14 8.394766028138375441e-17 nan nan 2.284964604045550516e+02 1.924829108826138935e+01
5.775700000000000000e+04 1.285627592598744626e-14 8.394766028138375441e-17 nan nan 2.284964604045550516e+02 1.924829108826138935e+01
5.775700000000000000e+04 1.285627592598744626e-14 8.394766028138375441e-17 nan nan 2.284964604045550516e+02 1.924829108826138935e+01
5.776400000000000000e+04 1.393014993398546746e-14 1.298846542044586285e-16 nan nan 2.752135685591395031e+02 5.171725926086442371e+01
5.776400000000000000e+04 1.393014993398546746e-14 1.298846542044586285e-16 nan nan 2.752135685591395031e+02 5.171725926086442371e+01
5.777200000000000000e+04 nan nan nan nan nan nan
5.777200000000000000e+04 nan nan nan nan nan nan
5.777200000000000000e+04 nan nan nan nan nan nan
5.777900000000000000e+04 nan nan nan nan nan nan
5.777900000000000000e+04 nan nan nan nan nan nan
5.777900000000000000e+04 nan nan nan nan nan nan
5.778600000000000000e+04 nan nan nan nan nan nan
5.778600000000000000e+04 nan nan nan nan nan nan
5.778600000000000000e+04 nan nan nan nan nan nan
5.779400000000000000e+04 nan nan nan nan nan nan
5.779400000000000000e+04 nan nan nan nan nan nan
5.779400000000000000e+04 nan nan nan nan nan nan
5.780100000000000000e+04 nan nan nan nan nan nan
5.780100000000000000e+04 nan nan nan nan nan nan
5.780100000000000000e+04 nan nan nan nan nan nan
5.780900000000000000e+04 nan nan nan nan nan nan
5.780900000000000000e+04 nan nan nan nan nan nan
5.780900000000000000e+04 nan nan nan nan nan nan
5.781700000000000000e+04 nan nan nan nan nan nan
5.781700000000000000e+04 nan nan nan nan nan nan
5.781700000000000000e+04 nan nan nan nan nan nan
5.785700000000000000e+04 nan nan nan nan nan nan
5.785700000000000000e+04 nan nan nan nan nan nan
5.785700000000000000e+04 nan nan nan nan nan nan
5.786400000000000000e+04 nan nan nan nan nan nan
5.786400000000000000e+04 nan nan nan nan nan nan
5.786400000000000000e+04 nan nan nan nan nan nan
5.787800000000000000e+04 1.425266246162014626e-14 1.375433821093201076e-16 nan nan 3.022996877870577919e+02 1.520112838202676286e+01
5.787800000000000000e+04 1.425266246162014626e-14 1.375433821093201076e-16 nan nan 3.022996877870577919e+02 1.520112838202676286e+01
5.787800000000000000e+04 1.425266246162014626e-14 1.375433821093201076e-16 nan nan 3.022996877870577919e+02 1.520112838202676286e+01
5.788700000000000000e+04 1.468451378158084429e-14 0.000000000000000000e+00 nan nan 2.131993814834310399e+02 0.000000000000000000e+00
5.788700000000000000e+04 1.468451378158084429e-14 0.000000000000000000e+00 nan nan 2.131993814834310399e+02 0.000000000000000000e+00
5.789400000000000000e+04 1.376534221448104879e-14 3.592545154812082664e-17 nan nan 2.700089023497203584e+02 1.634390422821604716e+01
5.789400000000000000e+04 1.376534221448104879e-14 3.592545154812082664e-17 nan nan 2.700089023497203584e+02 1.634390422821604716e+01
5.789400000000000000e+04 1.376534221448104879e-14 3.592545154812082664e-17 nan nan 2.700089023497203584e+02 1.634390422821604716e+01
5.790300000000000000e+04 1.423458131012101128e-14 1.135960312390943053e-16 nan nan 4.186708556787814359e+02 1.497826943279804652e+02
5.790300000000000000e+04 1.423458131012101128e-14 1.135960312390943053e-16 nan nan 4.186708556787814359e+02 1.497826943279804652e+02
5.790300000000000000e+04 1.423458131012101128e-14 1.135960312390943053e-16 nan nan 4.186708556787814359e+02 1.497826943279804652e+02
5.791000000000000000e+04 nan nan nan nan 2.607488341207412645e+02 1.694488625727809961e+01
5.791000000000000000e+04 nan nan nan nan 2.607488341207412645e+02 1.694488625727809961e+01
5.791800000000000000e+04 1.418868880686381409e-14 0.000000000000000000e+00 nan nan 2.241063767525182300e+02 0.000000000000000000e+00
5.791800000000000000e+04 1.418868880686381409e-14 0.000000000000000000e+00 nan nan 2.241063767525182300e+02 0.000000000000000000e+00
5.791800000000000000e+04 1.418868880686381409e-14 0.000000000000000000e+00 nan nan 2.241063767525182300e+02 0.000000000000000000e+00
5.792500000000000000e+04 1.453103542268335335e-14 9.973208809864266737e-17 nan nan 3.356214884211701133e+02 6.382178639983411017e+01
5.792500000000000000e+04 1.453103542268335335e-14 9.973208809864266737e-17 nan nan 3.356214884211701133e+02 6.382178639983411017e+01
5.792500000000000000e+04 1.453103542268335335e-14 9.973208809864266737e-17 nan nan 3.356214884211701133e+02 6.382178639983411017e+01
5.793300000000000000e+04 1.402989751782679461e-14 6.214473246825646734e-17 nan nan 2.355586600665056096e+02 8.127817543062032968e+00
5.793300000000000000e+04 1.402989751782679461e-14 6.214473246825646734e-17 nan nan 2.355586600665056096e+02 8.127817543062032968e+00
5.793300000000000000e+04 1.402989751782679461e-14 6.214473246825646734e-17 nan nan 2.355586600665056096e+02 8.127817543062032968e+00
5.794200000000000000e+04 nan nan nan nan nan nan
5.794200000000000000e+04 nan nan nan nan nan nan
5.794900000000000000e+04 nan nan nan nan nan nan
5.794900000000000000e+04 nan nan nan nan nan nan
5.794900000000000000e+04 nan nan nan nan nan nan
5.795600000000000000e+04 1.430791491717637111e-14 2.636335039394696639e-17 nan nan 2.212858793033351503e+02 1.915850994032751942e+00
5.795600000000000000e+04 1.430791491717637111e-14 2.636335039394696639e-17 nan nan 2.212858793033351503e+02 1.915850994032751942e+00
5.795600000000000000e+04 1.430791491717637111e-14 2.636335039394696639e-17 nan nan 2.212858793033351503e+02 1.915850994032751942e+00
5.796400000000000000e+04 nan nan nan nan nan nan
5.796400000000000000e+04 nan nan nan nan nan nan
