5.750800000000000000e+04 nan nan nan nan nan
5.750800000000000000e+04 nan nan nan 4.395313716093295398e+01 8.020908333333333076e+02
5.750800000000000000e+04 nan nan nan 4.155597931050868254e+01 7.232595000000000027e+02
5.751100000000000000e+04 nan nan nan 7.033489987208139382e+01 1.285241500000000087e+03
5.751100000000000000e+04 nan nan nan 7.266064471982262774e+01 1.296663666666666813e+03
5.751100000000000000e+04 nan nan nan 7.166608175783316881e+01 1.303155500000000075e+03
5.751600000000000000e+04 nan nan nan nan nan
5.751600000000000000e+04 nan nan nan nan nan
5.751600000000000000e+04 nan nan nan nan nan
5.752000000000000000e+04 nan nan nan nan nan
5.752000000000000000e+04 nan nan nan nan nan
5.752000000000000000e+04 nan nan nan nan nan
5.752300000000000000e+04 nan nan nan nan nan
5.752300000000000000e+04 nan nan nan nan nan
5.752300000000000000e+04 nan nan nan nan nan
5.752900000000000000e+04 nan nan nan nan nan
5.752900000000000000e+04 nan nan nan nan nan
5.752900000000000000e+04 nan nan nan nan nan
5.753400000000000000e+04 nan nan nan 7.101577603534013861e+01 1.335070500000000038e+03
5.753400000000000000e+04 nan nan nan 6.842813365135164361e+01 1.315240333333333410e+03
5.753400000000000000e+04 nan nan nan 7.067951334145115538e+01 1.325044333333333498e+03
5.754600000000000000e+04 nan nan nan 7.516058865097397756e+01 1.283131833333333361e+03
5.754600000000000000e+04 nan nan nan 7.517674240212917880e+01 1.276795499999999947e+03
5.754600000000000000e+04 nan nan nan 7.491295692401659778e+01 1.283485000000000127e+03
5.755000000000000000e+04 nan nan nan 7.162030991758724952e+01 1.302158500000000004e+03
5.755000000000000000e+04 nan nan nan 7.408463802210152949e+01 1.309616333333333159e+03
5.755000000000000000e+04 nan nan nan 7.279297874547388858e+01 1.313280999999999949e+03
5.755400000000000000e+04 nan 1.126914120171492574e-14 nan 4.479090040934964634e+01 7.768696666666667170e+02
5.755400000000000000e+04 nan 1.149091238008249587e-14 nan 6.430529763096330953e+01 1.128401499999999942e+03
5.755400000000000000e+04 nan 1.138309880637476776e-14 nan 4.273175770174484711e+01 7.364619999999999891e+02
5.755700000000000000e+04 nan 1.089063064435223072e-14 nan 7.321012038601327276e+01 1.312848666666666531e+03
5.755700000000000000e+04 nan 1.043504812872140731e-14 nan 6.787891507742943986e+01 1.233676999999999907e+03
5.755700000000000000e+04 nan 1.106677419802692220e-14 nan 7.544071394861478552e+01 1.333304499999999962e+03
5.756100000000000000e+04 nan 1.155410265550044947e-14 nan 6.958931682173792410e+01 1.324317999999999984e+03
5.756100000000000000e+04 nan 1.152193118101589077e-14 nan 6.932285351409974794e+01 1.304003500000000031e+03
5.756100000000000000e+04 nan 1.167821021098870073e-14 nan 6.898144026244659699e+01 1.304236833333333379e+03
5.756600000000000000e+04 nan 1.200945416934097729e-14 nan 6.794249463984060355e+01 1.246368166666666639e+03
5.756600000000000000e+04 nan 1.172330428454389978e-14 nan 7.094003285617016275e+01 1.294701999999999998e+03
5.756600000000000000e+04 nan 1.189778688814016198e-14 nan 6.698801265138591532e+01 1.214260333333333165e+03
5.756900000000000000e+04 nan nan nan 5.924666084444395153e+01 1.061134000000000015e+03
5.756900000000000000e+04 nan nan nan 5.892250645562403832e+01 1.046756499999999960e+03
5.756900000000000000e+04 nan nan nan 4.935718710864775716e+01 8.739758333333334122e+02
5.757300000000000000e+04 nan nan nan nan nan
5.757300000000000000e+04 nan nan nan nan nan
5.757300000000000000e+04 nan nan nan nan nan
5.757600000000000000e+04 nan 1.191458155963830584e-14 nan 7.122431911300489560e+01 1.189056166666666513e+03
5.757600000000000000e+04 nan 1.186096648990846430e-14 nan 6.923409543472322980e+01 1.173498500000000149e+03
5.757600000000000000e+04 nan 1.173996157060856801e-14 nan 6.882307357794097413e+01 1.154359166666666624e+03
5.758100000000000000e+04 nan 1.061985249204401230e-14 nan 6.902328060969573187e+01 1.145545333333333247e+03
5.758100000000000000e+04 nan 1.102241693528286137e-14 nan 7.334839505888639621e+01 1.227483999999999924e+03
5.758100000000000000e+04 nan 1.038439394469465796e-14 nan 6.879400091109869209e+01 1.128906666666666524e+03
5.758400000000000000e+04 nan 1.046558435578765785e-14 nan 7.313541929481172588e+01 1.238548000000000002e+03
5.758400000000000000e+04 nan 1.034365953272766705e-14 nan 7.321775347190452976e+01 1.231228333333333239e+03
5.758400000000000000e+04 nan 1.042004562905024714e-14 nan 7.269623092904545558e+01 1.233814499999999953e+03
5.758700000000000000e+04 nan 1.039499605713196386e-14 nan 4.206511180159978380e+01 8.325244999999999891e+02
5.758700000000000000e+04 nan 1.041140540022528698e-14 nan 4.096513192190003139e+01 8.357458333333332803e+02
5.758700000000000000e+04 nan 1.058975499339319254e-14 nan 3.877729944912646687e+01 7.909911666666666861e+02
5.759000000000000000e+04 nan nan nan nan nan
5.759000000000000000e+04 nan 1.161533543496470001e-14 nan 3.285654978732254961e+01 8.079703333333333148e+02
5.759000000000000000e+04 nan 1.137877097263138905e-14 nan 4.247176574447698272e+01 9.899401666666667552e+02
5.759300000000000000e+04 nan nan nan 7.286861573372428325e+01 1.282372333333333245e+03
5.759300000000000000e+04 nan nan nan 7.192932344784131260e+01 1.289155666666666548e+03
5.759300000000000000e+04 nan nan nan 7.129964673664531460e+01 1.283347333333333381e+03
5.759700000000000000e+04 nan nan nan nan nan
5.759700000000000000e+04 nan nan nan nan nan
5.759700000000000000e+04 nan 1.061401918134963432e-14 nan 3.178152656234230733e+01 5.287983333333334031e+02
5.760000000000000000e+04 nan nan nan 6.468197647869128275e+01 1.109555000000000064e+03
5.760000000000000000e+04 nan nan nan 6.948846163327380054e+01 1.192919166666666570e+03
5.760000000000000000e+04 nan nan nan 6.997301975127045637e+01 1.189168666666666695e+03
5.760300000000000000e+04 nan nan nan 7.634394156939053744e+01 1.306465833333333194e+03
5.760300000000000000e+04 nan nan nan 7.504814015305591113e+01 1.284422000000000025e+03
5.760300000000000000e+04 nan nan nan 7.635495122883992281e+01 1.296958999999999833e+03
5.760600000000000000e+04 nan 1.245190984573320761e-14 nan 7.111119243473139306e+01 1.185747000000000071e+03
5.760600000000000000e+04 nan 1.250696909366050072e-14 nan 6.895785443808270543e+01 1.159175333333333356e+03
5.760600000000000000e+04 nan 1.271316639554531796e-14 nan 7.047307956116060268e+01 1.178949833333333345e+03
5.760900000000000000e+04 nan 1.205417349381290649e-14 nan 6.735498994652047600e+01 1.227594000000000051e+03
5.760900000000000000e+04 nan 1.186484902485134832e-14 nan 6.462662782679115026e+01 1.225756833333333361e+03
5.760900000000000000e+04 nan 1.201370513511618680e-14 nan 7.040026435336251609e+01 1.258403999999999996e+03
5.761300000000000000e+04 nan nan nan 6.713080713690007428e+01 1.179399000000000115e+03
5.761300000000000000e+04 nan nan nan 6.616038503803591198e+01 1.168473000000000184e+03
5.761300000000000000e+04 nan nan nan nan nan
5.761600000000000000e+04 nan 1.057257499796878220e-14 nan 6.107852114268045085e+01 1.224975333333333310e+03
5.761600000000000000e+04 nan 1.020582265421992874e-14 nan 5.984028518336030800e+01 1.179724166666666633e+03
5.761600000000000000e+04 nan 1.045636853455236582e-14 nan 5.925255581002850391e+01 1.209362833333333356e+03
5.761900000000000000e+04 nan 1.133061406485235974e-14 nan 5.234971967287183503e+01 1.216443999999999960e+03
5.761900000000000000e+04 nan 1.142220410092296820e-14 nan 5.139242669646426975e+01 1.181406833333333452e+03
5.761900000000000000e+04 nan 1.135744313403993778e-14 nan 5.185928035008328152e+01 1.211518833333333305e+03
5.762300000000000000e+04 nan nan nan 7.537105798703449011e+01 1.249662666666666610e+03
5.762300000000000000e+04 nan nan nan 7.444889874781104311e+01 1.271092333333333272e+03
5.762300000000000000e+04 nan nan nan 7.139421188209483660e+01 1.187904500000000098e+03
5.762600000000000000e+04 nan nan nan nan nan
5.762600000000000000e+04 nan nan nan 6.279343893577127034e+01 1.078415999999999940e+03
5.762600000000000000e+04 nan nan nan 6.460208017521301826e+01 1.083646500000000060e+03
5.762900000000000000e+04 nan nan nan 7.453670088048312437e+01 1.245869333333333316e+03
5.762900000000000000e+04 nan nan nan 7.415901915149557055e+01 1.225200666666666621e+03
5.762900000000000000e+04 nan nan nan 7.509619436582779883e+01 1.255643499999999904e+03
5.763200000000000000e+04 nan nan nan 7.487476738708255652e+01 1.308076499999999896e+03
5.763200000000000000e+04 nan nan nan 7.469539030393671908e+01 1.309553333333333285e+03
5.763200000000000000e+04 nan nan nan 7.496763566499653564e+01 1.295514499999999998e+03
5.769000000000000000e+04 nan nan nan 7.311900439002445751e+01 1.242267000000000053e+03
5.769000000000000000e+04 nan nan nan 6.876194194499628054e+01 1.183482999999999947e+03
5.769000000000000000e+04 nan nan nan 7.243657799470108216e+01 1.238274833333333390e+03
5.769400000000000000e+04 nan nan nan 6.024904188069916700e+01 1.151979333333333216e+03
5.769400000000000000e+04 nan nan nan 5.978294791661107865e+01 1.129421499999999924e+03
5.769400000000000000e+04 nan nan nan 6.049164929697855797e+01 1.159054499999999962e+03
5.770000000000000000e+04 nan nan nan nan nan
5.770000000000000000e+04 nan nan nan 6.004949002353773579e+01 1.148128833333333205e+03
5.770000000000000000e+04 nan nan nan nan nan
5.770300000000000000e+04 nan nan nan 5.407403246324479795e+01 1.113625333333333401e+03
5.770300000000000000e+04 nan nan nan 5.576570869263379393e+01 1.125765333333333274e+03
5.770300000000000000e+04 nan nan nan 5.422582979431916783e+01 1.127502166666666653e+03
5.770700000000000000e+04 nan nan nan 4.689919772171145240e+01 1.001475833333333412e+03
5.770700000000000000e+04 nan nan nan 4.576840518202227059e+01 9.982408333333332848e+02
5.770700000000000000e+04 nan nan nan 4.664221965304258077e+01 9.946838333333332685e+02
5.771100000000000000e+04 nan nan nan 5.482880528208007576e+01 1.046690166666666755e+03
5.771100000000000000e+04 nan nan nan 5.445202258399992701e+01 1.040374166666666724e+03
5.771100000000000000e+04 nan nan nan 5.693551169222074293e+01 1.060998833333333323e+03
5.771400000000000000e+04 nan nan nan 5.238031919966031325e+01 9.494254999999999427e+02
5.771400000000000000e+04 nan nan nan 5.325677209118035194e+01 9.543443333333333385e+02
5.771400000000000000e+04 nan nan nan 5.243938236669787756e+01 9.495411666666666406e+02
5.772000000000000000e+04 nan nan nan 5.681750677177233655e+01 1.040779499999999871e+03
5.772000000000000000e+04 nan nan nan 5.772517731814111386e+01 1.058111833333333379e+03
5.772000000000000000e+04 nan nan nan 5.729718635656939085e+01 1.054537333333333208e+03
5.772400000000000000e+04 nan nan nan 4.921820521746520427e+01 9.057216666666666924e+02
5.772400000000000000e+04 nan nan nan 4.989147550171960432e+01 9.288353333333333239e+02
5.772800000000000000e+04 nan nan nan 5.401750533688233702e+01 9.841688333333332821e+02
5.772800000000000000e+04 nan nan nan 5.291930370293820118e+01 9.753651666666667097e+02
5.772800000000000000e+04 nan nan nan 5.265110087109060544e+01 9.732139999999999418e+02
5.773300000000000000e+04 nan nan nan 4.297989684677802558e+01 8.446150000000000091e+02
5.773300000000000000e+04 nan nan nan 4.838814294354916257e+01 9.547450000000000045e+02
5.773300000000000000e+04 nan nan nan 5.010539225910463301e+01 9.788369999999999891e+02
5.773600000000000000e+04 nan nan nan 4.897081656253073589e+01 9.939303333333333512e+02
5.773600000000000000e+04 nan nan nan 4.930001188654345867e+01 9.905226666666666233e+02
5.773600000000000000e+04 nan nan nan 4.767212891159218202e+01 9.862163333333334094e+02
5.773900000000000000e+04 nan 1.132334726609128196e-14 nan 5.638980067763837667e+01 1.060067333333333409e+03
5.773900000000000000e+04 nan 1.119159998727862538e-14 nan 5.445994821124683227e+01 1.059873000000000047e+03
5.773900000000000000e+04 nan 1.126232016100399859e-14 nan 5.524523658383604641e+01 1.052337500000000091e+03
5.774200000000000000e+04 nan nan nan 5.824962661573321299e+01 1.011799000000000092e+03
5.774200000000000000e+04 nan nan nan 5.931491801680103038e+01 1.009791333333333341e+03
5.774200000000000000e+04 nan nan nan 5.893333574354041104e+01 1.021957333333333395e+03
5.774600000000000000e+04 nan nan nan 5.469916799889804082e+01 1.006885666666666680e+03
5.774600000000000000e+04 nan nan nan nan nan
5.774600000000000000e+04 nan nan nan nan nan
5.774900000000000000e+04 nan nan nan 5.680408602775758453e+01 9.867044999999999391e+02
5.774900000000000000e+04 nan nan nan 5.361916804197893782e+01 9.420130000000000337e+02
5.774900000000000000e+04 nan nan nan 5.481333034736592680e+01 9.530766666666665969e+02
5.775200000000000000e+04 nan 1.115237930295412249e-14 nan 5.277592041743360340e+01 9.290226666666666233e+02
5.775200000000000000e+04 nan 1.120301087534209942e-14 nan 5.392966844429342643e+01 9.417621666666667579e+02
5.775200000000000000e+04 nan 1.106743278757159776e-14 nan 5.154566599843348484e+01 9.133034999999999854e+02
5.785700000000000000e+04 nan nan nan nan nan
5.785700000000000000e+04 nan nan nan nan nan
5.785700000000000000e+04 nan nan nan nan nan
5.787300000000000000e+04 nan nan nan nan nan
5.787300000000000000e+04 nan nan nan nan nan
5.787300000000000000e+04 nan nan nan nan nan
5.787600000000000000e+04 nan nan nan 8.555489623111347441e+01 1.491690833333333330e+03
5.787600000000000000e+04 nan nan nan 8.555404552122342920e+01 1.475861000000000104e+03
5.787600000000000000e+04 nan nan nan 8.496117177072999027e+01 1.490464999999999918e+03
5.790300000000000000e+04 nan 1.103964660659723433e-14 nan 6.214278420054481700e+01 1.055309666666666772e+03
5.790300000000000000e+04 nan 1.107444752967868707e-14 nan 5.886288553411898761e+01 1.000524333333333288e+03
5.790300000000000000e+04 nan 1.124354523736216147e-14 nan 5.843666176087843667e+01 9.996116666666665651e+02
5.790600000000000000e+04 nan 1.141726308423942755e-14 nan 7.448986706887380649e+01 1.315411833333333334e+03
5.790600000000000000e+04 nan 1.138450583557945781e-14 nan 7.695299527702366049e+01 1.346703333333333376e+03
5.790600000000000000e+04 nan 1.137634789781795783e-14 nan 7.555118546569426030e+01 1.342400833333333367e+03
5.790900000000000000e+04 nan nan nan nan nan
5.790900000000000000e+04 nan nan nan nan nan
5.790900000000000000e+04 nan nan nan nan nan
5.791300000000000000e+04 nan nan nan 6.692622766361643016e+01 1.271864000000000033e+03
5.791300000000000000e+04 nan nan nan 6.422580057433471268e+01 1.237304833333333136e+03
5.791300000000000000e+04 nan nan nan 6.401115498012515559e+01 1.214559833333333245e+03
5.791600000000000000e+04 nan nan nan 7.420348010329247757e+01 1.359705833333333430e+03
5.791600000000000000e+04 nan nan nan 7.339972397388781644e+01 1.381495499999999993e+03
5.791600000000000000e+04 nan nan nan 7.179374221632969011e+01 1.332051500000000033e+03
5.792200000000000000e+04 nan nan nan nan nan
5.792200000000000000e+04 nan nan nan nan nan
5.792200000000000000e+04 nan nan nan nan nan
5.792500000000000000e+04 nan nan nan 6.837718721811026512e+01 1.146599666666666508e+03
5.792500000000000000e+04 nan nan nan 6.895228536624485116e+01 1.156852833333333365e+03
5.792500000000000000e+04 nan nan nan 6.481992098457084239e+01 1.086585833333333312e+03
5.793300000000000000e+04 nan nan nan 5.954099774773464304e+01 9.793481666666666570e+02
5.793300000000000000e+04 nan nan nan 5.652970847749676153e+01 9.200508333333333439e+02
5.793300000000000000e+04 nan nan nan 5.900332630730737549e+01 9.533819999999999482e+02
5.793600000000000000e+04 nan nan nan 7.411206025033223455e+01 1.223887166666666644e+03
5.793600000000000000e+04 nan nan nan 7.521508207958274284e+01 1.280644999999999982e+03
5.793600000000000000e+04 nan nan nan 7.917435507451855869e+01 1.303198333333333267e+03
5.794200000000000000e+04 nan nan nan nan nan
5.794200000000000000e+04 nan nan nan nan nan
5.794200000000000000e+04 nan nan nan nan nan
5.794500000000000000e+04 nan nan nan 3.846183445024521319e+01 7.737965000000000373e+02
5.794500000000000000e+04 nan nan nan nan nan
5.794500000000000000e+04 nan nan nan nan nan
5.794800000000000000e+04 nan nan nan 6.949182013820431791e+01 1.211376833333333252e+03
5.794800000000000000e+04 nan nan nan 6.739835373038808086e+01 1.166729333333333216e+03
5.794800000000000000e+04 nan nan nan 6.820208709847850059e+01 1.163101166666666813e+03
5.795100000000000000e+04 nan 1.175882969747541265e-14 nan 6.951136071072160405e+01 1.201788999999999987e+03
5.795100000000000000e+04 nan 1.175885250901095154e-14 nan 6.998882422951383830e+01 1.193636333333333141e+03
5.795100000000000000e+04 nan 1.196050675375584148e-14 nan 6.690981320765015994e+01 1.128629000000000133e+03
5.795400000000000000e+04 nan 1.165765153675664033e-14 nan 6.266243957460449110e+01 1.062036666666666633e+03
5.795400000000000000e+04 nan nan nan 5.252748863525582834e+01 8.908928333333333285e+02
5.795400000000000000e+04 nan 1.127143545214151205e-14 nan 6.035461014802265822e+01 1.035980333333333419e+03
5.795800000000000000e+04 nan nan nan 7.364587948853539956e+01 1.218120666666666693e+03
5.795800000000000000e+04 nan nan nan 7.380024920398264499e+01 1.221315833333333330e+03
5.795800000000000000e+04 nan nan nan 7.306869250528454529e+01 1.198445500000000038e+03
5.796200000000000000e+04 nan nan nan 6.210187516540543839e+01 1.041172333333333199e+03
5.796200000000000000e+04 nan nan nan 4.902622131469484401e+01 8.108893333333332976e+02
5.796200000000000000e+04 nan nan nan 6.099204237648230276e+01 1.008481166666666695e+03
5.796500000000000000e+04 nan nan nan 1.195696731723875850e+01 1.957465000000000259e+02
5.796500000000000000e+04 nan nan nan 1.963981215247407874e+01 3.199510000000000218e+02
5.796500000000000000e+04 nan nan nan 1.432139408889198506e+01 2.360433333333333508e+02
5.797000000000000000e+04 nan nan nan 7.030693199428280593e+01 1.259384166666666715e+03
5.797000000000000000e+04 nan nan nan 6.962593629866832146e+01 1.234581666666666479e+03
5.797000000000000000e+04 nan nan nan 7.024895721619566302e+01 1.250936000000000149e+03
5.797300000000000000e+04 nan nan nan nan nan
5.797300000000000000e+04 nan nan nan nan nan
5.797300000000000000e+04 nan nan nan nan nan
5.798000000000000000e+04 nan 1.120380375097446771e-14 nan 6.798685405935353288e+01 1.181113833333333332e+03
5.798000000000000000e+04 nan 1.122351105988844938e-14 nan 6.654560184407664281e+01 1.170812500000000000e+03
5.798000000000000000e+04 nan 1.121008068536831679e-14 nan 6.249889858651034302e+01 1.116366999999999962e+03
5.798300000000000000e+04 nan nan nan 7.389854198062371893e+01 1.266993166666666639e+03
5.798300000000000000e+04 nan nan nan 7.196573406881434209e+01 1.248377166666666653e+03
5.798300000000000000e+04 nan nan nan 7.137373635403513106e+01 1.232537833333333310e+03
5.798600000000000000e+04 nan nan nan 7.467918690722025588e+01 1.298373166666666748e+03
5.798600000000000000e+04 nan nan nan 7.483771543867527498e+01 1.330669999999999845e+03
5.798600000000000000e+04 nan nan nan 7.337397492107045593e+01 1.283420833333333348e+03
5.799000000000000000e+04 nan nan nan 6.909838834076988690e+01 1.154432999999999993e+03
5.799000000000000000e+04 nan nan nan 7.082159170390855252e+01 1.159611666666666679e+03
5.799000000000000000e+04 nan nan nan 6.978440710726559360e+01 1.162714666666666744e+03
5.799300000000000000e+04 nan 1.048605659075831588e-14 nan 7.131584494734165958e+01 1.179287499999999909e+03
5.799300000000000000e+04 nan 1.090101666644443941e-14 nan 7.495478689625896607e+01 1.239081333333333305e+03
5.799300000000000000e+04 nan 1.101067652135870711e-14 nan 7.505605624718207025e+01 1.250759500000000116e+03
5.799600000000000000e+04 nan 1.163270907338882952e-14 nan 2.108720940058787008e+01 4.018023333333333085e+02
5.799600000000000000e+04 nan nan nan nan nan
5.799600000000000000e+04 nan nan nan nan nan
5.800000000000000000e+04 nan nan nan 6.444422112261722191e+01 1.270370499999999993e+03
5.800000000000000000e+04 nan 1.108133088791728453e-14 nan 5.785572445061351488e+01 1.167255666666666684e+03
5.800000000000000000e+04 nan 1.102708782787039453e-14 nan 6.052190742076025742e+01 1.205025833333333367e+03
5.800300000000000000e+04 nan nan nan 5.826266587883031178e+01 1.108991333333333159e+03
5.800300000000000000e+04 nan nan nan nan nan
5.800300000000000000e+04 nan nan nan nan nan
5.800700000000000000e+04 nan nan nan 6.665523210261400777e+01 1.095167333333333318e+03
5.800700000000000000e+04 nan nan nan 6.749967179134382889e+01 1.152307333333333418e+03
5.800700000000000000e+04 nan nan nan 6.603000587973987479e+01 1.108325666666666621e+03
5.801000000000000000e+04 nan 1.034508490956320414e-14 nan 7.177315721084893596e+01 1.188697333333333290e+03
5.801000000000000000e+04 nan 1.111842210280472488e-14 nan 7.580832341310016886e+01 1.267623500000000149e+03
5.801000000000000000e+04 nan 1.046545569521752706e-14 nan 7.106282718394412257e+01 1.193483999999999924e+03
5.801700000000000000e+04 nan 1.103408972851159642e-14 nan 6.969957871634538549e+01 1.171478333333333239e+03
5.801700000000000000e+04 nan 1.136180099380272211e-14 nan 7.412629297010364837e+01 1.273389333333333298e+03
5.801700000000000000e+04 nan 1.129152618997286455e-14 nan 7.436378970906930874e+01 1.263835500000000138e+03
5.802100000000000000e+04 nan 1.065890616022230276e-14 nan 6.475143341596501045e+01 1.124940666666666630e+03
5.802100000000000000e+04 nan 1.054153040656736077e-14 nan 6.455426325427900736e+01 1.120441666666666606e+03
5.802100000000000000e+04 nan 1.051579938266723291e-14 nan 6.297356216885279423e+01 1.103722833333333256e+03
5.802400000000000000e+04 nan nan nan nan nan
5.802400000000000000e+04 nan nan nan nan nan
5.802400000000000000e+04 nan nan nan nan nan
5.802700000000000000e+04 nan nan nan nan nan
5.802700000000000000e+04 nan nan nan nan nan
5.802700000000000000e+04 nan nan nan nan nan
5.804700000000000000e+04 nan nan nan 6.248109636982482584e+01 1.104769333333333407e+03
5.804700000000000000e+04 nan nan nan 6.481400257400775899e+01 1.122994500000000016e+03
5.804700000000000000e+04 nan nan nan 6.321216997477472432e+01 1.106663333333333412e+03
5.805000000000000000e+04 nan 1.220847170649415210e-14 nan 6.366298008983500978e+01 1.094225666666666484e+03
5.805000000000000000e+04 nan 1.233113695384662145e-14 nan 5.879947818975391272e+01 1.005571166666666613e+03
5.805000000000000000e+04 nan nan nan nan nan
5.805300000000000000e+04 nan nan nan 3.961621075357993504e+01 7.088868333333333567e+02
5.805300000000000000e+04 nan nan nan 6.245040209566446521e+01 1.096685333333333347e+03
5.805300000000000000e+04 nan nan nan 6.062520183967721721e+01 1.082143666666666604e+03
5.805600000000000000e+04 nan 1.137519724347056953e-14 nan 6.116658693657195300e+01 1.180385333333333165e+03
5.805600000000000000e+04 nan 1.157619801506026760e-14 nan 6.140878831985874342e+01 1.170695333333333338e+03
5.805600000000000000e+04 nan 1.154701756647999622e-14 nan 6.251741707673767223e+01 1.195749666666666599e+03
5.806200000000000000e+04 nan nan nan 5.982335117179457740e+01 1.245143333333333430e+03
5.806200000000000000e+04 nan nan nan 6.108049142956696187e+01 1.230773333333333312e+03
5.806200000000000000e+04 nan nan nan 6.052144999715258677e+01 1.233943166666666684e+03
5.806500000000000000e+04 nan nan nan nan nan
5.806500000000000000e+04 nan nan nan nan nan
5.806500000000000000e+04 nan nan nan nan nan
5.806800000000000000e+04 nan nan nan 5.863837378784713650e+01 1.060971000000000004e+03
5.806800000000000000e+04 nan nan nan nan nan
5.806800000000000000e+04 nan nan nan nan nan
5.807100000000000000e+04 nan nan nan 5.955230682705843037e+01 1.069024333333333288e+03
5.807100000000000000e+04 nan nan nan 6.074626023906210293e+01 1.062640499999999975e+03
5.807100000000000000e+04 nan nan nan 5.967856296456665888e+01 1.063998000000000047e+03
5.807500000000000000e+04 nan 1.162328422970230030e-14 nan 6.585605917973799706e+01 1.154414666666666790e+03
5.807500000000000000e+04 nan 1.129732907938130061e-14 nan 6.462326925174716052e+01 1.142147000000000162e+03
5.807500000000000000e+04 nan 1.148194127155542656e-14 nan 6.602387874968673032e+01 1.151901499999999942e+03
5.807800000000000000e+04 nan nan nan 5.884845764813992730e+01 1.086354666666666617e+03
5.807800000000000000e+04 nan nan nan 5.984079271028178226e+01 1.107230000000000018e+03
5.807800000000000000e+04 nan nan nan 5.998152032705472436e+01 1.096427666666666710e+03
5.808200000000000000e+04 nan nan nan nan nan
5.808200000000000000e+04 nan nan nan 5.442739986128003693e+01 1.028808833333333268e+03
5.808200000000000000e+04 nan nan nan 6.013518625031537113e+01 1.107078333333333376e+03
5.808600000000000000e+04 nan nan nan 4.989693639575330764e+01 1.080672333333333199e+03
5.808600000000000000e+04 nan nan nan 5.016511997585106286e+01 1.085506499999999960e+03
5.809000000000000000e+04 nan 1.117180682944437940e-14 nan 4.950582414287376309e+01 1.060574499999999944e+03
5.809400000000000000e+04 nan 1.185032979624604786e-14 nan 5.756052324899928152e+01 1.110456833333333407e+03
5.809400000000000000e+04 nan 1.172683729187411495e-14 nan 5.701777560099875330e+01 1.083555333333333238e+03
5.809400000000000000e+04 nan 1.187917946625761072e-14 nan 5.761455163126103685e+01 1.092256166666666786e+03
5.811200000000000000e+04 nan nan nan 6.127486386084480330e+01 1.086270333333333383e+03
5.811200000000000000e+04 nan nan nan 5.998889650276449714e+01 1.089449000000000069e+03
5.811200000000000000e+04 nan nan nan 6.142500876379763497e+01 1.093766833333333352e+03
5.811500000000000000e+04 nan nan nan 6.428558393142800753e+01 1.173426333333333332e+03
5.811500000000000000e+04 nan nan nan 6.522481877627551228e+01 1.172868166666666639e+03
5.811500000000000000e+04 nan nan nan 6.549638915951922513e+01 1.165616333333333159e+03
5.811800000000000000e+04 nan 1.130180517426351375e-14 nan 5.544702163126714822e+01 1.088539833333333263e+03
5.811800000000000000e+04 nan 1.145007498112244986e-14 nan 5.548643408578941205e+01 1.105465499999999793e+03
5.811800000000000000e+04 nan 1.144170823697816084e-14 nan 5.343126313496800606e+01 1.099217333333333272e+03
5.822300000000000000e+04 nan 1.112856739305969462e-14 nan 5.371435131984829781e+01 9.177143333333333430e+02
5.822300000000000000e+04 nan 1.189539214202068912e-14 nan 5.446462963012733383e+01 9.556203333333334058e+02
5.822300000000000000e+04 nan 1.192484809576565897e-14 nan 5.424192530735436435e+01 9.526721666666667261e+02
5.823500000000000000e+04 nan nan nan nan nan
5.823500000000000000e+04 nan nan nan nan nan
5.823900000000000000e+04 nan nan nan nan nan
5.823900000000000000e+04 nan nan nan nan nan
5.823900000000000000e+04 nan nan nan nan nan
5.824400000000000000e+04 nan nan nan nan nan
5.824400000000000000e+04 nan nan nan nan nan
5.824400000000000000e+04 nan nan nan nan nan
5.825800000000000000e+04 nan nan nan 4.483173533709044989e+01 7.629259999999999309e+02
5.825800000000000000e+04 nan nan nan 4.592179485602616040e+01 7.682500000000000000e+02
5.825800000000000000e+04 nan nan nan 5.308133142382047964e+01 8.906468333333333476e+02
5.826200000000000000e+04 nan nan nan 6.027256555879267097e+01 1.003711833333333288e+03
5.826200000000000000e+04 nan nan nan 6.080719468428068808e+01 1.019134333333333302e+03
5.826200000000000000e+04 nan nan nan 6.100529120416320694e+01 1.014381999999999948e+03
5.826500000000000000e+04 nan nan nan 5.317403129259056271e+01 9.539956666666665797e+02
5.826500000000000000e+04 nan nan nan 5.211239852978620490e+01 9.219041666666666970e+02
5.826500000000000000e+04 nan nan nan 5.222887722664655996e+01 9.480956666666666024e+02
5.827000000000000000e+04 nan nan nan nan nan
5.827100000000000000e+04 nan nan nan nan nan
5.827100000000000000e+04 nan nan nan nan nan
5.827100000000000000e+04 nan nan nan nan nan
5.827400000000000000e+04 nan 1.164108934937144284e-14 nan 4.980791319530066374e+01 9.379311666666667406e+02
5.827400000000000000e+04 nan 1.173318548731423477e-14 nan 5.143980538720835227e+01 9.357569999999999482e+02
5.827400000000000000e+04 nan 1.133865927399304397e-14 nan 4.686512672831707249e+01 8.857636666666666088e+02
5.827700000000000000e+04 nan 1.193111390779789716e-14 nan 5.217356060983266985e+01 9.208075000000000045e+02
5.827700000000000000e+04 nan 1.194418376085468195e-14 nan 5.623573945854305123e+01 9.813273333333332857e+02
5.827700000000000000e+04 nan 1.208665315120373894e-14 nan 5.665977960587667184e+01 9.840294999999999845e+02
5.828400000000000000e+04 nan nan nan 5.667825644226214621e+01 9.344025000000000318e+02
5.828400000000000000e+04 nan nan nan 5.427803691170282718e+01 8.999249999999999545e+02
5.828400000000000000e+04 nan nan nan 5.642467253637920521e+01 9.533371666666666897e+02
5.828800000000000000e+04 nan nan nan 5.595377218336844294e+01 9.265485000000001037e+02
5.828800000000000000e+04 nan nan nan 5.452067128200782520e+01 9.006993333333333567e+02
5.828800000000000000e+04 nan nan nan 5.514217891520976167e+01 9.172201666666666142e+02
5.829100000000000000e+04 nan nan nan 5.299658187285129429e+01 9.193783333333333303e+02
5.829100000000000000e+04 nan nan nan 5.170365695920045113e+01 8.927836666666665906e+02
5.829100000000000000e+04 nan nan nan 5.168162317722022436e+01 8.789453333333333376e+02
5.829400000000000000e+04 nan nan nan 4.287041234207941898e+01 7.603485000000000582e+02
5.829400000000000000e+04 nan nan nan 4.449394695173597825e+01 7.938324999999999818e+02
5.829400000000000000e+04 nan nan nan nan nan
5.829700000000000000e+04 nan 1.089073588968148310e-14 nan 5.147894643792729852e+01 9.424988333333333230e+02
5.829700000000000000e+04 nan 1.025357795938981612e-14 nan 4.882116960452436416e+01 8.845401666666667779e+02
5.829700000000000000e+04 nan 1.101540004849442886e-14 nan 5.131430216470904782e+01 9.324990000000000236e+02
5.830700000000000000e+04 nan nan nan 5.487438575530098461e+01 8.976508333333333667e+02
5.830700000000000000e+04 nan nan nan 5.389035435532018425e+01 9.036131666666666433e+02
5.830700000000000000e+04 nan nan nan 5.434797182055985587e+01 8.999731666666666570e+02
5.831000000000000000e+04 nan 1.131207318825657031e-14 nan 5.114021820007709351e+01 8.508051666666666506e+02
5.831000000000000000e+04 nan 1.122150499910256078e-14 nan 5.032206431258134671e+01 8.323439999999999372e+02
5.831000000000000000e+04 nan 1.135593285180528786e-14 nan 5.447228393543763758e+01 9.242870000000000346e+02
5.831300000000000000e+04 nan 1.153442788236583364e-14 nan 5.518975541447967004e+01 9.426458333333333712e+02
5.831300000000000000e+04 nan 1.124104950029703926e-14 nan 5.485304446603122130e+01 9.298548333333333176e+02
5.831300000000000000e+04 nan 1.149426836168395772e-14 nan 5.511466900271513936e+01 9.346791666666666742e+02
5.831800000000000000e+04 nan nan nan nan nan
5.831800000000000000e+04 nan 4.209226135995183877e-14 nan 4.571995889762942511e+01 7.651928333333332830e+02
5.831800000000000000e+04 nan 4.249604954344861908e-14 nan 4.648543340768303977e+01 7.842124999999999773e+02
5.832100000000000000e+04 nan 1.152441138033074136e-14 nan 4.980838313844944309e+01 8.462270000000000891e+02
5.832100000000000000e+04 nan 1.161348220851880471e-14 nan 4.848343688726023970e+01 8.034848333333333130e+02
5.832100000000000000e+04 nan 1.133974275057044370e-14 nan 4.248662433650890335e+01 7.015011666666666770e+02
5.832400000000000000e+04 nan nan nan 4.504918326403267059e+01 8.973026666666667097e+02
5.832400000000000000e+04 nan nan nan 4.679512742556673288e+01 9.041048333333333176e+02
5.832400000000000000e+04 nan nan nan 4.345030457104527954e+01 8.814278333333332967e+02
5.832800000000000000e+04 nan 1.054321451934445537e-14 nan 4.121754466312119547e+01 8.717595000000000027e+02
5.832800000000000000e+04 nan 1.058896495381943011e-14 nan 4.020022509947383327e+01 8.730028333333333421e+02
5.832800000000000000e+04 nan 1.060537103277179257e-14 nan 4.044377555828566528e+01 8.829419999999998936e+02
5.833100000000000000e+04 nan 1.069730844664253359e-14 nan 5.479276854655766016e+01 9.222983333333334031e+02
5.833100000000000000e+04 nan 1.043757617817143323e-14 nan 5.255836836027990699e+01 8.924423333333332948e+02
5.833100000000000000e+04 nan 1.082307428848666204e-14 nan 5.506225232565797256e+01 9.310080000000000382e+02
5.833400000000000000e+04 nan nan nan 5.077384855010351572e+01 8.464115000000000464e+02
5.833400000000000000e+04 nan nan nan nan nan
5.833400000000000000e+04 nan nan nan 5.030833657636414813e+01 8.372441666666667288e+02
5.833800000000000000e+04 nan 1.140687633735114348e-14 nan 5.460914686850573929e+01 9.270886666666666542e+02
5.833800000000000000e+04 nan 1.146288758605831451e-14 nan 5.625833960848898130e+01 9.392766666666666424e+02
5.833800000000000000e+04 nan 1.150126964343318428e-14 nan 5.723247392244280718e+01 9.579074999999999136e+02
5.834100000000000000e+04 nan nan nan 5.829997862993382540e+01 9.709175000000000182e+02
5.834100000000000000e+04 nan nan nan 5.722860515648763169e+01 9.609604999999999109e+02
5.834100000000000000e+04 nan nan nan 5.787511115005389684e+01 9.661460000000000719e+02
5.834400000000000000e+04 nan nan nan 5.369433348181912891e+01 9.012003333333333330e+02
5.834400000000000000e+04 nan nan nan 5.483768929533132308e+01 9.125375000000000227e+02
5.834400000000000000e+04 nan nan nan 5.500529698083699515e+01 9.171404999999999745e+02
5.834700000000000000e+04 nan 1.143305962395944880e-14 nan 5.829718159333274485e+01 9.770256666666666661e+02
5.834800000000000000e+04 nan 1.002761481157494145e-14 nan 3.545773948560416500e+01 5.734349999999999454e+02
5.834800000000000000e+04 nan 9.814453748820535481e-15 nan 4.077689467380898947e+01 6.690001666666667006e+02
5.834800000000000000e+04 nan 1.027055189102901075e-14 nan 3.826840718910332839e+01 6.164634999999999536e+02
5.835100000000000000e+04 nan nan nan 5.270668467224672327e+01 9.081921666666665942e+02
5.835100000000000000e+04 nan nan nan 5.170863206615518948e+01 8.947861666666666451e+02
5.835100000000000000e+04 nan nan nan 5.168058837850227860e+01 8.954550000000000409e+02
