5.750800000000000000e+04 nan nan nan 7.309374718670872539e+01 1.561964666666666744e+03
5.750800000000000000e+04 nan nan nan 5.993948048340524082e+01 1.225170833333333348e+03
5.750800000000000000e+04 nan nan nan 6.746508311248788914e+01 1.404062999999999874e+03
5.751100000000000000e+04 nan nan nan 1.577712192182797821e+02 2.928230000000000018e+03
5.751100000000000000e+04 nan nan nan 1.563621808305961736e+02 2.864051666666666733e+03
5.751100000000000000e+04 nan nan nan 1.590722642963837359e+02 2.877128333333333558e+03
5.751600000000000000e+04 nan nan nan nan nan
5.751600000000000000e+04 nan nan nan nan nan
5.751600000000000000e+04 nan nan nan nan nan
5.752000000000000000e+04 nan nan nan nan nan
5.752000000000000000e+04 nan nan nan nan nan
5.752000000000000000e+04 nan nan nan nan nan
5.752300000000000000e+04 nan nan nan nan nan
5.752300000000000000e+04 nan nan nan 5.153685863377748433e+01 9.245930000000000746e+02
5.752300000000000000e+04 nan nan nan 4.025025431186444536e+01 7.161361666666666679e+02
5.752900000000000000e+04 nan 1.537008084962543121e-14 nan 1.007224614367844282e+02 3.034559999999999945e+03
5.752900000000000000e+04 nan 1.695516441614647520e-14 nan 1.032370675178411830e+02 3.034133333333333212e+03
5.752900000000000000e+04 nan 1.467651250919269106e-14 nan 1.099642466568319179e+02 3.132553333333333740e+03
5.753400000000000000e+04 nan nan nan 1.216195566526695728e+02 3.301368333333333339e+03
5.753400000000000000e+04 nan nan nan 1.184193702011468332e+02 3.218139999999999873e+03
5.753400000000000000e+04 nan nan nan 1.202282356867568041e+02 3.265311666666666952e+03
5.754600000000000000e+04 nan nan nan 1.695936465015432191e+02 3.069670000000000073e+03
5.754600000000000000e+04 nan nan nan 1.637910883098227544e+02 3.053144999999999982e+03
5.754600000000000000e+04 nan nan nan 1.680882944703978978e+02 3.084298333333333176e+03
5.755000000000000000e+04 nan nan nan 1.721610785040375333e+02 3.132941666666666606e+03
5.755000000000000000e+04 nan nan nan 1.686901528952058982e+02 3.111846666666666351e+03
5.755000000000000000e+04 nan nan nan 1.749003424013468759e+02 3.147581666666666479e+03
5.755400000000000000e+04 nan 8.587150453071166291e-15 nan 8.999099163638449284e+01 1.923476666666666688e+03
5.755400000000000000e+04 nan 8.596944498229974807e-15 nan 8.549829698983563731e+01 1.827673333333333176e+03
5.755400000000000000e+04 nan 8.765516182088827543e-15 nan 1.364966673237561849e+02 2.816873333333333449e+03
5.755700000000000000e+04 nan 8.371068889625582915e-15 nan 1.366839105742215281e+02 3.099343333333333248e+03
5.755700000000000000e+04 nan 8.390754938510224365e-15 nan 1.358178716216421265e+02 3.104941666666666606e+03
5.755700000000000000e+04 nan 8.215577262235650516e-15 nan 1.292622056608198022e+02 2.976974999999999909e+03
5.756100000000000000e+04 nan 8.888437788997702650e-15 nan 1.065198198231351938e+02 3.303656666666666752e+03
5.756100000000000000e+04 nan 9.004307627422936777e-15 nan 1.063005206528550985e+02 3.260438333333333048e+03
5.756100000000000000e+04 nan 8.904224279470470981e-15 nan 1.077843639259998270e+02 3.276135000000000218e+03
5.756600000000000000e+04 nan 8.747156119511324172e-15 nan 1.392444809847115437e+02 3.032688333333333048e+03
5.756600000000000000e+04 nan 8.736477832583977709e-15 nan 1.463811164760731458e+02 3.182996666666666442e+03
5.756600000000000000e+04 nan 8.917223919640670167e-15 nan 1.434570239952836630e+02 3.085196666666666260e+03
5.756900000000000000e+04 nan nan nan 1.374137096020988622e+02 2.583906666666666752e+03
5.756900000000000000e+04 nan nan nan 1.368510993175927410e+02 2.604501666666666551e+03
5.756900000000000000e+04 nan nan nan 1.133624352475396790e+02 2.173019999999999982e+03
5.757300000000000000e+04 nan nan nan nan nan
5.757300000000000000e+04 nan nan nan nan nan
5.757300000000000000e+04 nan nan nan 8.474064859159307517e+00 1.413584000000000174e+02
5.757600000000000000e+04 nan 8.544166118766426711e-15 nan 1.620202095476412865e+02 3.009295000000000073e+03
5.757600000000000000e+04 nan 8.539121049138219564e-15 nan 1.591467446086970199e+02 2.954486666666666679e+03
5.757600000000000000e+04 nan 8.540192795684799037e-15 nan 1.651367732572491605e+02 3.011014999999999873e+03
5.758100000000000000e+04 nan 8.341299380991039830e-15 nan 1.531476493478608347e+02 2.783053333333333740e+03
5.758100000000000000e+04 nan 8.657718578644314191e-15 nan 1.636079532543420498e+02 2.937496666666666442e+03
5.758100000000000000e+04 nan 8.468351490050876170e-15 nan 1.552895123846731167e+02 2.803936666666666952e+03
5.758400000000000000e+04 nan 8.160321182796503059e-15 nan 1.508670310819009899e+02 2.932429999999999836e+03
5.758400000000000000e+04 nan 8.233404033227137766e-15 nan 1.503294527517754489e+02 2.952184999999999945e+03
5.758400000000000000e+04 nan 8.187524739411445180e-15 nan 1.540806795962402873e+02 2.940268333333333430e+03
5.758700000000000000e+04 nan 8.329050751497970917e-15 nan 5.786191382691741580e+01 1.828884999999999991e+03
5.758700000000000000e+04 nan 8.193734711720880210e-15 nan 6.186582684187487047e+01 1.922006666666666661e+03
5.758700000000000000e+04 nan 8.236717382175628617e-15 nan 6.040670295807156975e+01 1.911523333333333312e+03
5.759000000000000000e+04 nan 8.780364496812783164e-15 nan 6.079547334118476698e+01 2.396478333333333467e+03
5.759000000000000000e+04 nan 8.797162432905351745e-15 nan 4.563093656391189512e+01 1.977185000000000173e+03
5.759000000000000000e+04 nan 8.695898927406381689e-15 nan 3.849021846178425221e+01 1.735658333333333303e+03
5.759300000000000000e+04 nan nan nan 1.285021175977567225e+02 3.188964999999999691e+03
5.759300000000000000e+04 nan nan nan 1.274080677137670534e+02 3.195433333333333394e+03
5.759300000000000000e+04 nan nan nan 1.293482219403308022e+02 3.196303333333333740e+03
5.759700000000000000e+04 nan 8.240054710416385434e-15 nan 6.785542136084436038e+01 1.257551500000000033e+03
5.759700000000000000e+04 nan 8.176470368719659078e-15 nan 3.736715747537783017e+01 6.625613333333333230e+02
5.759700000000000000e+04 nan 8.186544312504562291e-15 nan 3.378688460329393450e+01 5.996115000000000919e+02
5.760000000000000000e+04 nan nan nan 1.530039250423931492e+02 2.763846666666666351e+03
5.760000000000000000e+04 nan nan nan 1.598279331186412549e+02 2.946161666666666861e+03
5.760000000000000000e+04 nan nan nan 1.626398312272639544e+02 2.924436666666666952e+03
5.760300000000000000e+04 nan nan nan 1.446564778245342779e+02 2.644160000000000309e+03
5.760300000000000000e+04 nan nan nan 1.458226101212124490e+02 2.660761666666666770e+03
5.760300000000000000e+04 nan nan nan 1.459178766532918132e+02 2.675614999999999782e+03
5.760600000000000000e+04 nan 9.193695807406784100e-15 nan 1.248123857588297909e+02 2.400954999999999927e+03
5.760600000000000000e+04 nan 9.218247388150434288e-15 nan 1.204801238958124117e+02 2.385000000000000000e+03
5.760600000000000000e+04 nan 9.184769373738176421e-15 nan 1.310868919369238199e+02 2.441143333333333430e+03
5.760900000000000000e+04 nan 8.989890355467647556e-15 nan 1.234145134741810210e+02 2.555391666666666879e+03
5.760900000000000000e+04 nan 9.009730927137602824e-15 nan 9.348373808379056982e+01 2.509488333333333230e+03
5.760900000000000000e+04 nan 8.926320499752233947e-15 nan 1.078937458257200461e+02 2.502581666666666479e+03
5.761300000000000000e+04 nan nan nan 1.288447140038990995e+02 2.798886666666666770e+03
5.761300000000000000e+04 nan nan nan 1.375868571944091912e+02 2.990300000000000182e+03
5.761300000000000000e+04 nan nan nan 1.374780335046489483e+02 3.044099999999999909e+03
5.761600000000000000e+04 nan 8.081443058671347679e-15 nan 9.130984947554657083e+01 2.822346666666666351e+03
5.761600000000000000e+04 nan 8.216645088154702888e-15 nan 9.191006839927671024e+01 2.885651666666666642e+03
5.761600000000000000e+04 nan 8.202268188554680004e-15 nan 9.130420232241958445e+01 2.934531666666666752e+03
5.761900000000000000e+04 nan 8.852614927011424910e-15 nan 6.816665399823048688e+01 2.820468333333333248e+03
5.761900000000000000e+04 nan 8.937213322595979643e-15 nan 6.649557813775579973e+01 2.761331666666666479e+03
5.761900000000000000e+04 nan 8.769935926796527980e-15 nan 6.730286215658189519e+01 2.776981666666666570e+03
5.762300000000000000e+04 nan 8.546581876191993861e-15 nan 1.399093672070730747e+02 2.872398333333333085e+03
5.762300000000000000e+04 nan 8.622710268155769418e-15 nan 1.467186911511285530e+02 3.024776666666666642e+03
5.762300000000000000e+04 nan 8.735335082958785096e-15 nan 1.453076637738502939e+02 2.980691666666666606e+03
5.762600000000000000e+04 nan nan nan 1.499358795610904735e+02 2.704940000000000055e+03
5.762600000000000000e+04 nan nan nan 1.495357693323840067e+02 2.715136666666666770e+03
5.762600000000000000e+04 nan nan nan 1.439932153762804035e+02 2.636441666666666606e+03
5.762900000000000000e+04 nan nan nan 1.625967467377288642e+02 2.973516666666666879e+03
5.762900000000000000e+04 nan nan nan 1.641369804087496789e+02 2.957208333333333485e+03
5.762900000000000000e+04 nan nan nan 1.609029713659516574e+02 2.928283333333333303e+03
5.763200000000000000e+04 nan 8.557783584459079004e-15 nan 1.538520931932446558e+02 2.761966666666666697e+03
5.763200000000000000e+04 nan 8.458114139509752665e-15 nan 1.503517774390186617e+02 2.757498333333333449e+03
5.763200000000000000e+04 nan 8.465898484684539301e-15 nan 1.514434374460822710e+02 2.747668333333333521e+03
5.769000000000000000e+04 nan nan nan 1.432386448485577546e+02 2.641079999999999927e+03
5.769000000000000000e+04 nan nan nan 1.499064847298017753e+02 2.756841666666666697e+03
5.769000000000000000e+04 nan nan nan 1.498271546624689847e+02 2.746989999999999782e+03
5.769400000000000000e+04 nan nan nan 1.035687507146192274e+02 1.833035000000000082e+03
5.769400000000000000e+04 nan nan nan 1.046149279132272198e+02 1.834566666666666606e+03
5.769400000000000000e+04 nan nan nan 1.047981135877280963e+02 1.833569999999999936e+03
5.770000000000000000e+04 nan nan nan 1.234441573100616267e+02 2.772838333333333139e+03
5.770000000000000000e+04 nan nan nan 1.221509169541016604e+02 2.751416666666666515e+03
5.770000000000000000e+04 nan nan nan 1.214388475012573849e+02 2.760250000000000000e+03
5.770300000000000000e+04 nan nan nan 7.544641045548355862e+01 2.330389999999999873e+03
5.770300000000000000e+04 nan nan nan 7.630976580363775952e+01 2.357533333333333303e+03
5.770300000000000000e+04 nan nan nan 7.653628200395628767e+01 2.374193333333333612e+03
5.770700000000000000e+04 nan 1.085165973667939272e-14 nan 3.510966912322452771e+01 1.556195999999999913e+03
5.770700000000000000e+04 nan 1.091205553682525145e-14 nan 3.596143624338442635e+01 1.543238833333333332e+03
5.770700000000000000e+04 nan 1.186092008778642735e-14 nan 3.653900375890305696e+01 1.591335166666666737e+03
5.771100000000000000e+04 nan nan nan 7.964569315526409810e+01 1.974788333333333412e+03
5.771100000000000000e+04 nan nan nan 7.490737267807253374e+01 1.935455000000000155e+03
5.771100000000000000e+04 nan nan nan 8.377440275734467434e+01 1.995888333333333321e+03
5.771400000000000000e+04 nan nan nan 9.254631191458543071e+01 1.636413000000000011e+03
5.771400000000000000e+04 nan nan nan 8.989295445787493577e+01 1.595346499999999878e+03
5.771400000000000000e+04 nan nan nan 9.415865630213170334e+01 1.631853833333333341e+03
5.772000000000000000e+04 nan nan nan 9.929451867195889747e+01 1.767816666666666606e+03
5.772000000000000000e+04 nan nan nan 1.012139853286064977e+02 1.800264999999999873e+03
5.772000000000000000e+04 nan nan nan 1.003845458142574216e+02 1.797071666666666715e+03
5.772400000000000000e+04 nan nan nan 8.346580194036138778e+01 1.468040333333333365e+03
5.772400000000000000e+04 nan nan nan 7.941118129168474127e+01 1.398161000000000058e+03
5.772800000000000000e+04 nan nan nan 1.055739013771115111e+02 2.202868333333333339e+03
5.772800000000000000e+04 nan nan nan 1.055860014877113002e+02 2.179166666666666515e+03
5.772800000000000000e+04 nan nan nan 1.055676497650261609e+02 2.181968333333333248e+03
5.773300000000000000e+04 nan nan nan 5.985707299138670123e+01 1.852450000000000045e+03
5.773300000000000000e+04 nan nan nan 6.753796308871582710e+01 2.066318333333333612e+03
5.773300000000000000e+04 nan nan nan 7.010684679752793613e+01 2.131076666666666824e+03
5.773600000000000000e+04 nan nan nan nan nan
5.773600000000000000e+04 nan nan nan 4.056054999205425560e+01 1.835146666666666761e+03
5.773600000000000000e+04 nan nan nan nan nan
5.773900000000000000e+04 nan 8.577560096776927801e-15 nan 6.262352849966184465e+01 1.852301666666666733e+03
5.773900000000000000e+04 nan 8.503007557564328589e-15 nan 6.427577537195229240e+01 1.828878333333333330e+03
5.773900000000000000e+04 nan 8.704144304827049626e-15 nan 6.637947603070730906e+01 1.863404999999999973e+03
5.774200000000000000e+04 nan nan nan 1.004500748081801618e+02 1.786900000000000091e+03
5.774200000000000000e+04 nan nan nan 1.034659639872222812e+02 1.814311666666666724e+03
5.774200000000000000e+04 nan nan nan 1.003977260432440346e+02 1.754125000000000000e+03
5.774600000000000000e+04 nan nan nan 8.912079730732109795e+01 2.394626666666666551e+03
5.774600000000000000e+04 nan nan nan 1.019830694148865149e+02 2.460438333333333048e+03
5.774600000000000000e+04 nan nan nan nan nan
5.774900000000000000e+04 nan nan nan 9.329022928456130614e+01 1.677156666666666524e+03
5.774900000000000000e+04 nan nan nan 9.466500125274977506e+01 1.675764999999999873e+03
5.774900000000000000e+04 nan nan nan 9.045755829814497417e+01 1.648152666666666619e+03
5.775200000000000000e+04 nan 8.865634047290745295e-15 nan 9.882276587944544133e+01 1.770938333333333276e+03
5.775200000000000000e+04 nan 8.777617958475666329e-15 nan 1.003905178970979506e+02 1.821743333333333339e+03
5.775200000000000000e+04 nan 8.806131779770594369e-15 nan 9.946490994464645041e+01 1.822526666666666870e+03
5.785700000000000000e+04 nan nan nan nan nan
5.785700000000000000e+04 nan nan nan nan nan
5.785700000000000000e+04 nan nan nan nan nan
5.787300000000000000e+04 nan nan nan nan nan
5.787300000000000000e+04 nan nan nan nan nan
5.787300000000000000e+04 nan nan nan 4.718310629599509554e+01 7.796616666666666333e+02
5.787600000000000000e+04 nan nan nan 1.808674874691357104e+02 3.286666666666666515e+03
5.787600000000000000e+04 nan nan nan 1.769574892704039826e+02 3.319026666666666642e+03
5.787600000000000000e+04 nan 1.029675356955068226e-14 nan 1.775545900320740600e+02 3.255114999999999782e+03
5.790300000000000000e+04 nan 8.390448264987573874e-15 nan 1.366770338143416836e+02 2.497261666666666770e+03
5.790300000000000000e+04 nan 8.223116527745714029e-15 nan 1.431268064631717891e+02 2.601079999999999927e+03
5.790300000000000000e+04 nan 8.328721015660205570e-15 nan 1.400784247966311398e+02 2.491764999999999873e+03
5.790600000000000000e+04 nan 8.741960050858927286e-15 nan 1.625029897545944948e+02 2.984416666666666515e+03
5.790600000000000000e+04 nan 8.739149434143226182e-15 nan 1.627704272792065865e+02 3.050876666666666551e+03
5.790600000000000000e+04 nan 8.676161371335100447e-15 nan 1.677498438913984558e+02 3.052636666666666770e+03
5.790900000000000000e+04 nan nan nan nan nan
5.790900000000000000e+04 nan nan nan nan nan
5.790900000000000000e+04 nan nan nan nan nan
5.791300000000000000e+04 nan nan nan 8.143273098209402860e+01 2.528243333333333339e+03
5.791300000000000000e+04 nan nan nan 8.406901928541684299e+01 2.618303333333333740e+03
5.791300000000000000e+04 nan nan nan 8.191303752442345854e+01 2.540133333333333212e+03
5.791600000000000000e+04 nan nan nan 9.310891857508181602e+01 2.673230000000000018e+03
5.791600000000000000e+04 nan nan nan 9.728716722453350485e+01 2.775281666666666752e+03
5.791600000000000000e+04 nan nan nan 9.703256219669141558e+01 2.714898333333333085e+03
5.792200000000000000e+04 nan nan nan 2.008918382180646844e+01 3.528121666666666556e+02
5.792200000000000000e+04 nan nan nan 1.090115849063298903e+01 1.890614999999999952e+02
5.792200000000000000e+04 nan nan nan 2.133176353894321053e+01 3.819393333333333658e+02
5.792500000000000000e+04 nan nan nan 1.243348639420071322e+02 2.262650000000000091e+03
5.792500000000000000e+04 nan nan nan 1.193984873204999531e+02 2.130028333333333194e+03
5.792500000000000000e+04 nan 1.807441521608769722e-14 nan 1.234976230472079806e+02 2.244449999999999818e+03
5.793300000000000000e+04 nan 1.117883143800330627e-14 nan 1.180801351625801203e+02 2.088478333333333467e+03
5.793300000000000000e+04 nan 1.186906130665399381e-14 nan 1.089209902677450543e+02 1.950080000000000155e+03
5.793300000000000000e+04 nan 1.153459581930796081e-14 nan 1.121287828418675616e+02 2.010836666666666588e+03
5.793600000000000000e+04 nan nan nan 1.543349269983172292e+02 2.831776666666666642e+03
5.793600000000000000e+04 nan nan nan 1.468990960069970413e+02 2.687228333333333467e+03
5.793600000000000000e+04 nan nan nan 1.558157880660405397e+02 2.886176666666666733e+03
5.794200000000000000e+04 nan nan nan 3.940191367900369102e+01 1.239430000000000064e+03
5.794200000000000000e+04 nan nan nan nan nan
5.794200000000000000e+04 nan nan nan nan nan
5.794500000000000000e+04 nan nan nan 5.297762710305249811e+01 1.756275000000000091e+03
5.794500000000000000e+04 nan nan nan 5.381503349805144865e+01 1.818983333333333348e+03
5.794500000000000000e+04 nan nan nan 5.295736758931756327e+01 1.759123333333333221e+03
5.794800000000000000e+04 nan 1.144121941460533316e-14 nan 1.209522414658244429e+02 2.697945000000000164e+03
5.794800000000000000e+04 nan 1.104950241998554545e-14 nan 1.255557092867293818e+02 2.809995000000000346e+03
5.794800000000000000e+04 nan 1.159093396775134890e-14 nan 1.183818157733332583e+02 2.674518333333333430e+03
5.795100000000000000e+04 nan 9.383393434168555383e-15 nan 1.281990417357513081e+02 2.462364999999999782e+03
5.795100000000000000e+04 nan 9.457223470612815193e-15 nan 1.249013722172152114e+02 2.352211666666667043e+03
5.795100000000000000e+04 nan 9.496467774810753723e-15 nan 1.299795539282876859e+02 2.503463333333333139e+03
5.795400000000000000e+04 nan 8.598535692506172714e-15 nan 1.124000404606966583e+02 2.075224999999999909e+03
5.795400000000000000e+04 nan 8.564398634990886626e-15 nan 1.155472201047146683e+02 2.085440000000000055e+03
5.795400000000000000e+04 nan nan nan 9.984104809206269238e+01 1.784980000000000018e+03
5.795800000000000000e+04 nan nan nan 1.578053239934159535e+02 2.863551666666666733e+03
5.795800000000000000e+04 nan nan nan 1.552123277367924175e+02 2.827559999999999945e+03
5.795800000000000000e+04 nan nan nan 1.581533430027912743e+02 2.867408333333333303e+03
5.796200000000000000e+04 nan nan nan 1.007791880982656636e+02 1.844069999999999936e+03
5.796200000000000000e+04 nan nan nan 1.250744939980059627e+02 2.310813333333333048e+03
5.796200000000000000e+04 nan nan nan 1.311752392223941399e+02 2.377078333333333376e+03
5.796500000000000000e+04 nan nan nan 2.639458647922773338e+01 4.679920000000000186e+02
5.796500000000000000e+04 nan nan nan 4.226269820260410626e+01 7.433794999999998936e+02
5.796500000000000000e+04 nan nan nan 3.198517251212865986e+01 5.556563333333332366e+02
5.797000000000000000e+04 nan nan nan 1.084390047437905764e+02 2.886151666666666642e+03
5.797000000000000000e+04 nan nan nan 1.092306824975987354e+02 2.935041666666666515e+03
5.797000000000000000e+04 nan nan nan 1.104469588206893604e+02 2.935078333333333376e+03
5.797300000000000000e+04 nan nan nan nan nan
5.797300000000000000e+04 nan nan nan nan nan
5.797300000000000000e+04 nan nan nan nan nan
5.798000000000000000e+04 nan 8.927624021003151588e-15 nan 1.404422476323613012e+02 2.540429999999999836e+03
5.798000000000000000e+04 nan 8.717865412806133484e-15 nan 1.461405564509289832e+02 2.650681666666666388e+03
5.798000000000000000e+04 nan 8.630992605675887128e-15 nan 1.460358695161819469e+02 2.661373333333333449e+03
5.798300000000000000e+04 nan nan nan 1.548842815055802191e+02 2.828553333333333740e+03
5.798300000000000000e+04 nan nan nan 1.525259369856819376e+02 2.788013333333333321e+03
5.798300000000000000e+04 nan nan nan 1.482798188112988669e+02 2.734498333333333449e+03
5.798600000000000000e+04 nan nan nan 1.328833563129525999e+02 2.398578333333333376e+03
5.798600000000000000e+04 nan nan nan 1.353926060321914804e+02 2.448126666666666551e+03
5.798600000000000000e+04 nan 2.147810285807442006e-14 nan 1.337263728573258277e+02 2.432510000000000218e+03
5.799000000000000000e+04 nan nan nan 1.498914396260147157e+02 2.724631666666666661e+03
5.799000000000000000e+04 nan nan nan 1.511924335530639780e+02 2.714220000000000255e+03
5.799000000000000000e+04 nan nan nan 1.526876909970918916e+02 2.748658333333333303e+03
5.799300000000000000e+04 nan 8.466508683679275496e-15 nan 1.480935843959792919e+02 2.665528333333333649e+03
5.799300000000000000e+04 nan 8.510898982313355604e-15 nan 1.477471378484797810e+02 2.687166666666666515e+03
5.799300000000000000e+04 nan 8.376659067617559692e-15 nan 1.451583921321785624e+02 2.618046666666666624e+03
5.799600000000000000e+04 nan nan nan nan nan
5.799600000000000000e+04 nan nan nan nan nan
5.799600000000000000e+04 nan 8.521466127682043369e-15 nan 3.144937512867490170e+01 8.049078333333333148e+02
5.800000000000000000e+04 nan nan nan 8.550110874141950035e+01 2.757514999999999873e+03
5.800000000000000000e+04 nan 8.598148347059561798e-15 nan 7.826096172670563078e+01 2.585546666666666624e+03
5.800000000000000000e+04 nan 8.537987604481239704e-15 nan 8.357273839922130776e+01 2.674300000000000182e+03
5.800300000000000000e+04 nan nan nan nan nan
5.800300000000000000e+04 nan nan nan nan nan
5.800300000000000000e+04 nan nan nan nan nan
5.800700000000000000e+04 nan nan nan 1.496316623842700153e+02 2.703071666666666260e+03
5.800700000000000000e+04 nan nan nan 1.442955189274980796e+02 2.602341666666666697e+03
5.800700000000000000e+04 nan nan nan 1.389653205692876554e+02 2.537275000000000091e+03
5.801000000000000000e+04 nan 8.256211424289109166e-15 nan 1.454958071388741132e+02 2.631875000000000000e+03
5.801000000000000000e+04 nan 8.575180028612420327e-15 nan 1.518617851810069510e+02 2.732589999999999691e+03
5.801000000000000000e+04 nan 8.260954585258035045e-15 nan 1.450644798791346659e+02 2.615220000000000255e+03
5.801700000000000000e+04 nan 8.754332677359843393e-15 nan 1.507437300670719367e+02 2.736981666666666570e+03
5.801700000000000000e+04 nan 8.616967488625457731e-15 nan 1.430096940311462674e+02 2.601763333333333321e+03
5.801700000000000000e+04 nan 8.655332196154638126e-15 nan 1.492197249598611108e+02 2.727496666666666442e+03
5.802100000000000000e+04 nan 8.216821872669937333e-15 nan 8.793876759621929295e+01 2.549214999999999691e+03
5.802100000000000000e+04 nan 8.162942069451448701e-15 nan 9.062867797212476262e+01 2.526929999999999836e+03
5.802100000000000000e+04 nan 8.127170645981947003e-15 nan 9.314154607688797682e+01 2.509826666666666824e+03
5.802400000000000000e+04 nan nan nan 6.906368404702399744e+01 1.506108999999999924e+03
5.802400000000000000e+04 nan nan nan 7.069675993705857309e+01 1.554849500000000035e+03
5.802400000000000000e+04 nan nan nan nan nan
5.802700000000000000e+04 nan nan nan nan nan
5.802700000000000000e+04 nan nan nan nan nan
5.802700000000000000e+04 nan nan nan nan nan
5.804700000000000000e+04 nan nan nan 1.261530270051441818e+02 2.291629999999999654e+03
5.804700000000000000e+04 nan nan nan 1.267508823123559694e+02 2.314545000000000073e+03
5.804700000000000000e+04 nan nan nan 1.281315451355042114e+02 2.292308333333333394e+03
5.805000000000000000e+04 nan 9.751197882096492475e-15 nan 1.080777805168525703e+02 1.940776666666666870e+03
5.805000000000000000e+04 nan 9.357779210293597977e-15 nan 4.702254586926247271e+01 8.358566666666666833e+02
5.805000000000000000e+04 nan 9.740400828471612090e-15 nan 1.182673438010058220e+02 2.101835000000000036e+03
5.805300000000000000e+04 nan nan nan 1.056859552836651233e+02 1.868546666666666624e+03
5.805300000000000000e+04 nan nan nan 7.189787997770294226e+01 1.251769999999999982e+03
5.805300000000000000e+04 nan nan nan 1.091194753292013502e+02 1.920806666666666615e+03
5.805600000000000000e+04 nan 9.121249600133627249e-15 nan 8.614940010782758861e+01 1.672553333333333285e+03
5.805600000000000000e+04 nan 8.955580179553078187e-15 nan 9.008231072975178222e+01 1.663604333333333216e+03
5.805600000000000000e+04 nan 9.109979834104410754e-15 nan 8.568763718576272481e+01 1.627511166666666668e+03
5.806200000000000000e+04 nan nan nan 6.025187828708891402e+01 2.115711666666666588e+03
5.806200000000000000e+04 nan nan nan 6.078904740338172275e+01 2.119561666666666497e+03
5.806200000000000000e+04 nan nan nan 5.884558214495655193e+01 2.064704999999999927e+03
5.806500000000000000e+04 nan nan nan 7.200711387220943038e+01 1.850331666666666479e+03
5.806500000000000000e+04 nan nan nan nan nan
5.806500000000000000e+04 nan nan nan nan nan
5.806800000000000000e+04 nan nan nan 1.061791858092859258e+02 1.896343333333333476e+03
5.806800000000000000e+04 nan nan nan 1.082938085741824494e+02 1.948924999999999955e+03
5.806800000000000000e+04 nan nan nan 1.080633299582164710e+02 1.918481666666666570e+03
5.807100000000000000e+04 nan nan nan 1.007222080687362933e+02 1.752685000000000173e+03
5.807100000000000000e+04 nan nan nan 9.910274946819093600e+01 1.724953333333333376e+03
5.807100000000000000e+04 nan nan nan 9.719712314126635988e+01 1.715766666666666652e+03
5.807500000000000000e+04 nan 8.954450235649789604e-15 nan 1.058904632326052422e+02 1.853430000000000064e+03
5.807500000000000000e+04 nan 8.887830992871104744e-15 nan 1.060993884399473188e+02 1.833000000000000000e+03
5.807500000000000000e+04 nan 8.682557755294159952e-15 nan 1.055033833776463723e+02 1.844221666666666806e+03
5.807800000000000000e+04 nan nan nan 9.183813179118052972e+01 1.639344666666666626e+03
5.807800000000000000e+04 nan nan nan 9.475512939793333089e+01 1.669838333333333367e+03
5.807800000000000000e+04 nan nan nan 9.650641025796929284e+01 1.713206666666666479e+03
5.808200000000000000e+04 nan nan nan 8.483601472754605766e+01 1.477330333333333556e+03
5.808200000000000000e+04 nan nan nan nan nan
5.808200000000000000e+04 nan nan nan 8.986454747930235953e+01 1.582973000000000184e+03
5.808600000000000000e+04 nan nan nan 5.024457986524348030e+01 1.484740666666666812e+03
5.808600000000000000e+04 nan nan nan 5.205174107947603801e+01 1.533383000000000038e+03
5.809000000000000000e+04 nan 9.285218192563779175e-15 nan 2.833254390105048159e+01 1.300743166666666639e+03
5.809400000000000000e+04 nan 9.422625114910905189e-15 nan 6.637646870183863257e+01 1.813369999999999891e+03
5.809400000000000000e+04 nan 9.394947722895748011e-15 nan 6.812336041629225747e+01 1.853441666666666606e+03
5.809400000000000000e+04 nan 9.425326353175404490e-15 nan 6.347401165771474041e+01 1.807888333333333321e+03
5.811200000000000000e+04 nan nan nan 1.031924266485179089e+02 2.109976666666666915e+03
5.811200000000000000e+04 nan nan nan 1.002437730080332869e+02 2.098780000000000200e+03
5.811200000000000000e+04 nan nan nan 1.017684974650928922e+02 2.118883333333333212e+03
5.811500000000000000e+04 nan nan nan 7.904750588348044005e+01 1.897180000000000064e+03
5.811500000000000000e+04 nan nan nan 7.813045171419813073e+01 1.883101666666666688e+03
5.811500000000000000e+04 nan nan nan 7.927930079100930527e+01 1.902943333333333385e+03
5.811800000000000000e+04 nan 8.690496968755082101e-15 nan 5.182844490446679941e+01 1.754671666666666624e+03
5.811800000000000000e+04 nan 8.765578459957954719e-15 nan 5.147167244773181238e+01 1.757758333333333439e+03
5.811800000000000000e+04 nan 8.646425292795845740e-15 nan 5.113172002424976625e+01 1.723514999999999873e+03
5.822300000000000000e+04 nan 9.303745913757194323e-15 nan 1.078893285567927052e+02 1.947938333333333276e+03
5.822300000000000000e+04 nan 8.989072911019131983e-15 nan 1.075397294711115705e+02 1.907943333333333385e+03
5.822300000000000000e+04 nan 9.390784910870969319e-15 nan 1.095141647880834199e+02 1.957596666666666806e+03
5.823500000000000000e+04 nan nan nan nan nan
5.823500000000000000e+04 nan 9.444232956164698983e-15 nan 4.397784841569673375e+01 7.877766666666666424e+02
5.823900000000000000e+04 nan nan nan nan nan
5.823900000000000000e+04 nan nan nan nan nan
5.823900000000000000e+04 nan nan nan nan nan
5.824400000000000000e+04 nan nan nan nan nan
5.824400000000000000e+04 nan nan nan nan nan
5.824400000000000000e+04 nan nan nan nan nan
5.825800000000000000e+04 nan nan nan 8.394685941643449212e+01 1.511617999999999938e+03
5.825800000000000000e+04 nan nan nan 8.597909297923401084e+01 1.523151999999999816e+03
5.825800000000000000e+04 nan nan nan 1.003502997255561553e+02 1.766691666666666606e+03
5.826200000000000000e+04 nan 9.967513667226288002e-15 nan 1.054805743628291594e+02 1.874349999999999909e+03
5.826200000000000000e+04 nan 1.003678830607338790e-14 nan 1.028169565505527174e+02 1.848748333333333221e+03
5.826200000000000000e+04 nan 1.000505690897402948e-14 nan 1.051298438483799202e+02 1.872298333333333176e+03
5.826500000000000000e+04 nan nan nan 8.903945159615075511e+01 2.092014999999999873e+03
5.826500000000000000e+04 nan nan nan 8.808520205734609476e+01 2.100321666666666715e+03
5.826500000000000000e+04 nan nan nan 8.502635348736767185e+01 2.040240000000000009e+03
5.827000000000000000e+04 nan nan nan nan nan
5.827100000000000000e+04 nan nan nan nan nan
5.827100000000000000e+04 nan nan nan nan nan
5.827100000000000000e+04 nan nan nan nan nan
5.827400000000000000e+04 nan 9.465982225605737529e-15 nan 8.142363323690427990e+01 1.991456666666666479e+03
5.827400000000000000e+04 nan 9.236404612855461042e-15 nan 7.676800555269693405e+01 1.914293333333333521e+03
5.827400000000000000e+04 nan 9.294598756724401257e-15 nan 8.257299182915117797e+01 2.017878333333333330e+03
5.827700000000000000e+04 nan 8.787721499521826899e-15 nan 9.818832856554955413e+01 1.916935000000000173e+03
5.827700000000000000e+04 nan 8.790228158010157916e-15 nan 9.290046921035785488e+01 1.802511666666666542e+03
5.827700000000000000e+04 nan 8.739328784358130089e-15 nan 9.647001038999951561e+01 1.891769999999999982e+03
5.828400000000000000e+04 nan nan nan 1.083655395844587588e+02 1.916443333333333385e+03
5.828400000000000000e+04 nan nan nan 1.034327586523692162e+02 1.850078333333333376e+03
5.828400000000000000e+04 nan nan nan 1.102219334883582036e+02 1.941391666666666652e+03
5.828800000000000000e+04 nan nan nan 1.033083050528013302e+02 1.845680000000000064e+03
5.828800000000000000e+04 nan nan nan 1.055959529844615474e+02 1.889056666666666615e+03
5.828800000000000000e+04 nan nan nan 1.061062666933942467e+02 1.908275000000000091e+03
5.829100000000000000e+04 nan nan nan 9.820645847471277534e+01 1.761505000000000109e+03
5.829100000000000000e+04 nan nan nan 9.969000260022579596e+01 1.755511666666666542e+03
5.829100000000000000e+04 nan nan nan 1.001614646484037507e+02 1.797130000000000109e+03
5.829400000000000000e+04 nan nan nan 6.902714469780325146e+01 1.689276666666666870e+03
5.829400000000000000e+04 nan nan nan 7.105524259275659915e+01 1.721936666666666724e+03
5.829400000000000000e+04 nan nan nan 7.441797117515476145e+01 1.760106666666666570e+03
5.829700000000000000e+04 nan 8.157782731549578511e-15 nan 5.951246349263756485e+01 1.949346666666666806e+03
5.829700000000000000e+04 nan 8.459606075250143193e-15 nan 6.244870419199542511e+01 2.025246666666666670e+03
5.829700000000000000e+04 nan 8.393164291412524190e-15 nan 6.247987731522903232e+01 2.020953333333333376e+03
5.830700000000000000e+04 nan nan nan 1.082575018623915355e+02 2.029953333333333376e+03
5.830700000000000000e+04 nan nan nan 1.099613466919659288e+02 2.036630000000000109e+03
5.830700000000000000e+04 nan nan nan 1.097472805028245375e+02 2.038376666666666779e+03
5.831000000000000000e+04 nan 8.996233192454789264e-15 nan 9.935357363724774871e+01 1.761451666666666824e+03
5.831000000000000000e+04 nan 8.976428822838166149e-15 nan 1.057796033061960514e+02 1.884263333333333321e+03
5.831000000000000000e+04 nan 9.014330511576363978e-15 nan 9.656218095017116809e+01 1.731216666666666697e+03
5.831300000000000000e+04 nan 8.803561690188848871e-15 nan 1.056873514452183684e+02 1.899058333333333394e+03
5.831300000000000000e+04 nan 8.822016178591935765e-15 nan 1.041616691460078101e+02 1.881703333333333376e+03
5.831300000000000000e+04 nan 8.817381734165973056e-15 nan 1.062784221844087682e+02 1.906318333333333385e+03
5.831800000000000000e+04 nan 1.381704931022065947e-14 nan 9.173366242936980086e+01 1.640227166666666790e+03
5.831800000000000000e+04 nan 1.374508587798123653e-14 nan 9.423320051025886812e+01 1.680201666666666824e+03
5.831800000000000000e+04 nan 1.346362870016880683e-14 nan 9.554578308329445235e+01 1.717326666666666824e+03
5.832100000000000000e+04 nan 8.812598053962429411e-15 nan 9.107481959291749263e+01 1.662746166666666795e+03
5.832100000000000000e+04 nan 8.944990736146990439e-15 nan 8.801945197541286348e+01 1.604564666666666653e+03
5.832100000000000000e+04 nan 8.813671449171239331e-15 nan 7.596448118405754713e+01 1.389872500000000173e+03
5.832400000000000000e+04 nan nan nan 6.624975362976408633e+01 1.861141666666666652e+03
5.832400000000000000e+04 nan nan nan 6.691059821175528555e+01 1.854931666666666615e+03
5.832400000000000000e+04 nan nan nan 6.438102049347170919e+01 1.833706666666666479e+03
5.832800000000000000e+04 nan 8.258899547026698287e-15 nan 5.010809753324361537e+01 1.812593333333333476e+03
5.832800000000000000e+04 nan 8.404334523489737442e-15 nan 5.078275864021916419e+01 1.845453333333333376e+03
5.832800000000000000e+04 nan 8.384358929578627407e-15 nan 5.043729226886555495e+01 1.812971666666666806e+03
5.833100000000000000e+04 nan 8.232277078617505746e-15 nan 7.899138225050121775e+01 1.835246666666666670e+03
5.833100000000000000e+04 nan 8.222091934130482705e-15 nan 7.960348506867948970e+01 1.849516666666666652e+03
5.833100000000000000e+04 nan 8.183032098021684746e-15 nan 8.094342473321424336e+01 1.856430000000000064e+03
5.833400000000000000e+04 nan 1.303700254298920910e-14 nan 9.691126999042991486e+01 1.853500000000000000e+03
5.833400000000000000e+04 nan 1.285030834829367321e-14 nan 9.620906737481782045e+01 1.862168333333333521e+03
5.833400000000000000e+04 nan 1.270287806643181784e-14 nan 9.935631543868623794e+01 1.883311666666666724e+03
5.833800000000000000e+04 nan 8.792459353867570657e-15 nan 1.088258718140698704e+02 1.916694999999999936e+03
5.833800000000000000e+04 nan 8.887580311326069553e-15 nan 1.082231623535877247e+02 1.901650000000000091e+03
5.833800000000000000e+04 nan 8.805110275387155539e-15 nan 1.098466851912982634e+02 1.939263333333333321e+03
5.834100000000000000e+04 nan nan nan 1.074287310406350286e+02 1.903811666666666724e+03
5.834100000000000000e+04 nan nan nan 1.049979635474321071e+02 1.897580000000000155e+03
5.834100000000000000e+04 nan nan nan 1.065669686530174829e+02 1.904078333333333376e+03
5.834400000000000000e+04 nan nan nan 9.762436654057135854e+01 1.762918333333333521e+03
5.834400000000000000e+04 nan nan nan 9.918592445208010133e+01 1.789383333333333439e+03
5.834400000000000000e+04 nan nan nan 9.879255893157561275e+01 1.764139999999999873e+03
5.834700000000000000e+04 nan 9.071564618462677521e-15 nan 1.039958125045335464e+02 1.861224999999999909e+03
5.834800000000000000e+04 nan 8.147108929390912768e-15 nan 7.274348595078329538e+01 1.279553666666666686e+03
5.834800000000000000e+04 nan 8.204340726391698333e-15 nan 6.836449639937124800e+01 1.204892500000000155e+03
5.834800000000000000e+04 nan 8.197679629131634919e-15 nan 8.203922553461724476e+01 1.435042000000000144e+03
5.835100000000000000e+04 nan nan nan 9.280395905753950103e+01 1.923678333333333285e+03
5.835100000000000000e+04 nan nan nan 9.213646584345129043e+01 1.909793333333333521e+03
5.835100000000000000e+04 nan nan nan 9.351269853523444908e+01 1.942981666666666570e+03
