5.750800000000000000e+04 nan nan nan 1.205822522902205094e+02 2.833341666666666697e+03
5.750800000000000000e+04 nan nan nan 1.484338411942936204e+02 3.601413333333332957e+03
5.750800000000000000e+04 nan nan nan 1.372199886381004603e+02 3.250033333333333303e+03
5.751100000000000000e+04 nan nan nan 2.784063365005832225e+02 6.151119999999999891e+03
5.751100000000000000e+04 nan nan nan 2.787659565783421840e+02 6.096399999999999636e+03
5.751100000000000000e+04 nan nan nan 2.837972615640325671e+02 6.251460000000000036e+03
5.751600000000000000e+04 nan nan nan nan nan
5.751600000000000000e+04 nan nan nan nan nan
5.751600000000000000e+04 nan nan nan nan nan
5.752000000000000000e+04 nan nan nan nan nan
5.752000000000000000e+04 nan nan nan nan nan
5.752000000000000000e+04 nan nan nan nan nan
5.752300000000000000e+04 nan nan nan 9.076461038839393325e+01 1.811439999999999827e+03
5.752300000000000000e+04 nan nan nan 6.956701185076333616e+01 1.388300666666666530e+03
5.752300000000000000e+04 nan nan nan nan nan
5.752900000000000000e+04 nan 1.003542800447413213e-14 nan 1.871900231682032825e+02 6.277858333333333576e+03
5.752900000000000000e+04 nan 1.001530505935354026e-14 nan 1.909227183846888920e+02 6.246018333333332521e+03
5.752900000000000000e+04 nan 9.960338112876712237e-15 nan 1.937278072339031212e+02 6.460571666666666715e+03
5.753400000000000000e+04 nan nan nan 2.283470363485965322e+02 6.570345000000000255e+03
5.753400000000000000e+04 nan nan nan 2.296592974892537029e+02 6.632125000000000000e+03
5.753400000000000000e+04 nan nan nan 2.322445548963264912e+02 6.638123333333333903e+03
5.754600000000000000e+04 nan nan nan 2.907842576960381393e+02 6.015090000000000146e+03
5.754600000000000000e+04 nan nan nan 2.911152826076004771e+02 6.093804999999999382e+03
5.754600000000000000e+04 nan nan nan 2.934862868860264484e+02 6.050473333333333358e+03
5.755000000000000000e+04 nan 3.150446896646507634e-14 nan 2.903494066108740412e+02 6.050979999999999563e+03
5.755000000000000000e+04 nan 4.152162453856466165e-14 nan 2.969552420804893131e+02 6.109243333333332885e+03
5.755000000000000000e+04 nan 4.195091167917498444e-14 nan 2.910729251215488489e+02 6.027191666666666606e+03
5.755400000000000000e+04 nan 1.066015462531875841e-14 nan 2.574326429089109638e+02 5.663345000000000255e+03
5.755400000000000000e+04 nan 1.050889799200060214e-14 nan 1.571144941399707875e+02 3.676589999999999691e+03
5.755400000000000000e+04 nan 1.059140103478421489e-14 nan 1.651111874236615051e+02 3.884516666666666879e+03
5.755700000000000000e+04 nan 1.018780104247430662e-14 nan 2.484962239566634707e+02 6.191274999999999636e+03
5.755700000000000000e+04 nan 1.033604543231104891e-14 nan 2.589929050393895977e+02 6.441271666666666533e+03
5.755700000000000000e+04 nan 1.035805369702931202e-14 nan 2.588065594081429026e+02 6.495031666666666752e+03
5.756100000000000000e+04 nan 1.073391861991913559e-14 nan 2.143483725547582708e+02 6.769315000000000509e+03
5.756100000000000000e+04 nan 1.069332453512667366e-14 nan 2.080252133291022574e+02 6.838686666666666497e+03
5.756100000000000000e+04 nan 1.074257586489420061e-14 nan 2.078293322668862970e+02 6.719645000000000437e+03
5.756600000000000000e+04 nan 1.115327267102975162e-14 nan 2.662428157472763814e+02 6.488573333333333721e+03
5.756600000000000000e+04 nan 1.139208419660053286e-14 nan 2.605389924030135944e+02 6.307704999999999927e+03
5.756600000000000000e+04 nan 1.117420240622285232e-14 nan 2.546734666180678914e+02 6.193321666666666715e+03
5.756900000000000000e+04 nan nan nan 2.551055277902220837e+02 5.433595000000000255e+03
5.756900000000000000e+04 nan nan nan 2.607342521902025396e+02 5.469918333333333067e+03
5.756900000000000000e+04 nan nan nan 2.147410198932196579e+02 4.583951666666665915e+03
5.757300000000000000e+04 nan nan nan nan nan
5.757300000000000000e+04 nan nan nan 1.703413508754826466e+01 3.020083333333333258e+02
5.757300000000000000e+04 nan nan nan nan nan
5.757600000000000000e+04 nan 1.086449265436072790e-14 nan 2.999621875994896527e+02 6.154473333333333358e+03
5.757600000000000000e+04 nan 1.083979899936983200e-14 nan 3.019540707715440249e+02 6.150641666666666424e+03
5.757600000000000000e+04 nan 1.081664134917175949e-14 nan 2.999944634332627516e+02 6.011699999999999818e+03
5.758100000000000000e+04 nan nan nan nan nan
5.758100000000000000e+04 nan 1.032948776344968810e-14 nan 2.920765555066699903e+02 5.807126666666666097e+03
5.758100000000000000e+04 nan nan nan nan nan
5.758400000000000000e+04 nan 1.016309159217641335e-14 nan 2.866150456007298999e+02 6.140941666666666606e+03
5.758400000000000000e+04 nan 1.018573113550802775e-14 nan 2.847065465474022972e+02 6.097148333333333539e+03
5.758400000000000000e+04 nan 1.014007581467995090e-14 nan 2.831789013098655801e+02 6.104606666666667479e+03
5.758700000000000000e+04 nan 1.035534288315216850e-14 nan 1.042069781537376230e+02 3.700995000000000346e+03
5.758700000000000000e+04 nan 1.033603521769599515e-14 nan 1.005687570618011790e+02 3.513626666666666551e+03
5.758700000000000000e+04 nan 1.036836788773029540e-14 nan 1.069171766642275543e+02 3.754606666666666570e+03
5.759000000000000000e+04 nan 1.086514359706871024e-14 nan 1.017668962609397596e+02 4.674490000000000691e+03
5.759000000000000000e+04 nan 1.064321490934047712e-14 nan 7.566134844712664176e+01 3.811764999999999873e+03
5.759000000000000000e+04 nan 1.061668511217867945e-14 nan 6.171575694376779353e+01 3.343548333333333176e+03
5.759300000000000000e+04 nan nan nan 2.380215796921339688e+02 6.495563333333333503e+03
5.759300000000000000e+04 nan nan nan 2.448645372356628229e+02 6.523558333333333394e+03
5.759300000000000000e+04 nan nan nan 2.419222229586056017e+02 6.501233333333333576e+03
5.759700000000000000e+04 nan 1.006627786339838077e-14 nan 1.359477103252074812e+02 2.604703333333333376e+03
5.759700000000000000e+04 nan 1.023999194571259049e-14 nan 6.590060534775565770e+01 1.245898500000000013e+03
5.759700000000000000e+04 nan 1.012751108812257905e-14 nan 7.419170856382280022e+01 1.387731166666666695e+03
5.760000000000000000e+04 nan nan nan nan nan
5.760000000000000000e+04 nan nan nan nan nan
5.760000000000000000e+04 nan nan nan 2.806587095309494089e+02 5.689470000000000255e+03
5.760300000000000000e+04 nan nan nan 2.585885735369272993e+02 5.291763333333333321e+03
5.760300000000000000e+04 nan nan nan 2.640653909303953810e+02 5.227809999999999491e+03
5.760300000000000000e+04 nan nan nan 2.673337502599989648e+02 5.309736666666666679e+03
5.760600000000000000e+04 nan 1.223323250773608017e-14 nan 2.539799128664228078e+02 5.164366666666666788e+03
5.760600000000000000e+04 nan 1.209827716795212138e-14 nan 2.442829398870372017e+02 5.043015000000000327e+03
5.760600000000000000e+04 nan 1.220342612737403142e-14 nan 2.498764481746323725e+02 5.085109999999999673e+03
5.760900000000000000e+04 nan 1.186664302944921035e-14 nan 2.307543584664105083e+02 5.386968333333333248e+03
5.760900000000000000e+04 nan 1.198950777550970576e-14 nan 2.110824816590260298e+02 5.448914999999999964e+03
5.760900000000000000e+04 nan 1.195556966577120974e-14 nan 2.511856152939991205e+02 5.479113333333332776e+03
5.761300000000000000e+04 nan nan nan 2.292939194544773045e+02 5.280986666666666679e+03
5.761300000000000000e+04 nan nan nan 2.409847170366286946e+02 5.657683333333333394e+03
5.761300000000000000e+04 nan nan nan 2.449079847149224065e+02 5.746358333333333576e+03
5.761600000000000000e+04 nan 1.016907068572705372e-14 nan 1.616023425520293415e+02 5.774859999999999673e+03
5.761600000000000000e+04 nan 1.015367260636371046e-14 nan 1.658037429851733293e+02 5.866456666666666933e+03
5.761600000000000000e+04 nan 1.011474956028904239e-14 nan 1.648847115920257806e+02 5.644126666666666097e+03
5.761900000000000000e+04 nan 1.095990298380083116e-14 nan 1.244360718167179698e+02 5.667061666666666497e+03
5.761900000000000000e+04 nan 1.098225473521463610e-14 nan 1.250195569106740692e+02 5.617456666666666933e+03
5.761900000000000000e+04 nan 1.101206542405883995e-14 nan 1.192621820001881190e+02 5.570690000000000509e+03
5.762300000000000000e+04 nan nan nan 2.711255447891638823e+02 5.968340000000000146e+03
5.762300000000000000e+04 nan nan nan 2.821502044168209409e+02 6.296484999999999673e+03
5.762300000000000000e+04 nan nan nan 2.823744877482923243e+02 6.262789999999999964e+03
5.762600000000000000e+04 nan nan nan nan nan
5.762600000000000000e+04 nan nan nan nan nan
5.762600000000000000e+04 nan nan nan nan nan
5.762900000000000000e+04 nan nan nan 2.906733422068039090e+02 5.889890000000000327e+03
5.762900000000000000e+04 nan nan nan 2.885312261522347512e+02 5.800786666666666861e+03
5.762900000000000000e+04 nan nan nan 2.904511644875007050e+02 5.841023333333333539e+03
5.763200000000000000e+04 nan nan nan 2.685743948429595207e+02 5.449146666666666533e+03
5.763200000000000000e+04 nan nan nan 2.675885248392964399e+02 5.428908333333333758e+03
5.763200000000000000e+04 nan nan nan 2.659241343814359197e+02 5.387789999999999964e+03
5.769000000000000000e+04 nan nan nan 2.786035599349930862e+02 5.613833333333333030e+03
5.769000000000000000e+04 nan nan nan 2.657870598326281311e+02 5.347079999999999927e+03
5.769000000000000000e+04 nan nan nan 2.801771196956373728e+02 5.638229999999999563e+03
5.769400000000000000e+04 nan nan nan 2.006600966835639213e+02 4.143081666666666933e+03
5.769400000000000000e+04 nan nan nan 2.020459010264415554e+02 4.146756666666666206e+03
5.769400000000000000e+04 nan nan nan 1.957299891638708118e+02 4.087873333333333449e+03
5.770000000000000000e+04 nan 1.682928726642804400e-14 nan 2.288342527526665435e+02 5.868736666666666679e+03
5.770000000000000000e+04 nan 2.854266900324881615e-14 nan 2.334393228987379416e+02 5.924490000000000691e+03
5.770000000000000000e+04 nan 1.245244683135022025e-14 nan 2.276608274649571513e+02 5.860803333333333285e+03
5.770300000000000000e+04 nan nan nan 1.529945450576563246e+02 5.250653333333333649e+03
5.770300000000000000e+04 nan nan nan 1.575697710811997752e+02 5.299734999999999673e+03
5.770300000000000000e+04 nan nan nan 1.571693173869559530e+02 5.283683333333333394e+03
5.770700000000000000e+04 nan nan nan 8.280961986872443958e+01 3.654845000000000255e+03
5.770700000000000000e+04 nan nan nan 8.143170478285438207e+01 3.645103333333333467e+03
5.770700000000000000e+04 nan nan nan 8.442550477089250194e+01 3.663768333333333430e+03
5.771100000000000000e+04 nan nan nan 1.702986379967535413e+02 4.508616666666666788e+03
5.771100000000000000e+04 nan nan nan 1.830082181724444297e+02 4.592625000000000000e+03
5.771100000000000000e+04 nan nan nan 1.782988977451211667e+02 4.516108333333333576e+03
5.771400000000000000e+04 nan nan nan 1.991622802118995992e+02 3.977920000000000073e+03
5.771400000000000000e+04 nan nan nan 1.990806589790135490e+02 3.974275000000000091e+03
5.771400000000000000e+04 nan nan nan 1.963929871506053644e+02 3.941886666666666770e+03
5.772000000000000000e+04 nan nan nan 2.121637886959530306e+02 4.308058333333333394e+03
5.772000000000000000e+04 nan nan nan 2.102112627763293631e+02 4.315534999999999854e+03
5.772000000000000000e+04 nan nan nan 2.139957322977310241e+02 4.326098333333333358e+03
5.772400000000000000e+04 nan nan nan 1.828504827405022581e+02 3.680751666666666551e+03
5.772400000000000000e+04 nan nan nan 1.872619167358785148e+02 3.800403333333333649e+03
5.772800000000000000e+04 nan nan nan 2.052923545682894257e+02 4.713938333333333503e+03
5.772800000000000000e+04 nan nan nan 2.078611910799082239e+02 4.758893333333332521e+03
5.772800000000000000e+04 nan nan nan 2.069374039249142925e+02 4.729750000000000000e+03
5.773300000000000000e+04 nan nan nan 1.471971135888004483e+02 4.785993333333332885e+03
5.773300000000000000e+04 nan nan nan 1.422620882622371994e+02 4.662536666666666861e+03
5.773300000000000000e+04 nan nan nan 1.243894475536481252e+02 4.130338333333333139e+03
5.773600000000000000e+04 nan nan nan 9.807335468319790550e+01 4.125591666666666242e+03
5.773600000000000000e+04 nan nan nan 9.343860475593034209e+01 4.069343333333333248e+03
5.773600000000000000e+04 nan nan nan 9.587710302115300465e+01 4.046066666666666606e+03
5.773900000000000000e+04 nan 1.128118234321044971e-14 nan 1.454861335531296618e+02 4.320345000000000255e+03
5.773900000000000000e+04 nan 1.135357484424346299e-14 nan 1.486137561147664883e+02 4.303196666666666715e+03
5.773900000000000000e+04 nan 1.140526157771350874e-14 nan 1.503910989233426108e+02 4.332739999999999782e+03
5.774200000000000000e+04 nan nan nan 2.237884769407144745e+02 4.465213333333333139e+03
5.774200000000000000e+04 nan nan nan 2.264248014104628055e+02 4.483906666666666752e+03
5.774200000000000000e+04 nan nan nan 2.258303076723499601e+02 4.513486666666666679e+03
5.774600000000000000e+04 nan nan nan 1.942106089744137591e+02 5.078395000000000437e+03
5.774600000000000000e+04 nan nan nan 2.109010566485422089e+02 5.202295000000000073e+03
5.774600000000000000e+04 nan nan nan 1.766592155949007008e+02 5.048338333333333139e+03
5.774900000000000000e+04 nan nan nan 1.820137561929082892e+02 3.638730000000000018e+03
5.774900000000000000e+04 nan nan nan 1.850499560699711310e+02 3.675686666666666952e+03
5.774900000000000000e+04 nan nan nan 1.795974241810529008e+02 3.558626666666666551e+03
5.775200000000000000e+04 nan 1.103662133149121258e-14 nan 2.036888471329883430e+02 4.099098333333333358e+03
5.775200000000000000e+04 nan 1.117621348246565220e-14 nan 1.994498420999982216e+02 4.057296666666666624e+03
5.775200000000000000e+04 nan 1.093786127010268639e-14 nan 2.057441810696684854e+02 4.126078333333333831e+03
5.785700000000000000e+04 nan nan nan nan nan
5.785700000000000000e+04 nan nan nan nan nan
5.785700000000000000e+04 nan nan nan nan nan
5.787300000000000000e+04 nan nan nan nan nan
5.787300000000000000e+04 nan nan nan 6.419989027468501774e+01 1.156613833333333332e+03
5.787300000000000000e+04 nan nan nan 1.020820068883564176e+02 1.905863333333333458e+03
5.787600000000000000e+04 nan nan nan 3.228283308776441913e+02 6.945051666666666279e+03
5.787600000000000000e+04 nan nan nan 3.187334358243669499e+02 6.863658333333333758e+03
5.787600000000000000e+04 nan nan nan 3.265144979939647669e+02 6.999546666666666169e+03
5.790300000000000000e+04 nan 1.058129206151463506e-14 nan 2.615808392201675474e+02 5.116841666666666242e+03
5.790300000000000000e+04 nan 1.043882093900929337e-14 nan 2.678280813300742125e+02 5.380716666666666242e+03
5.790300000000000000e+04 nan 1.054684119607597452e-14 nan 2.534320628427752524e+02 5.112673333333334085e+03
5.790600000000000000e+04 nan 1.106590203553558670e-14 nan 3.010105165317058891e+02 6.235976666666666461e+03
5.790600000000000000e+04 nan 1.107620026901396760e-14 nan 3.064561445316958839e+02 6.406051666666666279e+03
5.790600000000000000e+04 nan 1.101464238457478170e-14 nan 3.007720611348313469e+02 6.385744999999999891e+03
5.790900000000000000e+04 nan nan nan nan nan
5.790900000000000000e+04 nan nan nan nan nan
5.790900000000000000e+04 nan nan nan nan nan
5.791300000000000000e+04 nan nan nan 1.712361365191754885e+02 5.299220000000000255e+03
5.791300000000000000e+04 nan nan nan 1.769773541185676322e+02 5.446664999999999964e+03
5.791300000000000000e+04 nan nan nan 1.666275755114505444e+02 5.249503333333333103e+03
5.791600000000000000e+04 nan nan nan 1.857447222090607966e+02 5.531420000000000073e+03
5.791600000000000000e+04 nan nan nan 1.875753473825103868e+02 5.706789999999999964e+03
5.791600000000000000e+04 nan nan nan 1.914004411143640425e+02 5.615806666666667297e+03
5.792200000000000000e+04 nan nan nan 4.229313185232717132e+01 8.057151666666667325e+02
5.792200000000000000e+04 nan nan nan 2.200366229591302769e+01 4.015346666666666806e+02
5.792200000000000000e+04 nan nan nan 3.853976735579109203e+01 7.323705000000001064e+02
5.792500000000000000e+04 nan nan nan 2.237698316270907526e+02 4.377545000000000073e+03
5.792500000000000000e+04 nan nan nan 2.341310432738429768e+02 4.614134999999999309e+03
5.792500000000000000e+04 nan nan nan 2.340156894110029384e+02 4.599008333333333212e+03
5.793300000000000000e+04 nan 1.311871533202147773e-14 nan 2.080337238061307232e+02 3.976489999999999782e+03
5.793300000000000000e+04 nan 1.304779273967876170e-14 nan 2.115198796185415233e+02 4.121551666666667188e+03
5.793300000000000000e+04 nan nan nan 2.236774376984280650e+02 4.297498333333332994e+03
5.793600000000000000e+04 nan nan nan 2.802477733507352013e+02 5.512863333333332776e+03
5.793600000000000000e+04 nan nan nan 2.993063320385009547e+02 5.959731666666667479e+03
5.793600000000000000e+04 nan nan nan 2.915082725466820079e+02 5.831136666666667224e+03
5.794200000000000000e+04 nan nan nan nan nan
5.794200000000000000e+04 nan nan nan nan nan
5.794200000000000000e+04 nan nan nan nan nan
5.794500000000000000e+04 nan nan nan 9.500333421940652556e+01 3.474420000000000073e+03
5.794500000000000000e+04 nan nan nan 9.622140123149861779e+01 3.471041666666666515e+03
5.794500000000000000e+04 nan nan nan 9.858033414462643407e+01 3.680686666666666952e+03
5.794800000000000000e+04 nan nan nan 2.295220129730205940e+02 5.452413333333332957e+03
5.794800000000000000e+04 nan nan nan 2.286616812994307395e+02 5.423831666666666933e+03
5.794800000000000000e+04 nan nan nan 2.426054829538832678e+02 5.698324999999999818e+03
5.795100000000000000e+04 nan 1.187134775060175999e-14 nan 2.450635327264756995e+02 5.063545000000000073e+03
5.795100000000000000e+04 nan 1.211447695293387482e-14 nan 2.398655339834903373e+02 4.825113333333332776e+03
5.795100000000000000e+04 nan 1.197863951398620272e-14 nan 2.473453973001598456e+02 5.132628333333333103e+03
5.795400000000000000e+04 nan 1.050146790791734431e-14 nan 2.202243291554239875e+02 4.374118333333332885e+03
5.795400000000000000e+04 nan 1.064627757283401313e-14 nan 1.883008290348070091e+02 3.697118333333333339e+03
5.795400000000000000e+04 nan 1.057293803149637501e-14 nan 2.211260849375542250e+02 4.349538333333332957e+03
5.795800000000000000e+04 nan nan nan nan nan
5.795800000000000000e+04 nan nan nan 2.998733292783287538e+02 5.921851666666666461e+03
5.795800000000000000e+04 nan nan nan nan nan
5.796200000000000000e+04 nan nan nan 2.474351471760720642e+02 4.852990000000000691e+03
5.796200000000000000e+04 nan nan nan 1.887333627862884669e+02 3.741695000000000164e+03
5.796200000000000000e+04 nan nan nan 2.391534159180667700e+02 4.683948333333333721e+03
5.796500000000000000e+04 nan nan nan 8.624328198982649951e+01 1.597763999999999896e+03
5.796500000000000000e+04 nan nan nan 5.517112482907641180e+01 9.860683333333332712e+02
5.796500000000000000e+04 nan nan nan 6.429057862619059449e+01 1.174401333333333469e+03
5.797000000000000000e+04 nan nan nan 2.362694670269037260e+02 6.426093333333333248e+03
5.797000000000000000e+04 nan nan nan 2.345961801407452469e+02 6.399136666666667224e+03
5.797000000000000000e+04 nan nan nan 2.311871429974800094e+02 6.262866666666666788e+03
5.797300000000000000e+04 nan nan nan 1.198094839030275409e+02 5.764640000000000327e+03
5.797300000000000000e+04 nan nan nan 9.316769873482844844e+01 5.107453333333333831e+03
5.797300000000000000e+04 nan nan nan 1.155145485173738678e+02 5.749863333333332776e+03
5.798000000000000000e+04 nan 1.075739334864995177e-14 nan 2.779007604619350218e+02 5.651338333333333139e+03
5.798000000000000000e+04 nan 1.106075709995754195e-14 nan 2.575665241282642910e+02 5.341015000000000327e+03
5.798000000000000000e+04 nan 1.077188128964178929e-14 nan 2.700976375739821833e+02 5.593581666666666933e+03
5.798300000000000000e+04 nan nan nan 3.055715235750323018e+02 6.168074999999999818e+03
5.798300000000000000e+04 nan nan nan 2.982667258537701400e+02 6.042429999999999382e+03
5.798300000000000000e+04 nan nan nan 2.946594697983820765e+02 6.015975000000000364e+03
5.798600000000000000e+04 nan nan nan 2.497697944579547027e+02 5.109696666666666715e+03
5.798600000000000000e+04 nan nan nan 2.467790233290712649e+02 4.998488333333332776e+03
5.798600000000000000e+04 nan nan nan 2.540511483410848257e+02 5.122206666666666933e+03
5.799000000000000000e+04 nan nan nan 2.893543233217315560e+02 5.711723333333333358e+03
5.799000000000000000e+04 nan nan nan 2.908715258220229316e+02 5.690875000000000000e+03
5.799000000000000000e+04 nan nan nan 2.848778598848155639e+02 5.683126666666666097e+03
5.799300000000000000e+04 nan 1.042828284231335137e-14 nan 2.940503585255787016e+02 5.928863333333332776e+03
5.799300000000000000e+04 nan 1.020604559552897488e-14 nan 2.925587807230897965e+02 5.738365000000000691e+03
5.799300000000000000e+04 nan 1.044973313422357680e-14 nan 2.917233080426817082e+02 5.900351666666666461e+03
5.799600000000000000e+04 nan nan nan nan nan
5.799600000000000000e+04 nan nan nan nan nan
5.799600000000000000e+04 nan 1.106333261806391147e-14 nan 5.748762279319821999e+01 1.654049999999999955e+03
5.800000000000000000e+04 nan 1.046648293211849295e-14 nan 1.722665151156236050e+02 6.104423333333334085e+03
5.800000000000000000e+04 nan 1.059468762379164794e-14 nan 1.570399849621335306e+02 5.709079999999999927e+03
5.800000000000000000e+04 nan 1.043940795624120098e-14 nan 1.639809934400736040e+02 5.907479999999999563e+03
5.800300000000000000e+04 nan 1.650055936837690702e-14 nan 1.569240263178741657e+02 5.235875000000000000e+03
5.800300000000000000e+04 nan 1.096179418389975146e-14 nan 1.470632363206331092e+02 4.746156666666666752e+03
5.800300000000000000e+04 nan 1.076738011074807150e-14 nan 1.592423610540960226e+02 5.204001666666666097e+03
5.800700000000000000e+04 nan nan nan 2.668950231327586948e+02 5.297958333333333030e+03
5.800700000000000000e+04 nan nan nan 2.718783360612213755e+02 5.416770000000000437e+03
5.800700000000000000e+04 nan nan nan 2.804614406568165350e+02 5.610914999999999964e+03
5.801000000000000000e+04 nan 1.011086808908099805e-14 nan 2.880531867094754261e+02 5.795526666666666642e+03
5.801000000000000000e+04 nan 1.037625309267102305e-14 nan 2.938923114061672663e+02 6.019651666666666642e+03
5.801000000000000000e+04 nan 1.012244503512808847e-14 nan 2.882696209167519896e+02 5.817204999999999927e+03
5.801700000000000000e+04 nan 1.056605482380287883e-14 nan 2.958687536028527916e+02 6.085695000000000618e+03
5.801700000000000000e+04 nan 1.032413407961857081e-14 nan 2.819348195740186611e+02 5.768976666666666461e+03
5.801700000000000000e+04 nan 1.051857405881027322e-14 nan 3.025447482932209482e+02 6.143324999999999818e+03
5.802100000000000000e+04 nan 1.022641262803757121e-14 nan 1.827619149494589408e+02 5.740813333333333503e+03
5.802100000000000000e+04 nan 1.028027706849907894e-14 nan 1.812732388923065514e+02 5.772746666666666897e+03
5.802100000000000000e+04 nan 1.024942986993488802e-14 nan 1.830743594607077398e+02 5.683526666666666642e+03
5.802400000000000000e+04 nan nan nan 1.320794563662669816e+02 3.188386666666666770e+03
5.802400000000000000e+04 nan nan nan 1.322413347728852955e+02 3.222835000000000036e+03
5.802400000000000000e+04 nan nan nan 1.258115228563031707e+02 3.086043333333333521e+03
5.802700000000000000e+04 nan nan nan 1.455591961468429076e+02 4.610906666666666752e+03
5.802700000000000000e+04 nan nan nan 1.505975778099064826e+02 4.532428333333333285e+03
5.802700000000000000e+04 nan nan nan 1.468741644996318882e+02 4.587961666666667043e+03
5.804700000000000000e+04 nan nan nan 2.473633033171588522e+02 5.035904999999999745e+03
5.804700000000000000e+04 nan nan nan 2.513107465954182942e+02 5.098421666666666169e+03
5.804700000000000000e+04 nan nan nan 2.472931586493707528e+02 5.026951666666665915e+03
5.805000000000000000e+04 nan 1.376147158681396875e-14 nan 2.434115559572085488e+02 4.805321666666666715e+03
5.805000000000000000e+04 nan 1.405698229144983590e-14 nan 9.949338044160116112e+01 1.890528333333333194e+03
5.805000000000000000e+04 nan 1.385664043282883095e-14 nan 2.228010973307639802e+02 4.382515000000000327e+03
5.805300000000000000e+04 nan nan nan 1.487449019752173456e+02 2.995495000000000346e+03
5.805300000000000000e+04 nan nan nan 2.211403882859604835e+02 4.521548333333334085e+03
5.805300000000000000e+04 nan nan nan 2.256561575320291126e+02 4.556513333333333321e+03
5.805600000000000000e+04 nan 1.182978441170526120e-14 nan 1.847948849804464544e+02 4.149291666666666970e+03
5.805600000000000000e+04 nan 1.143272585890498519e-14 nan 1.930622893880824904e+02 4.265211666666667043e+03
5.805600000000000000e+04 nan 1.190253596936499485e-14 nan 1.851748130613063950e+02 4.251340000000000146e+03
5.806200000000000000e+04 nan nan nan 1.313023277829684616e+02 4.748011666666667224e+03
5.806200000000000000e+04 nan nan nan 1.324725693455916087e+02 4.797258333333333212e+03
5.806200000000000000e+04 nan nan nan 1.353857966272162230e+02 4.811095000000000255e+03
5.806500000000000000e+04 nan nan nan 1.665017316989653011e+02 4.471021666666666533e+03
5.806500000000000000e+04 nan nan nan 1.737964926064905740e+02 4.606751666666666097e+03
5.806500000000000000e+04 nan nan nan 1.696906629317705892e+02 4.555881666666667115e+03
5.806800000000000000e+04 nan nan nan 2.356745893680651989e+02 4.791686666666666497e+03
5.806800000000000000e+04 nan nan nan 2.347464839384740856e+02 4.723768333333332521e+03
5.806800000000000000e+04 nan nan nan 2.285003851204164960e+02 4.681336666666667043e+03
5.807100000000000000e+04 nan nan nan 2.247568005332477696e+02 4.548404999999999745e+03
5.807100000000000000e+04 nan nan nan 2.213788884087522035e+02 4.534774999999999636e+03
5.807100000000000000e+04 nan nan nan 2.247004933206168573e+02 4.557743333333332885e+03
5.807500000000000000e+04 nan 1.139909286164978888e-14 nan 2.223734138818125814e+02 4.427903333333333649e+03
5.807500000000000000e+04 nan 1.160662435085945533e-14 nan 2.263242531311028642e+02 4.506179999999999382e+03
5.807500000000000000e+04 nan 1.121233850237820318e-14 nan 2.269632278194408457e+02 4.457529999999999745e+03
5.807800000000000000e+04 nan nan nan 2.105441449807009917e+02 4.312098333333333358e+03
5.807800000000000000e+04 nan nan nan 2.148347879938323217e+02 4.424251666666666097e+03
5.807800000000000000e+04 nan nan nan 2.140354636673067432e+02 4.371853333333333467e+03
5.808200000000000000e+04 nan nan nan 1.333035732159994211e+02 2.603949999999999818e+03
5.808200000000000000e+04 nan nan nan 1.781214415502201120e+02 3.611404999999999745e+03
5.808200000000000000e+04 nan nan nan 1.931723106339634910e+02 3.834496666666666442e+03
5.808600000000000000e+04 nan nan nan 1.271343417793728463e+02 4.215720000000000255e+03
5.808600000000000000e+04 nan nan nan 1.252175934466968386e+02 4.106021666666666533e+03
5.809000000000000000e+04 nan 1.148460174589358000e-14 nan 8.629603568920346390e+01 3.561045000000000073e+03
5.809400000000000000e+04 nan 1.165406076521881084e-14 nan 1.574871627143228068e+02 4.410789999999999964e+03
5.809400000000000000e+04 nan 1.157169341959849452e-14 nan 1.627066376171911202e+02 4.489456666666666933e+03
5.809400000000000000e+04 nan 1.175758900065623958e-14 nan 1.556064829309424056e+02 4.426220000000000255e+03
5.811200000000000000e+04 nan nan nan 2.118274385215341340e+02 5.032820000000000618e+03
5.811200000000000000e+04 nan nan nan 2.144083488287701584e+02 5.043726666666666461e+03
5.811200000000000000e+04 nan nan nan 2.170861982025542716e+02 5.003829999999999927e+03
5.811500000000000000e+04 nan nan nan 1.658342513578483874e+02 4.349195000000000618e+03
5.811500000000000000e+04 nan nan nan 1.684720280052947032e+02 4.392588333333333139e+03
5.811500000000000000e+04 nan nan nan 1.675268908783480697e+02 4.375131666666667115e+03
5.811800000000000000e+04 nan 1.117316289545068469e-14 nan 1.305206432490780344e+02 4.285583333333333030e+03
5.811800000000000000e+04 nan 1.113051234352703011e-14 nan 1.338419088181082941e+02 4.303206666666666933e+03
5.811800000000000000e+04 nan 1.109805020662175259e-14 nan 1.329760545746256923e+02 4.285949999999999818e+03
5.822300000000000000e+04 nan 1.109487279948010108e-14 nan 2.166128270266515301e+02 4.419659999999999854e+03
5.822300000000000000e+04 nan 1.074213971692598882e-14 nan 2.142134397825929852e+02 4.340744999999999891e+03
5.822300000000000000e+04 nan 1.110182153540672321e-14 nan 2.173043535626287337e+02 4.436366666666666788e+03
5.823500000000000000e+04 nan 8.677578191475685432e-15 nan 8.830678600420263535e+01 1.759160000000000082e+03
5.823500000000000000e+04 nan nan nan nan nan
5.823900000000000000e+04 nan nan nan nan nan
5.823900000000000000e+04 nan nan nan nan nan
5.823900000000000000e+04 nan nan nan nan nan
5.824400000000000000e+04 nan nan nan nan nan
5.824400000000000000e+04 nan nan nan nan nan
5.824400000000000000e+04 nan nan nan nan nan
5.825800000000000000e+04 nan nan nan 1.627128329549891532e+02 3.228763333333333321e+03
5.825800000000000000e+04 nan nan nan 1.894266908962885338e+02 3.745223333333333358e+03
5.825800000000000000e+04 nan nan nan 1.663606844533298101e+02 3.217453333333333376e+03
5.826200000000000000e+04 nan nan nan 2.066925656035334100e+02 3.948613333333333230e+03
5.826200000000000000e+04 nan nan nan 2.044466659787498202e+02 3.898596666666666351e+03
5.826200000000000000e+04 nan nan nan 2.081858483378936455e+02 3.981443333333333612e+03
5.826500000000000000e+04 nan nan nan 1.804843060741558816e+02 4.444429999999999382e+03
5.826500000000000000e+04 nan nan nan 1.773583870912260352e+02 4.420250000000000000e+03
5.826500000000000000e+04 nan nan nan 1.764799982301935302e+02 4.334661666666666861e+03
5.827000000000000000e+04 nan nan nan nan nan
5.827100000000000000e+04 nan 7.567489481496605141e-15 nan 1.078734575405010361e+02 3.713440000000000055e+03
5.827100000000000000e+04 nan 7.659391404985955660e-15 nan 1.049147091237805824e+02 3.668598333333333358e+03
5.827100000000000000e+04 nan nan nan nan nan
5.827400000000000000e+04 nan 1.105584579896516669e-14 nan 1.579098917664575197e+02 4.464678333333333285e+03
5.827400000000000000e+04 nan 1.097077017524844124e-14 nan 1.540986461644576195e+02 4.322888333333333321e+03
5.827400000000000000e+04 nan 1.099549245330547024e-14 nan 1.621354811856947151e+02 4.548613333333332776e+03
5.827700000000000000e+04 nan 1.080547158229616559e-14 nan 1.852561590603006323e+02 4.067481666666666570e+03
5.827700000000000000e+04 nan 1.101204212036321224e-14 nan 1.788534328203123493e+02 3.866910000000000309e+03
5.827700000000000000e+04 nan 1.085777163854834706e-14 nan 1.847547869274843322e+02 4.038736666666666679e+03
5.828400000000000000e+04 nan nan nan 2.166564385945922595e+02 4.189746666666666897e+03
5.828400000000000000e+04 nan nan nan 2.101738172254742096e+02 4.021166666666666515e+03
5.828400000000000000e+04 nan nan nan 2.152538799550723638e+02 4.122071666666666715e+03
5.828800000000000000e+04 nan nan nan 2.103046239055672118e+02 4.027163333333332957e+03
5.828800000000000000e+04 nan nan nan 2.164294998243398993e+02 4.158500000000000000e+03
5.828800000000000000e+04 nan nan nan 2.147255522320647003e+02 4.115520000000000437e+03
5.829100000000000000e+04 nan nan nan 2.024967392855448054e+02 3.932324999999999818e+03
5.829100000000000000e+04 nan nan nan 1.947470985981249498e+02 3.834800000000000182e+03
5.829100000000000000e+04 nan nan nan 1.951688810675010757e+02 3.863476666666666915e+03
5.829400000000000000e+04 nan nan nan 1.406766822359131197e+02 3.631654999999999745e+03
5.829400000000000000e+04 nan nan nan 1.479485568504496484e+02 3.717138333333333321e+03
5.829400000000000000e+04 nan nan nan 1.503421698508017528e+02 3.789406666666666752e+03
5.829700000000000000e+04 nan 1.006478192033991610e-14 nan 1.400502313746758887e+02 4.406781666666666752e+03
5.829700000000000000e+04 nan 1.038068879663357680e-14 nan 1.459766915989330869e+02 4.591241666666666788e+03
5.829700000000000000e+04 nan 1.039579695729490404e-14 nan 1.435524171594876179e+02 4.600223333333333358e+03
5.830700000000000000e+04 nan nan nan 2.295078327897197426e+02 4.488998333333333903e+03
5.830700000000000000e+04 nan nan nan 2.295470405295032492e+02 4.491046666666666169e+03
5.830700000000000000e+04 nan nan nan 2.262965588537970234e+02 4.468543333333333067e+03
5.831000000000000000e+04 nan 1.161318208448106789e-14 nan 1.942506649286985123e+02 3.700723333333333358e+03
5.831000000000000000e+04 nan 1.166113599403404370e-14 nan 1.884329184472426562e+02 3.632474999999999909e+03
5.831000000000000000e+04 nan 1.114892170103111873e-14 nan 2.039653886975148964e+02 3.916938333333333048e+03
5.831300000000000000e+04 nan 1.102671184862290299e-14 nan 2.005487834821558124e+02 3.902048333333333176e+03
5.831300000000000000e+04 nan 1.100590691356957860e-14 nan 2.016601823040239765e+02 3.953670000000000073e+03
5.831300000000000000e+04 nan 1.110944695080986951e-14 nan 2.059697611712350067e+02 3.967081666666666479e+03
5.831800000000000000e+04 nan 1.324190183449850193e-14 nan 1.782081277637424819e+02 3.363786666666666861e+03
5.831800000000000000e+04 nan 1.320262244210535567e-14 nan 1.829556876277661672e+02 3.468920000000000073e+03
5.831800000000000000e+04 nan 1.290947190439085104e-14 nan 1.872977115056730497e+02 3.497599999999999909e+03
5.832100000000000000e+04 nan 1.145794075109002673e-14 nan 1.717274099898080806e+02 3.382620000000000346e+03
5.832100000000000000e+04 nan 1.106409421417500406e-14 nan 1.758868163047879989e+02 3.467014999999999873e+03
5.832100000000000000e+04 nan 1.095264565924080518e-14 nan 1.475908122507591997e+02 2.902563333333333048e+03
5.832400000000000000e+04 nan nan nan 1.203005873998372266e+02 3.828300000000000182e+03
5.832400000000000000e+04 nan nan nan 1.203956611522435622e+02 3.878891666666666879e+03
5.832400000000000000e+04 nan nan nan 1.240460763576468537e+02 3.897578333333333376e+03
5.832800000000000000e+04 nan 1.022220004229801130e-14 nan 1.021338571318511868e+02 4.069291666666666515e+03
5.832800000000000000e+04 nan 1.028366333906824930e-14 nan 1.008080945285412611e+02 4.137623333333332994e+03
5.832800000000000000e+04 nan 1.022256601444244011e-14 nan 1.029364388932917507e+02 4.100346666666666351e+03
5.833100000000000000e+04 nan 1.016124492608170513e-14 nan 1.696270184125414744e+02 4.098266666666666424e+03
5.833100000000000000e+04 nan 1.002967357947764913e-14 nan 1.711264929949492171e+02 4.015925000000000182e+03
5.833100000000000000e+04 nan 1.015011178311360249e-14 nan 1.675943681358599520e+02 4.082230000000000018e+03
5.833400000000000000e+04 nan nan nan 1.943085961979338094e+02 3.956833333333333485e+03
5.833400000000000000e+04 nan nan nan 1.958624554173426588e+02 4.004728333333333467e+03
5.833400000000000000e+04 nan nan nan 1.941068704522145936e+02 3.970713333333333139e+03
5.833800000000000000e+04 nan 1.063535487186544251e-14 nan 2.223828669054819613e+02 4.271311666666666497e+03
5.833800000000000000e+04 nan 1.061339243123975786e-14 nan 2.175011329418841513e+02 4.216954999999999927e+03
5.833800000000000000e+04 nan 1.068421733281043016e-14 nan 2.216447376908971023e+02 4.315920000000000073e+03
5.834100000000000000e+04 nan nan nan 2.246711202493721089e+02 4.348688333333333503e+03
5.834100000000000000e+04 nan nan nan 2.233830663300756498e+02 4.321638333333333321e+03
5.834100000000000000e+04 nan nan nan 2.231013693978317747e+02 4.306781666666666752e+03
5.834400000000000000e+04 nan nan nan 2.071486349764880970e+02 4.018135000000000218e+03
5.834400000000000000e+04 nan nan nan 2.085819015791576021e+02 4.022031666666666752e+03
5.834400000000000000e+04 nan nan nan 2.087097685040783404e+02 4.002203333333333376e+03
5.834700000000000000e+04 nan 1.118694966217110233e-14 nan 2.173841923197849439e+02 4.184186666666666497e+03
5.834800000000000000e+04 nan 1.012508071989861472e-14 nan 1.458912592542241384e+02 2.686273333333333085e+03
5.834800000000000000e+04 nan 1.019293910573557856e-14 nan 1.531686875977921147e+02 2.874720000000000255e+03
5.834800000000000000e+04 nan 1.008795453585493524e-14 nan 1.701345242718029169e+02 3.169911666666666861e+03
5.835100000000000000e+04 nan nan nan 1.910123205087606095e+02 4.333046666666666169e+03
5.835100000000000000e+04 nan nan nan 1.932631888411701482e+02 4.413863333333332776e+03
5.835100000000000000e+04 nan nan nan 1.968855764729202917e+02 4.394704999999999927e+03
