5.769000000000000000e+04 5.223261241702217640e-15 4.618508645698744225e-15 nan 2.059569291230705517e+02 1.048080500000000029e+03
5.769000000000000000e+04 5.159060808421223198e-15 4.636287941350507607e-15 nan 2.050507518071078152e+02 1.041245666666666693e+03
5.769000000000000000e+04 5.127353664171672496e-15 4.593188781920142880e-15 nan 2.044442517915248914e+02 1.038666999999999916e+03
5.770200000000000000e+04 4.882300671359228197e-15 4.762674886962002433e-15 nan 1.903664607068026555e+02 1.024080000000000155e+03
5.770200000000000000e+04 4.815546761882853717e-15 4.697461807293516134e-15 nan 1.922815678796389136e+02 1.029580333333333328e+03
5.770200000000000000e+04 4.839888157885594203e-15 4.758686390885134952e-15 nan 1.855902051473187555e+02 9.852451666666667052e+02
5.771400000000000000e+04 4.914554227352545907e-15 4.807166885187704860e-15 nan 1.203825781419914307e+02 4.720924999999999727e+02
5.771400000000000000e+04 4.929613884775473757e-15 4.947974299755995688e-15 nan 1.161053503671464142e+02 4.510760000000000218e+02
5.771400000000000000e+04 4.553069895518875298e-15 4.753542115373107486e-15 nan 9.170009301462972928e+01 3.306646666666666761e+02
5.772700000000000000e+04 5.143596365714294680e-15 6.762187467599117613e-15 nan 2.038541481977014485e+02 1.054070333333333338e+03
5.772700000000000000e+04 5.139273679908091902e-15 6.775254262433996225e-15 nan 2.053209971098930282e+02 1.056097999999999956e+03
5.772700000000000000e+04 5.097834798205950611e-15 6.820694878469100942e-15 nan 2.039908953281903337e+02 1.047110666666666702e+03
5.778500000000000000e+04 4.961435200847173199e-15 8.216026067709544955e-15 nan 1.851310308578899253e+02 8.591041666666666288e+02
5.778500000000000000e+04 4.999799717427004494e-15 7.196840432403393660e-15 nan 1.827620058373692302e+02 8.469474999999999909e+02
5.778500000000000000e+04 4.945828186400574885e-15 8.836653363398524713e-15 nan 1.857691991844256734e+02 8.636020000000000891e+02
5.779900000000000000e+04 4.929764437406011414e-15 4.740816628842238751e-15 nan 1.643343275686917195e+02 7.934439999999999600e+02
5.779900000000000000e+04 4.861545753937251576e-15 4.674540860187944799e-15 nan 1.632983740389317973e+02 7.867948333333333721e+02
5.779900000000000000e+04 4.974895267041853355e-15 4.776247585887764240e-15 nan 1.657949575458504512e+02 8.028916666666666515e+02
5.784700000000000000e+04 4.782254343127102179e-15 4.862075722844315593e-15 nan 1.810818285030553625e+02 8.172214999999999918e+02
5.784700000000000000e+04 4.749526701953614319e-15 4.775153590531440252e-15 nan 1.786175048804948631e+02 8.012573333333333494e+02
5.784700000000000000e+04 4.735701020314495801e-15 4.806838047120584512e-15 nan 1.784928551740543980e+02 8.001949999999999363e+02
5.787000000000000000e+04 nan nan nan 1.433911311198690157e+02 5.807240000000000464e+02
5.787200000000000000e+04 5.503568137425427746e-15 4.724977317639150926e-15 nan 2.479033214062509103e+02 1.361458666666666659e+03
5.787200000000000000e+04 5.473138580272121401e-15 4.728463315750398925e-15 nan 2.495416762158468771e+02 1.358333333333333258e+03
5.787200000000000000e+04 5.386903744751064041e-15 4.623243065658332826e-15 nan 2.489104389364536587e+02 1.356210333333333210e+03
5.788700000000000000e+04 5.512575538205015786e-15 4.827940368742763234e-15 nan 2.119342654684578804e+02 1.170870499999999993e+03
5.788700000000000000e+04 5.505716777098456432e-15 4.801534161316770356e-15 nan 2.076733220777366000e+02 1.146737833333333356e+03
5.788700000000000000e+04 5.467232504754338299e-15 4.834689475700475127e-15 nan 2.069143025769442374e+02 1.150953833333333250e+03
5.790100000000000000e+04 4.597921282525781298e-15 4.447299007609744838e-15 nan 1.883014966018631640e+02 8.749384999999999764e+02
5.790100000000000000e+04 4.674391953254408054e-15 4.495907038325842963e-15 nan 1.904123569519247496e+02 8.891791666666666742e+02
5.790100000000000000e+04 4.598182053446012381e-15 4.423752200954774670e-15 nan 1.968361108700842124e+02 9.344354999999999336e+02
5.791300000000000000e+04 4.643280691907546785e-15 4.447842737833069707e-15 nan 1.866664696101878178e+02 1.156403999999999996e+03
5.791300000000000000e+04 4.637694724248089899e-15 4.528895959315062672e-15 nan 1.898459065996906645e+02 1.164668666666666695e+03
5.791300000000000000e+04 4.671754326717591824e-15 4.532168502167263515e-15 nan 1.898917300561386128e+02 1.175296166666666750e+03
5.792500000000000000e+04 4.649033021193115813e-15 nan nan 2.216380616284899361e+02 1.118587166666666690e+03
5.792500000000000000e+04 4.644078948776967913e-15 nan nan 2.002904928062464762e+02 9.569646666666666306e+02
5.792500000000000000e+04 4.630591277116277880e-15 nan nan 2.097897714789407360e+02 1.028876166666666677e+03
5.793700000000000000e+04 4.541348823972992776e-15 4.602758907340196967e-15 nan 2.206028045859794133e+02 1.136535333333333256e+03
5.793700000000000000e+04 4.571327442331530213e-15 4.643283755560604103e-15 nan 2.203230137673360503e+02 1.132517500000000155e+03
5.793700000000000000e+04 4.584106457327715639e-15 4.663590885555781257e-15 nan 2.174799044378212614e+02 1.111338500000000067e+03
5.794900000000000000e+04 4.418826527480748139e-15 nan nan 1.355021479766135997e+02 6.005338333333332912e+02
5.794900000000000000e+04 4.361987327320030648e-15 nan nan 1.752115991442382210e+02 8.078151666666667552e+02
5.794900000000000000e+04 4.391496311160882522e-15 nan nan 1.685445348545073614e+02 7.719773333333333767e+02
5.796200000000000000e+04 5.424994046743811627e-15 4.650890121624708836e-15 nan 1.519917791903334319e+02 6.385653333333333421e+02
5.796200000000000000e+04 5.408636077974012102e-15 4.621152630161153319e-15 nan 1.680588734506165451e+02 7.349210000000000491e+02
5.796200000000000000e+04 5.599569625978008905e-15 4.692298230301413168e-15 nan 8.926526543593102758e+01 3.121473333333333358e+02
5.797400000000000000e+04 4.552490153606452675e-15 4.452841706292981364e-15 nan 2.069088810242071474e+02 1.147325333333333447e+03
5.797400000000000000e+04 4.609708840444194883e-15 4.450510661967981252e-15 nan 2.077130986169016182e+02 1.160590333333333319e+03
5.797400000000000000e+04 4.587106191061288891e-15 4.436869311424367229e-15 nan 2.080398334910568678e+02 1.151600333333333310e+03
5.798700000000000000e+04 4.394507718438010548e-15 4.243067887040552149e-15 nan 2.107174831429034043e+02 1.048160000000000082e+03
5.798700000000000000e+04 4.437949054364829349e-15 4.244801875239914223e-15 nan 2.089134956997720565e+02 1.041361666666666679e+03
5.798700000000000000e+04 4.429971460695185460e-15 4.298761975514208826e-15 nan 2.118106725423942862e+02 1.051494333333333316e+03
5.800000000000000000e+04 4.466186041849770775e-15 nan nan 1.899767374593761815e+02 1.034989000000000033e+03
5.800000000000000000e+04 4.503443406608672616e-15 nan nan 1.893030528043681784e+02 1.031120833333333394e+03
5.800000000000000000e+04 4.448939268872677734e-15 nan nan 1.873096483637403935e+02 1.016385833333333380e+03
5.801800000000000000e+04 4.127652392866407640e-15 4.060673192222312669e-15 nan 1.865979272396902502e+02 8.853474999999999682e+02
5.801800000000000000e+04 4.233300102078958075e-15 4.217769807567380886e-15 nan 1.956017945304118086e+02 9.551581666666666024e+02
5.801800000000000000e+04 4.222249248076404161e-15 4.161496776523990981e-15 nan 1.915228650932939161e+02 9.240773333333332857e+02
5.804700000000000000e+04 4.379382737466585902e-15 4.257115281360793840e-15 nan 1.830727573153829724e+02 8.888099999999999454e+02
5.804700000000000000e+04 4.421353006607759464e-15 4.303651699377248075e-15 nan 1.859750509393136042e+02 9.161981666666666797e+02
5.804700000000000000e+04 4.461349105713527816e-15 4.273915173012912941e-15 nan 1.863018717863762106e+02 9.129990000000000236e+02
5.805900000000000000e+04 nan nan nan nan nan
5.805900000000000000e+04 nan nan nan nan nan
5.805900000000000000e+04 nan nan nan nan nan
5.807200000000000000e+04 4.501570669420484809e-15 4.316780602135139404e-15 nan 1.952252686727078128e+02 9.683121666666667124e+02
5.807200000000000000e+04 4.531173234288207685e-15 4.340271468679705149e-15 nan 1.960358521287105589e+02 9.747571666666666488e+02
5.807200000000000000e+04 4.481249945237297254e-15 4.308684838649231451e-15 nan 1.936119941112178253e+02 9.551803333333333512e+02
5.808400000000000000e+04 4.429328194858674052e-15 4.563291939051658724e-15 nan 1.914504088991508866e+02 9.963610000000001037e+02
5.808400000000000000e+04 4.497676327553479660e-15 4.599804150204053429e-15 nan 1.924422860590908044e+02 1.002126499999999965e+03
5.808400000000000000e+04 4.396459248668541424e-15 4.471000717008674301e-15 nan 1.902340331293178792e+02 9.810891666666666424e+02
5.812700000000000000e+04 4.281788936459906124e-15 4.273816808823356647e-15 nan 5.170072110625235950e+01 1.771270000000000095e+02
5.812700000000000000e+04 4.230451102206153397e-15 4.398085357119397578e-15 nan 4.308542968579590848e+01 1.432576666666666654e+02
5.812700000000000000e+04 4.404560975508463992e-15 4.349971150889817500e-15 nan 6.024226493840482988e+01 2.133573333333333437e+02
5.815100000000000000e+04 nan nan nan nan nan
5.815100000000000000e+04 nan nan nan nan nan
5.815100000000000000e+04 6.847167660012765365e-15 5.790264509247217961e-15 nan 3.915128270476609629e+01 2.774416666666666629e+02
5.816600000000000000e+04 4.766489711707363138e-15 4.665048586883129904e-15 nan 1.884595298726672468e+02 8.855594999999999573e+02
5.816600000000000000e+04 4.823884959082113496e-15 4.717145973520678015e-15 nan 1.892412559268426264e+02 8.950811666666667179e+02
5.816600000000000000e+04 4.685994643306796247e-15 4.649660133298696700e-15 nan 1.880141029040904357e+02 8.805966666666666924e+02
5.818300000000000000e+04 4.885131260065877314e-15 4.849753081261655031e-15 nan 1.813481364473634017e+02 9.083946666666666943e+02
5.818300000000000000e+04 4.827847815646167944e-15 4.779823717414146054e-15 nan 1.794228137868867066e+02 8.952788333333334094e+02
5.818300000000000000e+04 4.834422946106683138e-15 4.814827626602063512e-15 nan 1.811124523654030156e+02 8.994068333333333385e+02
5.822200000000000000e+04 4.814699294800091651e-15 -4.435283916866688823e-14 nan 1.959998914664783740e+02 9.162491666666666106e+02
5.822200000000000000e+04 4.849687474554612075e-15 -2.679340743567755078e-14 nan 1.957179966955441444e+02 9.155076666666666370e+02
5.822200000000000000e+04 4.809315040098276218e-15 5.050452745932972850e-14 nan 1.933528084138301892e+02 9.005869999999999891e+02
5.823600000000000000e+04 5.655370082598180659e-15 4.927505225484312027e-15 nan 1.700891596827313208e+02 8.133273333333332857e+02
5.823600000000000000e+04 5.716322042732778450e-15 5.004669312569240545e-15 nan 1.029449112544292291e+02 3.813265000000000100e+02
5.823600000000000000e+04 5.709762863147013254e-15 5.030008932286476314e-15 nan 1.576939320902885981e+02 7.592214999999999918e+02
5.823700000000000000e+04 nan nan nan nan nan
5.823700000000000000e+04 5.558081442753988677e-15 -1.847985242689028849e-14 nan 3.919371785141747466e+01 2.404906666666666695e+02
5.823700000000000000e+04 nan nan nan nan nan
5.825000000000000000e+04 5.713157976589077759e-15 4.767563362056790623e-15 nan 1.948078474211341984e+02 9.205280000000000200e+02
5.825000000000000000e+04 5.712912990140663593e-15 4.742741361110531544e-15 nan 1.928664476366437839e+02 9.075571666666667170e+02
5.825000000000000000e+04 5.591799145731083177e-15 4.694269087141363540e-15 nan 1.901013334401626480e+02 8.872853333333333694e+02
5.826300000000000000e+04 4.542589482521091791e-15 nan nan 1.842525811422287632e+02 8.772544999999998936e+02
5.826300000000000000e+04 4.584121471502084013e-15 nan nan 1.842241897236435761e+02 8.825575000000000045e+02
5.826300000000000000e+04 4.514597391340793859e-15 nan nan 1.844159788408294673e+02 8.734650000000000318e+02
5.827600000000000000e+04 4.573049863234218930e-15 4.525589532481023091e-15 nan 1.216670235751689262e+02 5.146394999999999982e+02
5.827600000000000000e+04 4.624109779156929514e-15 4.472438260784042616e-15 nan 1.478823559519618414e+02 6.531661666666666406e+02
5.827600000000000000e+04 4.533434364034717444e-15 4.407394833171152931e-15 nan 1.068309916201287706e+02 4.370951666666666711e+02
5.828900000000000000e+04 5.260242534712638478e-15 4.453613925064635602e-15 nan 1.843968402178328176e+02 8.415606666666666342e+02
5.828900000000000000e+04 5.251229898669264972e-15 4.515157464468004286e-15 nan 1.864390211755467419e+02 8.504443333333333612e+02
5.828900000000000000e+04 5.257696353843274407e-15 4.524325516947509744e-15 nan 1.855428750927365797e+02 8.455748333333333449e+02
5.830700000000000000e+04 4.432561648383481306e-15 4.321419455048454222e-15 nan 1.829181571580476202e+02 8.206261666666666770e+02
5.830700000000000000e+04 4.409542788985558551e-15 4.313914832093934085e-15 nan 1.819075366629269865e+02 8.156043333333333294e+02
5.830700000000000000e+04 4.385991542868169490e-15 4.262318370556380938e-15 nan 1.810686262230665875e+02 8.092911666666666406e+02
5.832000000000000000e+04 4.300567772605040372e-15 nan nan 1.723221396826858154e+02 7.855639999999999645e+02
5.832000000000000000e+04 4.283117483511171501e-15 nan nan 1.711427365614237601e+02 7.775628333333332876e+02
5.832000000000000000e+04 4.328918833114327754e-15 nan nan 1.733643130398993151e+02 7.928690000000000282e+02
5.833200000000000000e+04 4.116138565448013166e-15 4.043738858955802885e-15 nan 1.681759252822457142e+02 7.548383333333333667e+02
5.833200000000000000e+04 4.137505986016840512e-15 4.047641272217239715e-15 nan 1.670011978728054487e+02 7.467169999999999845e+02
5.833200000000000000e+04 4.166853512332573752e-15 4.020676653602639697e-15 nan 1.678563505164910623e+02 7.515868333333332885e+02
5.834400000000000000e+04 3.953542404611748208e-15 3.855870407349977198e-15 nan 1.624578893899766570e+02 7.017821666666666260e+02
5.834400000000000000e+04 3.935116755225172187e-15 3.796948027009283019e-15 nan 1.585016032022672618e+02 6.804199999999999591e+02
5.834400000000000000e+04 3.918181040948479720e-15 3.786891373493465824e-15 nan 1.607915828069192230e+02 6.937145000000000437e+02
