5.750800000000000000e+04 nan 8.258108892150826695e-15 nan 4.619034497817795568e+02 3.582750000000000000e+03
5.750800000000000000e+04 nan 8.244053132736630021e-15 nan 4.594630479785608941e+02 3.545335000000000036e+03
5.750800000000000000e+04 nan 8.241923659678132678e-15 nan 4.573001824307532956e+02 3.512309999999999945e+03
5.751600000000000000e+04 nan 8.086898708478353537e-15 8.349824541929784550e-15 4.508164291893579616e+02 3.413901666666666642e+03
5.751600000000000000e+04 nan 8.142054414186129675e-15 8.352554929065153590e-15 4.508661075033828638e+02 3.414966666666666697e+03
5.751600000000000000e+04 nan 8.189800261161752922e-15 8.375004803822100243e-15 4.138376991794921196e+02 2.881210000000000036e+03
5.752300000000000000e+04 nan 7.459107790735928570e-15 nan 2.515656058457931863e+02 1.082749500000000126e+03
5.752300000000000000e+04 nan 7.337253208966215999e-15 nan 1.801328721636436399e+02 5.702408333333332848e+02
5.752300000000000000e+04 nan 7.551780713419702249e-15 nan 2.070724574405760450e+02 7.431551666666666733e+02
5.753000000000000000e+04 nan 7.958869506805742825e-15 8.374752505616428729e-15 4.073281616309246829e+02 2.816820000000000164e+03
5.753000000000000000e+04 nan 7.852680862768899685e-15 8.241790031478629201e-15 4.056514623783951379e+02 2.793286666666666861e+03
5.753000000000000000e+04 nan 7.824155701895297984e-15 8.275403116212033268e-15 4.050657771909527582e+02 2.784203333333333376e+03
5.754700000000000000e+04 nan 8.367688897242304284e-15 nan 3.809184299614568658e+02 2.471404999999999745e+03
5.754700000000000000e+04 nan 8.188890010355405925e-15 nan 3.872839180016951559e+02 2.526783333333333303e+03
5.754700000000000000e+04 nan 8.190170205649684823e-15 nan 3.848283186422398217e+02 2.494958333333333485e+03
5.755400000000000000e+04 nan 6.928630809824355968e-15 nan 2.023722299301628595e+02 7.248923333333333403e+02
5.755400000000000000e+04 nan 6.436187208772664049e-15 nan 2.231078437274170767e+02 8.735436666666666952e+02
5.755400000000000000e+04 nan nan nan nan nan
5.756200000000000000e+04 nan 6.848468182374927449e-15 7.084728498515038493e-15 3.866267716695315357e+02 2.525570000000000164e+03
5.756200000000000000e+04 nan 6.870476694362647891e-15 7.127630761395297014e-15 3.889973452628933046e+02 2.555196666666666260e+03
5.756200000000000000e+04 nan 6.877086138953732792e-15 7.146579309728480767e-15 3.901052801416075226e+02 2.571230000000000018e+03
5.756900000000000000e+04 nan nan nan 3.523612784111135170e+02 2.096733333333333121e+03
5.756900000000000000e+04 nan nan nan 3.185433606249888498e+02 1.718101666666666688e+03
5.756900000000000000e+04 nan nan nan 3.446839071547996127e+02 2.007634999999999991e+03
5.758300000000000000e+04 nan nan nan 3.668370264744240785e+02 2.274684999999999945e+03
5.758300000000000000e+04 nan nan nan 3.580122398176080196e+02 2.167644999999999982e+03
5.758300000000000000e+04 nan nan nan 3.628083482632358709e+02 2.225646666666666533e+03
5.759100000000000000e+04 nan nan nan 3.158291923979418812e+02 1.692575000000000045e+03
5.759100000000000000e+04 nan nan nan 3.650368944295947244e+02 2.250635000000000218e+03
5.759100000000000000e+04 nan nan nan 3.451525826350419948e+02 2.016393333333333430e+03
5.759800000000000000e+04 nan 7.150125621415086388e-15 7.345632498308790049e-15 4.040352107111976920e+02 2.747313333333333048e+03
5.759800000000000000e+04 nan 7.105493216048674245e-15 7.239424514347460157e-15 4.002037316345383715e+02 2.696589999999999691e+03
5.759800000000000000e+04 nan 7.151407577592983846e-15 7.378301469328206583e-15 4.045810710050886883e+02 2.754696666666666260e+03
5.769100000000000000e+04 nan nan nan nan nan
5.769100000000000000e+04 nan nan nan nan nan
5.769100000000000000e+04 nan nan nan nan nan
5.769300000000000000e+04 nan nan nan nan nan
5.769300000000000000e+04 nan nan nan nan nan
5.769300000000000000e+04 nan nan nan nan nan
5.770100000000000000e+04 nan 9.513959884440361271e-15 nan 4.071275492430355598e+02 2.790078333333333376e+03
5.770100000000000000e+04 nan 9.532729743175730596e-15 nan 4.044827450704501643e+02 2.754264999999999873e+03
5.770100000000000000e+04 nan 9.644177718846750904e-15 nan 4.017869368119968385e+02 2.718293333333333521e+03
5.771100000000000000e+04 nan nan nan nan nan
5.771100000000000000e+04 nan 8.330609894512241693e-15 8.567546574899515665e-15 3.284640768017645769e+02 1.849691666666666606e+03
5.771100000000000000e+04 nan 8.301447039806676785e-15 8.442844081385021037e-15 2.448059480975181827e+02 1.041289166666666688e+03
5.771900000000000000e+04 nan 8.635690910204073135e-15 8.889487364405699504e-15 3.583352220588313912e+02 2.167079999999999927e+03
5.771900000000000000e+04 nan 8.631264438804454227e-15 8.880436010076820383e-15 3.538712121627287388e+02 2.114201666666666824e+03
5.771900000000000000e+04 nan 8.567223785931621571e-15 9.013620262234534376e-15 3.434506310677321039e+02 1.992750000000000000e+03
5.772600000000000000e+04 nan 8.675498090218756070e-15 nan 4.180407298421606015e+02 2.939673333333333176e+03
5.772600000000000000e+04 nan 8.702107787762832399e-15 nan 4.174656270234086151e+02 2.932256666666666661e+03
5.772600000000000000e+04 nan 8.783437920883466801e-15 nan 4.215520884951279754e+02 2.988853333333333467e+03
5.773300000000000000e+04 nan 9.287580971616651271e-15 9.421222161360431735e-15 4.301783149747990365e+02 3.118641666666666879e+03
5.773300000000000000e+04 nan 9.287289281956603441e-15 9.386009248154168607e-15 4.304150627118150396e+02 3.123406666666666752e+03
5.773300000000000000e+04 nan 9.255994721776202263e-15 9.422574456779471781e-15 4.267504076085861016e+02 3.066980000000000018e+03
5.774100000000000000e+04 nan nan nan 3.919200500887286012e+02 2.592468333333333248e+03
5.774100000000000000e+04 nan nan nan 4.070455289778267911e+02 2.795000000000000000e+03
5.774100000000000000e+04 nan nan nan 4.013407868238576839e+02 2.718050000000000182e+03
5.774900000000000000e+04 nan 9.135819656180167743e-15 9.310874173006463106e-15 4.004317580123855009e+02 2.699304999999999836e+03
5.774900000000000000e+04 nan 9.068537288176856590e-15 9.179775982449265769e-15 4.081326512247071037e+02 2.803070000000000164e+03
5.774900000000000000e+04 nan 9.106613229334221207e-15 9.210759605884053420e-15 4.087704103858840199e+02 2.811598333333333358e+03
5.775700000000000000e+04 nan 9.403903745935681864e-15 9.676659848432683039e-15 4.175408225508398914e+02 2.932364999999999782e+03
5.775700000000000000e+04 nan 9.389072275513378571e-15 9.674588108626088724e-15 4.190009479621482456e+02 2.952848333333333358e+03
5.775700000000000000e+04 nan 9.134869016408032554e-15 9.282383037944223175e-15 4.098701408127245145e+02 2.826535000000000309e+03
5.776400000000000000e+04 nan 1.075421129719477654e-14 nan 4.231113163232393504e+02 3.015670000000000073e+03
5.776400000000000000e+04 nan 1.065832462801383989e-14 nan 4.218559207279307657e+02 2.997561666666666952e+03
5.776400000000000000e+04 nan 1.062930583749276330e-14 nan 4.215170502811286042e+02 2.992513333333333321e+03
5.777200000000000000e+04 nan nan nan 3.731105972422708987e+02 2.351300000000000182e+03
5.777200000000000000e+04 nan nan nan 3.682933358220473110e+02 2.292383333333333212e+03
5.777200000000000000e+04 nan nan nan 3.703625537615012036e+02 2.317008333333333212e+03
5.777900000000000000e+04 nan 9.971914974250238838e-15 nan 3.551685107980553653e+02 2.129468333333333248e+03
5.777900000000000000e+04 nan 9.815703285910278364e-15 nan 3.537382016065171229e+02 2.112110000000000127e+03
5.777900000000000000e+04 nan 9.896434532308431574e-15 nan 3.556757637308430731e+02 2.135230000000000018e+03
5.778600000000000000e+04 nan 1.083257963426281566e-14 nan 3.905822488975438205e+02 2.569135000000000218e+03
5.778600000000000000e+04 nan 1.082523430398506123e-14 nan 3.899482138360598356e+02 2.560876666666666551e+03
5.778600000000000000e+04 nan 1.087268886700954721e-14 nan 3.911451888330488487e+02 2.576485000000000127e+03
5.779400000000000000e+04 nan 1.082329436113544064e-14 nan 3.910370531958283209e+02 2.585050000000000182e+03
5.779400000000000000e+04 nan 1.069194526996645427e-14 nan 3.917481245171434239e+02 2.596019999999999982e+03
5.779400000000000000e+04 nan 1.078060110896153393e-14 nan 3.907835589601117476e+02 2.581289999999999964e+03
5.780100000000000000e+04 nan 8.737476262376149250e-15 8.826806631692560399e-15 3.688718065090177447e+02 2.298891666666666879e+03
5.780100000000000000e+04 nan 8.822734984689473957e-15 8.901580295599929237e-15 3.719372965491779155e+02 2.336171666666666624e+03
5.780100000000000000e+04 nan 8.946627486099439833e-15 8.996867498617985362e-15 3.781902225833851503e+02 2.417031666666666752e+03
5.780900000000000000e+04 nan nan nan 3.592180630560214922e+02 2.177309999999999945e+03
5.780900000000000000e+04 nan nan nan 3.567637737945346998e+02 2.147846666666666806e+03
5.780900000000000000e+04 nan nan nan 3.578399452369780533e+02 2.160735000000000127e+03
5.781700000000000000e+04 nan 9.547259316513307942e-15 nan 3.904445560070997203e+02 2.567431666666666388e+03
5.781700000000000000e+04 nan 9.681434165868533549e-15 nan 3.908095348485491627e+02 2.572286666666666861e+03
5.781700000000000000e+04 nan 9.634907395234922661e-15 nan 3.911823695610200957e+02 2.577070000000000164e+03
5.785700000000000000e+04 nan nan nan nan nan
5.785700000000000000e+04 nan nan nan nan nan
5.785700000000000000e+04 nan 9.996995434806276836e-15 1.047787396690339207e-14 2.575703662788377528e+02 1.163202833333333274e+03
5.786400000000000000e+04 nan 1.210046290648963097e-14 nan 3.870210452849466378e+02 2.529631666666666661e+03
5.786400000000000000e+04 nan 1.211834031364277699e-14 nan 3.887193661900327584e+02 2.546258333333333212e+03
5.786400000000000000e+04 nan 1.222153014977861367e-14 nan 3.890113755792576740e+02 2.555911666666666861e+03
5.787800000000000000e+04 nan 1.066771809051538262e-14 nan 5.044702449252903307e+02 4.272963333333333139e+03
5.787800000000000000e+04 nan 1.065350974179416777e-14 nan 5.035036619665632998e+02 4.255241666666666788e+03
5.787800000000000000e+04 nan 1.063198547309093398e-14 nan 5.045912692322233966e+02 4.274695000000000618e+03
5.788700000000000000e+04 nan 1.011093203554116255e-14 nan 2.712703593113762395e+02 1.271435333333333347e+03
5.788700000000000000e+04 nan 1.010668527992058006e-14 nan 3.348473466284681876e+02 1.914228333333333239e+03
5.788700000000000000e+04 nan 1.014101805017279171e-14 nan 3.513662332550930500e+02 2.100571666666666715e+03
5.789400000000000000e+04 nan 1.071534840300822044e-14 1.104820887857227843e-14 4.898078776028476113e+02 4.025543333333333521e+03
5.789400000000000000e+04 nan 1.068134107826050800e-14 1.092032809192396237e-14 4.835971800808475223e+02 3.924753333333333558e+03
5.789400000000000000e+04 nan 1.062698078347338497e-14 1.082505873364712747e-14 4.829822347603691242e+02 3.914940000000000055e+03
5.790300000000000000e+04 nan nan nan 3.366750142865749922e+02 1.916213333333333367e+03
5.790300000000000000e+04 nan nan nan 3.527029790387891239e+02 2.100155000000000200e+03
5.790300000000000000e+04 nan nan nan 3.646620026398857135e+02 2.243408333333333303e+03
5.791000000000000000e+04 nan 9.673498867938374457e-15 nan 3.940206699469194973e+02 3.509153333333333649e+03
5.791000000000000000e+04 nan 9.697597004266151288e-15 nan 4.538892857717072502e+02 3.585996666666666442e+03
5.791000000000000000e+04 nan 9.777696394807195456e-15 nan 4.074337721136542427e+02 3.720326666666666824e+03
5.791800000000000000e+04 nan 1.005429639767110429e-14 nan 3.071528142337520535e+02 1.599107499999999845e+03
5.791800000000000000e+04 nan 1.006081073556008981e-14 nan 3.975120601046353954e+02 2.660681666666666388e+03
5.791800000000000000e+04 nan 1.005813173357572711e-14 nan 3.529267103807875969e+02 2.102746666666666897e+03
5.792500000000000000e+04 nan nan nan 4.746272057760628513e+02 3.781493333333333339e+03
5.792500000000000000e+04 nan nan nan 4.721393547472326304e+02 3.742148333333333085e+03
5.792500000000000000e+04 nan nan nan 4.504104430357238016e+02 3.773106666666666570e+03
5.793300000000000000e+04 nan 1.092486692894224494e-14 nan 4.174162134446868890e+02 2.931428333333333740e+03
5.793300000000000000e+04 nan 1.092141139020562513e-14 nan 4.142365655753173428e+02 2.887589999999999691e+03
5.793300000000000000e+04 nan 1.093175589225794860e-14 nan 4.202129172756843900e+02 2.970896666666666533e+03
5.794200000000000000e+04 nan nan nan 3.329352575297620547e+02 1.883726666666666688e+03
5.794200000000000000e+04 nan nan nan 3.316161885818594897e+02 1.868706666666666479e+03
5.794200000000000000e+04 nan nan nan 3.301190954880150912e+02 1.853976666666666688e+03
5.794900000000000000e+04 nan 1.140162749798229684e-14 nan 3.588660217883898440e+02 2.174098333333333358e+03
5.794900000000000000e+04 nan 1.139063466853434398e-14 nan 3.657982432568180116e+02 2.257046666666666624e+03
5.794900000000000000e+04 nan 1.126716914222333088e-14 nan 3.636727879699647588e+02 2.231946666666666260e+03
5.795600000000000000e+04 nan 1.151213194212831597e-14 nan 4.405097778567054547e+02 3.261038333333332957e+03
5.795600000000000000e+04 nan 1.151426775203935813e-14 nan 4.417117610715935712e+02 3.279003333333333558e+03
5.795600000000000000e+04 nan 1.152308558000409188e-14 nan 4.397504741629660998e+02 3.250129999999999654e+03
5.796400000000000000e+04 nan 1.122772713216649490e-14 nan 2.990763195062570503e+02 1.522678500000000213e+03
5.796400000000000000e+04 nan 1.111166564619380072e-14 nan 2.532942506558114246e+02 1.104146666666666761e+03
5.796400000000000000e+04 nan 1.052197120415604648e-14 nan 1.510224061333121881e+02 4.141488333333333571e+02
5.805500000000000000e+04 nan nan nan 3.351373910253776103e+02 1.899666666666666742e+03
5.805500000000000000e+04 nan nan nan 3.375565391881811479e+02 1.927108333333333348e+03
5.805500000000000000e+04 nan nan nan 3.328570786487117061e+02 1.874081666666666479e+03
5.806200000000000000e+04 nan 7.207196627722580518e-15 nan 3.304617978829717231e+02 1.889539999999999964e+03
5.806200000000000000e+04 nan 7.286016211310880838e-15 nan 3.350941851038544428e+02 1.933751666666666779e+03
5.806200000000000000e+04 nan 7.262963602207867187e-15 nan 3.390225678470154094e+02 1.969968333333333476e+03
5.807000000000000000e+04 nan 8.563260925298419047e-15 nan 3.593099753466910897e+02 2.197313333333333048e+03
5.807000000000000000e+04 nan 8.460473686535809752e-15 nan 3.583311974777827231e+02 2.196379999999999654e+03
5.807000000000000000e+04 nan 8.660343220681384168e-15 nan 3.585662253707494642e+02 2.180224999999999909e+03
5.807900000000000000e+04 nan 8.074768903269723003e-15 8.203001746765405089e-15 3.209315608130788746e+02 1.743483333333333348e+03
5.807900000000000000e+04 nan 8.187151038411938920e-15 8.319478420569567371e-15 3.166419687525088307e+02 1.697726666666666688e+03
5.807900000000000000e+04 nan 8.098600764652831935e-15 8.143923078459409328e-15 3.224725582806330522e+02 1.759778333333333194e+03
5.808600000000000000e+04 nan 8.417291321612922866e-15 8.524859998235629206e-15 3.902337477150316545e+02 2.570545000000000073e+03
5.808600000000000000e+04 nan 8.241437496128361910e-15 8.330875213945613512e-15 3.790207261026136507e+02 2.556451666666666824e+03
5.808600000000000000e+04 nan 8.344302016293089709e-15 8.400732093949523585e-15 3.899991310521706964e+02 2.572065000000000055e+03
5.809400000000000000e+04 nan nan nan 4.097647788319451934e+02 2.830894999999999982e+03
5.809400000000000000e+04 nan nan nan 4.125188808809695615e+02 2.868226666666666915e+03
5.809400000000000000e+04 nan nan nan 4.085248715213446076e+02 2.813995000000000346e+03
5.811700000000000000e+04 nan 1.059525074620337518e-14 nan 3.961552841690770492e+02 2.794273333333333085e+03
5.811700000000000000e+04 nan 1.067250038136115869e-14 nan 4.071630148306410319e+02 2.792579999999999927e+03
5.811700000000000000e+04 nan 1.060874408960184982e-14 nan 3.974963119867987871e+02 2.819536666666666861e+03
5.812500000000000000e+04 nan 1.022725265567607687e-14 nan 4.023934263928897508e+02 2.733504999999999654e+03
5.812500000000000000e+04 nan 1.014088703031967280e-14 nan 4.020599477067294174e+02 2.729193333333333612e+03
5.812500000000000000e+04 nan 1.014284983671520169e-14 nan 4.013444052326930773e+02 2.717986666666666679e+03
5.813200000000000000e+04 nan 8.286172612769994969e-15 8.455882793257158503e-15 3.546697981061270184e+02 2.259358333333333121e+03
5.813200000000000000e+04 nan 8.257473906883448540e-15 8.383454571121352509e-15 3.659917871383962620e+02 2.261606666666666570e+03
5.813200000000000000e+04 nan 8.273751865015450286e-15 8.407384882927375714e-15 3.664424999621624579e+02 2.266383333333333212e+03
5.814000000000000000e+04 nan 8.031615264682581506e-15 nan 3.877764913277996470e+02 2.532841666666666697e+03
5.814000000000000000e+04 nan 8.046887637011646309e-15 nan 3.868152742549975756e+02 2.520403333333333649e+03
5.814000000000000000e+04 nan 7.992791338405966137e-15 nan 3.879406890634299430e+02 2.535331666666666479e+03
5.814700000000000000e+04 nan 8.192917450896462601e-15 8.371331896638464835e-15 3.754833570962390468e+02 2.377791666666666515e+03
5.814700000000000000e+04 nan 8.157412165644866735e-15 8.374953752232556288e-15 3.764522566706058910e+02 2.389581666666666479e+03
5.814700000000000000e+04 nan 8.125124192105568970e-15 8.263191520527483476e-15 3.747328487929635230e+02 2.368493333333333339e+03
5.815400000000000000e+04 nan 6.865624348024317319e-15 nan 2.025323727143839676e+02 1.284028833333333296e+03
5.815400000000000000e+04 nan 7.333129298316631009e-15 nan 2.134630546592655094e+02 9.208656666666666979e+02
5.815400000000000000e+04 nan 7.063701754678523858e-15 nan 1.738268130924350032e+02 1.075368666666666741e+03
5.816100000000000000e+04 nan 7.760795864371518623e-15 nan 3.639039836998689452e+02 2.234309999999999945e+03
5.816100000000000000e+04 nan 7.855870402703373784e-15 nan 3.636828136718140740e+02 2.243871666666666442e+03
5.816100000000000000e+04 nan 7.836672170607988511e-15 nan 2.998056433229170352e+02 2.212789999999999964e+03
5.816800000000000000e+04 nan nan nan 3.733307565237687982e+02 2.349704999999999927e+03
5.816800000000000000e+04 nan nan nan 3.734337735085319991e+02 2.350945000000000164e+03
5.816800000000000000e+04 nan nan nan 3.720526206496813302e+02 2.333500000000000000e+03
5.817500000000000000e+04 nan nan nan 3.542054810310771131e+02 2.117678333333333285e+03
5.817500000000000000e+04 nan nan nan 3.539028706300583167e+02 2.114278333333333194e+03
5.817500000000000000e+04 nan nan nan 3.540166313546540664e+02 2.115485000000000127e+03
5.818200000000000000e+04 nan 8.027757374175341170e-15 8.282068208751123164e-15 3.449309126796106852e+02 2.029053333333333285e+03
5.818200000000000000e+04 nan 8.147186501338922966e-15 8.280514116445232795e-15 3.472345064465647511e+02 2.054019999999999982e+03
5.818200000000000000e+04 nan 8.025143692459316675e-15 8.241816707673489135e-15 3.481096670542966081e+02 2.063396666666666533e+03
5.819000000000000000e+04 nan nan nan 3.594279662378555713e+02 2.179635000000000218e+03
5.819000000000000000e+04 nan nan nan 3.515359909439735588e+02 2.086206666666666479e+03
5.819000000000000000e+04 nan nan nan 3.580822764410651189e+02 2.163783333333333303e+03
5.819800000000000000e+04 nan 9.047057158387795154e-15 nan 3.596000296100954188e+02 2.182130000000000109e+03
5.819800000000000000e+04 nan 9.224668188526672492e-15 nan 3.369896389832488239e+02 2.121400000000000091e+03
5.819800000000000000e+04 nan 9.177170794777915777e-15 nan 3.546119477907819260e+02 2.122414999999999964e+03
5.820500000000000000e+04 nan nan nan 3.389516984832794719e+02 1.941733333333333348e+03
5.820500000000000000e+04 nan nan nan 3.375917745805051595e+02 1.926160000000000082e+03
5.820500000000000000e+04 nan nan nan 3.371782575381206470e+02 1.921625000000000000e+03
5.822200000000000000e+04 nan 8.441485426071978220e-15 nan 3.094084101606904937e+02 1.622564666666666653e+03
5.822200000000000000e+04 nan 8.245723153638794112e-15 nan 3.068990828603768932e+02 1.596895999999999958e+03
5.822200000000000000e+04 nan 8.349495268283348497e-15 nan 3.083953654345515361e+02 1.611825333333333447e+03
5.822900000000000000e+04 nan 8.144754525098688510e-15 nan 2.762511654192373953e+02 1.298294000000000096e+03
5.822900000000000000e+04 nan 8.095467032356272623e-15 nan 2.712047449430198753e+02 1.252540333333333365e+03
5.822900000000000000e+04 nan 8.081295090061099532e-15 nan 2.728455990232625368e+02 1.267502666666666755e+03
5.823700000000000000e+04 nan nan nan nan nan
5.823700000000000000e+04 nan nan nan nan nan
5.823700000000000000e+04 nan nan nan nan nan
5.824400000000000000e+04 nan 8.398796307154076798e-15 nan 2.494946590107499276e+02 1.447495166666666819e+03
5.824400000000000000e+04 nan 7.851427833272954965e-15 nan 2.338287803822464355e+02 1.293266500000000178e+03
5.824400000000000000e+04 nan 8.229613171845156947e-15 nan 2.517701865081149037e+02 1.430829500000000053e+03
5.825300000000000000e+04 nan 7.570002298411629282e-15 7.944291893690489332e-15 3.247024401141305816e+02 1.783533333333333303e+03
5.825300000000000000e+04 nan 7.673864265376620775e-15 8.033758742499094033e-15 3.279301750532306983e+02 1.818696666666666715e+03
5.825300000000000000e+04 nan 7.665657826721992245e-15 8.018671175712008874e-15 3.274534953276933607e+02 1.813976666666666688e+03
5.826000000000000000e+04 nan 7.679920615115239416e-15 nan 1.867919987105277642e+02 6.072423333333333630e+02
5.826000000000000000e+04 nan 7.875166252436786224e-15 nan 6.239164563508537498e+01 8.526999999999999602e+01
5.826000000000000000e+04 nan 7.792111308789945037e-15 nan 6.980469238190401882e+01 1.024715000000000060e+02
5.827000000000000000e+04 nan nan nan nan nan
5.827000000000000000e+04 nan nan nan nan nan
5.827000000000000000e+04 nan nan nan nan nan
5.827800000000000000e+04 nan 8.053684417702930465e-15 8.284172459249247606e-15 2.670257003683950643e+02 1.214801999999999907e+03
5.827800000000000000e+04 nan 7.961595625455329564e-15 8.171954366049931855e-15 2.741477146640838214e+02 1.279085166666666737e+03
5.827800000000000000e+04 nan 8.008178972997048324e-15 8.209480990585435030e-15 2.760098920893673835e+02 1.295953833333333250e+03
5.828600000000000000e+04 nan nan nan 2.460137987089484568e+02 1.034876833333333252e+03
5.829500000000000000e+04 nan nan nan 2.451497829389612093e+02 1.056467166666666571e+03
5.829500000000000000e+04 nan nan nan 2.457432125524487390e+02 1.062313333333333276e+03
5.829500000000000000e+04 nan nan nan 2.461272253828562384e+02 1.064863666666666631e+03
5.830700000000000000e+04 nan 7.634555770062742767e-15 nan 2.919187087887050893e+02 1.446773000000000138e+03
5.830700000000000000e+04 nan 7.694238748614221060e-15 nan 2.930318574821106949e+02 1.457637666666666519e+03
5.830700000000000000e+04 nan 7.690224809389013498e-15 nan 2.926771411722950234e+02 1.453986166666666577e+03
5.831400000000000000e+04 nan 6.952891746578844106e-15 nan 2.752168791178572747e+02 1.288985000000000127e+03
5.831400000000000000e+04 nan 6.836311824669281617e-15 nan 2.725167937285035578e+02 1.264813833333333378e+03
5.831400000000000000e+04 nan 6.896360653416184030e-15 nan 2.740498456795114635e+02 1.278356999999999971e+03
5.832100000000000000e+04 nan nan nan nan nan
5.832100000000000000e+04 nan nan nan nan nan
5.832100000000000000e+04 nan nan nan nan nan
5.832900000000000000e+04 nan 6.869509837378430524e-15 7.022576473605737712e-15 3.055703327796164785e+02 1.585924500000000080e+03
5.832900000000000000e+04 nan 6.864096480603960088e-15 6.984316811341452096e-15 3.045571056695933407e+02 1.575565166666666755e+03
5.832900000000000000e+04 nan 6.917103704662386119e-15 7.116078303445728427e-15 3.062780408945031354e+02 1.592233999999999924e+03
