5.760300000000000000e+04 1.247501229564890784e-14 nan 1.172361371405899753e-14 1.214519519651810811e+02 5.961788888888888778e+02
5.760300000000000000e+04 1.247501229564890784e-14 nan 1.181561801847394903e-14 1.221726091880856018e+02 6.013242222222222608e+02
5.760300000000000000e+04 1.247501229564890784e-14 nan 1.181841492119992231e-14 1.206373480662743418e+02 5.914764444444443825e+02
5.762200000000000000e+04 1.247501229564890784e-14 nan 1.212258299904180074e-14 1.130743121932549116e+02 5.788911111111110586e+02
5.762200000000000000e+04 1.247501229564890784e-14 nan 1.145335785566926643e-14 1.123229119489689367e+02 5.703068888888889205e+02
5.762200000000000000e+04 1.247501229564890784e-14 nan 1.119841091270525284e-14 1.141274072488844666e+02 5.803082222222221844e+02
5.763800000000000000e+04 1.247501229564890784e-14 nan 1.080226407560860204e-14 1.183415053314868146e+02 5.990457777777778574e+02
5.763800000000000000e+04 1.247501229564890784e-14 nan 1.165603225598620530e-14 1.184214956029855159e+02 6.034022222222222354e+02
5.763900000000000000e+04 1.247501229564890784e-14 nan 1.089612624587871739e-14 1.215185497610711991e+02 6.239735555555555493e+02
5.772400000000000000e+04 1.247501229564890784e-14 nan 8.640245329151687365e-15 8.697747601017867680e+01 3.928411111111111040e+02
5.772400000000000000e+04 1.247501229564890784e-14 nan 8.674961762611606596e-15 8.673536981102962784e+01 3.932242222222222381e+02
5.772400000000000000e+04 1.247501229564890784e-14 nan 9.246503685990925258e-15 8.687850862314739686e+01 3.948964444444444553e+02
5.774200000000000000e+04 1.247501229564890784e-14 nan 1.215753106676000781e-14 1.090745208439237786e+02 5.501582222222222072e+02
5.774200000000000000e+04 1.247501229564890784e-14 nan 1.221896199774119747e-14 1.146323421128131343e+02 5.667815555555555420e+02
5.774200000000000000e+04 1.247501229564890784e-14 nan 1.278174612720498514e-14 1.116115300466980074e+02 5.558248888888888359e+02
5.776200000000000000e+04 1.247501229564890784e-14 nan 8.357208032157624043e-15 8.072711432121572273e+01 3.424348888888889064e+02
5.776200000000000000e+04 1.247501229564890784e-14 nan 8.721170523760213162e-15 7.789236152627219667e+01 3.281966666666666583e+02
5.776200000000000000e+04 1.247501229564890784e-14 nan 8.833612501004994520e-15 7.911632357385522596e+01 3.346384444444444171e+02
5.777900000000000000e+04 1.247501229564890784e-14 nan 9.134801029677035477e-15 7.839935918613477384e+01 3.277659999999999627e+02
5.777900000000000000e+04 1.247501229564890784e-14 nan 9.539374548138023408e-15 7.951101734099414386e+01 3.336491111111110968e+02
5.777900000000000000e+04 1.247501229564890784e-14 nan 8.820944925027078455e-15 7.917783130822344617e+01 3.304704444444444675e+02
5.779700000000000000e+04 nan nan nan nan nan
5.779700000000000000e+04 nan nan nan nan nan
5.779700000000000000e+04 nan nan nan nan nan
5.781400000000000000e+04 1.247501229564890784e-14 nan 5.388700538156722445e-15 4.927397142933543250e+01 1.884489777777777704e+02
5.781400000000000000e+04 1.247501229564890784e-14 nan 5.501422906024309493e-15 5.121333287718855587e+01 1.969745111111110987e+02
5.781400000000000000e+04 1.247501229564890784e-14 nan 6.570078113412304624e-15 6.032709556840551102e+01 2.392504444444444403e+02
5.785700000000000000e+04 1.247501229564890784e-14 nan nan 3.242625081709235246e+01 1.445148888888888905e+02
5.785700000000000000e+04 1.247501229564890784e-14 nan nan 3.364345570971963895e+01 1.499455555555555577e+02
5.785700000000000000e+04 1.247501229564890784e-14 nan nan 3.695763081257151583e+01 1.662314666666666767e+02
5.787400000000000000e+04 1.247501229564890784e-14 nan -3.622074013222299753e-13 1.236945151772578697e+02 6.035071111111111577e+02
5.787400000000000000e+04 nan nan nan nan nan
5.787400000000000000e+04 1.247501229564890784e-14 nan -6.464116235727194402e-14 1.323418162908633349e+02 6.633413333333332957e+02
5.789400000000000000e+04 1.247501229564890784e-14 nan 1.298330843379250030e-14 1.355282984885361088e+02 6.910835555555555629e+02
5.789400000000000000e+04 1.247501229564890784e-14 nan 1.346014248258148715e-14 1.346094821681306257e+02 6.836575555555555184e+02
5.789400000000000000e+04 1.247501229564890784e-14 nan 1.415689766555093156e-14 1.358904597469960436e+02 6.931011111111110949e+02
5.791100000000000000e+04 1.247501229564890784e-14 nan nan 7.927691450852290700e+01 3.598644444444444161e+02
5.791100000000000000e+04 1.247501229564890784e-14 nan nan 7.683297220625441071e+01 3.466251111111110959e+02
5.791100000000000000e+04 1.247501229564890784e-14 nan nan 8.244564983615723008e+01 3.763217777777777542e+02
5.793300000000000000e+04 1.247501229564890784e-14 nan nan 1.008413443676792838e+02 4.544233333333332894e+02
5.793300000000000000e+04 1.247501229564890784e-14 nan nan 9.436779029914259809e+01 4.160735555555555720e+02
5.793300000000000000e+04 1.247501229564890784e-14 nan 1.307658952636943476e-14 1.019405463266480751e+02 4.600373333333333221e+02
5.808900000000000000e+04 nan nan nan nan nan
5.808900000000000000e+04 nan nan nan nan nan
5.808900000000000000e+04 1.247501229564890784e-14 nan nan 8.005311530308388512e+01 3.740393333333333317e+02
5.811100000000000000e+04 1.247501229564890784e-14 nan 7.546082737527771496e-15 6.814124356974662078e+01 2.873168888888889114e+02
5.811100000000000000e+04 1.247501229564890784e-14 nan 8.340753162842107200e-15 6.867276652149925553e+01 2.899891111111111286e+02
5.811100000000000000e+04 1.247501229564890784e-14 nan 8.031509241892653585e-15 6.992513682663046382e+01 2.980586666666666815e+02
5.812800000000000000e+04 1.247501229564890784e-14 nan 1.181359066663189153e-14 1.143313747488549126e+02 5.511424444444444362e+02
5.812800000000000000e+04 1.247501229564890784e-14 nan 1.182962703660982238e-14 1.124248240690434528e+02 5.394035555555554993e+02
5.812800000000000000e+04 1.247501229564890784e-14 nan 1.175321009013529903e-14 1.153837662178642773e+02 5.590402222222222690e+02
5.814500000000000000e+04 1.247501229564890784e-14 nan 6.082506419806738702e-15 6.447123454942716592e+01 2.581104444444444539e+02
5.814500000000000000e+04 1.247501229564890784e-14 nan 6.381763376927731477e-15 6.505466690508006877e+01 2.608737777777777751e+02
5.814500000000000000e+04 1.247501229564890784e-14 nan 6.738980121439485455e-15 6.563591078463049655e+01 2.643735555555555266e+02
5.816200000000000000e+04 1.247501229564890784e-14 nan 1.169485400315331880e-14 1.089373302039798403e+02 5.056635555555555470e+02
5.816200000000000000e+04 1.247501229564890784e-14 nan 1.128130275497162154e-14 1.082973178730241841e+02 5.010124444444444975e+02
5.816200000000000000e+04 1.247501229564890784e-14 nan 1.177951411064440355e-14 1.049121781404385985e+02 4.843224444444443861e+02
5.818000000000000000e+04 nan nan nan nan nan
5.818000000000000000e+04 nan nan nan nan nan
5.818000000000000000e+04 nan nan nan nan nan
5.819700000000000000e+04 nan nan nan nan nan
5.819700000000000000e+04 nan nan nan nan nan
5.819700000000000000e+04 nan nan nan nan nan
5.821400000000000000e+04 nan nan nan nan nan
5.821400000000000000e+04 nan nan nan nan nan
5.821400000000000000e+04 nan nan nan nan nan
5.821400000000000000e+04 nan nan nan nan nan
5.822300000000000000e+04 1.247501229564890784e-14 1.630074465100549852e-14 1.251415444244439439e-14 1.093041231222600942e+02 5.147317777777777792e+02
5.822300000000000000e+04 1.247501229564890784e-14 2.185130544383285239e-14 1.212566154528114097e-14 1.073774526972860315e+02 5.039802222222222099e+02
5.822300000000000000e+04 1.247501229564890784e-14 2.317393026045614759e-14 1.245528895713883846e-14 1.082197005458342716e+02 5.089182222222221981e+02
5.824100000000000000e+04 1.247501229564890784e-14 nan nan 7.538112232441073957e+01 3.441675555555555661e+02
5.824100000000000000e+04 nan nan nan nan nan
5.824100000000000000e+04 1.247501229564890784e-14 nan nan 9.352895412794508445e+01 4.668926666666666279e+02
5.825800000000000000e+04 1.247501229564890784e-14 nan nan 3.754332692559635376e+01 1.383825777777777830e+02
5.825800000000000000e+04 1.247501229564890784e-14 nan 5.670155827978176896e-15 3.860174947888086905e+01 1.449523111111111291e+02
5.825800000000000000e+04 1.247501229564890784e-14 nan 8.207638677224559778e-15 7.090523507014695781e+01 2.923437777777777455e+02
5.827800000000000000e+04 nan nan nan nan nan
5.827800000000000000e+04 nan nan nan nan nan
5.827800000000000000e+04 nan nan nan nan nan
5.829500000000000000e+04 1.247501229564890784e-14 nan nan 7.581286886735088615e+01 3.621944444444444571e+02
5.829500000000000000e+04 1.247501229564890784e-14 nan nan 4.080330435180582782e+01 1.915888888888889028e+02
5.829500000000000000e+04 1.247501229564890784e-14 nan nan 3.600718455305671029e+01 1.614813333333333389e+02
5.831200000000000000e+04 1.247501229564890784e-14 nan 1.141609462230722058e-14 6.926058753226247688e+01 2.877753333333333217e+02
5.831200000000000000e+04 nan nan nan nan nan
5.831200000000000000e+04 1.247501229564890784e-14 nan 1.180683728523091504e-14 9.493705795172489559e+01 4.308582222222221958e+02
5.832900000000000000e+04 1.247501229564890784e-14 nan 1.107796538498466738e-14 9.134879084891522893e+01 4.412706666666666706e+02
5.832900000000000000e+04 nan nan nan nan nan
5.832900000000000000e+04 1.247501229564890784e-14 nan 1.156562071763122528e-14 9.006324470148334171e+01 4.312244444444444298e+02
5.834600000000000000e+04 1.247501229564890784e-14 nan 1.484196281957919612e-14 1.003664939986601752e+02 4.666295555555556120e+02
5.834600000000000000e+04 1.247501229564890784e-14 nan 1.468660575721169284e-14 9.931385204229235342e+01 4.589175555555555661e+02
5.834600000000000000e+04 1.247501229564890784e-14 nan 1.475283280193170721e-14 1.008204547679442555e+02 4.690877777777777737e+02
