5.750800000000000000e+04 9.622169149897172055e-15 9.550476565920745393e-15 nan 2.878947231155011650e+02 2.356515555555555693e+03
5.750800000000000000e+04 9.788470967980950847e-15 9.623730244045450542e-15 nan 2.965300175573172510e+02 2.455302222222222554e+03
5.750800000000000000e+04 9.641427653257030555e-15 9.527771650514711529e-15 nan 2.862583333382355022e+02 2.353346666666666806e+03
5.752000000000000000e+04 nan nan nan nan nan
5.752000000000000000e+04 nan nan nan nan nan
5.752000000000000000e+04 nan nan nan nan nan
5.753000000000000000e+04 9.645304696173726326e-15 8.814625454273860091e-15 nan 2.133200455419232071e+02 2.463764444444444507e+03
5.753000000000000000e+04 9.633499715667184732e-15 8.798708211866930912e-15 nan 2.236287621811104032e+02 2.492211111111111222e+03
5.753000000000000000e+04 9.792717124522549062e-15 8.950316951508722134e-15 nan 2.305314842491516458e+02 2.607148888888888905e+03
5.754700000000000000e+04 9.664046311079356168e-15 9.707255783153120286e-15 nan 2.865392842908720468e+02 2.357808888888888760e+03
5.754700000000000000e+04 9.714460978377856158e-15 9.695560146178213548e-15 nan 2.897714854214949582e+02 2.375315555555555420e+03
5.754700000000000000e+04 9.700092788064488455e-15 9.642042412867964115e-15 nan 2.836451850125774854e+02 2.331564444444444234e+03
5.755800000000000000e+04 9.391880085422351261e-15 9.041500399654948907e-15 nan 2.512217656164125970e+02 2.474639999999999873e+03
5.755800000000000000e+04 9.421359123285581095e-15 9.081030255182278066e-15 nan 2.593216237149031826e+02 2.489155555555555566e+03
5.755800000000000000e+04 9.508525371034222636e-15 9.173397774988236440e-15 nan 2.496036982146782464e+02 2.502442222222221972e+03
5.756800000000000000e+04 9.546313721709764925e-15 9.126444166276861392e-15 nan 2.807721316289484434e+02 2.339126666666666551e+03
5.756800000000000000e+04 9.457482706132672822e-15 9.069239481261182617e-15 nan 2.849209436079332249e+02 2.336202222222222190e+03
5.756800000000000000e+04 9.571895715799886790e-15 9.214063721512863049e-15 nan 2.880916829240928791e+02 2.377615555555555602e+03
5.758300000000000000e+04 9.897236097116992434e-15 1.029533300744453741e-14 nan 1.612036426247200041e+02 1.764437777777777683e+03
5.758300000000000000e+04 9.459581093048752920e-15 1.012909605739727056e-14 nan 2.096917142639889846e+02 2.062664888888888981e+03
5.758300000000000000e+04 9.549950362559768870e-15 1.006729088289972507e-14 nan 2.203776145790952512e+02 2.111463111111111175e+03
5.759900000000000000e+04 9.399327616797779359e-15 9.124135076749908936e-15 nan 2.852790142382528416e+02 2.362015555555555693e+03
5.759900000000000000e+04 9.357045426854818767e-15 9.066115322182432546e-15 nan 2.806196096713056818e+02 2.360535555555555675e+03
5.759900000000000000e+04 9.355137959125918816e-15 9.082852057590711598e-15 nan 2.812177579437389454e+02 2.343197777777777446e+03
5.761000000000000000e+04 9.722001065849008801e-15 9.858576530200354087e-15 nan 2.120807376928719918e+02 2.005843777777777859e+03
5.761000000000000000e+04 9.633049934041910901e-15 9.838372043750609385e-15 nan 2.276670147060916634e+02 2.041916222222222132e+03
5.761100000000000000e+04 9.633602891257722418e-15 9.897429252491754152e-15 nan 2.693205604203083681e+02 2.449680000000000291e+03
5.761200000000000000e+04 9.741753143218222364e-15 9.916783145220413668e-15 nan 2.686370080791264172e+02 2.432191111111111240e+03
5.761200000000000000e+04 9.642285594316914243e-15 9.867665168462158803e-15 nan 2.751772605863618537e+02 2.464102222222222281e+03
5.762000000000000000e+04 9.785526339105495773e-15 9.668115366113932196e-15 nan 2.192171523015803132e+02 2.064513111111110902e+03
5.762000000000000000e+04 9.753245055263365724e-15 9.815119796372534422e-15 nan 2.085742012454981023e+02 2.061242444444444573e+03
5.762000000000000000e+04 9.709771185005414531e-15 9.757180193057906180e-15 nan 2.151799990181720261e+02 2.104874444444444634e+03
5.763300000000000000e+04 9.681587983117015816e-15 9.544634381691828811e-15 nan 2.729598985440298975e+02 2.401075555555555638e+03
5.763300000000000000e+04 9.708308169201924124e-15 9.556659401204918252e-15 nan 2.699610567559086576e+02 2.358115555555555602e+03
5.763300000000000000e+04 9.682591179086494347e-15 9.543994603652219171e-15 nan 2.710893346456054473e+02 2.365184444444444580e+03
5.772400000000000000e+04 9.287800802113721858e-15 9.764219172385453927e-15 nan 2.207532190384326043e+02 1.878021111111110940e+03
5.772400000000000000e+04 9.237653846666915782e-15 9.702424315549487773e-15 nan 2.282305342178445926e+02 1.955772222222222126e+03
5.772400000000000000e+04 9.207095847483153501e-15 9.719860785679565008e-15 nan 2.169079172656630021e+02 1.902975777777777921e+03
5.773600000000000000e+04 9.512057002347043360e-15 9.269270727293164133e-15 nan 1.549017670551967569e+02 1.811466444444444505e+03
5.773600000000000000e+04 9.573732137823490829e-15 9.327310610399137966e-15 nan 1.652346577886259240e+02 1.845863555555555649e+03
5.773600000000000000e+04 9.621935465219238982e-15 9.355419394660184936e-15 nan 1.592693068189736323e+02 1.853817555555555373e+03
5.774600000000000000e+04 9.544867687263505070e-15 9.319664751684524499e-15 nan 2.520908398721597905e+02 2.017389777777777681e+03
5.774600000000000000e+04 9.480361369932062351e-15 9.234437363093257628e-15 nan 2.525463049046651633e+02 2.014120666666666466e+03
5.774600000000000000e+04 9.569935079951473572e-15 9.277807994092035640e-15 nan 2.542470227703337002e+02 2.031564666666666653e+03
5.775700000000000000e+04 9.603212312175817691e-15 1.018831720463412904e-14 nan 2.306000677024182721e+02 1.852022666666666737e+03
5.775700000000000000e+04 9.575132831873771183e-15 1.005862939500601115e-14 nan 2.353985834723310973e+02 1.862872888888888838e+03
5.775700000000000000e+04 9.694423711458611291e-15 1.011543581644636790e-14 nan 2.226928641155361106e+02 1.838798222222222194e+03
5.776900000000000000e+04 9.409936201744873463e-15 9.210462193399149360e-15 nan 1.779455265872334735e+02 1.595609111111111133e+03
5.776900000000000000e+04 9.468494623752568049e-15 9.304149681347795273e-15 nan 1.829910967537720694e+02 1.594229777777777599e+03
5.776900000000000000e+04 9.487916717704848991e-15 9.212187992681686774e-15 nan 1.747361282929015545e+02 1.628129777777777690e+03
5.777900000000000000e+04 9.315936244640139362e-15 8.771239695424255875e-15 nan 2.254819251500853738e+02 1.587522888888888929e+03
5.777900000000000000e+04 9.345358904541327342e-15 8.812281505442968485e-15 nan 2.271493856015316624e+02 1.590846444444444387e+03
5.777900000000000000e+04 9.416170401772665958e-15 8.867498565014313968e-15 nan 2.192071872333144142e+02 1.578552666666666482e+03
5.779100000000000000e+04 9.558109298845627048e-15 9.384969679657956212e-15 nan 2.268529884263558358e+02 1.840290666666666766e+03
5.779100000000000000e+04 9.686373373064374996e-15 9.491517418268387725e-15 nan 2.268611417982665444e+02 1.847333333333333258e+03
5.779100000000000000e+04 9.605888620280198494e-15 9.405887697176248629e-15 nan 2.349219231082555552e+02 1.828479333333333443e+03
5.780100000000000000e+04 9.262876297702038153e-15 8.674542674018684894e-15 nan 1.854482867592744810e+02 1.636248888888888814e+03
5.780100000000000000e+04 9.378439273749075982e-15 8.809999607113235352e-15 nan 1.776352470974512698e+02 1.657292444444444527e+03
5.780100000000000000e+04 9.357318042519139662e-15 8.777652207444279749e-15 nan 1.873280024333940617e+02 1.644074222222222033e+03
5.781400000000000000e+04 9.459522510378586054e-15 9.168580171232507155e-15 nan 2.184831620750067032e+02 1.541966222222222086e+03
5.781400000000000000e+04 9.417709538133693771e-15 9.169393424491441748e-15 nan 2.234381366066686780e+02 1.557543555555555713e+03
5.781400000000000000e+04 9.388172714126298651e-15 9.102803325001825144e-15 nan 2.197686147077716896e+02 1.513033777777777914e+03
5.782400000000000000e+04 9.758431909138752371e-15 1.007853291371908037e-14 nan 1.663893225387452617e+02 1.526402888888889038e+03
5.782400000000000000e+04 9.808235921912577634e-15 1.017915020094205347e-14 nan 1.704246270147571920e+02 1.551887777777777728e+03
5.782400000000000000e+04 9.833898774742700527e-15 1.016159661950003959e-14 nan 1.670803804395714565e+02 1.561447333333333518e+03
5.785700000000000000e+04 9.594650796792769704e-15 9.489069727010770393e-15 nan 4.192477409808303435e+01 5.762931111111111022e+02
5.785700000000000000e+04 9.729035664867792445e-15 1.002571101225140901e-14 nan 1.214953372553610080e+02 1.396125555555555593e+03
5.785700000000000000e+04 9.635493763933458498e-15 9.934860081117256466e-15 nan 1.497108820131896891e+02 1.556727555555555682e+03
5.785700000000000000e+04 9.709789931541243664e-15 1.000606499921430383e-14 nan 1.306777777164920451e+02 1.436720000000000027e+03
5.785700000000000000e+04 9.367558571194433004e-15 9.263038349202117919e-15 nan 5.373915141151515940e+01 7.986362222222221590e+02
5.786700000000000000e+04 9.729082079840401937e-15 9.199228201864119067e-15 nan 2.258535714864949284e+02 1.625761555555555560e+03
5.786700000000000000e+04 9.779311752950809578e-15 9.297781067252051150e-15 nan 2.331774453478559224e+02 1.641903111111111002e+03
5.786700000000000000e+04 9.697205990619917255e-15 9.259928114341633372e-15 nan 2.233566835607793166e+02 1.578734222222222115e+03
5.787700000000000000e+04 9.710033209483449881e-15 9.113321890691288277e-15 nan 2.779681685654089733e+02 2.636068888888888978e+03
5.787700000000000000e+04 9.714823887045041874e-15 9.130894256953423497e-15 nan 2.755119271979885411e+02 2.593266666666666879e+03
5.787700000000000000e+04 9.662629859073358045e-15 9.032658411633481479e-15 nan 2.854428387273204635e+02 2.635797777777777810e+03
5.788800000000000000e+04 9.629613354192329580e-15 9.119997534370124087e-15 nan 2.607009938726175733e+02 2.355682222222222208e+03
5.788800000000000000e+04 9.582432715412929333e-15 9.073478392725373582e-15 nan 2.482567467403786168e+02 2.283564444444444234e+03
5.788800000000000000e+04 9.565013743069093832e-15 9.143902767292137553e-15 nan 2.534873124452938384e+02 2.350728888888888832e+03
5.790100000000000000e+04 9.573606126380608035e-15 8.933150942457759502e-15 nan 2.751281337107747618e+02 2.184714666666666744e+03
5.790100000000000000e+04 9.567461842732110812e-15 8.902572214811741715e-15 nan 2.746849237367212595e+02 2.233228888888888832e+03
5.790100000000000000e+04 9.687360819682659747e-15 9.019035935294181872e-15 nan 2.772572128798116751e+02 2.249224444444444543e+03
5.791100000000000000e+04 1.006731829515492989e-14 9.629648483753525688e-15 nan 2.235560052621307534e+02 2.527786666666666406e+03
5.791100000000000000e+04 9.877668258980594247e-15 9.452869747427317271e-15 nan 2.227278595269224297e+02 2.480113333333333685e+03
5.791100000000000000e+04 9.739236015034052753e-15 9.333601953578547285e-15 nan 2.117054812879804615e+02 2.457653333333333194e+03
5.792200000000000000e+04 9.697264836707812902e-15 9.342858151291654874e-15 nan 2.788083698326846616e+02 2.356177777777777919e+03
5.792200000000000000e+04 9.779234391198783946e-15 9.434099385739408906e-15 nan 2.854880562736867660e+02 2.396477777777777646e+03
5.792200000000000000e+04 9.745558165627363796e-15 9.402114338713341887e-15 nan 2.826192955547877546e+02 2.333911111111111040e+03
5.793300000000000000e+04 9.979895750438360827e-15 9.262198437012579014e-15 nan 2.766254459369020537e+02 2.243933333333333394e+03
5.793300000000000000e+04 9.857323094800405608e-15 9.292262709512176654e-15 nan 2.839299037583142535e+02 2.307402222222222463e+03
5.793300000000000000e+04 9.991022444911117407e-15 9.368326159958148190e-15 nan 2.814506789103279516e+02 2.194722888888888974e+03
5.808900000000000000e+04 nan nan nan nan nan
5.808900000000000000e+04 1.077616814610575942e-14 1.108452071519090550e-14 nan 8.740441633501654906e+01 1.226784888888888872e+03
5.808900000000000000e+04 1.061910584354690467e-14 1.072669163255261315e-14 nan 1.606848757690022751e+02 1.935484444444444534e+03
5.811000000000000000e+04 1.038444811183256145e-14 1.022861074009455152e-14 nan 2.777211595117755110e+02 2.207826666666666824e+03
5.811000000000000000e+04 1.029271745672702814e-14 1.011190129731153744e-14 nan 2.756964707883662413e+02 2.213595333333333201e+03
5.811000000000000000e+04 1.040837628824305097e-14 1.022345388338801499e-14 nan 2.764084288745960407e+02 2.228300000000000182e+03
5.812100000000000000e+04 1.027464134584092395e-14 9.832162885866076464e-15 nan 2.395599889465389083e+02 2.171357111111111408e+03
5.812100000000000000e+04 1.027510183499132936e-14 9.788821548160897898e-15 nan 2.440135094390717256e+02 2.176221777777777788e+03
5.812100000000000000e+04 1.018732482860045895e-14 9.757071333227545074e-15 nan 2.423434985752604405e+02 2.123269999999999982e+03
5.813300000000000000e+04 1.027589334591496980e-14 1.023180675415356003e-14 nan 2.805581560739752263e+02 2.251248888888888814e+03
5.813300000000000000e+04 1.038710010328402192e-14 1.040684879167980288e-14 nan 2.862096192751472472e+02 2.274915555555555329e+03
5.813300000000000000e+04 1.031835769300714992e-14 1.025447068495723056e-14 nan 2.761959692215654627e+02 2.268802222222222554e+03
5.814300000000000000e+04 1.024788132255752348e-14 9.930645234220229756e-15 nan 2.525568871562787194e+02 2.121499555555555617e+03
5.814300000000000000e+04 1.038315737444815015e-14 1.007430470725320011e-14 nan 2.682466696068577221e+02 2.157793777777777905e+03
5.814300000000000000e+04 1.037563211054511369e-14 1.009850032740525135e-14 nan 2.612884255763725037e+02 2.169195777777777948e+03
5.815300000000000000e+04 nan nan nan nan nan
5.815300000000000000e+04 1.045493516632120113e-14 1.000564894981797250e-14 nan 1.745103733074741399e+02 2.067614666666666835e+03
5.815600000000000000e+04 1.036489403576852836e-14 1.005717642222081751e-14 nan 2.278942155477776623e+02 1.924102666666666664e+03
5.815600000000000000e+04 1.032356721280639195e-14 1.004861492261092972e-14 nan 2.223414014691729506e+02 1.919510222222222410e+03
5.815600000000000000e+04 1.028985205151721557e-14 1.003784288556513690e-14 nan 2.211630580357778797e+02 1.915042444444444527e+03
5.816400000000000000e+04 1.032402529081225685e-14 1.020501452879006695e-14 nan 2.510460882021663735e+02 1.944970888888889021e+03
5.816400000000000000e+04 1.028976702157667786e-14 1.016960493251113134e-14 nan 2.496241404796777488e+02 1.923984444444444534e+03
5.816400000000000000e+04 1.033478771905671924e-14 1.023727771584522915e-14 nan 2.560774052129597180e+02 1.945804888888888854e+03
5.817600000000000000e+04 1.027080939251961646e-14 9.588838135217568004e-15 nan 2.528209039908855971e+02 2.037237777777777637e+03
5.817600000000000000e+04 1.033380455257364290e-14 9.711395666026513914e-15 nan 2.531080346210219432e+02 2.069370222222222310e+03
5.817600000000000000e+04 1.034565860401534345e-14 9.641121720379920587e-15 nan 2.676289347624413608e+02 2.052551111111111368e+03
5.818600000000000000e+04 1.035608884097082117e-14 1.014096056459208921e-14 nan 2.366079363012696319e+02 2.020651111111111277e+03
5.818600000000000000e+04 1.015811045763498596e-14 9.871237499873474105e-15 nan 2.413974042902053156e+02 1.995193999999999960e+03
5.818600000000000000e+04 1.034851553412457541e-14 1.016113062791518833e-14 nan 2.456752421789775838e+02 2.029556000000000040e+03
5.818600000000000000e+04 1.035462963196654589e-14 1.012498175978312752e-14 nan 2.428659317447711885e+02 2.025243555555555758e+03
5.819700000000000000e+04 1.027652327022848034e-14 1.063692300975624784e-14 nan 2.537820606492060449e+02 1.919951111111111231e+03
5.819700000000000000e+04 1.038097734627640909e-14 1.066018498252108614e-14 nan 2.555326600131837154e+02 1.945111555555555697e+03
5.819700000000000000e+04 1.042339949142998534e-14 1.075386798321356622e-14 nan 2.484507525599851476e+02 1.906164666666666790e+03
5.820800000000000000e+04 1.020348046373768905e-14 1.010462431563074055e-14 nan 7.762190615366293400e+01 1.883822666666666692e+03
5.820800000000000000e+04 1.008399769644902723e-14 9.982904450605068693e-15 nan 7.783938450250300889e+01 1.866255333333333510e+03
5.820900000000000000e+04 9.814030191886931433e-15 9.581590216330863883e-15 nan 7.518003824662903867e+01 1.735730000000000018e+03
5.820900000000000000e+04 1.003209925091721172e-14 9.804451039919843849e-15 nan 6.701900942472661882e+01 1.750690666666666630e+03
5.820900000000000000e+04 9.883119783370019694e-15 9.622499178977977663e-15 nan 9.653751676701475049e+01 1.794063111111111084e+03
5.821800000000000000e+04 1.021757795527197818e-14 9.657301555860695247e-15 nan 7.773335570659924088e+01 3.925422222222222786e+02
5.821800000000000000e+04 1.015771757077169229e-14 9.585920827031632397e-15 nan 1.186084426955012816e+02 6.656868888888889160e+02
5.821800000000000000e+04 1.013134498902908199e-14 9.545691428137125923e-15 nan 1.386382671940411910e+02 7.414984444444444307e+02
5.822200000000000000e+04 1.017041922719726185e-14 9.456822184671720372e-15 nan 2.471067143461754654e+02 1.831939333333333479e+03
5.822200000000000000e+04 1.015180503767680117e-14 9.418765400309514948e-15 nan 2.436264808278335465e+02 1.839674222222222170e+03
5.822200000000000000e+04 1.018018233396543896e-14 9.456999413262591982e-15 nan 2.410656092582719907e+02 1.744503111111111139e+03
5.823300000000000000e+04 1.012660753646037987e-14 1.005266474129178998e-14 nan 1.912353821535711518e+02 1.425083777777777641e+03
5.823300000000000000e+04 1.024880742750698403e-14 1.006636805512731729e-14 nan 2.355964976432593687e+02 1.897144666666666581e+03
5.823300000000000000e+04 1.015616165020500705e-14 9.995814719649069853e-15 nan 2.202354817134535097e+02 1.796853555555555658e+03
5.824300000000000000e+04 1.053403097967080709e-14 1.015712235279450666e-14 nan 2.527054697681556945e+02 2.037503555555555522e+03
5.824300000000000000e+04 1.045353586289673019e-14 1.009921827388848115e-14 nan 2.574018839905413643e+02 2.045604444444444425e+03
5.824300000000000000e+04 1.047537534275759689e-14 1.012835405523259470e-14 nan 2.522606810367223602e+02 2.039262888888888938e+03
5.825400000000000000e+04 1.055748899982527252e-14 1.049174937626257765e-14 nan 2.498673181053523251e+02 1.960554222222222279e+03
5.825400000000000000e+04 1.051495119676923829e-14 1.045330792491214992e-14 nan 2.472790862484594641e+02 1.952509777777777799e+03
5.825400000000000000e+04 1.052546580229535744e-14 1.043006449438052774e-14 nan 2.386440921361833603e+02 1.811021777777777743e+03
5.826400000000000000e+04 1.072397691109874375e-14 1.051565143346606483e-14 nan 1.025821196691134816e+02 1.189924222222222170e+03
5.826400000000000000e+04 1.043801150491571959e-14 1.026020562095860595e-14 nan 8.904709851607249504e+01 1.297064888888888845e+03
5.826400000000000000e+04 1.044999894187072762e-14 1.001041324173181583e-14 nan 1.475775717502895077e+02 1.598253333333333103e+03
5.827400000000000000e+04 1.046684837421958342e-14 9.717421461669929171e-15 nan 2.487942005906098473e+02 1.902646888888888952e+03
5.827400000000000000e+04 1.030960356504545917e-14 9.511312434701485453e-15 nan 2.422765788761605847e+02 1.883764222222222315e+03
5.827400000000000000e+04 1.023079602266484120e-14 9.437682192793908228e-15 nan 2.428026904161185087e+02 1.832247333333333472e+03
5.828400000000000000e+04 1.036902654195128317e-14 1.017728078360908542e-14 nan 2.252326812513690015e+02 1.635165555555555557e+03
5.828400000000000000e+04 1.064003516795184820e-14 1.042556147302008010e-14 nan 2.294467016911289647e+02 1.708570222222222355e+03
5.828400000000000000e+04 1.043394547892100620e-14 1.039376463391185183e-14 nan 2.224729661523166158e+02 1.657333777777777868e+03
5.829300000000000000e+04 1.035457570068802506e-14 9.815349984856824544e-15 nan 1.395541944809822041e+02 1.749981111111110977e+03
5.829300000000000000e+04 1.055077775065997863e-14 1.001449251947222552e-14 nan 1.502939853064266913e+02 1.720124666666666599e+03
5.829300000000000000e+04 1.061793998303401893e-14 1.007430973899922922e-14 nan 1.573262181423710899e+02 1.729204666666666753e+03
5.830800000000000000e+04 1.041429328867424989e-14 1.025988748928619607e-14 nan 2.509625336577481676e+02 1.873841111111111331e+03
5.830800000000000000e+04 1.047228960974834044e-14 1.026312265423352275e-14 nan 2.522421528421674566e+02 1.861684222222222161e+03
5.830800000000000000e+04 1.052586450635748703e-14 1.035660439229125942e-14 nan 2.529259604402467403e+02 1.897918444444444503e+03
5.831800000000000000e+04 1.066142938523226065e-14 1.045375474918237077e-14 nan 1.988448037400849273e+02 1.649331111111110886e+03
5.831800000000000000e+04 1.044590456271462141e-14 1.012593388784951324e-14 nan 1.951647853629876295e+02 1.649387555555555537e+03
5.831800000000000000e+04 1.065889647847209352e-14 1.033869511060716400e-14 nan 2.080680982456057677e+02 1.699835333333333210e+03
5.832900000000000000e+04 1.053920070713563069e-14 1.021577272297827201e-14 nan 1.640721454030386894e+02 1.636202666666666573e+03
5.832900000000000000e+04 1.060477396290421571e-14 1.004386344726028060e-14 nan 1.674313452757168932e+02 1.638432444444444627e+03
5.832900000000000000e+04 1.054056104866182216e-14 1.021335555704994892e-14 nan 1.616502113466511332e+02 1.603670222222222264e+03
5.833900000000000000e+04 1.010832435885917080e-14 9.728933886397888536e-15 nan 2.196194379854595127e+02 1.659828888888888969e+03
5.833900000000000000e+04 1.018658478758695957e-14 9.824267290334441806e-15 nan 2.263395845667575657e+02 1.658096222222222195e+03
5.833900000000000000e+04 1.013635458963477307e-14 9.993109268794548476e-15 nan 2.218615681750461306e+02 1.665085111111111246e+03
5.834900000000000000e+04 1.012225945119158133e-14 1.010967824324600658e-14 nan 1.892713448465636361e+02 1.730686222222222341e+03
5.834900000000000000e+04 1.000062441104598024e-14 1.005507736037850943e-14 nan 1.910101182825842727e+02 1.716954666666666753e+03
5.834900000000000000e+04 9.962677016120232332e-15 9.883893584751986772e-15 nan 1.855202918793993945e+02 1.715526888888889061e+03
