5.769100000000000000e+04 nan nan nan nan nan
5.769100000000000000e+04 nan nan nan nan nan
5.769100000000000000e+04 nan nan nan nan nan
5.769300000000000000e+04 nan nan nan nan nan
5.769300000000000000e+04 nan nan nan nan nan
5.769300000000000000e+04 nan nan nan nan nan
5.770100000000000000e+04 nan 1.042110408313455431e-14 nan 4.104483205183561836e+02 3.702238333333333230e+03
5.770100000000000000e+04 nan 1.049832806725249439e-14 nan 4.114073256054169292e+02 3.749808333333333394e+03
5.770100000000000000e+04 nan 1.043499744942687581e-14 nan 4.001242469681608327e+02 3.711355000000000018e+03
5.771100000000000000e+04 nan 1.084429831012362262e-14 nan 4.968250901032776312e+01 7.040583333333332803e+02
5.771100000000000000e+04 nan 1.080621161671414094e-14 nan 1.053724151491787779e+02 1.469607499999999845e+03
5.771100000000000000e+04 nan 1.054658849447844415e-14 nan 1.788151954312505154e+02 2.568708333333333485e+03
5.771900000000000000e+04 nan 1.060506662920729260e-14 nan 3.843180686578707537e+02 3.477521666666666533e+03
5.771900000000000000e+04 nan 1.047793258786257958e-14 nan 3.994278106753134239e+02 3.466198333333333267e+03
5.771900000000000000e+04 nan 1.046867307123279791e-14 nan 3.838246490127057768e+02 3.365868333333333339e+03
5.772600000000000000e+04 nan 1.083498829439217802e-14 nan 4.179471492687339378e+02 3.681510000000000218e+03
5.772600000000000000e+04 nan 1.084320922397517332e-14 nan 4.165952876277488031e+02 3.688466666666666697e+03
5.772600000000000000e+04 nan 1.083649298538489525e-14 nan 4.226646454489830376e+02 3.699916666666666515e+03
5.773300000000000000e+04 nan 1.093304658094026960e-14 nan 3.754738614294191734e+02 3.745298333333333176e+03
5.773300000000000000e+04 nan 1.093950888326762945e-14 nan 3.446403660920756238e+02 3.747010000000000218e+03
5.773300000000000000e+04 nan 1.092706947131749512e-14 nan 3.947419396904445534e+02 3.728493333333333339e+03
5.774100000000000000e+04 nan nan nan 3.495343101714068439e+02 3.632568333333333612e+03
5.774100000000000000e+04 nan nan nan 3.464329275836888655e+02 3.585498333333333449e+03
5.774100000000000000e+04 nan nan nan 3.355186301668206283e+02 3.487623333333333449e+03
5.774900000000000000e+04 nan 1.129593702836444605e-14 nan 4.311975705773729715e+02 3.782311666666666952e+03
5.774900000000000000e+04 nan 1.126708003920845781e-14 nan 4.277327791701306410e+02 3.771283333333333303e+03
5.774900000000000000e+04 nan 1.133553270184200296e-14 nan 4.247068204890564402e+02 3.737561666666666952e+03
5.775700000000000000e+04 nan 1.123309967601763324e-14 nan 4.175928233420391393e+02 3.832599999999999909e+03
5.775700000000000000e+04 nan 1.144097354951156530e-14 nan 4.314931686970407441e+02 3.910031666666666752e+03
5.775700000000000000e+04 nan 1.137192636153454276e-14 nan 4.248926967915090245e+02 3.901363333333333230e+03
5.776400000000000000e+04 nan 1.137680255253141296e-14 nan 3.929246954596554247e+02 3.642420000000000073e+03
5.776400000000000000e+04 nan 1.131433303276370519e-14 nan 3.979040809856040823e+02 3.630449999999999818e+03
5.776400000000000000e+04 nan 1.134423358624719647e-14 nan 3.931378479896926592e+02 3.651160000000000309e+03
5.777200000000000000e+04 nan nan nan 3.405438701374602601e+02 3.130010000000000218e+03
5.777200000000000000e+04 nan nan nan 3.422779926927406677e+02 3.144316666666666606e+03
5.777200000000000000e+04 nan nan nan 3.282243137559072466e+02 3.140974999999999909e+03
5.777900000000000000e+04 nan 1.073294181774609905e-14 nan 3.607750353066793423e+02 2.807315000000000055e+03
5.777900000000000000e+04 nan 1.070824699975242326e-14 nan 3.620815324626700544e+02 2.817045000000000073e+03
5.777900000000000000e+04 nan 1.072384319601003596e-14 nan 3.632651441573992770e+02 2.812143333333333430e+03
5.778600000000000000e+04 nan 1.079524506702890976e-14 nan 3.870679843055379479e+02 3.280941666666666606e+03
5.778600000000000000e+04 nan 1.081287158680218886e-14 nan 3.867727031425927180e+02 3.282309999999999945e+03
5.778600000000000000e+04 nan 1.071266845054617265e-14 nan 3.851715393623690034e+02 3.252048333333333176e+03
5.779400000000000000e+04 nan 1.110584451195483184e-14 nan 3.370659579637003844e+02 3.198343333333333248e+03
5.779400000000000000e+04 nan 1.112306932244904278e-14 nan 3.393101660264093766e+02 3.195076666666666824e+03
5.779400000000000000e+04 nan 1.131036108775316878e-14 nan 3.389404337354044969e+02 3.242263333333333321e+03
5.780100000000000000e+04 nan 1.088927968371917168e-14 nan 3.140516133139582848e+02 3.031508333333333212e+03
5.780100000000000000e+04 nan 1.090387602175992099e-14 nan 2.971551588210879800e+02 3.047860000000000127e+03
5.780100000000000000e+04 nan 1.093513675729246078e-14 nan 3.017368422197333189e+02 3.015023333333333085e+03
5.780900000000000000e+04 nan nan nan 3.597066102275136927e+02 2.735328333333333376e+03
5.780900000000000000e+04 nan nan nan 3.552671622305444998e+02 2.736010000000000218e+03
5.780900000000000000e+04 nan nan nan 3.568712052910752845e+02 2.737349999999999909e+03
5.781700000000000000e+04 nan 1.169535663964567977e-14 nan 3.972758488641272834e+02 3.255105000000000018e+03
5.781700000000000000e+04 nan 1.176229353453555482e-14 nan 3.958840316034359716e+02 3.258849999999999909e+03
5.781700000000000000e+04 nan 1.173980012690890885e-14 nan 3.939724532907435446e+02 3.279329999999999927e+03
5.785700000000000000e+04 nan 1.171070686954182831e-14 nan 2.722600736405947686e+01 4.420183333333333167e+02
5.785700000000000000e+04 nan nan nan nan nan
5.785700000000000000e+04 nan 1.185160843492004698e-14 nan 1.256353423650358252e+02 1.576684166666666670e+03
5.786400000000000000e+04 nan 1.238549967792026196e-14 nan 3.703411055660868669e+02 3.045901666666666642e+03
5.786400000000000000e+04 nan 1.241651301466924456e-14 nan 3.727168206665247112e+02 3.048261666666666770e+03
5.786400000000000000e+04 nan 1.239648426536212251e-14 nan 3.711646261193105829e+02 3.043360000000000127e+03
5.787800000000000000e+04 nan 1.249215485512463527e-14 nan 5.052750721107226468e+02 5.371701666666665915e+03
5.787800000000000000e+04 nan 1.241335378440281233e-14 nan 5.021923634313062621e+02 5.345585000000000036e+03
5.787800000000000000e+04 nan 1.249790439753052833e-14 nan 4.994092141856436342e+02 5.370981666666667479e+03
5.788700000000000000e+04 nan 1.190841753341164592e-14 nan 2.497268159201217657e+02 3.139631666666666661e+03
5.788700000000000000e+04 nan 1.217313615152689584e-14 nan 2.617556558396381661e+02 3.303733333333333121e+03
5.788700000000000000e+04 nan 1.220868972541674500e-14 nan 1.607841249720115400e+02 2.076723333333333358e+03
5.789400000000000000e+04 nan 1.211346412908546198e-14 nan 4.971038682275446945e+02 4.945608333333333576e+03
5.789400000000000000e+04 nan 1.213548733180331157e-14 nan 4.989493207877038117e+02 4.948858333333333576e+03
5.789400000000000000e+04 nan 1.228389744471266565e-14 nan 4.974789805698313785e+02 5.017108333333333576e+03
5.790300000000000000e+04 nan nan nan 4.263521183950965110e+02 3.943106666666666570e+03
5.790300000000000000e+04 nan nan nan 4.344458006161155481e+02 4.101380000000000109e+03
5.790300000000000000e+04 nan nan nan 4.180972362080070184e+02 3.799528333333333649e+03
5.791000000000000000e+04 nan 1.179400881357819610e-14 nan 4.481704709712561225e+02 4.742211666666667043e+03
5.791000000000000000e+04 nan 1.191315601452882169e-14 nan 4.589440637635610187e+02 4.796329999999999927e+03
5.791000000000000000e+04 nan 1.178512617787911882e-14 nan 4.628289044380922519e+02 4.739123333333333903e+03
5.791800000000000000e+04 nan 1.200930161672288743e-14 nan 2.759969528554523777e+02 1.998086666666666588e+03
5.791800000000000000e+04 nan 1.193320819358722430e-14 nan 3.965306100814409547e+02 3.324281666666666752e+03
5.791800000000000000e+04 nan 1.202440692379117464e-14 nan 3.339861909398152306e+02 2.645346666666666351e+03
5.792500000000000000e+04 nan nan nan 4.901356285418478365e+02 4.785286666666666861e+03
5.792500000000000000e+04 nan nan nan 4.958945981144406119e+02 4.810156666666666752e+03
5.792500000000000000e+04 nan nan nan 4.944002340633912240e+02 4.825616666666666788e+03
5.793300000000000000e+04 nan 1.156623183860578603e-14 nan 4.523550705214202026e+02 4.359911666666666861e+03
5.793300000000000000e+04 nan 1.164902412062659553e-14 nan 4.630826645238005312e+02 4.398755000000000109e+03
5.793300000000000000e+04 nan 1.168161810200170086e-14 nan 4.568512426191550730e+02 4.364501666666667006e+03
5.794200000000000000e+04 nan nan nan 3.649767552439707288e+02 3.550196666666666260e+03
5.794200000000000000e+04 nan nan nan 3.676278979320354665e+02 3.540606666666666570e+03
5.794200000000000000e+04 nan nan nan 3.595195014410541035e+02 3.554771666666666533e+03
5.794900000000000000e+04 nan 1.179829613262381916e-14 nan 3.771939782254488591e+02 3.190356666666666570e+03
5.794900000000000000e+04 nan 1.179872596935414682e-14 nan 3.806335879512093356e+02 3.213179999999999836e+03
5.794900000000000000e+04 nan 1.172292834198549906e-14 nan 3.722792103490616569e+02 3.083855000000000018e+03
5.795600000000000000e+04 nan 1.167890605404678723e-14 nan 4.587244081935830309e+02 4.428225000000000364e+03
5.795600000000000000e+04 nan 1.170675356516768630e-14 nan 4.537198254787813880e+02 4.422793333333333067e+03
5.795600000000000000e+04 nan 1.173138254444033362e-14 nan 4.536803800474788773e+02 4.407638333333333321e+03
5.796400000000000000e+04 nan 1.229535081092196339e-14 nan 4.806097163513734216e+01 5.848361666666665997e+02
5.796400000000000000e+04 nan 1.191619242129327003e-14 nan 1.451845205561678540e+02 1.469314666666666653e+03
5.796400000000000000e+04 nan 1.182255160142400447e-14 nan 1.985994651705923388e+02 2.011793333333333521e+03
5.805500000000000000e+04 nan nan nan 3.544775627378814420e+02 2.950336666666667043e+03
5.805500000000000000e+04 nan nan nan 3.461403729874238593e+02 2.941558333333333394e+03
5.805500000000000000e+04 nan nan nan 3.503620028807579274e+02 2.937796666666666624e+03
5.806200000000000000e+04 nan 9.931712448415911460e-15 nan 2.841953604441697507e+02 3.149208333333333485e+03
5.806200000000000000e+04 nan 1.002633585856604759e-14 nan 2.772544629838705532e+02 3.149925000000000182e+03
5.806200000000000000e+04 nan 1.010503770221247660e-14 nan 2.782892592315306501e+02 3.207303333333333740e+03
5.807000000000000000e+04 nan 1.021831491810191239e-14 nan 2.940550662749552089e+02 3.585231666666666570e+03
5.807000000000000000e+04 nan 1.029044326604155143e-14 nan 2.620338852736348940e+02 3.619246666666666442e+03
5.807000000000000000e+04 nan 1.021744780935094103e-14 nan 3.299157451874309572e+02 3.579978333333333467e+03
5.807900000000000000e+04 nan 1.003667365004043542e-14 nan 3.815755739154828916e+02 3.288449999999999818e+03
5.807900000000000000e+04 nan 1.002718966063820465e-14 nan 3.733074723039546257e+02 3.281826666666666824e+03
5.807900000000000000e+04 nan 1.007717918501326267e-14 nan 3.727534429474793001e+02 3.236191666666666606e+03
5.808600000000000000e+04 nan 1.067762545606977185e-14 nan 3.555804661957045028e+02 3.816054999999999836e+03
5.808600000000000000e+04 nan 1.064235365889934813e-14 nan 3.751503124050126416e+02 3.782684999999999945e+03
5.808600000000000000e+04 nan 1.070475882760942589e-14 nan 3.171682105547833999e+02 3.822804999999999836e+03
5.809400000000000000e+04 nan nan nan 3.889165911543791481e+02 3.757820000000000164e+03
5.809400000000000000e+04 nan nan nan 3.876150705979144391e+02 3.723011666666666770e+03
5.809400000000000000e+04 nan nan nan 3.879969406810869259e+02 3.734291666666666515e+03
5.811700000000000000e+04 nan 1.116067641659824048e-14 nan 4.136686126251697715e+02 3.554845000000000255e+03
5.811700000000000000e+04 nan 1.121902475981411179e-14 nan 4.032819036443427763e+02 3.565571666666666260e+03
5.811700000000000000e+04 nan 1.122867550959891322e-14 nan 4.134832693134931105e+02 3.552125000000000000e+03
5.812500000000000000e+04 nan 1.123848232843007206e-14 nan 3.453280800913320832e+02 3.513675000000000182e+03
5.812500000000000000e+04 nan 1.114651479235931699e-14 nan 3.456309652271785353e+02 3.516120000000000346e+03
5.812500000000000000e+04 nan 1.118499889179967445e-14 nan 3.443676256915967429e+02 3.501026666666666642e+03
5.813200000000000000e+04 nan 1.048454695557094843e-14 nan 3.942309919185689751e+02 3.299985000000000127e+03
5.813200000000000000e+04 nan 1.046673133000427892e-14 nan 3.980758924672628041e+02 3.318375000000000000e+03
5.813200000000000000e+04 nan 1.043543731935882205e-14 nan 3.924376097711845546e+02 3.295866666666666788e+03
5.814000000000000000e+04 nan 1.049965445446367962e-14 nan 4.118281854917501619e+02 3.502026666666666642e+03
5.814000000000000000e+04 nan 1.058044267358699306e-14 nan 4.112822787961125073e+02 3.514441666666666606e+03
5.814000000000000000e+04 nan 1.053519512456454856e-14 nan 4.140684768735700914e+02 3.523329999999999927e+03
5.814700000000000000e+04 nan 1.025058734380654463e-14 nan 3.844262403451490400e+02 3.293573333333333267e+03
5.814700000000000000e+04 nan 1.028564797763462954e-14 nan 3.862563576090982451e+02 3.294644999999999982e+03
5.814700000000000000e+04 nan 1.026942586074960962e-14 nan 3.961617492304768575e+02 3.312021666666666533e+03
5.815400000000000000e+04 nan 9.659354214281625685e-15 nan 1.455233477439330159e+02 1.921560000000000173e+03
5.815400000000000000e+04 nan 9.826902169294701552e-15 nan 1.130382445420640067e+02 1.603340833333333194e+03
5.815400000000000000e+04 nan 1.048918090205188600e-14 nan 9.191980801252529432e+01 1.414125833333333276e+03
5.816100000000000000e+04 nan 1.010235469184410565e-14 nan 3.834684673745051100e+02 3.066818333333333612e+03
5.816100000000000000e+04 nan 1.021846406844835956e-14 nan 3.862940293031142005e+02 3.090610000000000127e+03
5.816100000000000000e+04 nan 1.020654301304662562e-14 nan 3.832161246666384500e+02 3.078370000000000346e+03
5.816800000000000000e+04 nan nan nan 3.949537244258970645e+02 3.236238333333333230e+03
5.816800000000000000e+04 nan nan nan 3.951193676520888403e+02 3.231716666666666697e+03
5.816800000000000000e+04 nan nan nan 3.977296791257555810e+02 3.245476666666666915e+03
5.817500000000000000e+04 nan nan nan 3.656935174442301673e+02 2.946146666666666533e+03
5.817500000000000000e+04 nan nan nan 3.666700125745454102e+02 2.957653333333333649e+03
5.817500000000000000e+04 nan nan nan 3.724154089955068798e+02 2.965076666666666824e+03
5.818200000000000000e+04 nan 1.051822981450740031e-14 nan 2.188637057768771115e+02 3.140651666666666642e+03
5.818200000000000000e+04 nan 1.026759646219917744e-14 nan 2.158053724197704355e+02 3.075795000000000073e+03
5.818200000000000000e+04 nan 1.049581498581693444e-14 nan 2.244022411841045255e+02 3.147856666666666570e+03
5.819000000000000000e+04 nan nan nan 3.836699932377507594e+02 3.084635000000000218e+03
5.819000000000000000e+04 nan nan nan 3.841083131930507193e+02 3.143029999999999745e+03
5.819000000000000000e+04 nan nan nan 3.913199768792699160e+02 3.164898333333333085e+03
5.819800000000000000e+04 nan 1.017856751284751147e-14 nan 3.822080290634752942e+02 3.062735000000000127e+03
5.819800000000000000e+04 nan 1.028666949691455010e-14 nan 3.855889846998505277e+02 3.033339999999999691e+03
5.819800000000000000e+04 nan 1.033421270726885691e-14 nan 3.834078197082583870e+02 3.035519999999999982e+03
5.820500000000000000e+04 nan nan nan 3.655823099680220594e+02 2.911026666666666642e+03
5.820500000000000000e+04 nan nan nan 3.538444791053995573e+02 2.885783333333333303e+03
5.820500000000000000e+04 nan nan nan 3.674881998123964877e+02 2.927493333333333339e+03
5.822200000000000000e+04 nan 9.963705125189038322e-15 nan 3.456247813088347129e+02 2.824144999999999982e+03
5.822200000000000000e+04 nan 1.004880915040797859e-14 nan 3.480972305742880621e+02 2.837608333333333121e+03
5.822200000000000000e+04 nan 1.016712584879121972e-14 nan 3.469977467180715962e+02 2.851214999999999691e+03
5.822900000000000000e+04 nan 1.072308460124830361e-14 nan 3.278890925758994968e+02 2.576285000000000309e+03
5.822900000000000000e+04 nan 1.067263151668153172e-14 nan 3.216101911042625261e+02 2.580056666666666388e+03
5.822900000000000000e+04 nan 1.065324381850049733e-14 nan 3.245805304963554363e+02 2.552406666666666752e+03
5.823700000000000000e+04 nan nan nan nan nan
5.823700000000000000e+04 nan nan nan nan nan
5.823700000000000000e+04 nan nan nan nan nan
5.824400000000000000e+04 nan 8.674583644131989498e-15 nan 7.281281698317236817e+01 2.390348333333333358e+03
5.824400000000000000e+04 nan 8.404482955565041254e-15 nan 7.225663591464140723e+01 2.271078333333333376e+03
5.824400000000000000e+04 nan 8.664901465692952557e-15 nan 7.620454659655176499e+01 2.417429999999999836e+03
5.825300000000000000e+04 nan 9.813747165086395540e-15 nan 3.445861033513263010e+02 2.846925000000000182e+03
5.825300000000000000e+04 nan 9.713771363078704633e-15 nan 3.545725199693462173e+02 2.824889999999999873e+03
5.825300000000000000e+04 nan 9.856055339740403538e-15 nan 3.570974728394744488e+02 2.850724999999999909e+03
