5.750800000000000000e+04 nan 7.499931596476670386e-15 nan 4.567524680806056381e+02 4.305418333333333067e+03
5.750800000000000000e+04 nan 7.520154730621521093e-15 nan 4.559255030223111476e+02 4.315968333333333248e+03
5.750800000000000000e+04 nan 7.537099021122162843e-15 nan 4.603002167031031604e+02 4.359925000000000182e+03
5.751600000000000000e+04 nan 7.267861902520169381e-15 nan 4.648239671788807073e+02 4.267966666666666242e+03
5.751600000000000000e+04 nan 7.322418108872603301e-15 nan 4.598652885161240533e+02 4.264331666666666933e+03
5.751600000000000000e+04 nan 7.356243924187236492e-15 nan 4.126114646560509414e+02 3.593631666666666661e+03
5.752300000000000000e+04 nan 7.098593828965564469e-15 nan 9.853587693769146938e+01 7.957136666666666542e+02
5.752300000000000000e+04 nan 7.298227327123753142e-15 nan 1.431607506258767160e+02 1.037116666666666561e+03
5.752300000000000000e+04 nan 7.167970393035131611e-15 nan 1.951944998742247606e+02 1.515337333333333390e+03
5.753000000000000000e+04 nan 7.123023130936834404e-15 nan 3.683567156575015815e+02 3.970096666666666351e+03
5.753000000000000000e+04 nan 7.167579130387565552e-15 nan 3.631793631385626213e+02 4.000383333333333212e+03
5.753000000000000000e+04 nan 7.152442265251122338e-15 nan 3.600428885718474703e+02 3.991800000000000182e+03
5.754700000000000000e+04 nan 6.657413444027375141e-15 nan 4.206297489866313981e+02 3.684668333333333521e+03
5.754700000000000000e+04 nan 6.611618533389137558e-15 nan 4.186974518002485297e+02 3.656263333333333321e+03
5.754700000000000000e+04 nan 6.642210620441789122e-15 nan 4.165157710829103053e+02 3.636304999999999836e+03
5.755400000000000000e+04 nan 6.707465769422506566e-15 nan 1.271974148687771020e+02 1.722990000000000009e+03
5.755400000000000000e+04 nan 7.223839631055635839e-15 nan 5.978349236384693199e+01 9.406499999999999773e+02
5.755400000000000000e+04 nan 7.054794790828216708e-15 nan 1.002208951683877416e+02 1.453018499999999904e+03
5.756200000000000000e+04 nan 6.563358033127286592e-15 nan 3.868723726965052379e+02 3.636164999999999964e+03
5.756200000000000000e+04 nan 6.558367741933465464e-15 nan 3.745221373325765057e+02 3.572243333333333339e+03
5.756200000000000000e+04 nan 6.544094902869391721e-15 nan 3.784209843124150439e+02 3.641809999999999945e+03
5.756900000000000000e+04 nan nan nan 3.806320911578850428e+02 3.285353333333333467e+03
5.756900000000000000e+04 nan nan nan 3.411481787739326137e+02 2.773523333333333085e+03
5.756900000000000000e+04 nan nan nan 3.703820721629346622e+02 3.250039999999999964e+03
5.758300000000000000e+04 nan nan nan 3.655258071244782627e+02 3.378004999999999654e+03
5.758300000000000000e+04 nan nan nan 3.734282483614866806e+02 3.361901666666666642e+03
5.758300000000000000e+04 nan nan nan 3.751141439659189132e+02 3.427773333333333085e+03
5.759100000000000000e+04 nan nan nan 3.713033747525400941e+02 3.333843333333333248e+03
5.759100000000000000e+04 nan nan nan 2.934823506257529857e+02 2.555851666666666915e+03
5.759100000000000000e+04 nan nan nan 3.297690802456375536e+02 2.979618333333333339e+03
5.759800000000000000e+04 nan 6.579106587596693001e-15 nan 4.097224289190647255e+02 3.739056666666666388e+03
5.759800000000000000e+04 nan 6.619257533200832954e-15 nan 4.135371711634374492e+02 3.759741666666666788e+03
5.759800000000000000e+04 nan 6.589396105372326626e-15 nan 4.103281965957271495e+02 3.704433333333333394e+03
5.769100000000000000e+04 nan nan nan nan nan
5.769100000000000000e+04 nan nan nan nan nan
5.769100000000000000e+04 nan nan nan nan nan
5.769300000000000000e+04 nan nan nan nan nan
5.769300000000000000e+04 nan nan nan nan nan
5.769300000000000000e+04 nan nan nan nan nan
5.770100000000000000e+04 nan 7.411630051113185376e-15 nan 4.104483205183561836e+02 3.702238333333333230e+03
5.770100000000000000e+04 nan 7.421511200970419562e-15 nan 4.001242469681608327e+02 3.711355000000000018e+03
5.770100000000000000e+04 nan 7.466552792196014521e-15 nan 4.114073256054169292e+02 3.749808333333333394e+03
5.771100000000000000e+04 nan 7.685523733204690250e-15 nan 1.053724151491787779e+02 1.469607499999999845e+03
5.771100000000000000e+04 nan 7.712611504247886044e-15 nan 4.968250901032776312e+01 7.040583333333332803e+02
5.771100000000000000e+04 nan 7.500876260213793533e-15 nan 1.788151954312505154e+02 2.568708333333333485e+03
5.771900000000000000e+04 nan 7.445461758279471267e-15 nan 3.838246490127057768e+02 3.365868333333333339e+03
5.771900000000000000e+04 nan 7.542466699886190516e-15 nan 3.843180686578707537e+02 3.477521666666666533e+03
5.771900000000000000e+04 nan 7.452047251636468058e-15 nan 3.994278106753134239e+02 3.466198333333333267e+03
5.772600000000000000e+04 nan 7.707060251815249605e-15 nan 4.226646454489830376e+02 3.699916666666666515e+03
5.772600000000000000e+04 nan 7.705990095247356403e-15 nan 4.179471492687339378e+02 3.681510000000000218e+03
5.772600000000000000e+04 nan 7.711836931461574722e-15 nan 4.165952876277488031e+02 3.688466666666666697e+03
5.773300000000000000e+04 nan 7.771479472629745051e-15 nan 3.947419396904445534e+02 3.728493333333333339e+03
5.773300000000000000e+04 nan 7.775730473766050115e-15 nan 3.754738614294191734e+02 3.745298333333333176e+03
5.773300000000000000e+04 nan 7.780326550510581329e-15 nan 3.446403660920756238e+02 3.747010000000000218e+03
5.774100000000000000e+04 nan nan nan 3.495343101714068439e+02 3.632568333333333612e+03
5.774100000000000000e+04 nan nan nan 3.464329275836888655e+02 3.585498333333333449e+03
5.774100000000000000e+04 nan nan nan 3.355186301668206283e+02 3.487623333333333449e+03
5.774900000000000000e+04 nan 8.033823063949827634e-15 nan 4.311975705773729715e+02 3.782311666666666952e+03
5.774900000000000000e+04 nan 8.061984042009269910e-15 nan 4.247068204890564402e+02 3.737561666666666952e+03
5.774900000000000000e+04 nan 8.013299583298741335e-15 nan 4.277327791701306410e+02 3.771283333333333303e+03
5.775700000000000000e+04 nan 8.087867704593905288e-15 nan 4.248926967915090245e+02 3.901363333333333230e+03
5.775700000000000000e+04 nan 8.136974997762925420e-15 nan 4.314931686970407441e+02 3.910031666666666752e+03
5.775700000000000000e+04 nan 7.989132289798577872e-15 nan 4.175928233420391393e+02 3.832599999999999909e+03
5.776400000000000000e+04 nan 8.091335717526033823e-15 nan 3.929246954596554247e+02 3.642420000000000073e+03
5.776400000000000000e+04 nan 8.068172228578979003e-15 nan 3.931378479896926592e+02 3.651160000000000309e+03
5.776400000000000000e+04 nan 8.046906550875807051e-15 nan 3.979040809856040823e+02 3.630449999999999818e+03
5.777200000000000000e+04 nan nan nan 3.282243137559072466e+02 3.140974999999999909e+03
5.777200000000000000e+04 nan nan nan 3.405438701374602601e+02 3.130010000000000218e+03
5.777200000000000000e+04 nan nan nan 3.422779926927406677e+02 3.144316666666666606e+03
5.777900000000000000e+04 nan 7.626942199301647904e-15 nan 3.632651441573992770e+02 2.812143333333333430e+03
5.777900000000000000e+04 nan 7.633413262035955854e-15 nan 3.607750353066793423e+02 2.807315000000000055e+03
5.777900000000000000e+04 nan 7.615849973761644667e-15 nan 3.620815324626700544e+02 2.817045000000000073e+03
5.778600000000000000e+04 nan 7.690260393931837742e-15 nan 3.867727031425927180e+02 3.282309999999999945e+03
5.778600000000000000e+04 nan 7.618994569316112365e-15 nan 3.851715393623690034e+02 3.252048333333333176e+03
5.778600000000000000e+04 nan 7.677724174870403254e-15 nan 3.870679843055379479e+02 3.280941666666666606e+03
5.779400000000000000e+04 nan 7.898626697434942370e-15 nan 3.370659579637003844e+02 3.198343333333333248e+03
5.779400000000000000e+04 nan 8.044081649908825081e-15 nan 3.389404337354044969e+02 3.242263333333333321e+03
5.779400000000000000e+04 nan 7.910877215428542556e-15 nan 3.393101660264093766e+02 3.195076666666666824e+03
5.780100000000000000e+04 nan 7.777217035433645841e-15 nan 3.017368422197333189e+02 3.015023333333333085e+03
5.780100000000000000e+04 nan 7.744602865011727935e-15 nan 3.140516133139582848e+02 3.031508333333333212e+03
5.780100000000000000e+04 nan 7.754983977876161340e-15 nan 2.971551588210879800e+02 3.047860000000000127e+03
5.780900000000000000e+04 nan nan nan 3.552671622305444998e+02 2.736010000000000218e+03
5.780900000000000000e+04 nan nan nan 3.568712052910752845e+02 2.737349999999999909e+03
5.780900000000000000e+04 nan nan nan 3.597066102275136927e+02 2.735328333333333376e+03
5.781700000000000000e+04 nan 8.365502113318872298e-15 nan 3.958840316034359716e+02 3.258849999999999909e+03
5.781700000000000000e+04 nan 8.317895689111199604e-15 nan 3.972758488641272834e+02 3.255105000000000018e+03
5.781700000000000000e+04 nan 8.349504497846688658e-15 nan 3.939724532907435446e+02 3.279329999999999927e+03
5.785700000000000000e+04 nan 8.328812980051026678e-15 nan 2.722600736405947686e+01 4.420183333333333167e+02
5.785700000000000000e+04 nan nan nan nan nan
5.785700000000000000e+04 nan 8.429024077442923846e-15 nan 1.256353423650358252e+02 1.576684166666666670e+03
5.786400000000000000e+04 nan 8.808734744285851118e-15 nan 3.703411055660868669e+02 3.045901666666666642e+03
5.786400000000000000e+04 nan 8.816547131316409052e-15 nan 3.711646261193105829e+02 3.043360000000000127e+03
5.786400000000000000e+04 nan 8.830791848485206935e-15 nan 3.727168206665247112e+02 3.048261666666666770e+03
5.787800000000000000e+04 nan 8.828544961226978844e-15 nan 5.021923634313062621e+02 5.345585000000000036e+03
5.787800000000000000e+04 nan 8.884589347614690902e-15 nan 5.052750721107226468e+02 5.371701666666665915e+03
5.787800000000000000e+04 nan 8.888678499871084529e-15 nan 4.994092141856436342e+02 5.370981666666667479e+03
5.788700000000000000e+04 nan 8.682985116716945114e-15 nan 1.607841249720115400e+02 2.076723333333333358e+03
5.788700000000000000e+04 nan 8.469427475988612032e-15 nan 2.497268159201217657e+02 3.139631666666666661e+03
5.788700000000000000e+04 nan 8.657698934507811974e-15 nan 2.617556558396381661e+02 3.303733333333333121e+03
5.789400000000000000e+04 nan 8.630922585147301397e-15 nan 4.989493207877038117e+02 4.948858333333333576e+03
5.789400000000000000e+04 nan 8.615259385760441013e-15 nan 4.971038682275446945e+02 4.945608333333333576e+03
5.789400000000000000e+04 nan 8.736473863011250733e-15 nan 4.974789805698313785e+02 5.017108333333333576e+03
5.790300000000000000e+04 nan nan nan 4.180972362080070184e+02 3.799528333333333649e+03
5.790300000000000000e+04 nan nan nan 4.344458006161155481e+02 4.101380000000000109e+03
5.790300000000000000e+04 nan nan nan 4.263521183950965110e+02 3.943106666666666570e+03
5.791000000000000000e+04 nan 8.388058448363284363e-15 nan 4.481704709712561225e+02 4.742211666666667043e+03
5.791000000000000000e+04 nan 8.381740997817241019e-15 nan 4.628289044380922519e+02 4.739123333333333903e+03
5.791000000000000000e+04 nan 8.472797547793338706e-15 nan 4.589440637635610187e+02 4.796329999999999927e+03
5.791800000000000000e+04 nan 8.541177599352094456e-15 nan 2.759969528554523777e+02 1.998086666666666588e+03
5.791800000000000000e+04 nan 8.551920697866943981e-15 nan 3.339861909398152306e+02 2.645346666666666351e+03
5.791800000000000000e+04 nan 8.487058928517870477e-15 nan 3.965306100814409547e+02 3.324281666666666752e+03
5.792500000000000000e+04 nan nan nan 4.958945981144406119e+02 4.810156666666666752e+03
5.792500000000000000e+04 nan nan nan 4.944002340633912240e+02 4.825616666666666788e+03
5.792500000000000000e+04 nan nan nan 4.901356285418478365e+02 4.785286666666666861e+03
5.793300000000000000e+04 nan 8.226060385663829735e-15 nan 4.523550705214202026e+02 4.359911666666666861e+03
5.793300000000000000e+04 nan 8.308124655480967455e-15 nan 4.568512426191550730e+02 4.364501666666667006e+03
5.793300000000000000e+04 nan 8.284943375463228063e-15 nan 4.630826645238005312e+02 4.398755000000000109e+03
5.794200000000000000e+04 nan nan nan 3.676278979320354665e+02 3.540606666666666570e+03
5.794200000000000000e+04 nan nan nan 3.595195014410541035e+02 3.554771666666666533e+03
5.794200000000000000e+04 nan nan nan 3.649767552439707288e+02 3.550196666666666260e+03
5.794900000000000000e+04 nan 8.391413353297148877e-15 nan 3.806335879512093356e+02 3.213179999999999836e+03
5.794900000000000000e+04 nan 8.337505056409708015e-15 nan 3.722792103490616569e+02 3.083855000000000018e+03
5.794900000000000000e+04 nan 8.391107647605875407e-15 nan 3.771939782254488591e+02 3.190356666666666570e+03
5.795600000000000000e+04 nan 8.306195810325756878e-15 nan 4.587244081935830309e+02 4.428225000000000364e+03
5.795600000000000000e+04 nan 8.343517799442747021e-15 nan 4.536803800474788773e+02 4.407638333333333321e+03
5.795600000000000000e+04 nan 8.326001336556552490e-15 nan 4.537198254787813880e+02 4.422793333333333067e+03
5.796400000000000000e+04 nan 8.408358464796564116e-15 nan 1.985994651705923388e+02 2.011793333333333521e+03
5.796400000000000000e+04 nan 8.474957081317162330e-15 nan 1.451845205561678540e+02 1.469314666666666653e+03
5.796400000000000000e+04 nan 8.744619651836123211e-15 nan 4.806097163513734216e+01 5.848361666666665997e+02
5.805500000000000000e+04 nan nan nan 3.461403729874238593e+02 2.941558333333333394e+03
5.805500000000000000e+04 nan nan nan 3.544775627378814420e+02 2.950336666666667043e+03
5.805500000000000000e+04 nan nan nan 3.503620028807579274e+02 2.937796666666666624e+03
5.806200000000000000e+04 nan 7.186839369789902637e-15 nan 2.782892592315306501e+02 3.207303333333333740e+03
5.806200000000000000e+04 nan 7.130865555039130516e-15 nan 2.772544629838705532e+02 3.149925000000000182e+03
5.806200000000000000e+04 nan 7.063568107032392900e-15 nan 2.841953604441697507e+02 3.149208333333333485e+03
5.807000000000000000e+04 nan 7.318702312291655880e-15 nan 2.620338852736348940e+02 3.619246666666666442e+03
5.807000000000000000e+04 nan 7.267403656519495840e-15 nan 2.940550662749552089e+02 3.585231666666666570e+03
5.807000000000000000e+04 nan 7.266786957057996550e-15 nan 3.299157451874309572e+02 3.579978333333333467e+03
5.807900000000000000e+04 nan 7.138217932037046165e-15 nan 3.815755739154828916e+02 3.288449999999999818e+03
5.807900000000000000e+04 nan 7.131472790610834116e-15 nan 3.733074723039546257e+02 3.281826666666666824e+03
5.807900000000000000e+04 nan 7.167026015887477150e-15 nan 3.727534429474793001e+02 3.236191666666666606e+03
5.808600000000000000e+04 nan 7.613369138595595125e-15 nan 3.171682105547833999e+02 3.822804999999999836e+03
5.808600000000000000e+04 nan 7.594071518085617285e-15 nan 3.555804661957045028e+02 3.816054999999999836e+03
5.808600000000000000e+04 nan 7.568985739287171808e-15 nan 3.751503124050126416e+02 3.782684999999999945e+03
5.809400000000000000e+04 nan nan nan 3.879969406810869259e+02 3.734291666666666515e+03
5.809400000000000000e+04 nan nan nan 3.889165911543791481e+02 3.757820000000000164e+03
5.809400000000000000e+04 nan nan nan 3.876150705979144391e+02 3.723011666666666770e+03
5.811700000000000000e+04 nan 7.937623888996684773e-15 nan 4.136686126251697715e+02 3.554845000000000255e+03
5.811700000000000000e+04 nan 7.985985762854932778e-15 nan 4.134832693134931105e+02 3.552125000000000000e+03
5.811700000000000000e+04 nan 7.979122019191095525e-15 nan 4.032819036443427763e+02 3.565571666666666260e+03
5.812500000000000000e+04 nan 7.927551950462682353e-15 nan 3.456309652271785353e+02 3.516120000000000346e+03
5.812500000000000000e+04 nan 7.992960504933603477e-15 nan 3.453280800913320832e+02 3.513675000000000182e+03
5.812500000000000000e+04 nan 7.954922362045442830e-15 nan 3.443676256915967429e+02 3.501026666666666642e+03
5.813200000000000000e+04 nan 7.421824042410269471e-15 nan 3.924376097711845546e+02 3.295866666666666788e+03
5.813200000000000000e+04 nan 7.444080765677730048e-15 nan 3.980758924672628041e+02 3.318375000000000000e+03
5.813200000000000000e+04 nan 7.456751479334931938e-15 nan 3.942309919185689751e+02 3.299985000000000127e+03
5.814000000000000000e+04 nan 7.467496136704946794e-15 nan 4.118281854917501619e+02 3.502026666666666642e+03
5.814000000000000000e+04 nan 7.492773141564979238e-15 nan 4.140684768735700914e+02 3.523329999999999927e+03
5.814000000000000000e+04 nan 7.524953809889431911e-15 nan 4.112822787961125073e+02 3.514441666666666606e+03
5.814700000000000000e+04 nan 7.315291838374788228e-15 nan 3.862563576090982451e+02 3.294644999999999982e+03
5.814700000000000000e+04 nan 7.290356241799002310e-15 nan 3.844262403451490400e+02 3.293573333333333267e+03
5.814700000000000000e+04 nan 7.303754449626097675e-15 nan 3.961617492304768575e+02 3.312021666666666533e+03
5.815400000000000000e+04 nan 6.989025620151610283e-15 nan 1.130382445420640067e+02 1.603340833333333194e+03
5.815400000000000000e+04 nan 7.460047204693722301e-15 nan 9.191980801252529432e+01 1.414125833333333276e+03
5.815400000000000000e+04 nan 6.869863250361330813e-15 nan 1.455233477439330159e+02 1.921560000000000173e+03
5.816100000000000000e+04 nan 7.184931176558645937e-15 nan 3.834684673745051100e+02 3.066818333333333612e+03
5.816100000000000000e+04 nan 7.259031318562731424e-15 nan 3.832161246666384500e+02 3.078370000000000346e+03
5.816100000000000000e+04 nan 7.267509734261453908e-15 nan 3.862940293031142005e+02 3.090610000000000127e+03
5.816800000000000000e+04 nan nan nan 3.951193676520888403e+02 3.231716666666666697e+03
5.816800000000000000e+04 nan nan nan 3.949537244258970645e+02 3.236238333333333230e+03
5.816800000000000000e+04 nan nan nan 3.977296791257555810e+02 3.245476666666666915e+03
5.817500000000000000e+04 nan nan nan 3.656935174442301673e+02 2.946146666666666533e+03
5.817500000000000000e+04 nan nan nan 3.724154089955068798e+02 2.965076666666666824e+03
5.817500000000000000e+04 nan nan nan 3.666700125745454102e+02 2.957653333333333649e+03
5.818200000000000000e+04 nan 7.464765454718132148e-15 nan 2.244022411841045255e+02 3.147856666666666570e+03
5.818200000000000000e+04 nan 7.302453356655172522e-15 nan 2.158053724197704355e+02 3.075795000000000073e+03
5.818200000000000000e+04 nan 7.480707183789016214e-15 nan 2.188637057768771115e+02 3.140651666666666642e+03
5.819000000000000000e+04 nan nan nan 3.841083131930507193e+02 3.143029999999999745e+03
5.819000000000000000e+04 nan nan nan 3.836699932377507594e+02 3.084635000000000218e+03
5.819000000000000000e+04 nan nan nan 3.913199768792699160e+02 3.164898333333333085e+03
5.819800000000000000e+04 nan 7.316018356691124123e-15 nan 3.855889846998505277e+02 3.033339999999999691e+03
5.819800000000000000e+04 nan 7.349831730377569579e-15 nan 3.834078197082583870e+02 3.035519999999999982e+03
5.819800000000000000e+04 nan 7.239134764769909473e-15 nan 3.822080290634752942e+02 3.062735000000000127e+03
5.820500000000000000e+04 nan nan nan 3.538444791053995573e+02 2.885783333333333303e+03
5.820500000000000000e+04 nan nan nan 3.674881998123964877e+02 2.927493333333333339e+03
5.820500000000000000e+04 nan nan nan 3.655823099680220594e+02 2.911026666666666642e+03
5.822200000000000000e+04 nan 7.230997298674393255e-15 nan 3.469977467180715962e+02 2.851214999999999691e+03
5.822200000000000000e+04 nan 7.086321731091383566e-15 nan 3.456247813088347129e+02 2.824144999999999982e+03
5.822200000000000000e+04 nan 7.146848863893387469e-15 nan 3.480972305742880621e+02 2.837608333333333121e+03
5.822900000000000000e+04 nan 7.626402676455717910e-15 nan 3.278890925758994968e+02 2.576285000000000309e+03
5.822900000000000000e+04 nan 7.590519760906335088e-15 nan 3.216101911042625261e+02 2.580056666666666388e+03
5.822900000000000000e+04 nan 7.576730967961350885e-15 nan 3.245805304963554363e+02 2.552406666666666752e+03
5.823700000000000000e+04 nan nan nan nan nan
5.823700000000000000e+04 nan nan nan nan nan
5.823700000000000000e+04 nan nan nan nan nan
5.824400000000000000e+04 nan 6.169481113022814818e-15 nan 7.281281698317236817e+01 2.390348333333333358e+03
5.824400000000000000e+04 nan 5.977381853266932321e-15 nan 7.225663591464140723e+01 2.271078333333333376e+03
5.824400000000000000e+04 nan 6.162595016875368992e-15 nan 7.620454659655176499e+01 2.417429999999999836e+03
5.825300000000000000e+04 nan 6.979669603386496392e-15 nan 3.445861033513263010e+02 2.846925000000000182e+03
5.825300000000000000e+04 nan 7.009759748938432032e-15 nan 3.570974728394744488e+02 2.850724999999999909e+03
5.825300000000000000e+04 nan 6.908565461960298239e-15 nan 3.545725199693462173e+02 2.824889999999999873e+03
5.826000000000000000e+04 nan 7.156465287244662063e-15 nan 1.707998474687897499e+02 9.686148333333333085e+02
5.826000000000000000e+04 nan 6.921649292889112445e-15 nan 3.518401309650176501e+01 1.587573500000000024e+02
5.826000000000000000e+04 nan 7.465868026340898201e-15 nan 3.314424337641505502e+01 1.386116833333333318e+02
5.827000000000000000e+04 nan nan nan nan nan
5.827000000000000000e+04 nan nan nan nan nan
5.827000000000000000e+04 nan nan nan nan nan
5.827800000000000000e+04 nan 7.407797284529245566e-15 nan 2.701964752016939428e+02 1.872768333333333430e+03
5.827800000000000000e+04 nan 7.399287861094136634e-15 nan 2.833578110855203818e+02 1.985783333333333303e+03
5.827800000000000000e+04 nan 7.438372202969487621e-15 nan 2.904769272467967767e+02 2.020538333333333412e+03
5.828600000000000000e+04 nan nan nan 3.198085744259157650e+02 2.344545000000000073e+03
5.829500000000000000e+04 nan nan nan 2.016119586759777462e+02 2.321573333333333267e+03
5.829500000000000000e+04 nan nan nan 2.095402170527844703e+02 2.369513333333333321e+03
5.829500000000000000e+04 nan nan nan 1.964875315222417953e+02 2.300746666666666442e+03
5.830700000000000000e+04 nan 6.711254554899218594e-15 nan 3.262181772887039983e+02 2.528808333333333394e+03
5.830700000000000000e+04 nan 6.644067372219966196e-15 nan 3.251561119719247017e+02 2.513083333333333485e+03
5.830700000000000000e+04 nan 6.676410883240656171e-15 nan 3.256150615994294526e+02 2.518836666666667043e+03
5.831400000000000000e+04 nan 6.471663772741525978e-15 nan 3.159773312667813343e+02 2.450546666666666624e+03
5.831400000000000000e+04 nan 6.491188992327406165e-15 nan 3.167918220320858040e+02 2.464453333333333376e+03
5.831400000000000000e+04 nan 6.517244481002128025e-15 nan 3.234523756504460152e+02 2.465025000000000091e+03
5.832100000000000000e+04 nan nan nan nan nan
5.832100000000000000e+04 nan nan nan nan nan
5.832100000000000000e+04 nan nan nan nan nan
5.832900000000000000e+04 nan 6.733846669435596216e-15 nan 3.109592709868542215e+02 2.653926666666666733e+03
5.832900000000000000e+04 nan 6.724665973508596540e-15 nan 3.112547755073242115e+02 2.658095000000000255e+03
5.832900000000000000e+04 nan 6.728108641356652844e-15 nan 3.126588411302360555e+02 2.644771666666666533e+03
