5.750800000000000000e+04 nan 9.655590369066706858e-15 nan 5.924973095633285993e+02 6.680828333333333831e+03
5.750800000000000000e+04 nan 9.672057635156515585e-15 nan 5.955728277811864473e+02 6.707484999999999673e+03
5.750800000000000000e+04 nan 9.683406499085164264e-15 nan 5.949847686766211154e+02 6.677941666666666606e+03
5.751600000000000000e+04 nan 9.817828482363776644e-15 nan 5.924758833716568915e+02 6.747851666666666461e+03
5.751600000000000000e+04 nan 9.932184205241082632e-15 nan 5.388985255885042989e+02 5.692616666666666788e+03
5.751600000000000000e+04 nan 9.854855831424883285e-15 nan 6.005230345325599046e+02 6.748579999999999927e+03
5.752300000000000000e+04 nan 9.142148133699700062e-15 nan 2.574522173345613965e+02 2.280815000000000055e+03
5.752300000000000000e+04 nan 9.186445264244862974e-15 nan 1.894724637730306824e+02 1.540713999999999942e+03
5.752300000000000000e+04 nan 9.209345035754688788e-15 nan 1.420594180415789936e+02 1.220810666666666748e+03
5.753000000000000000e+04 nan 9.679121867956379943e-15 nan 3.691705150745302717e+02 6.127966666666666242e+03
5.753000000000000000e+04 nan 9.651486403356753852e-15 nan 3.613658897704434025e+02 6.077546666666666169e+03
5.753000000000000000e+04 nan 9.544951216388831036e-15 nan 3.674000705819158838e+02 6.067308333333333394e+03
5.754700000000000000e+04 nan 8.764615078222892922e-15 nan 5.323311330776315344e+02 5.477873333333333903e+03
5.754700000000000000e+04 nan 8.759561162312333224e-15 nan 5.348384078403329340e+02 5.506456666666666933e+03
5.754700000000000000e+04 nan 8.696375167731699492e-15 nan 5.325821612899277397e+02 5.485416666666666970e+03
5.755400000000000000e+04 nan 8.928422286464616926e-15 nan 5.455495688862269077e+01 1.233913666666666813e+03
5.755400000000000000e+04 nan 8.734977566707049480e-15 nan 9.759705631504614587e+01 1.925466666666666697e+03
5.755400000000000000e+04 nan 8.054972834891143010e-15 nan 1.112032992753505738e+02 2.231838333333333139e+03
5.756200000000000000e+04 nan 8.695912664995872725e-15 nan 4.695387404532281153e+02 5.405896666666666533e+03
5.756200000000000000e+04 nan 8.677880094664686484e-15 nan 4.618713218594662635e+02 5.441468333333333248e+03
5.756200000000000000e+04 nan 8.693393456635140641e-15 nan 4.656655274054236884e+02 5.320603333333333467e+03
5.756900000000000000e+04 nan nan nan 4.824369216911135823e+02 4.841861666666666679e+03
5.756900000000000000e+04 nan nan nan 4.795193932963616703e+02 4.782156666666666752e+03
5.756900000000000000e+04 nan nan nan 4.326638529818010284e+02 4.080816666666666606e+03
5.758300000000000000e+04 nan nan nan 4.698542601802955687e+02 5.080270000000000437e+03
5.758300000000000000e+04 nan nan nan 4.733497646987704570e+02 5.047681666666667297e+03
5.758300000000000000e+04 nan nan nan 4.659648098039806996e+02 5.014513333333333321e+03
5.759100000000000000e+04 nan nan nan 4.143923171045080380e+02 4.371246666666666897e+03
5.759100000000000000e+04 nan nan nan 4.699137665924087059e+02 4.914363333333332776e+03
5.759100000000000000e+04 nan nan nan 3.706561392337719667e+02 3.725276666666666642e+03
5.759800000000000000e+04 nan 8.824867618593951476e-15 nan 5.297142325160041310e+02 5.566668333333333067e+03
5.759800000000000000e+04 nan 8.809735339472275228e-15 nan 5.357820775621307803e+02 5.514539999999999964e+03
5.759800000000000000e+04 nan 8.907484694040760206e-15 nan 5.386682266801556125e+02 5.606395000000000437e+03
5.769100000000000000e+04 nan nan nan nan nan
5.769100000000000000e+04 nan nan nan nan nan
5.769100000000000000e+04 nan nan nan nan nan
5.769300000000000000e+04 nan 8.070836658814720539e-15 nan 1.179512503810568802e+01 5.007713333333333139e+03
5.769300000000000000e+04 nan nan nan nan nan
5.769300000000000000e+04 nan nan nan nan nan
5.770100000000000000e+04 nan 9.925839711122099057e-15 nan 5.233871569235483321e+02 5.503770000000000437e+03
5.770100000000000000e+04 nan 9.831376818729565349e-15 nan 5.189241223731115724e+02 5.518988333333332776e+03
5.770100000000000000e+04 nan 9.789308723620537023e-15 nan 5.193645549612114110e+02 5.559228333333333467e+03
5.771100000000000000e+04 nan 9.561754963940878021e-15 nan 1.233457120309642363e+02 2.035876666666666779e+03
5.771100000000000000e+04 nan nan nan nan nan
5.771100000000000000e+04 nan 9.758707852163646629e-15 nan 2.418997989344327095e+02 3.682091666666666697e+03
5.771900000000000000e+04 nan 1.033326794959697762e-14 nan 4.888144283499145217e+02 4.817024999999999636e+03
5.771900000000000000e+04 nan 1.021535727110568726e-14 nan 4.892378158401767223e+02 4.853979999999999563e+03
5.771900000000000000e+04 nan 1.023360860213399783e-14 nan 4.771622750221037563e+02 4.675990000000000691e+03
5.772600000000000000e+04 nan 1.015135576644964799e-14 nan 5.507964685612892026e+02 5.874534999999999854e+03
5.772600000000000000e+04 nan 1.023405682710664227e-14 nan 5.557181788627743799e+02 5.925529999999999745e+03
5.772600000000000000e+04 nan 1.005703683122505090e-14 nan 5.558981417347760043e+02 5.862725000000000364e+03
5.773300000000000000e+04 nan 1.062599978847875150e-14 nan 5.103894976296022037e+02 5.845108333333333576e+03
5.773300000000000000e+04 nan 1.059261439913280202e-14 nan 4.886529230810800186e+02 5.841073333333333721e+03
5.773300000000000000e+04 nan 1.068584592072819733e-14 nan 5.268757753914917430e+02 5.822246666666666897e+03
5.774100000000000000e+04 nan nan nan 4.230288897061058151e+02 5.499718333333333248e+03
5.774100000000000000e+04 nan nan nan 4.274136333293915868e+02 5.616453333333333831e+03
5.774100000000000000e+04 nan nan nan 4.332919175178906244e+02 5.670401666666666642e+03
5.774900000000000000e+04 nan 1.093224286982261102e-14 nan 5.378070768256026213e+02 5.545621666666666897e+03
5.774900000000000000e+04 nan 1.092004980493563729e-14 nan 5.441244864728389530e+02 5.642296666666666169e+03
5.774900000000000000e+04 nan 1.086519523354076194e-14 nan 5.396086511344318524e+02 5.627991666666666788e+03
5.775700000000000000e+04 nan 1.096397649207463335e-14 nan 5.447153659724110639e+02 5.722516666666666424e+03
5.775700000000000000e+04 nan 1.080779316548946518e-14 nan 5.373460694660290073e+02 5.599750000000000000e+03
5.775700000000000000e+04 nan 1.099708123721958143e-14 nan 5.486917003296679241e+02 5.704463333333333139e+03
5.776400000000000000e+04 nan 1.086730093557955671e-14 nan 5.206617102040005420e+02 5.950231666666667479e+03
5.776400000000000000e+04 nan 1.086151844817381236e-14 nan 5.277075631163362459e+02 5.933740000000000691e+03
5.776400000000000000e+04 nan 1.088194569471237267e-14 nan 5.259012438878266948e+02 5.938421666666666169e+03
5.777200000000000000e+04 nan nan nan 4.315386074583621507e+02 4.765478333333333467e+03
5.777200000000000000e+04 nan nan nan 4.263795472047560224e+02 4.724983333333333576e+03
5.777200000000000000e+04 nan nan nan 4.367334060604378578e+02 4.763208333333333030e+03
5.777900000000000000e+04 nan 1.010387379943799729e-14 nan 4.745183360582810792e+02 4.423763333333333321e+03
5.777900000000000000e+04 nan 1.010936110051530806e-14 nan 4.823138791041668583e+02 4.453234999999999673e+03
5.777900000000000000e+04 nan 1.007413338073527245e-14 nan 4.747153455554179118e+02 4.430543333333333067e+03
5.778600000000000000e+04 nan 1.060442447363651510e-14 nan 5.076316475338477403e+02 4.945038333333332957e+03
5.778600000000000000e+04 nan 1.055085374533384748e-14 nan 5.032664187957922195e+02 4.974126666666666097e+03
5.778600000000000000e+04 nan 1.050379456916817398e-14 nan 5.039254569114588094e+02 4.934616666666666788e+03
5.779400000000000000e+04 nan 1.056091573346636252e-14 nan 4.035036374697927499e+02 5.078511666666667224e+03
5.779400000000000000e+04 nan 1.058143926947091923e-14 nan 4.183894631364551060e+02 5.049543333333333067e+03
5.779400000000000000e+04 nan 1.058551724042810041e-14 nan 4.071397134517927157e+02 5.031109999999999673e+03
5.780100000000000000e+04 nan 1.049655493547409479e-14 nan 3.967376785465439752e+02 4.747975000000000364e+03
5.780100000000000000e+04 nan 1.050132315386600006e-14 nan 3.979155407737862333e+02 4.788359999999999673e+03
5.780100000000000000e+04 nan 1.059576751358119999e-14 nan 4.016065225103666876e+02 4.888906666666666752e+03
5.780900000000000000e+04 nan nan nan 4.743027232751512088e+02 4.381813333333333503e+03
5.780900000000000000e+04 nan nan nan 4.689480131415823507e+02 4.381941666666666606e+03
5.780900000000000000e+04 nan nan nan 4.683869539383005076e+02 4.378490000000000691e+03
5.781700000000000000e+04 nan 1.089097005044512299e-14 nan 5.049651318138874103e+02 5.009054999999999382e+03
5.781700000000000000e+04 nan 1.084619400456252506e-14 nan 5.075691096358016807e+02 5.018538333333332957e+03
5.781700000000000000e+04 nan 1.090978892717672946e-14 nan 5.076413422646989488e+02 4.999728333333333467e+03
5.785700000000000000e+04 nan nan nan nan nan
5.785700000000000000e+04 nan nan nan nan nan
5.785700000000000000e+04 nan 1.137548027566157500e-14 nan 1.441898660471989615e+02 2.349110000000000127e+03
5.786400000000000000e+04 nan 1.158136701877759340e-14 nan 4.879245354632496401e+02 4.810765000000000327e+03
5.786400000000000000e+04 nan 1.155260934987990924e-14 nan 4.934103855209919516e+02 4.811895000000000437e+03
5.786400000000000000e+04 nan 1.153499055877049087e-14 nan 4.986659547595768913e+02 4.804920000000000073e+03
5.787800000000000000e+04 nan 1.167691253261933473e-14 nan 6.229688870042252802e+02 8.227034999999999854e+03
5.787800000000000000e+04 nan 1.163375473381183358e-14 nan 6.103984019775562047e+02 8.199930000000000291e+03
5.787800000000000000e+04 nan 1.166630929684776011e-14 nan 6.139240178937238852e+02 8.169729999999999563e+03
5.788700000000000000e+04 nan 1.141399842075267268e-14 nan 3.013549974804577118e+02 4.669470000000000255e+03
5.788700000000000000e+04 nan 1.148677323745487488e-14 nan 3.205040370673709162e+02 4.900470000000000255e+03
5.788700000000000000e+04 nan 1.174494752161375986e-14 nan 1.750956749555852241e+02 3.078843333333333248e+03
5.789400000000000000e+04 nan 1.180218988137251642e-14 nan 6.421383331115472402e+02 7.632773333333333539e+03
5.789400000000000000e+04 nan 1.180552562312916821e-14 nan 6.420666907793319069e+02 7.699448333333333721e+03
5.789400000000000000e+04 nan 1.180249533738077792e-14 nan 6.393720245327474458e+02 7.627979999999999563e+03
5.790300000000000000e+04 nan nan nan 5.283597848883894130e+02 5.566736666666666679e+03
5.790300000000000000e+04 nan nan nan 5.437442030555250767e+02 5.820008333333333212e+03
5.790300000000000000e+04 nan nan nan 5.186219962308312006e+02 5.363715000000000146e+03
5.791000000000000000e+04 nan 1.120222655397876871e-14 nan 5.710419626650558484e+02 7.291686666666666497e+03
5.791000000000000000e+04 nan 1.125708794252961940e-14 nan 5.818966399409112000e+02 7.426136666666667224e+03
5.791000000000000000e+04 nan 1.112527065729028814e-14 nan 5.652507852478123596e+02 7.261151666666666642e+03
5.791800000000000000e+04 nan 1.125160039269007562e-14 nan 4.494653908536431004e+02 4.147593333333333248e+03
5.791800000000000000e+04 nan 1.137600976566465878e-14 nan 5.279257021722226000e+02 5.285795000000000073e+03
5.791800000000000000e+04 nan 1.142672757583619241e-14 nan 3.827999343019745879e+02 3.154166666666666515e+03
5.792500000000000000e+04 nan nan nan 6.271768838950570171e+02 7.319079999999999927e+03
5.792500000000000000e+04 nan nan nan 6.245068011793835012e+02 7.251704999999999927e+03
5.792500000000000000e+04 nan nan nan 6.248231797987780283e+02 7.296454999999999927e+03
5.793300000000000000e+04 nan 1.120574798547799752e-14 nan 5.816441822046164134e+02 6.461331666666666933e+03
5.793300000000000000e+04 nan 1.120905785086000782e-14 nan 5.791201106658944582e+02 6.418583333333333030e+03
5.793300000000000000e+04 nan 1.121272591941285262e-14 nan 5.803217163525853266e+02 6.493383333333333212e+03
5.794200000000000000e+04 nan nan nan 4.378509256052736873e+02 5.289515000000000327e+03
5.794200000000000000e+04 nan nan nan 4.287051656087319316e+02 5.279371666666666897e+03
5.794200000000000000e+04 nan nan nan 4.383370821151904124e+02 5.282095000000000255e+03
5.794900000000000000e+04 nan 1.122369332038905925e-14 nan 4.772201936606535355e+02 4.482621666666666897e+03
5.794900000000000000e+04 nan 1.119582767565493595e-14 nan 4.839605848287936283e+02 4.631898333333333539e+03
5.794900000000000000e+04 nan 1.109458637557739900e-14 nan 4.832854361956112825e+02 4.618413333333332957e+03
5.795600000000000000e+04 nan 1.131845741378970454e-14 nan 5.911878938483445154e+02 6.569396666666666533e+03
5.795600000000000000e+04 nan 1.124236935244691145e-14 nan 5.880835169547085570e+02 6.530043333333333067e+03
5.795600000000000000e+04 nan 1.119457652297171831e-14 nan 5.841201826413650906e+02 6.551263333333333321e+03
5.796400000000000000e+04 nan 1.179717441429325868e-14 nan 2.510699979421367232e+02 2.917953333333333376e+03
5.796400000000000000e+04 nan 1.228963148032773444e-14 nan 1.696232886967384275e+02 2.097518333333333430e+03
5.796400000000000000e+04 nan 1.833840890225699725e-14 nan 6.103986015542937338e+01 8.000625000000000000e+02
5.805500000000000000e+04 nan nan nan 4.835214881568180658e+02 4.851941666666666606e+03
5.805500000000000000e+04 nan nan nan 4.788444719915519840e+02 4.815570000000000618e+03
5.805500000000000000e+04 nan nan nan 4.815662208311564996e+02 4.776596666666666351e+03
5.806200000000000000e+04 nan 1.003723552376448190e-14 nan 2.936739519312217794e+02 4.784884999999999309e+03
5.806200000000000000e+04 nan 1.015163578775652237e-14 nan 3.157092727062122322e+02 4.913568333333332703e+03
5.806200000000000000e+04 nan 1.010064215436909389e-14 nan 2.892726048029610979e+02 4.823815000000000509e+03
5.807000000000000000e+04 nan 9.524391543009546809e-15 nan 3.487851096437057095e+02 5.103871666666666897e+03
5.807000000000000000e+04 nan 9.508759715119157804e-15 nan 4.456010780583990254e+02 5.093196666666666715e+03
5.807000000000000000e+04 nan 9.583636984857450678e-15 nan 4.119263651419551593e+02 5.141963333333333139e+03
5.807900000000000000e+04 nan 1.012326908497743491e-14 nan 4.704818648129377152e+02 4.486718333333333248e+03
5.807900000000000000e+04 nan 1.014687562886667245e-14 nan 4.601437487741417840e+02 4.386460000000000036e+03
5.807900000000000000e+04 nan 1.012973086028005003e-14 nan 4.637821614579162883e+02 4.457179999999999382e+03
5.808600000000000000e+04 nan 1.019480873301400473e-14 nan 4.295639418222344830e+02 5.550833333333333030e+03
5.808600000000000000e+04 nan 1.028824534482118805e-14 nan 4.960175331159637722e+02 5.555761666666667224e+03
5.808600000000000000e+04 nan 1.030688498109566769e-14 nan 4.647478167901471124e+02 5.584229999999999563e+03
5.809400000000000000e+04 nan nan nan 4.887285734164256610e+02 5.922986666666666679e+03
5.809400000000000000e+04 nan nan nan 4.764928141922785585e+02 5.915744999999999891e+03
5.809400000000000000e+04 nan nan nan 4.827770699549244000e+02 5.963274999999999636e+03
5.811700000000000000e+04 nan 1.079934459293792631e-14 nan 5.468193096541209570e+02 5.716421666666666169e+03
5.811700000000000000e+04 nan 1.081167603157304990e-14 nan 5.396718629231884279e+02 5.697156666666666752e+03
5.811700000000000000e+04 nan 1.085254176512439697e-14 nan 5.479335910222553139e+02 5.658786666666666861e+03
5.812500000000000000e+04 nan 1.079133735187024211e-14 nan 4.523984200612644031e+02 5.741801666666666279e+03
5.812500000000000000e+04 nan 1.071664940401844603e-14 nan 4.565891352155653635e+02 5.745365000000000691e+03
5.812500000000000000e+04 nan 1.067866017592095312e-14 nan 4.581456681880408155e+02 5.714108333333333576e+03
5.813200000000000000e+04 nan 1.026957931248922066e-14 nan 5.070322193005382587e+02 5.118796666666666169e+03
5.813200000000000000e+04 nan 1.027384075792981400e-14 nan 4.992513902438719242e+02 5.095858333333333576e+03
5.813200000000000000e+04 nan 1.036088244793437245e-14 nan 5.149004647167156463e+02 5.119091666666666242e+03
5.814000000000000000e+04 nan 9.830196481189924211e-15 nan 5.243428801981013976e+02 5.325869999999999891e+03
5.814000000000000000e+04 nan 9.913209865414067603e-15 nan 5.280062128197063203e+02 5.320578333333333831e+03
5.814000000000000000e+04 nan 9.872970537640232918e-15 nan 5.273877592980662712e+02 5.333368333333332885e+03
5.814700000000000000e+04 nan 1.007572332401115236e-14 nan 5.050547891607913016e+02 5.181301666666666279e+03
5.814700000000000000e+04 nan 9.988320849082674288e-15 nan 5.071986227673594954e+02 5.162758333333333212e+03
5.814700000000000000e+04 nan 1.004112728528816500e-14 nan 5.070673856653492635e+02 5.186803333333333285e+03
5.815400000000000000e+04 nan 9.038613488975891821e-15 nan 9.182752229033931712e+01 2.124119999999999891e+03
5.815400000000000000e+04 nan 8.714350886693808935e-15 nan 1.212601464163421809e+02 2.480239999999999782e+03
5.815400000000000000e+04 nan 8.843271564637755406e-15 nan 1.530356922287284931e+02 3.051241666666666788e+03
5.816100000000000000e+04 nan 9.588476699836218041e-15 nan 4.997452562235698679e+02 4.865048333333334085e+03
5.816100000000000000e+04 nan 9.522017138564645280e-15 nan 5.030227689104233946e+02 4.880423333333334085e+03
5.816100000000000000e+04 nan 9.565373683286771993e-15 nan 5.022080502025177111e+02 4.861710000000000036e+03
5.816800000000000000e+04 nan nan nan 5.092782802538985152e+02 5.000991666666666788e+03
5.816800000000000000e+04 nan nan nan 5.102779317392692633e+02 4.996071666666666715e+03
5.816800000000000000e+04 nan nan nan 5.075845709318371632e+02 4.958074999999999818e+03
5.817500000000000000e+04 nan nan nan 4.792949368830691697e+02 4.616908333333333758e+03
5.817500000000000000e+04 nan nan nan 4.849806336190501383e+02 4.623609999999999673e+03
5.817500000000000000e+04 nan nan nan 4.851120465509543465e+02 4.616201666666665915e+03
5.818200000000000000e+04 nan 1.003055838931558717e-14 nan 2.304540421965629946e+02 4.582255000000000109e+03
5.818200000000000000e+04 nan 9.915526262764191786e-15 nan 2.413471577772759815e+02 4.575554999999999382e+03
5.818200000000000000e+04 nan 9.774737715728997771e-15 nan 2.305448779059265405e+02 4.489558333333333394e+03
5.819000000000000000e+04 nan nan nan 5.012908534800527036e+02 4.904895000000000437e+03
5.819000000000000000e+04 nan nan nan 4.947263673067541845e+02 4.785943333333332703e+03
5.819000000000000000e+04 nan nan nan 4.971447331118893089e+02 4.860998333333333903e+03
5.819800000000000000e+04 nan 9.867478535299008480e-15 nan 4.958804755923295602e+02 4.799039999999999964e+03
5.819800000000000000e+04 nan 9.817537348430415547e-15 nan 5.005540026325577401e+02 4.857843333333333248e+03
5.819800000000000000e+04 nan 9.799917242488418144e-15 nan 4.963668445767191315e+02 4.801418333333333067e+03
5.820500000000000000e+04 nan nan nan 4.674971888464302197e+02 4.469265000000000327e+03
5.820500000000000000e+04 nan nan nan 4.727697257178103314e+02 4.462903333333333649e+03
5.820500000000000000e+04 nan nan nan 4.690294587470298211e+02 4.476846666666666351e+03
5.822200000000000000e+04 nan 9.802522017870121520e-15 nan 4.400598700955530944e+02 4.035788333333332957e+03
5.822200000000000000e+04 nan 9.588289912310296175e-15 nan 4.331095649302344555e+02 3.974695000000000164e+03
5.822200000000000000e+04 nan 9.686911291607403518e-15 nan 4.348676898980589272e+02 4.005699999999999818e+03
5.822900000000000000e+04 nan 9.757754703772760005e-15 nan 3.998245481248669648e+02 3.505168333333333521e+03
5.822900000000000000e+04 nan 9.763881704317837362e-15 nan 3.947524601020626847e+02 3.461568333333333612e+03
5.822900000000000000e+04 nan 9.729258369352844692e-15 nan 3.916492385887067940e+02 3.462394999999999982e+03
5.823700000000000000e+04 nan nan nan nan nan
5.823700000000000000e+04 nan nan nan nan nan
5.823700000000000000e+04 nan nan nan nan nan
5.824400000000000000e+04 nan 3.797503743295241444e-14 nan 1.920364073275626993e+01 3.235826666666666824e+03
5.824400000000000000e+04 nan -5.837351666051333264e-13 nan 1.822613405808961318e+01 3.155891666666666879e+03
5.824400000000000000e+04 nan -1.037107565087741844e-13 nan 1.994069761727753942e+01 3.317121666666666442e+03
5.825300000000000000e+04 nan 9.541474806131191762e-15 nan 4.529453789893920543e+02 4.195654999999999745e+03
5.825300000000000000e+04 nan 9.628883360143058122e-15 nan 4.581545775848834410e+02 4.215340000000000146e+03
5.825300000000000000e+04 nan 9.644282837518880281e-15 nan 4.504498453468603998e+02 4.210453333333333831e+03
5.826000000000000000e+04 nan 9.631990310310108019e-15 nan 4.417679755589794155e+01 2.028048333333333346e+02
5.826000000000000000e+04 nan 9.365993031542288558e-15 nan 5.257783029437162980e+01 2.336475000000000080e+02
5.826000000000000000e+04 nan 9.335246908042164131e-15 nan 2.267786999914738146e+02 1.398826166666666722e+03
5.827000000000000000e+04 nan nan nan nan nan
5.827000000000000000e+04 nan nan nan nan nan
5.827000000000000000e+04 nan nan nan nan nan
5.827800000000000000e+04 nan 9.948043809085165830e-15 nan 3.544110060235931314e+02 2.859956666666666479e+03
5.827800000000000000e+04 nan 9.994633573931552402e-15 nan 3.431796871868607468e+02 2.709353333333333467e+03
5.827800000000000000e+04 nan 9.963865614602541831e-15 nan 3.677835363025646984e+02 2.903408333333333303e+03
5.828600000000000000e+04 nan nan nan 3.767390581328149324e+02 3.001004999999999654e+03
5.829500000000000000e+04 nan nan nan 1.979132318377278921e+02 3.087948333333333267e+03
5.829500000000000000e+04 nan nan nan 2.025438548285110301e+02 3.152346666666666351e+03
5.829500000000000000e+04 nan nan nan 1.897504629866330959e+02 3.138023333333333085e+03
5.830700000000000000e+04 nan 8.904015455618731125e-15 nan 4.136548758752210233e+02 3.577361666666666679e+03
5.830700000000000000e+04 nan 8.893566690527787860e-15 nan 4.158253001516256973e+02 3.566829999999999927e+03
5.830700000000000000e+04 nan 8.914063066019403708e-15 nan 4.167381829811959619e+02 3.572268333333333430e+03
5.831400000000000000e+04 nan 8.454189006843885455e-15 nan 3.940767442966911176e+02 3.320839999999999691e+03
5.831400000000000000e+04 nan 8.427825584293023970e-15 nan 3.919319668549114795e+02 3.300835000000000036e+03
5.831400000000000000e+04 nan 8.379199550502996884e-15 nan 3.898914133631303116e+02 3.295826666666666824e+03
5.832100000000000000e+04 nan nan nan nan nan
5.832100000000000000e+04 nan nan nan nan nan
5.832100000000000000e+04 nan nan nan nan nan
5.832900000000000000e+04 nan 9.053041316426685554e-15 nan 3.972651371604429755e+02 3.772013333333333321e+03
5.832900000000000000e+04 nan 9.016121771104122796e-15 nan 3.944025151393305464e+02 3.765510000000000218e+03
5.832900000000000000e+04 nan 9.057499034475309219e-15 nan 4.008031938959961167e+02 3.779936666666666952e+03
