5.750800000000000000e+04 1.306255465872227013e-14 7.690050550638710987e-15 nan 1.297985241612071832e+02 6.797731111111111204e+02
5.750800000000000000e+04 1.265253938729949444e-14 7.495762923137357024e-15 nan 1.241977463193912428e+02 6.419235555555555948e+02
5.750800000000000000e+04 1.293413656281540336e-14 7.613016256131552224e-15 nan 1.229144182598930826e+02 6.490011111111110722e+02
5.752000000000000000e+04 nan nan nan nan nan
5.752000000000000000e+04 nan nan nan nan nan
5.752000000000000000e+04 nan nan nan nan nan
5.753000000000000000e+04 1.271878449149779397e-14 6.895027447758005252e-15 nan 1.073895632217159886e+02 6.756815555555555193e+02
5.753000000000000000e+04 1.296493778485441020e-14 6.973137316419227068e-15 nan 1.167486119549309365e+02 6.959828888888888514e+02
5.753000000000000000e+04 1.315152661715145242e-14 7.129297068581043386e-15 nan 1.167018777610303459e+02 7.244846666666667261e+02
5.754700000000000000e+04 1.260856631934553295e-14 7.446412242470259384e-15 nan 1.230333752872136870e+02 6.606435555555555084e+02
5.754700000000000000e+04 1.267826443499020731e-14 7.461525326699062455e-15 nan 1.250375571488823994e+02 6.651086666666666360e+02
5.754700000000000000e+04 1.286500613888652232e-14 7.594313075977874717e-15 nan 1.271498896490705164e+02 6.696862222222222272e+02
5.755800000000000000e+04 1.226956612823197517e-14 6.843993598308000988e-15 nan 1.212289812869826875e+02 6.790275555555556366e+02
5.755800000000000000e+04 1.232796312325047324e-14 6.859741140258538421e-15 nan 1.193874920661093455e+02 6.802019999999999982e+02
5.755800000000000000e+04 1.254046613100611392e-14 6.993582342533193995e-15 nan 1.204116361299916491e+02 6.924477777777777874e+02
5.756800000000000000e+04 1.281777032084592391e-14 7.384617399907999247e-15 nan 1.256769795526122664e+02 6.455364444444444416e+02
5.756800000000000000e+04 1.297658662183450030e-14 7.457136724769278024e-15 nan 1.233459864750760175e+02 6.550788888888888550e+02
5.756800000000000000e+04 1.291923041537001109e-14 7.477655802628468043e-15 nan 1.223552913376942541e+02 6.608268888888889023e+02
5.758300000000000000e+04 1.333602472909060356e-14 8.016528372812073396e-15 nan 9.694724771530754026e+01 4.906706666666666479e+02
5.758300000000000000e+04 1.275585300233853501e-14 7.735314676845311919e-15 nan 9.440297666937915722e+01 5.682306666666667070e+02
5.758300000000000000e+04 1.306560063207742716e-14 7.837460925821073239e-15 nan 1.023687614200566856e+02 5.935257777777777619e+02
5.759900000000000000e+04 1.209101613556273679e-14 7.035199230927728579e-15 nan 1.183838372178750546e+02 6.424433333333333849e+02
5.759900000000000000e+04 1.197992075728388237e-14 7.022508159035327373e-15 nan 1.231788848988434495e+02 6.437657777777777710e+02
5.759900000000000000e+04 1.237169445124589976e-14 7.189289283393784383e-15 nan 1.368769056405828906e+02 6.625499999999999545e+02
5.761000000000000000e+04 1.281279535522469944e-14 7.873288712013513842e-15 nan 1.051111779632417011e+02 5.900640000000000782e+02
5.761000000000000000e+04 1.275535537089442539e-14 7.849732867537411465e-15 nan 1.014133869291494534e+02 5.778686666666666270e+02
5.761100000000000000e+04 1.272126862936582563e-14 7.293221324872311394e-15 nan 1.218449378340601186e+02 6.450095555555556075e+02
5.761200000000000000e+04 1.321315836886556025e-14 7.531653790794282875e-15 nan 1.231218218276360545e+02 6.721335555555555175e+02
5.761200000000000000e+04 1.299939557536700864e-14 7.422739329291526108e-15 nan 1.161955635985650588e+02 6.492468888888888614e+02
5.762000000000000000e+04 1.274371318528465333e-14 7.603319061690925750e-15 nan 1.114153926265244507e+02 5.971915555555555102e+02
5.762000000000000000e+04 1.307866426132076637e-14 7.673265650086535811e-15 nan 1.075093441829122582e+02 6.134146666666666761e+02
5.762000000000000000e+04 1.237844185391911432e-14 7.334499140343698532e-15 nan 1.056137376842228122e+02 5.924157777777777483e+02
5.763300000000000000e+04 1.322505438069232149e-14 7.515635373068488302e-15 nan 1.190613567326492159e+02 6.702351111111111095e+02
5.763300000000000000e+04 1.310325953725997599e-14 7.462039055356784663e-15 nan 1.213060353172407275e+02 6.558804444444443789e+02
5.763300000000000000e+04 1.314429049282123043e-14 7.435390644525430938e-15 nan 1.184955370635922094e+02 6.520491111111110740e+02
5.772400000000000000e+04 1.343903851853232609e-14 8.080246177854539927e-15 nan 1.176800405627503778e+02 5.892851111111111777e+02
5.772400000000000000e+04 1.353250628977792634e-14 8.163659829024062942e-15 nan 1.115295250354307797e+02 5.859628888888889833e+02
5.772400000000000000e+04 1.370694460080464462e-14 8.235550152102954330e-15 nan 1.093370133851315842e+02 5.815457777777778574e+02
5.773600000000000000e+04 1.262801468892190937e-14 7.540127709996249097e-15 nan 8.269708852214792216e+01 4.947006666666666206e+02
5.773600000000000000e+04 1.275508900320596990e-14 7.565986510871012428e-15 nan 8.474573985520572705e+01 4.985084444444444784e+02
5.773600000000000000e+04 1.266062277881835234e-14 7.534437582668370780e-15 nan 8.121488338770110715e+01 4.911473333333333358e+02
5.774600000000000000e+04 1.257052527754078177e-14 7.098961934165357683e-15 nan 1.103882004650859017e+02 5.463493333333333339e+02
5.774600000000000000e+04 1.251975406666326985e-14 7.022181408956218488e-15 nan 1.130679439239946333e+02 5.398808888888888760e+02
5.774600000000000000e+04 1.243166251858509206e-14 7.036456526196984199e-15 nan 1.107272936989865713e+02 5.346704444444444562e+02
5.775700000000000000e+04 1.235283097321084121e-14 7.831811094440312213e-15 nan 8.728173323597425792e+01 4.898668888888888659e+02
5.775700000000000000e+04 1.290693014078447567e-14 7.986570047753568608e-15 nan 9.615560262124616031e+01 5.031240000000000236e+02
5.775700000000000000e+04 1.269923821761008314e-14 7.964380555988165976e-15 nan 9.508265148425029167e+01 5.026753333333332989e+02
5.776900000000000000e+04 1.288183064181209673e-14 7.767346150062922099e-15 nan 8.411350441478458606e+01 4.387582222222221731e+02
5.776900000000000000e+04 1.312449546399601298e-14 7.899933334232753839e-15 nan 9.442592765101953489e+01 4.573375555555555252e+02
5.776900000000000000e+04 1.274371058140479605e-14 7.751082089095504056e-15 nan 8.711657936517750045e+01 4.426522222222221785e+02
5.777900000000000000e+04 1.251725192632929853e-14 6.890551282728414758e-15 nan 9.852494811864194446e+01 4.360808888888888646e+02
5.777900000000000000e+04 1.257563305409236172e-14 6.890883817241884089e-15 nan 9.449160700186052964e+01 4.421748888888888587e+02
5.777900000000000000e+04 1.248602067310010422e-14 6.884642760764982956e-15 nan 9.806144531215221605e+01 4.398815555555555079e+02
5.779100000000000000e+04 1.336166991162568934e-14 8.109164834055422025e-15 nan 1.068688116652269287e+02 5.378388888888888459e+02
5.779100000000000000e+04 1.308896674853370712e-14 7.966316192551219100e-15 nan 1.071926412679758442e+02 5.285962222222223090e+02
5.779100000000000000e+04 1.336343969960436114e-14 8.118025497817452143e-15 nan 1.095527586785957510e+02 5.428964444444444553e+02
5.780100000000000000e+04 1.259344307952469397e-14 7.707340368480553175e-15 nan 8.766746293145924085e+01 4.497862222222222499e+02
5.780100000000000000e+04 1.246852581464254252e-14 7.573606996048005821e-15 nan 8.085487753231200259e+01 4.446408888888888669e+02
5.780100000000000000e+04 1.231451968672755769e-14 7.527349782353802747e-15 nan 9.205443553538019330e+01 4.437033333333333758e+02
5.781400000000000000e+04 1.235309218556683613e-14 6.977397914224248898e-15 nan 9.376903502408070779e+01 4.341379999999999768e+02
5.781400000000000000e+04 1.222529865879500345e-14 6.892408279423186313e-15 nan 8.832972626681035422e+01 4.285775555555555911e+02
5.781400000000000000e+04 1.185455120167699907e-14 6.887564417466973388e-15 nan 9.013603673601730293e+01 4.251937777777778251e+02
5.782400000000000000e+04 1.293638349134804570e-14 7.396706675902333074e-15 nan 8.692395093577434295e+01 4.353779999999999859e+02
5.782400000000000000e+04 1.325584549184598526e-14 7.677225056826461109e-15 nan 8.326095061021186439e+01 4.492586666666666702e+02
5.782400000000000000e+04 1.298379016203801374e-14 7.512686178816871250e-15 nan 8.101372209128622615e+01 4.354142222222222358e+02
5.785700000000000000e+04 1.339079116529970462e-14 7.897330693253807431e-15 nan 7.728830228251132439e+01 4.437888888888888914e+02
5.785700000000000000e+04 nan nan nan nan nan
5.785700000000000000e+04 1.351707337799609643e-14 8.004123990356085164e-15 nan 7.598606347025265961e+01 4.143891111111110490e+02
5.785700000000000000e+04 nan nan nan nan nan
5.785700000000000000e+04 1.363019965291981220e-14 7.977448891770102593e-15 nan 7.069363785770160291e+01 3.988693333333333157e+02
5.786700000000000000e+04 1.329333882265356656e-14 7.896148923817262152e-15 nan 9.393201831738126373e+01 4.563313333333333048e+02
5.786700000000000000e+04 1.383083711598312052e-14 7.729129477054315602e-15 nan 8.957564468040432359e+01 4.272997777777778197e+02
5.786700000000000000e+04 1.344638160935740051e-14 7.964886798414001976e-15 nan 9.568223847469430154e+01 4.592562222222222204e+02
5.787700000000000000e+04 1.235885214801308702e-14 6.798965111931141958e-15 nan 1.188233661164405248e+02 7.021191111111111240e+02
5.787700000000000000e+04 1.270976021892711843e-14 6.938122287202332017e-15 nan 1.240625505406201086e+02 7.273244444444444525e+02
5.787700000000000000e+04 1.258013851340580324e-14 6.773138308015448182e-15 nan 1.194991310737130874e+02 7.134317777777778247e+02
5.788800000000000000e+04 1.282631998327978756e-14 7.303377512810303187e-15 nan 1.203606185568550870e+02 6.634275555555556139e+02
5.788800000000000000e+04 1.293077852960112049e-14 7.381252588032949410e-15 nan 1.112964130605040367e+02 6.556782222222221890e+02
5.788800000000000000e+04 1.251052016129358001e-14 7.111444230208284002e-15 nan 1.123190118827301376e+02 6.488382222222222708e+02
5.790100000000000000e+04 1.267646819409865404e-14 6.838004029988860048e-15 nan 1.212974992006319184e+02 6.321791111111111832e+02
5.790100000000000000e+04 1.266324654582675764e-14 6.848930757316228646e-15 nan 1.191477117302455753e+02 6.319097777777777765e+02
5.790100000000000000e+04 1.266905320249952437e-14 6.825241793411879543e-15 nan 1.168708401949527342e+02 6.208160000000000309e+02
5.791100000000000000e+04 1.331792854956241344e-14 8.074648439582935408e-15 nan 1.093666739217028550e+02 6.621459999999999582e+02
5.791100000000000000e+04 1.310808433877974401e-14 7.905142208139545806e-15 nan 1.061297019606762433e+02 6.471173333333333630e+02
5.791100000000000000e+04 1.327851762831422307e-14 8.029664521911165799e-15 nan 1.126165530999966364e+02 6.655453333333333603e+02
5.792200000000000000e+04 1.291546275393709881e-14 7.213716734012651236e-15 nan 1.224088801618452464e+02 6.477504444444444971e+02
5.792200000000000000e+04 1.300658195984501217e-14 7.228640549183225799e-15 nan 1.231193381021905253e+02 6.543751111111110959e+02
5.792200000000000000e+04 1.280177788655490077e-14 7.117084027627753398e-15 nan 1.205889883447835160e+02 6.308035555555555902e+02
5.793300000000000000e+04 1.310353024206211801e-14 7.117976910969508782e-15 nan 1.152968289754210502e+02 5.944977777777778556e+02
5.793300000000000000e+04 1.328025752057831296e-14 7.161250851282784076e-15 nan 1.221325785948790639e+02 6.122062222222222090e+02
5.793300000000000000e+04 1.284938722899058309e-14 7.075721902673769274e-15 nan 1.219054882505220974e+02 6.204080000000000155e+02
5.808900000000000000e+04 1.487717712127942098e-14 8.869377181068377481e-15 nan 5.580552383649887815e+01 3.677104444444444766e+02
5.808900000000000000e+04 1.503400974946375362e-14 8.778831163216981570e-15 nan 9.887679656589357080e+01 5.956095555555555165e+02
5.808900000000000000e+04 nan nan nan nan nan
5.811000000000000000e+04 1.524635012289453785e-14 8.865934121904254344e-15 nan 1.240633769072306762e+02 6.545182222222222208e+02
5.811000000000000000e+04 1.524340004540760990e-14 8.842034818923308746e-15 nan 1.267538464973615078e+02 6.552993333333333794e+02
5.811000000000000000e+04 1.493806020436642357e-14 8.675725176212475611e-15 nan 1.198724282426718020e+02 6.445115555555555602e+02
5.812100000000000000e+04 1.401981741826303357e-14 8.517568007323351207e-15 nan 1.103539218011312926e+02 5.858171111111111031e+02
5.812100000000000000e+04 1.396956266404426036e-14 8.317708963001448713e-15 nan 1.157631429762133735e+02 5.852811111111111586e+02
5.812100000000000000e+04 1.394512480742025643e-14 8.321376330247230002e-15 nan 1.093431646076697632e+02 5.896273333333333539e+02
5.813300000000000000e+04 1.477164796361802505e-14 8.650299920423769157e-15 nan 1.230138917054936769e+02 6.451595555555555848e+02
5.813300000000000000e+04 1.481250519674302273e-14 8.587638075005551610e-15 nan 1.223814674987981448e+02 6.417751111111111868e+02
5.813300000000000000e+04 1.516407168265656561e-14 8.798188022183553428e-15 nan 1.283039634963419360e+02 6.588477777777777646e+02
5.814300000000000000e+04 1.392171086486237159e-14 7.770568432792422310e-15 nan 1.169989402997966721e+02 6.155455555555555520e+02
5.814300000000000000e+04 1.409494765989216629e-14 7.867774492355909851e-15 nan 1.175839175105889325e+02 6.220871111111110849e+02
5.814300000000000000e+04 1.348928140775397998e-14 7.584301110102095559e-15 nan 1.157082443513763508e+02 5.960386666666666997e+02
5.815300000000000000e+04 1.396780263295399282e-14 8.364513079747113429e-15 nan 9.258434929190526930e+01 5.446548888888888769e+02
5.815300000000000000e+04 nan nan nan nan nan
5.815600000000000000e+04 1.465434125395741419e-14 8.524351653303251167e-15 nan 1.012623503827612979e+02 5.358404444444444152e+02
5.815600000000000000e+04 1.478135380591381921e-14 8.581492206575352206e-15 nan 1.016096461265729971e+02 5.415713333333333139e+02
5.815600000000000000e+04 1.476553283181106156e-14 8.577072613739329947e-15 nan 1.013198252083525261e+02 5.425617777777777064e+02
5.816400000000000000e+04 1.361810623892050835e-14 7.756929709838874036e-15 nan 1.096620042364270660e+02 5.549373333333332994e+02
5.816400000000000000e+04 1.379422850578579893e-14 7.822706859331355419e-15 nan 1.134996117334433734e+02 5.604211111111111450e+02
5.816400000000000000e+04 1.401347427229572341e-14 7.885384139495683982e-15 nan 1.149513502826185487e+02 5.628253333333333330e+02
5.817600000000000000e+04 1.346786445860148321e-14 7.629110335072963097e-15 nan 1.133854066189444438e+02 5.448437777777778592e+02
5.817600000000000000e+04 1.352459110202467357e-14 7.735937806743253657e-15 nan 1.144014062532665008e+02 5.563435555555555538e+02
5.817600000000000000e+04 1.363323560248447387e-14 7.782118878361663432e-15 nan 1.051360254966451890e+02 5.540357777777777528e+02
5.818600000000000000e+04 1.401564144232992793e-14 7.840912510203015902e-15 nan 1.117574083414058066e+02 5.819288888888888778e+02
5.818600000000000000e+04 1.363237423561530866e-14 7.968507476936348476e-15 nan 1.050630239628353308e+02 5.605988888888889505e+02
5.818600000000000000e+04 1.380901852759459426e-14 7.813809826055480004e-15 nan 1.093217701405985309e+02 5.800382222222222026e+02
5.818600000000000000e+04 1.377193033570755584e-14 7.700080969092703564e-15 nan 1.101026141309119737e+02 5.701948888888889542e+02
5.819700000000000000e+04 1.410856379606636792e-14 8.384850617927981545e-15 nan 1.107867433577432195e+02 5.603006666666666433e+02
5.819700000000000000e+04 1.412369598145532793e-14 8.467446140863576947e-15 nan 1.126767085212169519e+02 5.715006666666666888e+02
5.819700000000000000e+04 1.402498161587963185e-14 8.312657051001117545e-15 nan 1.118606446116899775e+02 5.651273333333333539e+02
5.820800000000000000e+04 1.295669110406047703e-14 7.886059777645312752e-15 nan 5.400526825207906967e+01 4.715597777777777537e+02
5.820800000000000000e+04 1.294229888939685815e-14 7.873912969340900052e-15 nan 5.426541784331912766e+01 4.692637777777777615e+02
5.820900000000000000e+04 1.297596850123738550e-14 7.546677867185718389e-15 nan 6.276971167565484677e+01 4.938897777777777947e+02
5.820900000000000000e+04 1.281652196264652489e-14 7.257389546989686533e-15 nan 5.206917002271997319e+01 4.548786666666666747e+02
5.820900000000000000e+04 1.256885660441892062e-14 7.243692429826283687e-15 nan 5.655000391644964708e+01 4.574393333333333658e+02
5.821800000000000000e+04 1.446841969962114263e-14 7.995309622090513956e-15 nan 3.023192978439844936e+01 1.196831555555555582e+02
5.821800000000000000e+04 1.412818172028497722e-14 7.843825578814661061e-15 nan 5.215572683224714012e+01 2.246057777777777744e+02
5.821800000000000000e+04 1.434223352119568959e-14 7.849156554400265891e-15 nan 4.976695283278803572e+01 2.016251777777777647e+02
5.822200000000000000e+04 1.427242711870027632e-14 8.442561818098068324e-15 nan 1.058899004152725780e+02 5.230948888888889314e+02
5.822200000000000000e+04 1.419846019933798156e-14 8.425501446282070823e-15 nan 1.039444120875364206e+02 5.177977777777778101e+02
5.822200000000000000e+04 1.449147966134173744e-14 8.632470077599924238e-15 nan 1.013938815708442718e+02 4.963946666666666374e+02
5.823300000000000000e+04 1.393780753894267121e-14 8.550500318690573278e-15 nan 1.037567472018780848e+02 4.885482222222221935e+02
5.823300000000000000e+04 1.385566211744160617e-14 8.466530558591999087e-15 nan 1.095106725386757489e+02 5.071762222222222363e+02
5.823300000000000000e+04 1.315289315427308682e-14 8.098427191682484755e-15 nan 7.410259602127216283e+01 3.579780000000000086e+02
5.824300000000000000e+04 1.412999277442550669e-14 8.494646319530854917e-15 nan 1.093021061708379733e+02 5.575146666666666988e+02
5.824300000000000000e+04 1.377024453018331182e-14 8.270701456998001465e-15 nan 1.129109621562831194e+02 5.423582222222222526e+02
5.824300000000000000e+04 1.386474815163866670e-14 8.340154261724635782e-15 nan 1.074283489328180679e+02 5.461528888888889242e+02
5.825400000000000000e+04 1.406565581299567861e-14 8.124807928172318105e-15 nan 1.020878345679148538e+02 5.364188888888888869e+02
5.825400000000000000e+04 1.405760972032978184e-14 8.134248111049440139e-15 nan 1.032832980429415528e+02 5.371386666666667224e+02
5.825400000000000000e+04 1.448676101793742472e-14 8.336250792728717575e-15 nan 1.100813283883190792e+02 5.094044444444444366e+02
5.826400000000000000e+04 1.390415753798851391e-14 8.351223807057991523e-15 nan 5.786635118071142614e+01 3.013637777777777842e+02
5.826400000000000000e+04 1.430901400348544173e-14 8.610184584569089247e-15 nan 7.415005818932840498e+01 4.314217777777777769e+02
5.826400000000000000e+04 1.354056790570812674e-14 8.161813436226730145e-15 nan 5.095047978517865772e+01 3.263182222222222322e+02
5.827400000000000000e+04 1.385799183854036816e-14 7.788101808732420578e-15 nan 1.030727113575722171e+02 5.396731111111110977e+02
5.827400000000000000e+04 1.354986939575802624e-14 7.577968709677167144e-15 nan 1.032839769755157420e+02 5.174113333333333458e+02
5.827400000000000000e+04 1.381861937921465960e-14 7.798923887418228863e-15 nan 1.073707479421466786e+02 5.441755555555555475e+02
5.828400000000000000e+04 1.425571618546447927e-14 8.079064005424718812e-15 nan 9.711334867948762906e+01 4.884868888888888705e+02
5.828400000000000000e+04 1.435754400258707748e-14 8.133523247727270320e-15 nan 9.652437490433622713e+01 4.993246666666667011e+02
5.828400000000000000e+04 1.411389530247896236e-14 8.078049469119501544e-15 nan 9.551377171053221105e+01 4.878228888888888832e+02
5.829300000000000000e+04 1.432765252360113776e-14 8.094388913529687489e-15 nan 7.910679519424823525e+01 4.700428888888889105e+02
5.829300000000000000e+04 1.404583891765056916e-14 7.925031007972577709e-15 nan 8.077973207404345146e+01 4.844791111111111377e+02
5.829300000000000000e+04 1.441618051969365671e-14 8.045307495504135197e-15 nan 8.055871854375718044e+01 4.697124444444444862e+02
5.830800000000000000e+04 1.418560957945737636e-14 8.234320593832787946e-15 nan 1.073802479157907754e+02 5.382980000000000018e+02
5.830800000000000000e+04 1.423094957060673887e-14 8.207915641523920176e-15 nan 1.087952754505734276e+02 5.331846666666666579e+02
5.830800000000000000e+04 1.403689406774673405e-14 8.216563229859558061e-15 nan 1.048427147893137743e+02 5.301779999999999973e+02
5.831800000000000000e+04 1.540446706658971147e-14 8.842626050054346796e-15 nan 9.270901512370969044e+01 4.950977777777778215e+02
5.831800000000000000e+04 1.476788489922897245e-14 8.473505732445280157e-15 nan 9.040914558846201032e+01 4.859575555555555866e+02
5.831800000000000000e+04 1.479292921523739319e-14 8.529487535180173594e-15 nan 9.388442603806404918e+01 4.942146666666666874e+02
5.832900000000000000e+04 1.395923207355587164e-14 8.026498779322817334e-15 nan 8.359914776452585272e+01 4.830520000000000209e+02
5.832900000000000000e+04 1.455228855889153675e-14 8.288807473952788277e-15 nan 8.891024052756799279e+01 5.066186666666666838e+02
5.832900000000000000e+04 1.390281497113504373e-14 8.018711275376328718e-15 nan 8.765315694333024510e+01 4.757926666666666051e+02
5.833900000000000000e+04 1.369379624673621665e-14 8.064792113511642185e-15 nan 9.664734290017830176e+01 5.005628888888889492e+02
5.833900000000000000e+04 1.372894405810794182e-14 7.987338078214480087e-15 nan 1.010286925538970877e+02 5.030426666666666051e+02
5.833900000000000000e+04 1.350479528962693084e-14 7.841044694575697012e-15 nan 9.653520680997701220e+01 4.967071111111110895e+02
5.834900000000000000e+04 1.406944988880154506e-14 8.504666622652384677e-15 nan 9.043656829197125546e+01 5.026237777777777751e+02
5.834900000000000000e+04 1.395109073604117011e-14 8.361125956827374378e-15 nan 9.298050725924721860e+01 4.943062222222221749e+02
5.834900000000000000e+04 1.413076940362259992e-14 8.337775261604283185e-15 nan 8.839780931116790441e+01 5.026137777777777274e+02
