5.753007897999999841e+04 1.004561848555838534e-14 9.680002193393180181e-15 nan 1.083245825596703980e+03 0.000000000000000000e+00 0.000000000000000000e+00
5.754723724599999696e+04 9.874742132205720972e-15 9.771884471965621012e-15 nan 1.008216747059282625e+03 0.000000000000000000e+00 0.000000000000000000e+00
5.755801853600000322e+04 9.852258784232600745e-15 9.571276478854524502e-15 1.159839858755587102e-14 1.046253366863673136e+03 0.000000000000000000e+00 0.000000000000000000e+00
5.756819307000000117e+04 9.662710436696013381e-15 9.746791926660221288e-15 nan 9.589841515580519626e+02 0.000000000000000000e+00 0.000000000000000000e+00
5.758319678399999975e+04 9.666349288574366539e-15 9.594153611113756475e-15 1.011093608329954414e-14 8.969246609329593412e+02 0.000000000000000000e+00 0.000000000000000000e+00
5.759998837400000048e+04 9.552758188863451582e-15 9.499442013967788943e-15 nan 1.008169302906942676e+03 0.000000000000000000e+00 0.000000000000000000e+00
5.761200390599999810e+04 nan nan nan nan 0.000000000000000000e+00 0.000000000000000000e+00
5.762008343199999945e+04 9.578638727652208752e-15 9.540225274983158684e-15 nan 9.038361166597670717e+02 0.000000000000000000e+00 0.000000000000000000e+00
5.763301081600000180e+04 9.561088231015272312e-15 9.382501593437711682e-15 1.021272857007380194e-14 9.452220042890086233e+02 0.000000000000000000e+00 0.000000000000000000e+00
5.772434921400000167e+04 8.926009386227866117e-15 8.700921188249208390e-15 9.459818576020612674e-15 7.943085615317265820e+02 0.000000000000000000e+00 0.000000000000000000e+00
5.773629197600000043e+04 8.651862448516137342e-15 9.232521263135743554e-15 9.136895133881799837e-15 7.362966062677179480e+02 0.000000000000000000e+00 0.000000000000000000e+00
5.774634216400000150e+04 8.941159251995042305e-15 8.905033286444146031e-15 nan 8.101172348891789170e+02 0.000000000000000000e+00 0.000000000000000000e+00
5.775719346799999767e+04 8.708930948196488766e-15 8.872870629332424918e-15 8.696517593399360198e-15 7.084189108781033610e+02 0.000000000000000000e+00 0.000000000000000000e+00
5.776936286999999720e+04 8.812688153942587537e-15 8.549900519799141279e-15 1.002102149787118174e-14 7.018499524565967249e+02 0.000000000000000000e+00 0.000000000000000000e+00
5.779120363799999905e+04 8.487936625076963088e-15 8.601515478624221272e-15 nan 7.315907301729140499e+02 0.000000000000000000e+00 0.000000000000000000e+00
5.780132178800000111e+04 8.624678771266142836e-15 8.249796736210667063e-15 nan 7.074193598432542558e+02 0.000000000000000000e+00 0.000000000000000000e+00
5.781430206999999791e+04 8.819740631371767484e-15 8.377359462702653447e-15 nan 6.953431786283761085e+02 0.000000000000000000e+00 0.000000000000000000e+00
5.782431162000000040e+04 8.541666976542541342e-15 8.431364617247142627e-15 8.834334518278032701e-15 7.202541035677211312e+02 0.000000000000000000e+00 0.000000000000000000e+00
5.785729941400000098e+04 8.614571582331449599e-15 8.033815240195953961e-15 8.688575477820618409e-15 5.727015136760596761e+02 0.000000000000000000e+00 0.000000000000000000e+00
5.786715670400000090e+04 8.603421841014776613e-15 8.271450816547436439e-15 nan 6.863704096899193701e+02 0.000000000000000000e+00 0.000000000000000000e+00
5.787734868399999687e+04 8.563619522127794711e-15 9.711900129025800048e-15 nan 9.757594133633401725e+02 0.000000000000000000e+00 0.000000000000000000e+00
5.788831897999999637e+04 8.574918117741050704e-15 8.247078887239155743e-15 nan 9.046516904177782408e+02 0.000000000000000000e+00 0.000000000000000000e+00
5.790106326799999806e+04 8.343499292444481271e-15 8.087696052744876207e-15 nan 9.173074080025121475e+02 0.000000000000000000e+00 0.000000000000000000e+00
5.791103562399999646e+04 1.258508641072623739e-14 8.125266469309173440e-15 nan 9.315787968512230464e+02 0.000000000000000000e+00 0.000000000000000000e+00
5.792215129200000229e+04 8.349480236575120244e-15 8.219702851202900971e-15 nan 9.185853082358854635e+02 0.000000000000000000e+00 0.000000000000000000e+00
5.793315163600000233e+04 8.478979878196076661e-15 8.261215251612482010e-15 nan 8.949164706675966272e+02 0.000000000000000000e+00 0.000000000000000000e+00
