5.769000000000000000e+04 1.165883637769752071e-14 nan 1.112165780841564757e-14 2.987406262310569787e+02 2.435224444444444543e+03
5.769000000000000000e+04 1.173293100026057983e-14 nan 1.124940191710691868e-14 3.010371460560458559e+02 2.469002222222222372e+03
5.769000000000000000e+04 1.157365186188133573e-14 nan 1.114062397866069882e-14 2.991057558991355450e+02 2.440084444444444671e+03
5.771200000000000000e+04 1.272120138424817518e-14 1.083086283299590176e-14 1.174146354454604353e-14 2.907220548497253390e+02 2.327917777777777701e+03
5.771200000000000000e+04 1.272976089483972815e-14 1.100442351678493822e-14 1.171690786420884046e-14 3.013141848593838290e+02 2.469882222222222026e+03
5.771200000000000000e+04 1.276818332114302881e-14 1.098452364403693789e-14 1.169450499260803105e-14 2.965683963470785329e+02 2.406122222222222263e+03
5.781900000000000000e+04 nan nan nan nan nan
5.781900000000000000e+04 1.299716857286897509e-14 nan 1.268216975106787153e-14 2.503656308290010202e+02 1.876609111111111133e+03
5.782000000000000000e+04 nan nan 1.270812836446961763e-14 1.335481019123007798e+02 6.953197777777777446e+02
5.782100000000000000e+04 nan nan nan nan nan
5.785700000000000000e+04 nan nan nan nan nan
5.785700000000000000e+04 nan nan nan nan nan
5.785700000000000000e+04 nan nan nan nan nan
5.790100000000000000e+04 1.014449258230597495e-14 nan 9.696671991826778100e-15 3.984418649298686432e+01 1.567995555555555427e+02
5.790100000000000000e+04 nan nan nan nan nan
5.790100000000000000e+04 nan nan nan nan nan
5.792300000000000000e+04 9.693234104112723949e-15 8.111421960609526805e-15 8.937023413650948057e-15 2.928183251489713257e+02 2.326880000000000109e+03
5.792300000000000000e+04 9.726888536996875993e-15 8.155787117945504532e-15 8.951772080197060938e-15 2.959625847266647725e+02 2.367493333333333339e+03
5.792300000000000000e+04 9.809730930317580397e-15 8.326711237912047435e-15 9.044649415741115949e-15 2.974819139546191877e+02 2.389046666666666624e+03
5.794400000000000000e+04 nan nan nan nan nan
5.794400000000000000e+04 nan nan nan nan nan
5.794400000000000000e+04 nan nan nan nan nan
5.796500000000000000e+04 nan nan 1.023054194739916152e-14 3.145873359129837254e+01 1.190178444444444352e+02
5.796500000000000000e+04 nan nan 1.011313064372886839e-14 2.421922144396105026e+01 8.904122222222221694e+01
5.796500000000000000e+04 nan nan 1.009176523136998512e-14 8.126209077911217094e+01 3.598251111111110845e+02
5.798600000000000000e+04 1.072125544653063887e-14 nan 1.048850261250094571e-14 3.183505766664005705e+02 2.668011111111110949e+03
5.798600000000000000e+04 1.056939531411110856e-14 nan 1.046776331372333247e-14 3.164270495182195191e+02 2.641319999999999709e+03
5.798600000000000000e+04 1.069076928263367061e-14 nan 1.056546156259379914e-14 3.206044581324092064e+02 2.700019999999999982e+03
5.801000000000000000e+04 nan nan nan 3.020272994084722882e+02 2.514002222222222372e+03
5.801000000000000000e+04 nan nan nan 2.989512481152730174e+02 2.478873333333333449e+03
5.801000000000000000e+04 nan nan nan 2.997983175687152766e+02 2.486119999999999891e+03
5.804700000000000000e+04 1.172655013953231946e-14 9.957123057322474950e-15 1.080269680739855996e-14 3.042208335181492203e+02 2.492357777777777756e+03
5.804700000000000000e+04 1.168509571559137005e-14 9.939583156936161183e-15 1.075135773780683736e-14 3.085004986623434888e+02 2.548446666666666715e+03
5.804700000000000000e+04 1.170084087935280281e-14 1.007681280743279974e-14 1.080656951476360056e-14 3.090466302255387063e+02 2.552808888888888760e+03
5.806800000000000000e+04 1.126561921939078991e-14 nan 1.077322228399568456e-14 3.132059955110491387e+02 2.638593333333333248e+03
5.806800000000000000e+04 1.126425368742282465e-14 nan 1.082258877673224865e-14 3.128034197595954424e+02 2.631662222222222226e+03
5.806800000000000000e+04 1.129413569295848570e-14 nan 1.078874851513863866e-14 3.123085980949542773e+02 2.628857777777777756e+03
5.809000000000000000e+04 nan nan 1.190184009823545396e-14 2.235565763479658301e+02 2.344195555555555529e+03
5.809000000000000000e+04 nan nan 1.191670592396506525e-14 2.270566739531785743e+02 2.370537777777777592e+03
5.809000000000000000e+04 nan nan 1.169988933947713452e-14 2.228641853434926077e+02 2.292875555555555366e+03
5.822200000000000000e+04 nan nan 1.079240447869808919e-14 2.577101433607085141e+02 1.903847111111110962e+03
5.822200000000000000e+04 nan nan 1.092488405866457228e-14 2.594760509466811982e+02 1.928307555555555382e+03
5.822200000000000000e+04 nan nan 1.079236791951590788e-14 2.605152930402770153e+02 1.938188222222222294e+03
5.826400000000000000e+04 nan nan nan nan nan
5.826500000000000000e+04 nan nan nan nan nan
5.826500000000000000e+04 1.129667720128764513e-14 1.011884955940791652e-14 1.055731849493630462e-14 2.706386185754734015e+02 2.138819777777777745e+03
5.827100000000000000e+04 nan nan 1.102875797581747145e-14 1.793922331791097236e+02 2.155831111111111113e+03
5.827100000000000000e+04 nan nan 1.075042028585567349e-14 1.785947978178276401e+02 2.155276444444444678e+03
5.827100000000000000e+04 nan nan 1.077954181546252384e-14 1.774229835600775687e+02 2.147679333333333489e+03
5.828600000000000000e+04 1.154036635992292126e-14 nan 1.102607266568600688e-14 2.822804872652183121e+02 2.173052888888888901e+03
5.828600000000000000e+04 1.159219145434959845e-14 nan 1.106765498814401991e-14 2.843519840518884507e+02 2.196928444444444267e+03
5.828600000000000000e+04 1.152605953277361312e-14 nan 1.096756505111229640e-14 2.819039475370184960e+02 2.166233333333333121e+03
5.831100000000000000e+04 1.187787292950467279e-14 1.012320621707594719e-14 1.093030465652204094e-14 2.682915491635291687e+02 2.006672444444444409e+03
5.831100000000000000e+04 1.201821287133088445e-14 1.024164142563464594e-14 1.105206866685308790e-14 2.711073514596268978e+02 2.041656222222222141e+03
5.831100000000000000e+04 1.194343592210426340e-14 1.017992233588142381e-14 1.101450157165831413e-14 2.675525510686240409e+02 1.996245555555555711e+03
5.833200000000000000e+04 1.122120237822533409e-14 nan 1.083949248851892084e-14 2.671184904401670224e+02 2.091697333333333518e+03
5.833200000000000000e+04 1.111676549002399026e-14 nan 1.072314696401704112e-14 2.658324913335648603e+02 2.076612000000000080e+03
5.833200000000000000e+04 1.134807730035731858e-14 nan 1.088625906283295066e-14 2.666651790438670560e+02 2.087217111111111080e+03
