5.769000000000000000e+04 nan nan nan nan nan
5.769000000000000000e+04 nan nan nan nan nan
5.769000000000000000e+04 nan nan nan nan nan
5.771000000000000000e+04 9.676924595359021872e-15 9.681565747191101431e-15 nan 2.043002204728128390e+02 1.156247500000000173e+03
5.771000000000000000e+04 9.674475448798637620e-15 9.817964229447716824e-15 nan 2.055667154350948920e+02 1.162854500000000144e+03
5.771000000000000000e+04 9.919107440634995199e-15 9.869257683541039799e-15 nan 2.091099503687597405e+02 1.190183666666666795e+03
5.773000000000000000e+04 9.437228292699392904e-15 9.439659783104653678e-15 nan 2.185354864359457281e+02 1.141787333333333436e+03
5.773000000000000000e+04 9.525369116561537310e-15 1.012435294200294071e-14 nan 2.132936635643228271e+02 1.100881166666666559e+03
5.773000000000000000e+04 9.471758497174756378e-15 9.452923078823451055e-15 nan 2.085340123563571524e+02 1.063070833333333439e+03
5.775100000000000000e+04 7.737127916625787836e-15 8.029303253994975369e-15 nan 1.874498984935400756e+02 8.350688333333332594e+02
5.775100000000000000e+04 7.758657830880334192e-15 8.232977098169189968e-15 nan 1.889660950295334771e+02 8.434878333333332421e+02
5.775100000000000000e+04 7.842774743498669282e-15 8.534061310009043734e-15 nan 1.913480096804949824e+02 8.603098333333332448e+02
5.777200000000000000e+04 7.730097622474388799e-15 7.433030634503277060e-15 7.742375560629739977e-15 1.632478355243935368e+02 7.004388333333333776e+02
5.777200000000000000e+04 7.747795236351785997e-15 8.205882203152163866e-15 7.808348574671322901e-15 1.625370838491947154e+02 7.044284999999999854e+02
5.777200000000000000e+04 7.695448171582035673e-15 7.997177000535424414e-15 7.723150966475293647e-15 1.635656684088108079e+02 6.976511666666666542e+02
5.779200000000000000e+04 1.279296952638024880e-15 nan nan 2.424497721012628304e+01 1.115534999999999997e+02
5.779200000000000000e+04 8.280247509820497909e-15 nan nan 1.281420816738587121e+02 7.192270000000000891e+02
5.779200000000000000e+04 8.041947042108200193e-15 nan nan 1.270945970497442374e+02 7.159963333333332685e+02
5.781400000000000000e+04 9.953412969981107188e-15 1.029650815580263844e-14 1.034708926391175771e-14 1.905099201189148346e+02 8.593764999999999645e+02
5.781400000000000000e+04 9.781551558160031118e-15 1.066458812914900954e-14 1.034130591310582107e-14 1.890585343847600370e+02 8.468529999999999518e+02
5.781400000000000000e+04 1.012569742784962208e-14 1.129999969788794312e-14 1.042378269374133875e-14 1.916567207336185845e+02 8.680914999999999964e+02
5.784000000000000000e+04 1.064768455699908897e-14 1.040391932175152027e-14 1.096032883244901293e-14 1.913067574114227227e+02 8.671100000000000136e+02
5.784000000000000000e+04 1.053172412731388516e-14 1.002228931152362560e-14 1.063846447568072907e-14 1.833914604855378059e+02 8.142031666666666752e+02
5.784000000000000000e+04 1.061186968719763737e-14 1.055437756299839303e-14 1.082624960252538794e-14 1.868806837635534919e+02 8.361825000000000045e+02
5.787500000000000000e+04 nan nan nan nan nan
5.787500000000000000e+04 nan nan nan nan nan
5.787500000000000000e+04 nan nan nan nan nan
5.790400000000000000e+04 1.071901666481469361e-14 1.063468392277394611e-14 nan 2.448231913155185566e+02 1.280930666666666639e+03
5.790400000000000000e+04 1.053604344095349232e-14 1.085245819702504615e-14 nan 2.407273836641213336e+02 1.245315499999999929e+03
5.790400000000000000e+04 1.062721262454092289e-14 1.032740795862346601e-14 nan 2.441545558461739631e+02 1.275039666666666790e+03
5.792400000000000000e+04 1.035649105671021829e-14 1.070628333195981082e-14 1.054738078157843462e-14 1.975360537826873326e+02 9.074071666666666260e+02
5.792400000000000000e+04 1.044530149418284746e-14 1.111416596288093940e-14 1.058144930299234675e-14 2.295243079545689397e+02 1.149852499999999964e+03
5.792400000000000000e+04 1.037295874585460050e-14 1.063562399566602177e-14 1.051833469533837697e-14 2.434109693457363619e+02 1.262142166666666753e+03
5.794500000000000000e+04 nan nan nan nan nan
5.794500000000000000e+04 nan nan nan nan nan
5.794500000000000000e+04 nan nan nan nan nan
5.796500000000000000e+04 1.021572314774862381e-14 7.609032831989309192e-15 nan 7.148442083979118422e+01 2.206926666666666677e+02
5.796500000000000000e+04 nan nan nan nan nan
5.796500000000000000e+04 1.049203873857453014e-14 nan nan 5.787254699255876744e+01 1.709001666666666779e+02
5.798500000000000000e+04 9.480569461705712367e-15 9.956538252917237000e-15 nan 2.589634496404249830e+02 1.397754166666666606e+03
5.798500000000000000e+04 9.524639177757859540e-15 9.597252364496711347e-15 nan 2.589788632808731563e+02 1.397693666666666559e+03
5.798500000000000000e+04 9.528555368624820996e-15 1.008248299168798638e-14 nan 2.594044455653860837e+02 1.401912166666666508e+03
5.800700000000000000e+04 8.554494722380527244e-15 9.420128828207040359e-15 8.931853165581385358e-15 2.270792566256946259e+02 1.231921833333333325e+03
5.800700000000000000e+04 8.639896404793598184e-15 9.437666512070662863e-15 8.942938913773421796e-15 2.292820318753500430e+02 1.250275666666666666e+03
5.800700000000000000e+04 8.684105982759749168e-15 9.125127752295687435e-15 8.986867121925598975e-15 2.280910730737739414e+02 1.238182166666666490e+03
5.802700000000000000e+04 9.009465179653503224e-15 1.030850351696573836e-14 9.250515961870296341e-15 2.169011047531331826e+02 1.198747666666666646e+03
5.802700000000000000e+04 9.093052111309021712e-15 9.884647955011132179e-15 9.231418294833431963e-15 2.188079549921399405e+02 1.215074666666666644e+03
5.802700000000000000e+04 9.124681988357464818e-15 1.052746632849116836e-14 9.327438655996641549e-15 2.190380201166933034e+02 1.218321666666666715e+03
5.804700000000000000e+04 9.211635077127568148e-15 9.660942872807173199e-15 9.601051108302874508e-15 2.388447190826954909e+02 1.226257833333333338e+03
5.804700000000000000e+04 9.139853636585753736e-15 9.713030130538234232e-15 9.423782365684215975e-15 2.385668951650560530e+02 1.224307499999999891e+03
5.804700000000000000e+04 9.170479194959384725e-15 9.673658826827580593e-15 9.533408082644367446e-15 2.396931977661416227e+02 1.233097166666666681e+03
5.806700000000000000e+04 9.134015082896171235e-15 9.727054803026356083e-15 nan 2.471773219931502865e+02 1.295442000000000007e+03
5.806700000000000000e+04 9.577593630400305524e-15 9.972443946007626302e-15 nan 2.516950247103301024e+02 1.336005333333333510e+03
5.806700000000000000e+04 9.200971443526469986e-15 9.731473915000214990e-15 nan 2.483888111326862713e+02 1.306148833333333187e+03
5.808700000000000000e+04 9.644468820650028212e-15 7.874553370673469012e-15 nan 1.909651994976248091e+02 1.057283666666666704e+03
5.808700000000000000e+04 9.664626421822260879e-15 7.891472981721444256e-15 nan 1.913523713865951663e+02 1.060306166666666741e+03
5.808700000000000000e+04 9.715485872022392033e-15 7.930274894307747030e-15 nan 1.913008724645592622e+02 1.059249333333333425e+03
5.812900000000000000e+04 9.048488634346417581e-15 8.952235324158438208e-15 nan 1.513379407904792231e+02 6.131800000000000637e+02
5.812900000000000000e+04 9.088282723411718240e-15 8.871323489157699408e-15 nan 1.505482925719460923e+02 5.980475000000000136e+02
5.812900000000000000e+04 8.889936988865479969e-15 9.184282882324284479e-15 nan 1.476734311574010974e+02 5.840711666666666133e+02
5.814900000000000000e+04 nan nan nan nan nan
5.814900000000000000e+04 nan nan nan nan nan
5.814900000000000000e+04 nan nan nan nan nan
5.817200000000000000e+04 9.458334404377819882e-15 1.033402139620193962e-14 nan 1.890305541829783920e+02 9.118189999999999600e+02
5.817200000000000000e+04 9.422553751898158843e-15 1.029657566008558565e-14 nan 1.880235018886260718e+02 9.048014999999999191e+02
5.817200000000000000e+04 9.486208208411117683e-15 9.559068942056238065e-15 nan 1.902064422353021484e+02 9.170616666666666106e+02
5.819200000000000000e+04 9.674894082148086164e-15 9.553735540733797354e-15 nan 1.756854519842901823e+02 7.611903333333333421e+02
5.819200000000000000e+04 9.281965288229485804e-15 8.771858742356803940e-15 nan 1.766117913096360894e+02 7.651530000000000200e+02
5.819200000000000000e+04 9.146223489862320806e-15 9.040665789380857989e-15 nan 1.734460553866753969e+02 7.455958333333333030e+02
5.821200000000000000e+04 9.942070864428803266e-15 8.982479653810742522e-15 nan 1.622822625044358631e+02 6.783941666666667061e+02
5.821200000000000000e+04 9.997447482295101304e-15 9.445731432680910945e-15 nan 1.609506568120104077e+02 6.702699999999999818e+02
5.821200000000000000e+04 9.957370504294917929e-15 9.498902056033620991e-15 nan 1.606615458781925270e+02 6.685990000000000464e+02
5.824200000000000000e+04 nan nan nan nan nan
5.824200000000000000e+04 nan nan nan nan nan
5.824200000000000000e+04 nan nan nan nan nan
5.829400000000000000e+04 1.057536924172974147e-14 1.077076849032943459e-14 nan 2.142215636688443112e+02 1.041088999999999942e+03
5.829500000000000000e+04 1.042890133896279471e-14 1.025511444164292382e-14 nan 1.826335510155206521e+02 1.045573333333333267e+03
5.829500000000000000e+04 1.025117868673110684e-14 1.091701497470362275e-14 nan 1.812077077589449061e+02 1.037160333333333483e+03
5.829500000000000000e+04 1.038333940152546976e-14 1.052713156298015957e-14 nan 1.813358986362541145e+02 1.038405999999999949e+03
5.833400000000000000e+04 nan nan nan nan nan
5.833500000000000000e+04 nan nan nan nan nan
5.833500000000000000e+04 9.459520274433965755e-15 9.355716391655309789e-15 nan 2.011545407229773161e+02 9.578410000000000082e+02
5.833600000000000000e+04 9.672349522815622426e-15 8.986755864428751967e-15 nan 1.741320606286747648e+02 7.677863333333333458e+02
5.833600000000000000e+04 nan nan nan nan nan
5.833600000000000000e+04 9.640207467683867478e-15 9.086965662297010916e-15 nan 1.745993942567758950e+02 7.706308333333332712e+02
5.833800000000000000e+04 9.672736949613966999e-15 9.363993834179013753e-15 nan 2.081030217505555413e+02 9.800918333333333976e+02
5.833800000000000000e+04 9.592069272740352721e-15 9.099548836359611564e-15 nan 2.071479198775662383e+02 9.726444999999999936e+02
5.833800000000000000e+04 9.561116480161236943e-15 8.950778594735547128e-15 nan 2.045579590203611815e+02 9.529619999999999891e+02
