5.769000000000000000e+04 3.518309635134547956e-15 4.041332024546269462e-15 3.442731160797513154e-15 4.539914097778025734e+02 1.554202999999999975e+03
5.771200000000000000e+04 3.436287653647123762e-15 3.574289287693984522e-15 3.428845678889724900e-15 4.153166263783047611e+02 1.396813999999999851e+03
5.792300000000000000e+04 nan nan 3.047376552123952825e-15 3.162519359606458238e+02 9.751271000000000413e+02
5.798600000000000000e+04 3.095691778380878073e-15 2.799343000096831589e-15 3.449745221137126597e-15 4.019425802707811499e+02 1.328652000000000044e+03
5.801000000000000000e+04 2.888068668618529283e-15 nan 3.023186135081094931e-15 4.247530027807814008e+02 1.436706999999999880e+03
5.804700000000000000e+04 2.704319511635589709e-15 2.578381802323028889e-15 2.962593469394871162e-15 3.733709896280908538e+02 1.206235000000000127e+03
5.806800000000000000e+04 2.829747745524946200e-15 2.544064561311686491e-15 3.071490814930617309e-15 3.831285423478963139e+02 1.252120999999999867e+03
5.809000000000000000e+04 2.786441477217970101e-15 nan 3.072430157268488733e-15 3.608771625969827141e+02 1.150395999999999958e+03
5.822200000000000000e+04 2.875486992159740882e-15 nan 3.085983392123076230e-15 3.361400039102085771e+02 1.044937000000000126e+03
5.828600000000000000e+04 2.679878768328982271e-15 2.978498091448845733e-15 3.184560737325242152e-15 3.030237949595597797e+02 9.209006999999999152e+02
5.831100000000000000e+04 2.747051694241580082e-15 2.601112623809597552e-15 2.997502265637820746e-15 3.079466260555702206e+02 9.413789000000000442e+02
5.833200000000000000e+04 2.937192989563834232e-15 2.526067377921054235e-15 3.176526673594471709e-15 2.991896928369574766e+02 9.025108999999999924e+02
