5.769000000000000000e+04 9.783738082005542626e-15 1.156100089538149841e-14 1.429281888271977980e-14 2.975851856442868666e+02 2.431628888888888923e+03
5.769000000000000000e+04 9.800825703967042192e-15 1.149981989581477182e-14 1.434461597696674532e-14 2.962709248709466578e+02 2.481159999999999854e+03
5.769000000000000000e+04 9.727747164853624561e-15 1.140800119096017839e-14 1.400468991143689752e-14 2.945140707110084008e+02 2.411348888888888723e+03
5.771100000000000000e+04 8.630828445805016926e-15 9.915392512046781583e-15 nan 1.041061362051751900e+02 9.394919999999999618e+02
5.771100000000000000e+04 8.605863641392348090e-15 9.817402809286741972e-15 nan 1.420852163723500894e+02 1.139821555555555506e+03
5.771100000000000000e+04 8.696480049866115760e-15 1.004207963476432873e-14 nan 9.037045072842867910e+01 7.989817777777777792e+02
5.773200000000000000e+04 7.987005912957335736e-15 9.581927680884299175e-15 1.207810802984991498e-14 2.235609178251116020e+02 1.613838444444444349e+03
5.773200000000000000e+04 7.921038442048031324e-15 9.443615863835789770e-15 1.195391991871552462e-14 2.225826459914310078e+02 1.640132666666666637e+03
5.773200000000000000e+04 7.836035600368806897e-15 9.347492116022700158e-15 1.185178429467222148e-14 2.185550524742168932e+02 1.581446444444444296e+03
5.775300000000000000e+04 7.756659308161324807e-15 9.000676287607926851e-15 nan 2.364764767846573932e+02 1.748648888888888905e+03
5.775300000000000000e+04 7.710479533126697428e-15 9.039394018718096700e-15 nan 2.393652802387728116e+02 1.751171111111111031e+03
5.775300000000000000e+04 7.758895122768434780e-15 9.047043554089239310e-15 1.098589263176256636e-14 2.402897204243770943e+02 1.743250444444444611e+03
5.777400000000000000e+04 8.438741624002729971e-15 9.828388784869930807e-15 nan 1.948477562076242862e+02 1.427166888888888934e+03
5.777400000000000000e+04 8.478263122592910919e-15 9.859146957166568446e-15 nan 2.080988725641264523e+02 1.430375555555555593e+03
5.777400000000000000e+04 8.384723849962434045e-15 9.779528243240280975e-15 nan 2.024392608140994128e+02 1.428281777777777734e+03
5.779600000000000000e+04 7.997313622711059261e-15 nan nan 1.072683581378117594e+02 1.359922888888888792e+03
5.779600000000000000e+04 8.248726116179169698e-15 nan nan 1.078995193834076360e+02 1.437184888888888963e+03
5.779600000000000000e+04 8.246003868945208934e-15 nan nan 9.762018145410885950e+01 1.391532444444444536e+03
5.781800000000000000e+04 7.429628579395735951e-15 nan nan 8.345583867603075134e+01 1.265205555555555520e+03
5.781800000000000000e+04 7.639883848302282886e-15 nan nan 9.075260841523110855e+01 1.186723777777777741e+03
5.781800000000000000e+04 7.567777491430169064e-15 nan nan 7.957856134987900987e+01 1.162133333333333439e+03
5.781800000000000000e+04 7.394811967137830007e-15 8.887309493618598590e-15 1.114340113563201582e-14 8.095858295714783992e+01 1.321273333333333312e+03
5.781800000000000000e+04 7.567225366123056845e-15 nan nan 8.531804147208326583e+01 1.167409333333333279e+03
5.781800000000000000e+04 7.435080312820064196e-15 9.046232836978476320e-15 1.184880650370382973e-14 7.955320315324124181e+01 1.350329333333333352e+03
5.785900000000000000e+04 nan nan nan nan nan
5.785900000000000000e+04 nan nan nan nan nan
5.785900000000000000e+04 6.658277725816257461e-15 nan nan 6.802737174254049535e+01 3.468711111111111336e+02
5.797200000000000000e+04 9.216818673195908234e-15 1.111148475487983872e-14 1.366311447055099533e-14 1.168672495938561013e+02 1.969684666666666544e+03
5.797200000000000000e+04 9.311403273253126693e-15 1.127875888245870716e-14 1.361299766687318547e-14 1.279230101505253998e+02 1.999119999999999891e+03
5.797200000000000000e+04 9.310152617456667823e-15 1.114885947092823723e-14 1.356983897554847035e-14 1.208707168249522255e+02 1.957516000000000076e+03
5.799300000000000000e+04 9.658998569078857011e-15 1.146519077722343552e-14 nan 2.885643890138703114e+02 2.384166666666666515e+03
5.799300000000000000e+04 9.635276650482429919e-15 1.143805971174157175e-14 nan 2.941895086315238359e+02 2.417315555555555420e+03
5.799300000000000000e+04 9.654658758251856631e-15 1.148746004606643019e-14 nan 2.868358993195403173e+02 2.400535555555555675e+03
5.801700000000000000e+04 9.748775100953276000e-15 1.147721996359449122e-14 1.493310474503326898e-14 2.900987966794555746e+02 2.429862222222222499e+03
5.801700000000000000e+04 9.715291794460444202e-15 1.146974565992493895e-14 1.515371369755426376e-14 2.955928496964002647e+02 2.435835555555555857e+03
5.801700000000000000e+04 9.830165165414702827e-15 1.164698534863014265e-14 1.441742502141699907e-14 2.940400249393106265e+02 2.392288888888888778e+03
5.804700000000000000e+04 8.927571749927859966e-15 1.029685154898784549e-14 nan 2.666920793915592185e+02 2.149667777777777701e+03
5.804700000000000000e+04 8.984503649669909129e-15 1.043677051838350103e-14 1.283701812350217247e-14 2.627204018652886361e+02 2.163808666666666795e+03
5.804700000000000000e+04 8.976545043947424075e-15 1.037878133283878771e-14 nan 2.663302497921786198e+02 2.159600444444444747e+03
5.806800000000000000e+04 8.845455103004989763e-15 1.067450636562843089e-14 nan 2.559841622156583014e+02 2.036534222222222070e+03
5.806800000000000000e+04 8.878340951151971654e-15 1.067584685881441137e-14 nan 2.592004776889714321e+02 2.044549555555555571e+03
5.806800000000000000e+04 8.926035301845180608e-15 1.080124116381688866e-14 nan 2.482500751077171515e+02 2.014641555555555442e+03
5.808900000000000000e+04 8.522792750876817406e-15 1.024942892692600545e-14 nan 1.229648055295006372e+02 1.931460666666666611e+03
5.808900000000000000e+04 8.705573186530741390e-15 1.056895508267303601e-14 nan 1.258889156497891264e+02 1.988612444444444463e+03
5.808900000000000000e+04 8.550949384531841771e-15 1.025400268206536652e-14 nan 1.278604265936236573e+02 1.954452222222222417e+03
5.811000000000000000e+04 8.674708642416874522e-15 1.011086905453953827e-14 1.252932683863752459e-14 2.538607568603448783e+02 1.910759555555555380e+03
5.811000000000000000e+04 8.600754355088980340e-15 1.005560183804580537e-14 1.242843066167558214e-14 2.506573060436057006e+02 1.894381333333333487e+03
5.811000000000000000e+04 8.746780802080146889e-15 1.029455100218766179e-14 1.277649820928572705e-14 2.534156351638315527e+02 1.921104888888888809e+03
5.813200000000000000e+04 8.518998791631810851e-15 1.003649451285999381e-14 nan 2.234801656397036425e+02 1.573532666666666728e+03
5.813200000000000000e+04 8.575648921044731710e-15 1.001271426899058164e-14 nan 2.253241955404572536e+02 1.566622666666666646e+03
5.815300000000000000e+04 8.513984272009696099e-15 1.004435279273582908e-14 1.248414274118030124e-14 2.396624190895896618e+02 1.772345777777777812e+03
5.815300000000000000e+04 8.439939149548135535e-15 1.006057144395083140e-14 1.258997335526182050e-14 2.431199556675676945e+02 1.791157555555555518e+03
5.815300000000000000e+04 8.440508167525796046e-15 9.915168625396703949e-15 1.234873740383792273e-14 2.372454465924583644e+02 1.768449555555555435e+03
5.817400000000000000e+04 8.268018117547102627e-15 1.000264548443104291e-14 nan 9.738396326494134314e+01 1.573250888888888767e+03
5.817400000000000000e+04 8.463253317964349767e-15 1.026610804151053161e-14 nan 9.271553897357428298e+01 1.611743333333333339e+03
5.817400000000000000e+04 8.313907409818061765e-15 1.004408333257168251e-14 nan 9.911073869890151400e+01 1.575556000000000040e+03
5.819500000000000000e+04 8.419490755591077434e-15 9.958346250935038878e-15 nan 2.152739024551378861e+02 1.566822888888888883e+03
5.819500000000000000e+04 8.434119981340411817e-15 1.005463982810337925e-14 nan 2.078999577277378137e+02 1.559393555555555622e+03
5.819500000000000000e+04 8.417580363514894934e-15 9.961520236731244555e-15 nan 2.196007676768324473e+02 1.572732222222222163e+03
5.821500000000000000e+04 8.810249636610367240e-15 nan nan 2.181950151863636336e+02 1.685521111111110940e+03
5.821500000000000000e+04 8.871551531689600513e-15 nan nan 2.228082845260414047e+02 1.690591333333333296e+03
5.821600000000000000e+04 8.789598230640505559e-15 nan nan 2.223172719750486692e+02 1.690296888888888816e+03
5.822400000000000000e+04 8.910377515876141164e-15 nan nan 1.979881291713550695e+02 1.472371333333333496e+03
5.822400000000000000e+04 8.818186407816449260e-15 nan nan 1.999216961420931966e+02 1.455824666666666644e+03
5.822400000000000000e+04 8.848402461708026172e-15 nan nan 1.976535180282862427e+02 1.430071555555555506e+03
5.833500000000000000e+04 9.730245610634818354e-15 1.168945721681107410e-14 1.426106663921789277e-14 1.478847953464588727e+02 1.422010666666666793e+03
5.833500000000000000e+04 9.994772214468520836e-15 1.257245757012874962e-14 1.438036049135993067e-14 1.399503467120269988e+02 1.363818444444444594e+03
5.833500000000000000e+04 9.625829402039163407e-15 1.146587585667736521e-14 1.387781742378089991e-14 1.396169296822577053e+02 1.382347333333333381e+03
