5.386900000000000000e+04 nan nan nan nan nan
5.386900000000000000e+04 nan nan nan nan nan
5.386900000000000000e+04 nan nan nan nan nan
5.386900000000000000e+04 nan nan nan nan nan
5.386900000000000000e+04 nan nan nan nan nan
5.386900000000000000e+04 nan nan nan nan nan
5.769000000000000000e+04 2.874586838511631491e-15 2.857572029210878412e-15 nan 6.340499242514783873e+02 2.024505333333333510e+03
5.779200000000000000e+04 nan nan nan nan nan
5.781400000000000000e+04 nan nan nan nan nan
5.790400000000000000e+04 2.875894288728720964e-15 2.831485914136906230e-15 2.837700533713401631e-15 6.408245864920597796e+02 2.052781333333333350e+03
5.798500000000000000e+04 2.887160953391444759e-15 2.986234542151240632e-15 2.772346138638584717e-15 6.454292716453446701e+02 2.074118666666666741e+03
5.800700000000000000e+04 nan nan nan nan nan
5.829500000000000000e+04 2.939861900083396859e-15 2.602751321065984289e-15 2.821446647561066449e-15 5.114994915487218918e+02 1.529693999999999960e+03
