5.750800000000000000e+04 nan 6.143036035742795816e-15 nan 4.424219950566263719e+02 3.289894999999999982e+03
5.750800000000000000e+04 nan 6.192444892502838723e-15 nan 4.474508720532180064e+02 3.368056666666666388e+03
5.750800000000000000e+04 nan 6.165856905371376915e-15 nan 4.415254374488081339e+02 3.277033333333333303e+03
5.751600000000000000e+04 nan 5.963926522698522463e-15 5.947751135072333274e-15 4.463149536534670005e+02 3.347936666666666952e+03
5.751600000000000000e+04 nan 6.046618389688981257e-15 5.951491805527518850e-15 4.097490641212979767e+02 2.825991666666666788e+03
5.751600000000000000e+04 nan 6.055619923009550494e-15 6.046522261179301965e-15 4.480827669416231060e+02 3.374083333333333485e+03
5.752300000000000000e+04 nan 5.985847144434804582e-15 nan 2.147964368419470418e+02 8.005818333333334067e+02
5.752300000000000000e+04 nan 5.828380451583289763e-15 nan 1.877513366044413488e+02 6.196498333333332766e+02
5.752300000000000000e+04 nan 5.891178099134079176e-15 nan 2.615299006364186312e+02 1.171556333333333441e+03
5.753000000000000000e+04 nan 5.952054309476728215e-15 5.950017687494392401e-15 4.261248784259342415e+02 3.065201666666666824e+03
5.753000000000000000e+04 nan 5.911350115565158965e-15 5.919024313030991839e-15 4.249152597022240911e+02 3.045543333333333521e+03
5.753000000000000000e+04 nan 5.925199487764319496e-15 5.948102428898795254e-15 4.249884582564681068e+02 3.047625000000000000e+03
5.754700000000000000e+04 nan 5.659808726364022738e-15 nan 3.908328745238646889e+02 2.573313333333333048e+03
5.754700000000000000e+04 nan 5.633574990542761193e-15 nan 3.978795331450208437e+02 2.665904999999999745e+03
5.754700000000000000e+04 nan 5.584586586053515966e-15 nan 3.932157825547735115e+02 2.604591666666666697e+03
5.755400000000000000e+04 nan 5.449109485640771206e-15 nan 2.768579256695829827e+02 1.322049666666666553e+03
5.755400000000000000e+04 nan 5.807981957480024664e-15 nan 1.979649613758310807e+02 7.033296666666666397e+02
5.755400000000000000e+04 nan 5.720586253113355544e-15 nan 2.527272431008838680e+02 1.105919000000000096e+03
5.756200000000000000e+04 nan 5.325086568430403204e-15 5.286617650154093263e-15 4.035562898138273908e+02 2.746533333333333303e+03
5.756200000000000000e+04 nan 5.318234587113583588e-15 5.280267920583155652e-15 4.047993972462239753e+02 2.762199999999999818e+03
5.756200000000000000e+04 nan 5.303818177618529705e-15 5.228586435516098716e-15 4.001583619122114897e+02 2.700033333333333303e+03
5.756900000000000000e+04 nan nan nan 3.482873640572963723e+02 2.080864999999999782e+03
5.756900000000000000e+04 nan nan nan 3.788023102304524627e+02 2.420108333333333121e+03
5.756900000000000000e+04 nan nan nan 3.802717635053649019e+02 2.474853333333333467e+03
5.758300000000000000e+04 nan nan nan 3.758082843011371779e+02 2.415583333333333485e+03
5.758300000000000000e+04 nan nan nan 3.862477200089266489e+02 2.516436666666666952e+03
5.758300000000000000e+04 nan nan nan 3.820537714914050298e+02 2.462366666666666788e+03
5.759100000000000000e+04 nan nan nan 3.348661061123198124e+02 1.899985000000000127e+03
5.759100000000000000e+04 nan nan nan 3.629189209368126399e+02 2.226148333333333085e+03
5.759100000000000000e+04 nan nan nan 3.827470893518584489e+02 2.471546666666666624e+03
5.759800000000000000e+04 nan 5.319722055702280281e-15 5.145908669429385624e-15 4.099332582601790023e+02 2.833298333333333176e+03
5.759800000000000000e+04 nan 5.271009420276515212e-15 5.076982553765321699e-15 4.029955063041691687e+02 2.735576666666666824e+03
5.759800000000000000e+04 nan 5.287667276674839157e-15 5.122122948466885864e-15 4.093749539201256766e+02 2.825144999999999982e+03
5.769100000000000000e+04 nan nan nan nan nan
5.769100000000000000e+04 nan nan nan nan nan
5.769100000000000000e+04 nan nan nan nan nan
5.769300000000000000e+04 nan nan nan nan nan
5.769300000000000000e+04 nan nan nan nan nan
5.769300000000000000e+04 nan nan nan nan nan
5.770100000000000000e+04 nan 6.175317595737244917e-15 nan 4.162450513915244414e+02 2.916166666666666515e+03
5.770100000000000000e+04 nan 6.147490231813252787e-15 nan 4.123403206837453467e+02 2.863684999999999945e+03
5.770100000000000000e+04 nan 6.138553550582589238e-15 nan 4.138950806800381770e+02 2.885210000000000036e+03
5.771100000000000000e+04 nan 6.372605994555734796e-15 6.168474328768138315e-15 1.717356764697831011e+02 5.380276666666666188e+02
5.771100000000000000e+04 nan 6.271623460221560366e-15 6.162202810737532204e-15 3.441692052253232532e+02 2.020748333333333221e+03
5.771100000000000000e+04 nan 6.367835259594791948e-15 6.206810363820501789e-15 2.574329373748411172e+02 1.152369666666666490e+03
5.771900000000000000e+04 nan 6.232681070258206741e-15 6.194310642385190517e-15 4.016222002564127820e+02 2.717481666666666570e+03
5.771900000000000000e+04 nan 6.271403120360631249e-15 6.288810270202381946e-15 3.926834129245111171e+02 2.599201666666666824e+03
5.771900000000000000e+04 nan 6.306518057880838898e-15 6.261264323717900966e-15 4.016813514488599139e+02 2.718605000000000018e+03
5.772600000000000000e+04 nan 6.418413288667671815e-15 nan 4.166749775914981910e+02 2.921546666666666624e+03
5.772600000000000000e+04 nan 6.374936559627094441e-15 nan 4.127450997055153721e+02 2.866821666666666260e+03
5.772600000000000000e+04 nan 6.377718942550750990e-15 nan 4.123298115105844204e+02 2.861279999999999745e+03
5.773300000000000000e+04 nan 6.455592560704573463e-15 6.241423923026432168e-15 4.125701470992191275e+02 2.867181666666666388e+03
5.773300000000000000e+04 nan 6.428028470470228870e-15 6.192435564888590860e-15 4.125821632243898307e+02 2.872533333333333303e+03
5.773300000000000000e+04 nan 6.456979726431122568e-15 6.238804725180842680e-15 4.134558297932516666e+02 2.881824999999999818e+03
5.774100000000000000e+04 nan nan nan 3.959138055976183637e+02 2.644974999999999909e+03
5.774100000000000000e+04 nan nan nan 4.076337032230305226e+02 2.802750000000000000e+03
5.774100000000000000e+04 nan nan nan 4.114023258624310415e+02 2.853565000000000055e+03
5.774900000000000000e+04 nan 6.760826540194670838e-15 6.613718669799615877e-15 4.228408303712021734e+02 3.008093333333333248e+03
5.774900000000000000e+04 nan 6.758127517200341799e-15 6.604391619223337766e-15 4.220904017552394407e+02 2.997278333333333649e+03
5.774900000000000000e+04 nan 6.781157234810673811e-15 6.652390685255927663e-15 4.170178075739374890e+02 2.926133333333333212e+03
5.775700000000000000e+04 nan 6.801659492608050140e-15 6.705254519897053474e-15 4.292086447019001412e+02 3.122686666666666952e+03
5.775700000000000000e+04 nan 6.693394399080401652e-15 6.528600747012903523e-15 4.259982827152263667e+02 3.055328333333333376e+03
5.775700000000000000e+04 nan 6.864111331051359877e-15 6.747242627958746561e-15 4.319001096172536904e+02 3.137566666666666606e+03
5.776400000000000000e+04 nan 6.921298646612806520e-15 nan 4.122173726212507177e+02 2.861998333333333449e+03
5.776400000000000000e+04 nan 6.974384422920958202e-15 nan 4.112001640227283588e+02 2.847598333333333358e+03
5.776400000000000000e+04 nan 6.992782943239530147e-15 nan 4.111366579762799915e+02 2.846986666666666679e+03
5.777200000000000000e+04 nan nan nan 3.828269243998153115e+02 2.473738333333333230e+03
5.777200000000000000e+04 nan nan nan 3.836736564375764829e+02 2.484373333333333449e+03
5.777200000000000000e+04 nan nan nan 3.818889692862656489e+02 2.461338333333333139e+03
5.777900000000000000e+04 nan 6.523004769231283072e-15 nan 3.596046790983661481e+02 2.182041666666666515e+03
5.777900000000000000e+04 nan 6.497933405598575465e-15 nan 3.602262777305689951e+02 2.189453333333333376e+03
5.777900000000000000e+04 nan 6.531960123041818976e-15 nan 3.605650734450780419e+02 2.193981666666666570e+03
5.778600000000000000e+04 nan 6.619105630709824524e-15 nan 3.863108914077446912e+02 2.517441666666666606e+03
5.778600000000000000e+04 nan 6.582419240312544637e-15 nan 3.856786766874657246e+02 2.508545000000000073e+03
5.778600000000000000e+04 nan 6.624384057736087366e-15 nan 3.861790920943280412e+02 2.515329999999999927e+03
5.779400000000000000e+04 nan 7.124464036659450038e-15 nan 3.747056154684138960e+02 2.371019999999999982e+03
5.779400000000000000e+04 nan 7.242228087611170316e-15 nan 3.772172230603859475e+02 2.402920000000000073e+03
5.779400000000000000e+04 nan 7.063152698679856174e-15 nan 3.728305592044185914e+02 2.347701666666666824e+03
5.780100000000000000e+04 nan 6.387513890995658052e-15 6.228948405033968219e-15 3.747382576652510693e+02 2.372985000000000127e+03
5.780100000000000000e+04 nan 6.346665514420306611e-15 6.121247193015381696e-15 3.677997493581765980e+02 2.286985000000000127e+03
5.780100000000000000e+04 nan 6.343303847989579746e-15 6.150502959407148461e-15 3.705271425758564874e+02 2.321756666666666661e+03
5.780900000000000000e+04 nan nan nan 3.570257370493529834e+02 2.154496666666666897e+03
5.780900000000000000e+04 nan nan nan 3.579646365625110320e+02 2.164798333333333176e+03
5.780900000000000000e+04 nan nan nan 3.576407513270837626e+02 2.161461666666666588e+03
5.781700000000000000e+04 nan 6.942817379897703630e-15 nan 3.929704040016428621e+02 2.601081666666666479e+03
5.781700000000000000e+04 nan 6.980728425723433988e-15 nan 3.927794833733199198e+02 2.598933333333333394e+03
5.781700000000000000e+04 nan 6.984038651741375769e-15 nan 3.949080618994232736e+02 2.626295000000000073e+03
5.785700000000000000e+04 nan 7.216445369977152216e-15 7.251978600188059126e-15 2.696702035618064315e+02 1.254538499999999885e+03
5.785700000000000000e+04 nan nan nan nan nan
5.785700000000000000e+04 nan 7.266226239512688697e-15 7.311816102128036375e-15 1.367768559127034393e+02 3.581443333333333499e+02
5.786400000000000000e+04 nan 7.500557626507998515e-15 nan 3.804961355078717702e+02 2.441210000000000036e+03
5.786400000000000000e+04 nan 7.526416143144974292e-15 nan 3.813347454371849494e+02 2.451355000000000018e+03
5.786400000000000000e+04 nan 7.530991994425815918e-15 nan 3.814285630372032188e+02 2.452291666666666515e+03
5.787800000000000000e+04 nan 7.598637351441906425e-15 nan 5.060866896007545961e+02 4.318074999999999818e+03
5.787800000000000000e+04 nan 7.577616856747532041e-15 nan 5.045642355341241228e+02 4.295813333333333503e+03
5.787800000000000000e+04 nan 7.626074502894690051e-15 nan 5.078724576461142988e+02 4.329448333333332812e+03
5.788700000000000000e+04 nan 7.548251357251898205e-15 nan 3.864450576120059395e+02 2.527510000000000218e+03
5.788700000000000000e+04 nan 7.558641052827127504e-15 nan 3.028160185104562174e+02 1.566671333333333223e+03
5.788700000000000000e+04 nan 7.458733595334857804e-15 nan 3.683391656770260170e+02 2.302633333333333212e+03
5.789400000000000000e+04 nan 7.427535502834492421e-15 7.340693493962113785e-15 4.934688270428515011e+02 4.097100000000000364e+03
5.789400000000000000e+04 nan 7.332161991283018410e-15 7.211261111682935497e-15 4.893300005282895881e+02 4.019188333333333048e+03
5.789400000000000000e+04 nan 7.319598512846713765e-15 7.236321312958008080e-15 4.882358830039842701e+02 4.003128333333333558e+03
5.790300000000000000e+04 nan nan nan 4.058338039123937051e+02 2.773556666666666388e+03
5.790300000000000000e+04 nan nan nan 4.209885946293858296e+02 2.982051666666666733e+03
5.790300000000000000e+04 nan nan nan 3.918639747502234627e+02 2.587566666666666606e+03
5.791000000000000000e+04 nan 7.109069046420628386e-15 nan 4.779731104460896631e+02 3.837616666666666788e+03
5.791000000000000000e+04 nan 6.997431570060243241e-15 nan 4.701032945262450085e+02 3.713529999999999745e+03
5.791000000000000000e+04 nan 7.014817056694427866e-15 nan 4.724823968133848666e+02 3.751404999999999745e+03
5.791800000000000000e+04 nan 7.314229953909823160e-15 nan 3.078000178189591338e+02 1.606902666666666619e+03
5.791800000000000000e+04 nan 7.252365993202697060e-15 nan 3.964827972270322789e+02 2.647581666666666479e+03
5.791800000000000000e+04 nan 7.310529731670261644e-15 nan 3.528010092276774117e+02 2.102214999999999691e+03
5.792500000000000000e+04 nan nan nan 4.828764328212977262e+02 3.913514999999999873e+03
5.792500000000000000e+04 nan nan nan 4.799535329756788542e+02 3.866891666666666879e+03
5.792500000000000000e+04 nan nan nan 4.817254354853548080e+02 3.895029999999999745e+03
5.793300000000000000e+04 nan 7.138957689218671106e-15 nan 4.557303513357444444e+02 3.489318333333333612e+03
5.793300000000000000e+04 nan 7.203743865078694278e-15 nan 4.466672815720646099e+02 3.416816666666666606e+03
5.793300000000000000e+04 nan 7.112114403865608068e-15 nan 4.526755870048239103e+02 3.443103333333333467e+03
5.794200000000000000e+04 nan nan nan 3.294838401204665956e+02 1.840888333333333321e+03
5.794200000000000000e+04 nan nan nan 3.301579731701308447e+02 1.847764999999999873e+03
5.794200000000000000e+04 nan nan nan 3.288473777529047197e+02 1.835305000000000064e+03
5.794900000000000000e+04 nan 7.160801615413009336e-15 nan 3.895682440042593271e+02 2.557769999999999982e+03
5.794900000000000000e+04 nan 7.189669197036984878e-15 nan 3.892511445069596334e+02 2.553125000000000000e+03
5.794900000000000000e+04 nan 7.083695657275879000e-15 nan 3.817708109511672774e+02 2.457573333333333267e+03
5.795600000000000000e+04 nan 7.190855986006594595e-15 nan 4.540843796881619596e+02 3.464848333333333358e+03
5.795600000000000000e+04 nan 7.190481519944762939e-15 nan 4.527967377688327133e+02 3.446333333333333485e+03
5.795600000000000000e+04 nan 7.214777626526635668e-15 nan 4.516028053683170356e+02 3.427693333333333612e+03
5.796400000000000000e+04 nan 7.100306870099337477e-15 nan 2.608468156239086966e+02 1.171465833333333194e+03
5.796400000000000000e+04 nan 7.103827977320721177e-15 nan 3.074848839103000842e+02 1.612500333333333401e+03
5.796400000000000000e+04 nan 7.228299414447157246e-15 nan 1.593954209178945973e+02 4.610871666666666329e+02
5.805500000000000000e+04 nan nan nan 3.702563194283252983e+02 2.315429999999999836e+03
5.805500000000000000e+04 nan nan nan 3.696447296472649668e+02 2.307675000000000182e+03
5.805500000000000000e+04 nan nan nan 3.714205501159379423e+02 2.328864999999999782e+03
5.806200000000000000e+04 nan 5.880684723451217429e-15 nan 3.820946138777504189e+02 2.469163333333332957e+03
5.806200000000000000e+04 nan 5.917444370045189276e-15 nan 3.830783225660536004e+02 2.481704999999999927e+03
5.806200000000000000e+04 nan 5.918529427328423598e-15 nan 3.857735184630631124e+02 2.515141666666666879e+03
5.807000000000000000e+04 nan 6.031798562747042619e-15 nan 4.090351857130315238e+02 2.831503333333333558e+03
5.807000000000000000e+04 nan 5.988072117056703862e-15 nan 4.066977424221592514e+02 2.790853333333333467e+03
5.807000000000000000e+04 nan 5.981023208906416841e-15 nan 4.074493995431269582e+02 2.802366666666666788e+03
5.807900000000000000e+04 nan 5.933437611850516290e-15 5.729567246214456331e-15 3.913332856440399041e+02 2.582724999999999909e+03
5.807900000000000000e+04 nan 5.892367749974405751e-15 5.642166039001884133e-15 3.898883345374974851e+02 2.563801666666666733e+03
5.807900000000000000e+04 nan 5.944028972680162677e-15 5.781252449518670376e-15 3.869741321490020027e+02 2.526875000000000000e+03
5.808600000000000000e+04 nan 6.278820017260116995e-15 6.040510656771837498e-15 4.226632203299997173e+02 3.017401666666666642e+03
5.808600000000000000e+04 nan 6.274456664297616008e-15 6.035616964634870802e-15 4.230954383087929500e+02 3.018138333333333321e+03
5.808600000000000000e+04 nan 6.266186302242890944e-15 6.063900105039714183e-15 4.216142926907539277e+02 2.996091666666666697e+03
5.809400000000000000e+04 nan nan nan 4.176771687602099519e+02 2.939820000000000164e+03
5.809400000000000000e+04 nan nan nan 4.181586917036773343e+02 2.946096666666666351e+03
5.809400000000000000e+04 nan nan nan 4.205549761817289323e+02 2.980014999999999873e+03
5.811700000000000000e+04 nan 6.771969344139581119e-15 nan 4.049404579693095911e+02 2.760809999999999945e+03
5.811700000000000000e+04 nan 6.813486408255905906e-15 nan 4.047787073535029663e+02 2.758345000000000255e+03
5.811700000000000000e+04 nan 6.786127193529329968e-15 nan 4.049493103908301350e+02 2.760949999999999818e+03
5.812500000000000000e+04 nan 6.842539581614792188e-15 nan 4.030357355693790282e+02 2.742923333333333176e+03
5.812500000000000000e+04 nan 6.946346234172487716e-15 nan 4.011409292461001996e+02 2.719356666666666570e+03
5.812500000000000000e+04 nan 6.832640162463096397e-15 nan 4.027375764297784713e+02 2.736083333333333485e+03
5.813200000000000000e+04 nan 6.046227329267697389e-15 5.923217120350650015e-15 3.900551400239122017e+02 2.564458333333333485e+03
5.813200000000000000e+04 nan 6.061420765879462816e-15 5.952217062711615537e-15 3.913609549620845769e+02 2.580393333333333430e+03
5.813200000000000000e+04 nan 6.073608190889567707e-15 5.960026337281993758e-15 3.904264786069621778e+02 2.568028333333333649e+03
5.814000000000000000e+04 nan 6.137992330487714583e-15 nan 4.029627164874918321e+02 2.734206666666666479e+03
5.814000000000000000e+04 nan 6.163429812264437143e-15 nan 4.035640056319793416e+02 2.741931666666666388e+03
5.814000000000000000e+04 nan 6.122669386449515214e-15 nan 4.028708832990290603e+02 2.733038333333332957e+03
5.814700000000000000e+04 nan 5.924077538827695367e-15 5.803277978015735835e-15 3.905954163356894355e+02 2.571683333333333394e+03
5.814700000000000000e+04 nan 5.992875855477114538e-15 5.885780054999764873e-15 3.925582107766073818e+02 2.596881666666666661e+03
5.814700000000000000e+04 nan 5.962696919443091220e-15 5.859970373800636760e-15 3.922543534249204527e+02 2.592313333333333048e+03
5.815400000000000000e+04 nan 5.969157392111227479e-15 nan 2.467857648696142405e+02 1.060914666666666562e+03
5.815400000000000000e+04 nan 5.640471758887956592e-15 nan 2.949958001532940557e+02 1.494652499999999918e+03
5.815400000000000000e+04 nan 5.605902589338194773e-15 nan 2.651070757571918648e+02 1.215458999999999833e+03
5.816100000000000000e+04 nan 5.915274433656470053e-15 nan 3.770287443757072765e+02 2.396486666666666679e+03
5.816100000000000000e+04 nan 5.950957440410137892e-15 nan 3.785236944985534251e+02 2.414769999999999982e+03
5.816100000000000000e+04 nan 5.872933942292899795e-15 nan 3.772840239200487531e+02 2.399204999999999927e+03
5.816800000000000000e+04 nan nan nan 3.857734209345321688e+02 2.507730000000000018e+03
5.816800000000000000e+04 nan nan nan 3.885755573378259555e+02 2.544095000000000255e+03
5.816800000000000000e+04 nan nan nan 3.889518689833610097e+02 2.548911666666666861e+03
5.817500000000000000e+04 nan nan nan 3.693309925599992312e+02 2.301048333333333176e+03
5.817500000000000000e+04 nan nan nan 3.685864665342108992e+02 2.291851666666666915e+03
5.817500000000000000e+04 nan nan nan 3.698470835457743533e+02 2.309483333333333121e+03
5.818200000000000000e+04 nan 6.165153902021967737e-15 6.020186187196742154e-15 3.804337260493848589e+02 2.460723333333333358e+03
5.818200000000000000e+04 nan 6.005159568467296135e-15 5.823895687799363462e-15 3.764410620019261842e+02 2.411433333333333394e+03
5.818200000000000000e+04 nan 6.166283844944875764e-15 5.988701021660707888e-15 3.828200323438364876e+02 2.489204999999999927e+03
5.819000000000000000e+04 nan nan nan 3.746987621706394407e+02 2.367641666666666879e+03
5.819000000000000000e+04 nan nan nan 3.731199648030542448e+02 2.347245000000000346e+03
5.819000000000000000e+04 nan nan nan 3.643995797992317307e+02 2.240543333333333521e+03
5.819800000000000000e+04 nan 6.169272905266896523e-15 nan 3.693339604409302410e+02 2.300981666666666570e+03
5.819800000000000000e+04 nan 6.422774126406810445e-15 nan 3.628598018624805945e+02 2.221848333333333358e+03
5.819800000000000000e+04 nan 6.220573653265081244e-15 nan 3.670752431079300777e+02 2.272800000000000182e+03
5.820500000000000000e+04 nan nan nan 3.658144071279651257e+02 2.257949999999999818e+03
5.820500000000000000e+04 nan nan nan 3.654449422210641956e+02 2.253723333333333358e+03
5.820500000000000000e+04 nan nan nan 3.634386149397261647e+02 2.229485000000000127e+03
5.822200000000000000e+04 nan 5.828778127587343434e-15 nan 3.622083392011755336e+02 2.215361666666666679e+03
5.822200000000000000e+04 nan 5.878333027247951108e-15 nan 3.624557032811493968e+02 2.218071666666666260e+03
5.822200000000000000e+04 nan 5.958206605857152651e-15 nan 3.642556824596894671e+02 2.239783333333333303e+03
5.822900000000000000e+04 nan 6.287140977587450815e-15 nan 3.451950897788441353e+02 2.014628333333333330e+03
5.822900000000000000e+04 nan 6.234254995407396733e-15 nan 3.439981050690084885e+02 2.000998333333333221e+03
5.822900000000000000e+04 nan 6.257720699533758869e-15 nan 3.455618792721642194e+02 2.018384999999999991e+03
5.823700000000000000e+04 nan nan nan nan nan
5.823700000000000000e+04 nan nan nan nan nan
5.823700000000000000e+04 nan nan nan nan nan
5.824400000000000000e+04 nan 5.371509837929005457e-15 nan 3.134546439931871760e+02 1.911371666666666670e+03
5.824400000000000000e+04 nan 5.422147320457049097e-15 nan 3.237842542841311229e+02 1.958141666666666652e+03
5.824400000000000000e+04 nan 5.298858107415276564e-15 nan 3.110452110377576105e+02 1.830003333333333330e+03
5.825300000000000000e+04 nan 5.741276889137650242e-15 5.668467706032911599e-15 3.597273504606619099e+02 2.184671666666666624e+03
5.825300000000000000e+04 nan 5.719556604973018606e-15 5.643539932108240440e-15 3.594594517969302956e+02 2.181696666666666715e+03
5.825300000000000000e+04 nan 5.669496712882509706e-15 5.606143365695046612e-15 3.573722731366488574e+02 2.156853333333333467e+03
5.826000000000000000e+04 nan 6.067777464895901742e-15 nan 7.079325593858750665e+01 1.060315333333333285e+02
5.826000000000000000e+04 nan 5.767339079402987427e-15 nan 7.707394790948805507e+01 1.220899000000000001e+02
5.826000000000000000e+04 nan 5.861935463300629509e-15 nan 2.080158205647655052e+02 7.484606666666666115e+02
5.827000000000000000e+04 nan nan nan nan nan
5.827000000000000000e+04 nan nan nan nan nan
5.827000000000000000e+04 nan nan nan nan nan
5.827800000000000000e+04 nan 6.122772859814046721e-15 6.024699975652440294e-15 3.047239729279420999e+02 1.575376833333333252e+03
5.827800000000000000e+04 nan 6.161778368834932915e-15 6.052094575498419736e-15 3.072350980152197621e+02 1.601161000000000058e+03
5.827800000000000000e+04 nan 6.133295165898342741e-15 6.022387175200721066e-15 2.958188444798425394e+02 1.486188999999999851e+03
5.828600000000000000e+04 nan nan nan 3.258250486550907112e+02 1.796779999999999973e+03
5.829500000000000000e+04 nan nan nan 3.212647543971737605e+02 1.760378333333333330e+03
5.829500000000000000e+04 nan nan nan 3.149122535377846361e+02 1.689848333333333130e+03
5.829500000000000000e+04 nan nan nan 3.199643864940607614e+02 1.745151666666666870e+03
5.830700000000000000e+04 nan 5.391313991051033017e-15 nan 3.359290435800890009e+02 1.908618333333333339e+03
5.830700000000000000e+04 nan 5.350610707162058158e-15 nan 3.351910797481631903e+02 1.900348333333333130e+03
5.830700000000000000e+04 nan 5.344322366869289144e-15 nan 3.351234173715218958e+02 1.899208333333333258e+03
5.831400000000000000e+04 nan 5.207740872305025074e-15 nan 3.341487865681133371e+02 1.889141666666666652e+03
5.831400000000000000e+04 nan 5.217681296202222222e-15 nan 3.350869319069001335e+02 1.899726666666666688e+03
5.831400000000000000e+04 nan 5.236334681938443030e-15 nan 3.352340820789664804e+02 1.901375000000000000e+03
5.832100000000000000e+04 nan nan nan nan nan
5.832100000000000000e+04 nan nan nan nan nan
5.832100000000000000e+04 nan nan nan nan nan
5.832900000000000000e+04 nan 5.449438074747589761e-15 5.302201567223134442e-15 3.491290759487328614e+02 2.060776666666666642e+03
5.832900000000000000e+04 nan 5.431983794841597984e-15 5.258265321887842953e-15 3.487029435542546594e+02 2.058191666666666606e+03
5.832900000000000000e+04 nan 5.444107663037110988e-15 5.297000244062679262e-15 3.494721579259049804e+02 2.066568333333333612e+03
