5.769000000000000000e+04 2.065554021165625877e-15 2.125557229860874002e-15 2.116636989665645807e-15 1.299190411931473079e+02 3.520801666666666847e+02
5.769000000000000000e+04 2.024008539735716800e-15 2.094028920363439683e-15 2.084840872453880048e-15 1.063632450832458858e+02 3.453986666666666565e+02
5.769000000000000000e+04 2.075674937866074809e-15 2.119643819022191493e-15 2.097851746550225710e-15 1.303652080391277366e+02 3.510159999999999627e+02
5.770000000000000000e+04 nan nan nan nan nan
5.770000000000000000e+04 nan nan nan nan nan
5.770000000000000000e+04 nan nan nan nan nan
5.771400000000000000e+04 nan nan nan nan nan
5.771400000000000000e+04 2.124706429306218546e-15 2.167359868083972630e-15 2.160554374328956235e-15 7.982473898450231786e+01 3.345156666666666183e+02
5.771400000000000000e+04 nan nan nan nan nan
5.772400000000000000e+04 2.054384408856399449e-15 2.108742294306281643e-15 2.096175296253361665e-15 1.221504715865592345e+02 3.235165000000000077e+02
5.772400000000000000e+04 2.018926309933305089e-15 2.047128618348109140e-15 2.050444149959655964e-15 1.073540265523772490e+02 3.147185000000000059e+02
5.772400000000000000e+04 2.049503782389376440e-15 2.096124605506169236e-15 2.090976665924579807e-15 1.017921325350521755e+02 3.208086666666666815e+02
5.773500000000000000e+04 nan nan nan nan nan
5.773500000000000000e+04 nan nan nan nan nan
5.773500000000000000e+04 nan nan nan nan nan
5.774500000000000000e+04 nan nan nan nan nan
5.774500000000000000e+04 nan nan nan nan nan
5.774500000000000000e+04 nan nan nan nan nan
5.775600000000000000e+04 2.391805699656461029e-15 2.386602162662330785e-15 2.415255835101910658e-15 1.266346120053221682e+02 3.628109999999999786e+02
5.775600000000000000e+04 2.298959127404503602e-15 2.356343605481590991e-15 2.387171482436371490e-15 1.286254671681477078e+02 3.575533333333333417e+02
5.775600000000000000e+04 2.338266287469419716e-15 2.359741539273037540e-15 2.364575775372788279e-15 1.304125439685200831e+02 3.583165000000000191e+02
5.776700000000000000e+04 nan nan nan nan nan
5.776700000000000000e+04 nan nan nan nan nan
5.776700000000000000e+04 nan nan nan nan nan
5.777900000000000000e+04 nan nan nan nan nan
5.777900000000000000e+04 nan nan nan nan nan
5.777900000000000000e+04 nan nan nan nan nan
5.779000000000000000e+04 nan nan nan nan nan
5.779000000000000000e+04 nan nan nan nan nan
5.779000000000000000e+04 nan nan nan nan nan
5.780000000000000000e+04 nan nan nan nan nan
5.780000000000000000e+04 nan nan nan nan nan
5.780000000000000000e+04 nan nan nan nan nan
5.781400000000000000e+04 nan nan nan nan nan
5.781400000000000000e+04 nan nan nan nan nan
5.781400000000000000e+04 nan nan nan nan nan
5.784600000000000000e+04 nan nan nan nan nan
5.784600000000000000e+04 nan nan nan nan nan
5.784600000000000000e+04 nan nan nan nan nan
5.785700000000000000e+04 nan nan nan nan nan
5.785700000000000000e+04 nan nan nan nan nan
5.785700000000000000e+04 nan nan nan nan nan
5.786700000000000000e+04 nan nan nan nan nan
5.786700000000000000e+04 nan nan nan nan nan
5.786700000000000000e+04 nan nan nan nan nan
5.787600000000000000e+04 nan nan nan nan nan
5.787600000000000000e+04 nan nan nan nan nan
5.787600000000000000e+04 nan nan nan nan nan
5.797200000000000000e+04 nan nan nan nan nan
5.797200000000000000e+04 nan nan nan nan nan
5.797200000000000000e+04 nan nan nan nan nan
5.798200000000000000e+04 nan nan nan nan nan
5.798200000000000000e+04 nan nan nan nan nan
5.798200000000000000e+04 nan nan nan nan nan
5.799300000000000000e+04 2.061981864452847743e-15 2.479405899501954778e-15 2.339197581903596177e-15 1.011642692287758791e+02 3.148870000000000005e+02
5.799300000000000000e+04 2.063951875741886998e-15 2.525055031001422396e-15 2.394435757968517397e-15 1.207997464233838514e+02 3.176176666666667074e+02
5.799300000000000000e+04 2.057474584962433108e-15 2.507185929916565303e-15 2.362610451561343347e-15 1.064463198337760019e+02 3.205996666666666783e+02
5.800300000000000000e+04 nan nan nan nan nan
5.800300000000000000e+04 nan nan nan nan nan
5.800300000000000000e+04 nan nan nan nan nan
5.804700000000000000e+04 2.146459487753127191e-15 2.213396580079199129e-15 2.188501454343544367e-15 1.085837685762381994e+02 3.291818333333333157e+02
5.804700000000000000e+04 2.631581278765389122e-15 2.717761576662361775e-15 2.691032082699100098e-15 1.168101186816394659e+02 4.090856666666666683e+02
5.804700000000000000e+04 2.139975844731456045e-15 2.197926493496857535e-15 2.165924299196922554e-15 9.734717993082460907e+01 3.312453333333333489e+02
5.805700000000000000e+04 1.962975750146647049e-15 2.204844808824978341e-15 2.177074648413917491e-15 1.095967228175148591e+02 3.295573333333333039e+02
5.805700000000000000e+04 1.945618575871454750e-15 2.168295714014848939e-15 2.141550483673677285e-15 1.070385496278652511e+02 3.254158333333333530e+02
5.805700000000000000e+04 1.915657108803649621e-15 2.138356030738980665e-15 2.125512297887898764e-15 1.014932584011424268e+02 3.230768333333333544e+02
5.806700000000000000e+04 nan nan nan nan nan
5.806700000000000000e+04 nan nan nan nan nan
5.806700000000000000e+04 nan nan nan nan nan
5.807800000000000000e+04 2.181565434987044243e-15 2.198514781266716386e-15 2.207126847958282638e-15 1.167073235347739768e+02 3.201854999999999905e+02
5.807800000000000000e+04 2.192531698651316303e-15 2.223002296793022869e-15 2.214511741974208280e-15 1.177122641732940309e+02 3.219223333333333130e+02
5.807800000000000000e+04 2.186501256166910367e-15 2.214306461231072002e-15 2.222908253480588405e-15 1.292990230643094094e+02 3.199391666666666652e+02
5.808800000000000000e+04 nan nan nan nan nan
5.808800000000000000e+04 nan nan nan nan nan
5.808800000000000000e+04 nan nan nan nan nan
