5.750800000000000000e+04 1.551487595814342938e-14 nan nan 5.082623093471899551e+02 4.912526666666666642e+03
5.750800000000000000e+04 1.538270897333004342e-14 nan nan 5.369950014492929995e+02 5.427513333333333321e+03
5.750800000000000000e+04 1.514307616131079399e-14 nan nan 4.714222346728851107e+02 4.290123333333332994e+03
5.751100000000000000e+04 1.496154841831448410e-14 nan nan 7.257380821429790103e+02 9.261790000000000873e+03
5.751100000000000000e+04 1.502544289541160329e-14 nan nan 7.226301293403838599e+02 9.184741666666666788e+03
5.751100000000000000e+04 1.493428249371738052e-14 nan nan 7.289634468843023569e+02 9.344263333333334231e+03
5.751600000000000000e+04 nan nan nan nan nan
5.751600000000000000e+04 nan nan nan nan nan
5.751600000000000000e+04 nan nan nan nan nan
5.752000000000000000e+04 nan nan nan nan nan
5.752000000000000000e+04 nan nan nan nan nan
5.752000000000000000e+04 nan nan nan nan nan
5.752300000000000000e+04 1.604767651598405775e-14 nan nan 3.303003750752279757e+02 2.219408333333333303e+03
5.752300000000000000e+04 nan nan nan nan nan
5.752300000000000000e+04 1.551539580490843968e-14 nan nan 3.872245056326045187e+02 2.920326666666666824e+03
5.752900000000000000e+04 1.524540049112206421e-14 5.502777514688124615e-14 nan 7.257390437039351809e+02 9.926686666666666497e+03
5.752900000000000000e+04 1.535039104648437467e-14 5.442998188682838458e-14 nan 7.170199174950944325e+02 9.747144999999998618e+03
5.752900000000000000e+04 1.523205875136782355e-14 5.433372378463348713e-14 nan 7.155274710572386994e+02 9.703456666666666933e+03
5.753400000000000000e+04 1.522633004788130089e-14 nan nan 7.371830263725273653e+02 9.925928333333333285e+03
5.753400000000000000e+04 1.529053005503722199e-14 nan nan 7.353073552077311206e+02 9.886511666666665406e+03
5.753400000000000000e+04 1.530621249140965522e-14 nan nan 7.321685535985782280e+02 9.820296666666667079e+03
5.754600000000000000e+04 nan nan nan 7.371198537622714184e+02 9.487983333333333576e+03
5.754600000000000000e+04 nan nan nan 7.344753575674274089e+02 9.423331666666666933e+03
5.754600000000000000e+04 nan nan nan 7.350566440074967431e+02 9.437948333333333721e+03
5.755000000000000000e+04 1.517491453407963862e-14 2.462115322868409523e-13 nan 7.384289422058981245e+02 9.517340000000000146e+03
5.755000000000000000e+04 1.514905547155647789e-14 2.445139292640291483e-13 nan 7.420662353977874091e+02 9.608998333333332994e+03
5.755000000000000000e+04 1.507619254396787380e-14 1.857022314623035550e-13 nan 7.406071535550981935e+02 9.574420000000000073e+03
5.755400000000000000e+04 1.465281439741302607e-14 6.648007985159091248e-14 nan 5.548965558004020977e+02 5.711686666666666497e+03
5.755400000000000000e+04 1.477635336818991741e-14 6.740616288371154306e-14 nan 7.023572141571913789e+02 8.731728333333334376e+03
5.755400000000000000e+04 1.466950930189456517e-14 6.691941898732913080e-14 nan 5.727499739520410458e+02 6.060406666666666752e+03
5.755700000000000000e+04 1.498283841943222506e-14 6.549682948300256380e-14 nan 7.357221403856381130e+02 9.670291666666666060e+03
5.755700000000000000e+04 1.520415950433369871e-14 6.639680294577603750e-14 nan 7.449150670285770275e+02 9.889731666666666570e+03
5.755700000000000000e+04 1.519565731095677644e-14 6.655045171407944605e-14 nan 7.480363350608342898e+02 9.954440000000000509e+03
5.756100000000000000e+04 1.540428022469696488e-14 6.778010223277467453e-14 nan 7.383039214859787762e+02 1.023051500000000124e+04
5.756100000000000000e+04 1.542297836949079413e-14 6.803845391414217797e-14 nan 7.378461518693258085e+02 1.013286833333333379e+04
5.756100000000000000e+04 1.538257189032079725e-14 6.781198131934753637e-14 nan 7.349919252102498604e+02 1.009924166666666679e+04
5.756600000000000000e+04 1.505667614302222065e-14 6.874318499642660527e-14 nan 7.312239614431537120e+02 9.538140000000001237e+03
5.756600000000000000e+04 1.526979540515280136e-14 6.969280902686676905e-14 nan 7.431280127951284840e+02 9.830463333333334958e+03
5.756600000000000000e+04 1.520881662363886775e-14 7.003702163606225601e-14 nan 7.361900913129379660e+02 9.663026666666666642e+03
5.756900000000000000e+04 nan nan nan 6.797099507156651725e+02 8.158996666666666897e+03
5.756900000000000000e+04 nan nan nan 6.217502559902196708e+02 6.917513333333333321e+03
5.756900000000000000e+04 nan nan nan 6.817465790027225694e+02 8.205208333333333940e+03
5.757300000000000000e+04 nan nan nan nan nan
5.757300000000000000e+04 nan nan nan nan nan
5.757300000000000000e+04 nan nan nan 1.187636346202972959e+02 4.567201666666666711e+02
5.757600000000000000e+04 1.490385804288443314e-14 6.781986567925426190e-14 nan 7.406514185640871801e+02 9.553260000000000218e+03
5.757600000000000000e+04 1.490608018816541896e-14 6.779490546046504084e-14 nan 7.404638660787995832e+02 9.544918333333333067e+03
5.757600000000000000e+04 1.485821233192900243e-14 6.782995814780447013e-14 nan 7.360616835746282050e+02 9.435734999999998763e+03
5.758100000000000000e+04 nan nan nan nan nan
5.758100000000000000e+04 1.494433045478196626e-14 6.494713782187909634e-14 nan 7.326101671686253667e+02 9.346984999999998763e+03
5.758100000000000000e+04 nan nan nan nan nan
5.758400000000000000e+04 1.501227555796150243e-14 6.533223837313231764e-14 nan 7.384160714936513159e+02 9.558730000000001382e+03
5.758400000000000000e+04 1.493744678131809780e-14 6.518979221246346331e-14 nan 7.391305742968775121e+02 9.568843333333332339e+03
5.758400000000000000e+04 1.494150131940268249e-14 6.514211762259337824e-14 nan 7.389157001735471795e+02 9.558469999999999345e+03
5.758700000000000000e+04 1.528149996643397827e-14 6.504426806533594165e-14 nan 5.411862893719744534e+02 6.089463333333333139e+03
5.758700000000000000e+04 1.530729452318702751e-14 6.504404977629922587e-14 nan 5.194179295019747542e+02 5.721949999999999818e+03
5.758700000000000000e+04 1.532014477772568918e-14 6.542287989097242985e-14 nan 5.359207485559037423e+02 6.025154999999999745e+03
5.759000000000000000e+04 1.491215430947484105e-14 6.761878280562235499e-14 nan 5.688606686430372292e+02 7.342636666666667224e+03
5.759000000000000000e+04 1.443105750921121670e-14 6.556895487703618384e-14 nan 4.244461361781674782e+02 5.212003333333333103e+03
5.759000000000000000e+04 1.478145736483659838e-14 6.633449183917502081e-14 nan 4.834932962264661001e+02 5.972520000000000437e+03
5.759300000000000000e+04 1.505237548810123338e-14 nan nan 7.316617363768424411e+02 9.680276666666666642e+03
5.759300000000000000e+04 1.514363344374689493e-14 nan nan 7.293260494494516024e+02 9.635876666666667006e+03
5.759300000000000000e+04 1.500587042285952547e-14 nan nan 7.330132559113949355e+02 9.694663333333333867e+03
5.759700000000000000e+04 1.512994462068136267e-14 6.559276625376405314e-14 nan 4.679007761426288425e+02 4.061251666666666551e+03
5.759700000000000000e+04 1.510707788963817053e-14 6.648023243317356402e-14 nan 3.056714905099212274e+02 1.932466666666666697e+03
5.759700000000000000e+04 1.510728960359668219e-14 6.540412226209091395e-14 nan 3.282231606955737107e+02 2.165833333333333485e+03
5.760000000000000000e+04 1.456491028297518831e-14 nan nan 7.194778697794105256e+02 9.033468333333332339e+03
5.760000000000000000e+04 nan nan nan nan nan
5.760000000000000000e+04 nan nan nan nan nan
5.760300000000000000e+04 1.474405865958801922e-14 nan nan 7.035912463361928531e+02 8.661770000000000437e+03
5.760300000000000000e+04 nan nan nan 6.997697204327446343e+02 8.571215000000000146e+03
5.760300000000000000e+04 nan nan nan 7.023842848727399542e+02 8.639879999999999200e+03
5.760600000000000000e+04 1.541553114476562749e-14 7.162692420368967124e-14 nan 6.818713018056267856e+02 8.191751666666666097e+03
5.760600000000000000e+04 1.546506441213870889e-14 7.224525641379407572e-14 nan 6.884919267295247209e+02 8.321648333333334449e+03
5.760600000000000000e+04 1.538159173203161543e-14 7.188327537741677011e-14 nan 6.849120903881188269e+02 8.248030000000000655e+03
5.760900000000000000e+04 1.557611701583280766e-14 7.252540708189876433e-14 nan 6.973031737259052534e+02 8.607386666666667224e+03
5.760900000000000000e+04 1.530939230949161114e-14 7.222724976450743921e-14 nan 6.857889258451283467e+02 8.550459999999999127e+03
5.760900000000000000e+04 1.529759862868992625e-14 7.191382108516020397e-14 nan 6.888137642777118117e+02 8.481336666666666133e+03
5.761300000000000000e+04 1.566202098574910967e-14 nan nan 7.231722452702840656e+02 9.303923333333334085e+03
5.761300000000000000e+04 1.560230583164480424e-14 nan nan 7.184428969070991116e+02 9.185498333333332994e+03
5.761300000000000000e+04 1.565060745925705966e-14 nan nan 7.013893507612654048e+02 8.777083333333333940e+03
5.761600000000000000e+04 1.520893615621285676e-14 6.557721860234922671e-14 nan 6.914682574741470944e+02 9.248305000000000291e+03
5.761600000000000000e+04 1.508408310972942287e-14 6.458602476376446493e-14 nan 6.836101544509181167e+02 9.003244999999998981e+03
5.761600000000000000e+04 1.517766791143007540e-14 6.501510682394670667e-14 nan 6.855743004889220629e+02 9.160734999999998763e+03
5.761900000000000000e+04 1.504276440869363757e-14 6.799673056877582741e-14 nan 6.334057911147704090e+02 8.716673333333334085e+03
5.761900000000000000e+04 1.515038873695193916e-14 6.845854999307111448e-14 nan 6.347105647022309540e+02 8.736156666666667661e+03
5.761900000000000000e+04 1.509016396968679612e-14 6.819380204984190547e-14 nan 6.363239517409631389e+02 8.779315000000000509e+03
5.762300000000000000e+04 1.512505689983918701e-14 nan nan 7.284941102131314210e+02 9.348418333333333067e+03
5.762300000000000000e+04 1.537128098686165237e-14 nan nan 7.400605023554782065e+02 9.635626666666667006e+03
5.762300000000000000e+04 1.546429285032460656e-14 nan nan 7.382859177529455792e+02 9.588430000000000291e+03
5.762600000000000000e+04 nan nan nan nan nan
5.762600000000000000e+04 nan nan nan nan nan
5.762600000000000000e+04 nan nan nan nan nan
5.762900000000000000e+04 nan nan nan 7.293694437832518815e+02 9.269136666666665406e+03
5.762900000000000000e+04 nan nan nan 7.284140572942645804e+02 9.247441666666667516e+03
5.762900000000000000e+04 nan nan nan 7.312702016791672577e+02 9.316291666666666060e+03
5.763200000000000000e+04 1.551860360383623247e-14 nan nan 7.073474141246755380e+02 8.761916666666666060e+03
5.763200000000000000e+04 1.547634918857031274e-14 nan nan 7.083953489553928193e+02 8.786093333333332339e+03
5.763200000000000000e+04 1.548131950067029804e-14 nan nan 7.053077597050934173e+02 8.712790000000000873e+03
5.769000000000000000e+04 1.558131337290626153e-14 nan nan 7.106057029115424939e+02 8.828496666666667807e+03
5.769000000000000000e+04 1.551580855071734775e-14 nan nan 7.104324807988768953e+02 8.821373333333332994e+03
5.769000000000000000e+04 1.562029234782207181e-14 nan nan 6.999774182484567291e+02 8.578149999999999636e+03
5.769400000000000000e+04 1.610514631853287025e-14 nan nan 6.113501487394077003e+02 6.692240000000000691e+03
5.769400000000000000e+04 1.621824851761739303e-14 nan nan 6.111610105365775780e+02 6.687611666666666679e+03
5.769400000000000000e+04 1.601728685618831262e-14 nan nan 6.123899593872391733e+02 6.713476666666666461e+03
5.770000000000000000e+04 1.533339264282331817e-14 1.043653759612314377e-13 nan 6.923551419675917487e+02 8.680456666666666933e+03
5.770000000000000000e+04 1.535315350091868135e-14 7.753796173827474968e-14 nan 6.929218853063107417e+02 8.703703333333332921e+03
5.770000000000000000e+04 1.540869115445232909e-14 1.760830462884409819e-13 nan 6.946562011598072104e+02 8.723378333333334012e+03
5.770300000000000000e+04 1.558854357605428817e-14 nan nan 6.348951911077674595e+02 7.909868333333332885e+03
5.770300000000000000e+04 1.556926615948617364e-14 nan nan 6.380970211226568836e+02 7.957648333333333539e+03
5.770300000000000000e+04 1.545136015154286309e-14 nan nan 6.360573491324344104e+02 7.921058333333333394e+03
5.770700000000000000e+04 1.576855647557460060e-14 nan nan 5.039789178674718073e+02 5.976196666666666715e+03
5.770700000000000000e+04 1.538136291990481348e-14 nan nan 5.001362196219671432e+02 5.920438333333333503e+03
5.770700000000000000e+04 1.559007152577825728e-14 nan nan 4.987054249399816968e+02 5.918713333333333139e+03
5.771100000000000000e+04 nan nan nan 6.092451446860582109e+02 6.946338333333333139e+03
5.771100000000000000e+04 nan nan nan 6.194500239503657895e+02 7.057698333333333721e+03
5.771100000000000000e+04 nan nan nan 6.136696721533641039e+02 6.978304999999999382e+03
5.771400000000000000e+04 1.557851564012750256e-14 nan nan 5.875800534084378342e+02 6.172961666666667043e+03
5.771400000000000000e+04 1.562689739365466680e-14 nan nan 5.851451768452440092e+02 6.126608333333333576e+03
5.771400000000000000e+04 1.552326802519901448e-14 nan nan 5.889689396433195725e+02 6.202861666666666679e+03
5.772000000000000000e+04 nan nan nan 6.079133702257670393e+02 6.600661666666666861e+03
5.772000000000000000e+04 nan nan nan 6.083713606339497346e+02 6.612361666666666679e+03
5.772000000000000000e+04 nan nan nan 6.064829295247002392e+02 6.575228333333333467e+03
5.772400000000000000e+04 1.531758837143767216e-14 nan nan 5.622516581739467938e+02 5.707716666666666242e+03
5.772400000000000000e+04 1.546475437221072776e-14 nan nan 5.696600082505555065e+02 5.847978333333333467e+03
5.772800000000000000e+04 1.538059491835547747e-14 nan nan 6.396054278280977314e+02 7.374378333333333103e+03
5.772800000000000000e+04 1.534236817926541627e-14 nan nan 6.373434973925747045e+02 7.326229999999999563e+03
5.772800000000000000e+04 1.532205736579799830e-14 nan nan 6.404013734226969063e+02 7.391818333333332703e+03
5.773300000000000000e+04 1.529022664299510033e-14 nan nan 6.007190820568376921e+02 7.113443333333332703e+03
5.773300000000000000e+04 1.540011330456904872e-14 nan nan 5.463938858567211128e+02 6.121391666666666424e+03
5.773300000000000000e+04 1.552580039193228155e-14 nan nan 5.903793695281403870e+02 6.915876666666666097e+03
5.773600000000000000e+04 1.262157936318643994e-14 nan nan 5.416729052264828397e+02 6.550371666666666897e+03
5.773600000000000000e+04 1.251018037406569998e-14 nan nan 5.352536585626252190e+02 6.453783333333333758e+03
5.773600000000000000e+04 1.225878778926674132e-14 nan nan 5.338395295236369975e+02 6.440875000000000000e+03
5.773900000000000000e+04 1.503876546283650050e-14 6.899492145064019563e-14 nan 5.888884908212711480e+02 6.678546666666666169e+03
5.773900000000000000e+04 1.517753873077996052e-14 6.955986520127943898e-14 nan 5.913915527322097887e+02 6.712659999999999854e+03
5.773900000000000000e+04 1.519503370505617443e-14 6.962550144912967459e-14 nan 5.926792196534081540e+02 6.720309999999999491e+03
5.774200000000000000e+04 1.549271315774688968e-14 nan nan 6.114371941253950808e+02 6.651453333333333831e+03
5.774200000000000000e+04 1.527504262932201205e-14 nan nan 6.134025657129582214e+02 6.688946666666666715e+03
5.774200000000000000e+04 1.527802145264666960e-14 nan nan 6.149852080503069374e+02 6.721001666666666097e+03
5.774600000000000000e+04 1.460611562801584835e-14 nan nan 6.357251463250321422e+02 7.616581666666666933e+03
5.774600000000000000e+04 1.520390775917446435e-14 nan nan 6.540079356284734331e+02 7.757829999999999927e+03
5.774600000000000000e+04 1.487430910865780313e-14 nan nan 6.444917416866685471e+02 7.654093333333333248e+03
5.774900000000000000e+04 1.632732049842964411e-14 nan nan 5.748680233658100178e+02 5.935903333333333649e+03
5.774900000000000000e+04 1.621756724394670766e-14 nan nan 5.788237369347081085e+02 6.010765000000000327e+03
5.774900000000000000e+04 1.618658193881109991e-14 nan nan 5.816381574404381354e+02 6.068281666666666752e+03
5.775200000000000000e+04 1.502875201449623810e-14 6.868298929108879250e-14 nan 5.997624564439721553e+02 6.426565000000000509e+03
5.775200000000000000e+04 1.511791714451728167e-14 6.896831293875912749e-14 nan 6.001576056026154902e+02 6.433748333333333903e+03
5.775200000000000000e+04 1.517813612238384858e-14 6.958294321529363258e-14 nan 5.959931662537622969e+02 6.351058333333333394e+03
5.785700000000000000e+04 nan nan nan nan nan
5.785700000000000000e+04 nan nan nan nan nan
5.785700000000000000e+04 nan nan nan nan nan
5.787300000000000000e+04 nan nan nan nan nan
5.787300000000000000e+04 nan nan nan 3.945496485767664012e+02 2.981345000000000255e+03
5.787300000000000000e+04 1.557505173021607000e-14 nan nan 2.975842191394158931e+02 1.817703333333333376e+03
5.787600000000000000e+04 1.514143083238110904e-14 nan nan 7.732048493430492044e+02 1.041613166666666621e+04
5.787600000000000000e+04 1.509896790786904183e-14 nan nan 7.681079251596456743e+02 1.028476333333333423e+04
5.787600000000000000e+04 1.508756167110659580e-14 nan nan 7.728381109068025125e+02 1.040360999999999876e+04
5.790300000000000000e+04 1.425442766814225979e-14 6.496033223557248208e-14 nan 6.973692887955683091e+02 8.517219999999999345e+03
5.790300000000000000e+04 1.439048531577278167e-14 6.522200040447850053e-14 nan 7.083290641843390176e+02 8.774006666666666206e+03
5.790300000000000000e+04 1.419283202378079925e-14 6.459457884159864393e-14 nan 6.970428744331948110e+02 8.509774999999999636e+03
5.790600000000000000e+04 1.536970269378460433e-14 7.018890309652088411e-14 nan 7.306803522775095416e+02 9.336981666666666570e+03
5.790600000000000000e+04 1.538299090771158645e-14 6.974960271704784419e-14 nan 7.369080562020764091e+02 9.490061666666666497e+03
5.790600000000000000e+04 1.546032705995499612e-14 7.049688335581989115e-14 nan 7.391693879011689887e+02 9.549668333333333067e+03
5.790900000000000000e+04 nan nan nan nan nan
5.790900000000000000e+04 nan nan nan nan nan
5.790900000000000000e+04 nan nan nan nan nan
5.791300000000000000e+04 nan nan nan 6.782432911443056582e+02 8.696906666666667661e+03
5.791300000000000000e+04 nan nan nan 6.851523123559059059e+02 8.838693333333332703e+03
5.791300000000000000e+04 nan nan nan 6.772667798245175845e+02 8.675956666666666933e+03
5.791600000000000000e+04 nan nan nan 6.953109090495643159e+02 9.035541666666666060e+03
5.791600000000000000e+04 nan nan nan 6.930916084398093062e+02 8.918331666666666933e+03
5.791600000000000000e+04 nan nan nan 6.891689350800079410e+02 8.866010000000000218e+03
5.792200000000000000e+04 nan nan nan 2.401236421434500414e+02 1.310913666666666813e+03
5.792200000000000000e+04 nan nan nan 2.239746784656279033e+02 1.174143166666666502e+03
5.792200000000000000e+04 nan nan nan 1.498934026720828285e+02 6.435946666666666260e+02
5.792500000000000000e+04 1.529409813405902000e-14 nan nan 6.290789378218668162e+02 7.001021666666666533e+03
5.792500000000000000e+04 1.525517147348568868e-14 nan nan 6.492493089327230109e+02 7.433170000000000073e+03
5.792500000000000000e+04 1.557753541458310391e-14 nan nan 6.494761558036598217e+02 7.437471666666666351e+03
5.793300000000000000e+04 1.721148350999833978e-14 6.409785239978805004e-14 nan 6.431790201104030302e+02 7.294096666666666351e+03
5.793300000000000000e+04 1.700218585674631898e-14 nan nan 6.523933949939415697e+02 7.487603333333333467e+03
5.793300000000000000e+04 1.730931330220515794e-14 6.564346321969466955e-14 nan 6.369199490336247891e+02 7.152183333333333394e+03
5.793600000000000000e+04 nan nan nan 7.182488601983184253e+02 8.989015000000001237e+03
5.793600000000000000e+04 nan nan nan 7.240459618075268509e+02 9.128646666666667443e+03
5.793600000000000000e+04 nan nan nan 7.081481167874143239e+02 8.749128333333332193e+03
5.794200000000000000e+04 nan nan nan nan nan
5.794200000000000000e+04 nan nan nan nan nan
5.794200000000000000e+04 nan nan nan nan nan
5.794500000000000000e+04 nan nan nan 5.582101369452715289e+02 6.519574999999999818e+03
5.794500000000000000e+04 nan nan nan 5.609810269570112951e+02 6.516766666666666424e+03
5.794500000000000000e+04 nan nan nan 5.714455777719018670e+02 6.811996666666666897e+03
5.794800000000000000e+04 1.552241819475937596e-14 nan nan 7.111700278417872596e+02 8.999561666666666497e+03
5.794800000000000000e+04 1.567789488737934525e-14 nan nan 7.011598284181969802e+02 8.769943333333332703e+03
5.794800000000000000e+04 1.561761595502036985e-14 nan nan 7.019304342022051060e+02 8.788003333333332193e+03
5.795100000000000000e+04 1.538006001354107994e-14 6.895125359753682336e-14 nan 6.931643734828213610e+02 8.449686666666666497e+03
5.795100000000000000e+04 1.516571117330291392e-14 6.908773881563922639e-14 nan 6.762314309356971762e+02 8.056029999999999745e+03
5.795100000000000000e+04 1.524608089954612105e-14 6.842617357782487963e-14 nan 6.887603477101687304e+02 8.344340000000000146e+03
5.795400000000000000e+04 1.550307036061019616e-14 6.597442787285230158e-14 nan 6.237543904229776217e+02 6.895568333333332703e+03
5.795400000000000000e+04 1.548207759699541080e-14 6.639227640786993079e-14 nan 6.226909755310505261e+02 6.869529999999999745e+03
5.795400000000000000e+04 1.566411949417549866e-14 6.655134556989573170e-14 nan 5.744850075367933186e+02 5.913228333333333467e+03
5.795800000000000000e+04 nan nan nan nan nan
5.795800000000000000e+04 nan nan nan 7.252029964548138423e+02 9.159493333333333794e+03
5.795800000000000000e+04 nan nan nan nan nan
5.796200000000000000e+04 1.563949744979838676e-14 nan nan 6.603128382276041748e+02 7.669718333333333248e+03
5.796200000000000000e+04 1.566651991527842415e-14 nan nan 6.500939079872383672e+02 7.444978333333333467e+03
5.796200000000000000e+04 1.580118088527359348e-14 nan nan 5.811044538837239770e+02 6.043546666666666169e+03
5.796500000000000000e+04 nan nan nan 2.904637459395926840e+02 1.754799999999999955e+03
5.796500000000000000e+04 nan nan nan 2.594553954548572960e+02 1.456640666666666675e+03
5.796500000000000000e+04 nan nan nan 3.479410214237089463e+02 2.380968333333333248e+03
5.797000000000000000e+04 nan nan nan 7.237427088501941626e+02 9.500363333333334594e+03
5.797000000000000000e+04 nan nan nan 7.297141297985792789e+02 9.642026666666666642e+03
5.797000000000000000e+04 nan nan nan 7.284363064373253565e+02 9.616011666666665406e+03
5.797300000000000000e+04 1.524354967483323700e-14 nan nan 6.340077564158256109e+02 8.885684999999999491e+03
5.797300000000000000e+04 1.539096512450993771e-14 nan nan 6.256430382072194334e+02 8.820691666666667516e+03
5.797300000000000000e+04 1.523848056477027874e-14 nan nan 5.590224994080784882e+02 7.778836666666667043e+03
5.798000000000000000e+04 1.476198077309829851e-14 6.745838978188803451e-14 nan 6.983695436771089362e+02 8.557350000000000364e+03
5.798000000000000000e+04 1.474040721825914308e-14 6.782362976818564798e-14 nan 7.100058873009156741e+02 8.828281666666667661e+03
5.798000000000000000e+04 1.475878990248347472e-14 6.733684797476004152e-14 nan 7.071248307373406305e+02 8.760709999999999127e+03
5.798300000000000000e+04 nan nan nan 7.169546467892558894e+02 8.982260000000000218e+03
5.798300000000000000e+04 nan nan nan 7.220304922001935211e+02 9.107331666666666933e+03
5.798300000000000000e+04 nan nan nan 7.187557543815415784e+02 9.021450000000000728e+03
5.798600000000000000e+04 1.505107699616076362e-14 nan nan 6.802463889841648097e+02 8.140831666666666933e+03
5.798600000000000000e+04 1.504864336779205968e-14 nan nan 6.859922505252533256e+02 8.271950000000000728e+03
5.798600000000000000e+04 1.461428823980144824e-14 nan nan 6.862505418775822363e+02 8.275666666666666060e+03
5.799000000000000000e+04 nan nan nan 7.150587094257125500e+02 8.917869999999998981e+03
5.799000000000000000e+04 nan nan nan 7.127524911023596133e+02 8.863958333333333940e+03
5.799000000000000000e+04 nan nan nan 7.132360047385710686e+02 8.874068333333332703e+03
5.799300000000000000e+04 1.510396692444724964e-14 6.558935760477389919e-14 nan 7.180262478633550245e+02 8.991188333333333503e+03
5.799300000000000000e+04 1.531730222458833158e-14 6.659197970692039615e-14 nan 7.246651956440492768e+02 9.149051666666666279e+03
5.799300000000000000e+04 1.534720009775125552e-14 6.684407587625676079e-14 nan 7.250231446934338919e+02 9.157680000000000291e+03
5.799600000000000000e+04 nan nan nan nan nan
5.799600000000000000e+04 1.482774199362596706e-14 6.580690571980992341e-14 nan 3.372457557826015204e+02 2.659143333333333430e+03
5.799600000000000000e+04 nan nan nan nan nan
5.800000000000000000e+04 1.517202876654152884e-14 6.589100748555029816e-14 nan 6.779381988152538270e+02 9.013353333333332557e+03
5.800000000000000000e+04 1.533860055227546485e-14 6.662344148893154930e-14 nan 6.956207732298404380e+02 9.366950000000000728e+03
5.800000000000000000e+04 1.524835434061229902e-14 6.581740456157665302e-14 nan 6.869744996313087313e+02 9.196760000000000218e+03
5.800300000000000000e+04 1.651205244336405959e-14 6.096954025034970229e-14 nan 6.649456441143469192e+02 8.485790000000000873e+03
5.800300000000000000e+04 1.652819969277971617e-14 9.126319820601861025e-14 nan 6.653113766692974878e+02 8.530948333333333721e+03
5.800300000000000000e+04 1.721545707401350698e-14 5.711344121509077777e-14 nan 6.434044498537180061e+02 7.980426666666666279e+03
5.800700000000000000e+04 nan nan nan 7.109195649202787308e+02 8.825640000000001237e+03
5.800700000000000000e+04 nan nan nan 7.029068752273827840e+02 8.637709999999999127e+03
5.800700000000000000e+04 nan nan nan 6.984902483799714901e+02 8.532703333333332921e+03
5.801000000000000000e+04 1.528997743701533025e-14 6.680161654395776489e-14 nan 7.246963133713655907e+02 9.173913333333333867e+03
5.801000000000000000e+04 1.507931870267493276e-14 6.568395300976330127e-14 nan 7.176202459621093794e+02 8.999831666666666933e+03
5.801000000000000000e+04 1.499701128089101925e-14 6.555913551266422920e-14 nan 7.180398183178569980e+02 9.012613333333334594e+03
5.801700000000000000e+04 1.544983630184477419e-14 6.756294782749066411e-14 nan 7.272133855095814852e+02 9.233136666666665406e+03
5.801700000000000000e+04 1.545017984370056126e-14 6.765868564002587674e-14 nan 7.240156809434796514e+02 9.160598333333333358e+03
5.801700000000000000e+04 1.516106160208301245e-14 6.585806637389466540e-14 nan 7.135267406382018862e+02 8.903213333333334958e+03
5.802100000000000000e+04 1.537054069003962977e-14 6.595884676574120651e-14 nan 6.834689602756179738e+02 8.845626666666667006e+03
5.802100000000000000e+04 1.530329305588102793e-14 6.610346109976887215e-14 nan 6.843023998003891393e+02 8.903431666666667297e+03
5.802100000000000000e+04 1.534314968877521466e-14 6.606152552750478213e-14 nan 6.835363595216916792e+02 8.811108333333333576e+03
5.802400000000000000e+04 1.614633272306275889e-14 nan nan 5.107657272631145702e+02 4.990125000000000000e+03
5.802400000000000000e+04 1.623111438599086411e-14 nan nan 5.242845343619831056e+02 5.216503333333333103e+03
5.802400000000000000e+04 1.627224881480793082e-14 nan nan 5.349370198217258121e+02 5.392283333333333758e+03
5.802700000000000000e+04 1.617514665466879277e-14 nan nan 6.353765458000478930e+02 7.767295000000000073e+03
5.802700000000000000e+04 1.617974582247485726e-14 nan nan 6.332497203697992063e+02 7.691713333333333139e+03
5.802700000000000000e+04 1.612247116798442256e-14 nan nan 6.312659682513551616e+02 7.618858333333333576e+03
5.804700000000000000e+04 nan nan nan 6.701639844743643835e+02 7.925829999999999927e+03
5.804700000000000000e+04 nan nan nan 6.714126538782902571e+02 7.957616666666666788e+03
5.804700000000000000e+04 nan nan nan 6.703088597949349605e+02 7.933506666666667115e+03
5.805000000000000000e+04 1.784674118666675576e-14 8.815613459721951945e-14 nan 3.876938497984722858e+02 2.894903333333333649e+03
5.805000000000000000e+04 1.771260663970165784e-14 8.761648100264968200e-14 nan 6.136281950302196719e+02 6.692865000000000691e+03
5.805000000000000000e+04 1.767636801265224117e-14 8.706569551280625152e-14 nan 6.409810986764152858e+02 7.265156666666666752e+03
5.805300000000000000e+04 nan nan nan 6.318377187069550018e+02 7.081458333333333030e+03
5.805300000000000000e+04 nan nan nan 5.062415301714081011e+02 4.696813333333333503e+03
5.805300000000000000e+04 nan nan nan 6.355870761267863145e+02 7.158414999999999964e+03
5.805600000000000000e+04 1.568288521513819383e-14 7.142918660091628363e-14 nan 6.051113393111027108e+02 6.655018333333332521e+03
5.805600000000000000e+04 1.567005503144573490e-14 7.131876493254651792e-14 nan 6.002101605725714535e+02 6.538829999999999927e+03
5.805600000000000000e+04 1.541162633169425845e-14 7.013583451874595450e-14 nan 6.037162575180595923e+02 6.589708333333333030e+03
5.806200000000000000e+04 nan nan nan 6.076275451555534346e+02 7.488303333333333285e+03
5.806200000000000000e+04 nan nan nan 6.068986021214114999e+02 7.479218333333333248e+03
5.806200000000000000e+04 nan nan nan 6.040047893477129719e+02 7.426273333333333539e+03
5.806500000000000000e+04 nan nan nan 6.073461495340822012e+02 6.920321666666666715e+03
5.806500000000000000e+04 nan nan nan 5.976842472681546496e+02 6.738753333333333103e+03
5.806500000000000000e+04 nan nan nan 6.119663979634484576e+02 6.996921666666666169e+03
5.806800000000000000e+04 nan nan nan 6.323077481592818003e+02 7.105353333333333467e+03
5.806800000000000000e+04 nan nan nan 6.382285392339006194e+02 7.223776666666666642e+03
5.806800000000000000e+04 nan nan nan 6.362865867956851389e+02 7.181188333333333503e+03
5.807100000000000000e+04 nan nan nan 6.199461323742123113e+02 6.833836666666667043e+03
5.807100000000000000e+04 nan nan nan 6.184904307529401422e+02 6.808159999999999854e+03
5.807100000000000000e+04 nan nan nan 6.178293132495250575e+02 6.793603333333333467e+03
5.807500000000000000e+04 1.506525061719282495e-14 6.907239571330801758e-14 nan 6.239941450176428361e+02 6.905011666666667224e+03
5.807500000000000000e+04 1.514053964227382506e-14 7.073703550257965462e-14 nan 6.255423151286900065e+02 6.936878333333333103e+03
5.807500000000000000e+04 1.498439386836107422e-14 6.973916368836163562e-14 nan 6.217794003211030258e+02 6.860203333333333831e+03
5.807800000000000000e+04 1.566264890131545318e-14 nan nan 6.037041982057453424e+02 6.516863333333332776e+03
5.807800000000000000e+04 1.558980219226966230e-14 nan nan 5.998861298673355122e+02 6.440696666666666715e+03
5.807800000000000000e+04 1.561108963465671878e-14 nan nan 6.062644256109158505e+02 6.567475000000000364e+03
5.808200000000000000e+04 nan nan nan 5.885435781841489415e+02 6.212090000000000146e+03
5.808200000000000000e+04 nan nan nan 5.093011073111479732e+02 4.752998333333333903e+03
5.808200000000000000e+04 nan nan nan 5.759123197463690076e+02 5.967448333333333721e+03
5.808600000000000000e+04 1.545189887773443121e-14 nan nan 5.505001964457636632e+02 6.163103333333333467e+03
5.808600000000000000e+04 1.562710399112349050e-14 nan nan 5.584389958191742380e+02 6.304758333333333212e+03
5.809000000000000000e+04 1.506044670510857744e-14 6.898678072879778412e-14 nan 4.903961043705658653e+02 5.612451666666665915e+03
5.809400000000000000e+04 1.585708546751223632e-14 7.196148274979705753e-14 nan 5.981717924475211703e+02 6.792520000000000437e+03
5.809400000000000000e+04 1.571789105180574453e-14 7.271563829724129456e-14 nan 5.971901267810374065e+02 6.786250000000000000e+03
5.809400000000000000e+04 1.576688123541827546e-14 7.200294352655440805e-14 nan 6.023870117907232498e+02 6.862838333333333139e+03
5.811200000000000000e+04 nan nan nan 6.385068179413323151e+02 7.371865000000000691e+03
5.811200000000000000e+04 nan nan nan 6.403278584558743205e+02 7.415586666666667043e+03
5.811200000000000000e+04 nan nan nan 6.397854095363328497e+02 7.403988333333332776e+03
5.811500000000000000e+04 1.586662063008578126e-14 nan nan 6.108060375879031199e+02 6.929115000000000691e+03
5.811500000000000000e+04 1.584294964546832785e-14 nan nan 6.104703850919058823e+02 6.927856666666667479e+03
5.811500000000000000e+04 1.586887421399664887e-14 nan nan 6.079823899398877529e+02 6.882268333333332521e+03
5.811800000000000000e+04 1.500545843642166793e-14 6.895582621321895249e-14 nan 5.699162335934092880e+02 6.514198333333333721e+03
5.811800000000000000e+04 1.508250569616708954e-14 6.902114984200951294e-14 nan 5.726655525793059951e+02 6.553881666666667115e+03
5.811800000000000000e+04 1.509497939227739401e-14 6.861511191019784006e-14 nan 5.725480254790818435e+02 6.543065000000000509e+03
5.822300000000000000e+04 1.556971355864778007e-14 6.882070521888361638e-14 nan 6.076301260745167383e+02 6.597029999999999745e+03
5.822300000000000000e+04 1.573051079290518928e-14 6.904575456221634633e-14 nan 6.085142394639671011e+02 6.614596666666666351e+03
5.822300000000000000e+04 1.558003346128017159e-14 6.797278312965516869e-14 nan 6.049934604099089483e+02 6.537119999999999891e+03
5.823500000000000000e+04 nan nan nan nan nan
5.823500000000000000e+04 1.585627599884877396e-14 4.532006722286032143e-14 nan 3.749557075774408190e+02 2.764653333333333649e+03
5.823900000000000000e+04 nan nan nan nan nan
5.823900000000000000e+04 nan nan nan nan nan
5.823900000000000000e+04 nan nan nan nan nan
5.824400000000000000e+04 nan nan nan nan nan
5.824400000000000000e+04 nan nan nan nan nan
5.824400000000000000e+04 nan nan nan nan nan
5.825800000000000000e+04 nan nan nan 5.257634151328497865e+02 5.016289999999999964e+03
5.825800000000000000e+04 nan nan nan 5.731555957190187200e+02 5.882358333333333576e+03
5.825800000000000000e+04 nan nan nan 5.277193465279652855e+02 5.051778333333333649e+03
5.826200000000000000e+04 1.532148084912022571e-14 nan nan 5.946717569000267076e+02 6.287296666666666169e+03
5.826200000000000000e+04 1.530851741673993941e-14 nan nan 5.984549014120441370e+02 6.360636666666667224e+03
5.826200000000000000e+04 1.529653295721951572e-14 nan nan 5.981817954574875102e+02 6.358211666666667043e+03
5.826500000000000000e+04 nan nan nan 6.076911402268796110e+02 6.813854999999999563e+03
5.826500000000000000e+04 nan nan nan 6.066373116195580906e+02 6.799491666666666788e+03
5.826500000000000000e+04 nan nan nan 6.029339622443346798e+02 6.728699999999999818e+03
5.827000000000000000e+04 nan nan nan nan nan
5.827100000000000000e+04 1.491970101378123086e-14 3.771447396867777302e-14 nan 5.291101442502194914e+02 5.910850000000000364e+03
5.827100000000000000e+04 nan nan nan nan nan
5.827100000000000000e+04 1.498241037703480237e-14 3.681480521843332779e-14 nan 5.336972676070328134e+02 5.977966666666666242e+03
5.827400000000000000e+04 1.562095652191141821e-14 6.818212881329440269e-14 nan 5.960253293640530501e+02 6.757781666666666752e+03
5.827400000000000000e+04 1.549165067310933615e-14 6.812004543144914758e-14 nan 5.854604049887411747e+02 6.559588333333333139e+03
5.827400000000000000e+04 1.567655782957151173e-14 6.833525461775379252e-14 nan 5.929323297621629081e+02 6.700320000000000618e+03
5.827700000000000000e+04 1.454175845861561788e-14 6.588931700803947761e-14 nan 5.928541192370022372e+02 6.373666666666666970e+03
5.827700000000000000e+04 1.452329832888312625e-14 6.623650924014273424e-14 nan 5.851010636738177482e+02 6.220861666666666679e+03
5.827700000000000000e+04 1.464288107472350505e-14 6.559497530929515282e-14 nan 5.938185150794848823e+02 6.393733333333333576e+03
5.828400000000000000e+04 nan nan nan 5.996031194995458691e+02 6.393658333333333758e+03
5.828400000000000000e+04 nan nan nan 5.955767819489961994e+02 6.310233333333333576e+03
5.828400000000000000e+04 nan nan nan 6.050922349359083228e+02 6.499306666666667297e+03
5.828800000000000000e+04 nan nan nan 5.946144861432464950e+02 6.286449999999999818e+03
5.828800000000000000e+04 nan nan nan 5.994131054112334596e+02 6.382918333333333067e+03
5.828800000000000000e+04 nan nan nan 6.035230476099212638e+02 6.466953333333333831e+03
5.829100000000000000e+04 nan nan nan 5.858813858791960456e+02 6.128123333333333903e+03
5.829100000000000000e+04 nan nan nan 5.828375840714783180e+02 6.067716666666666242e+03
5.829100000000000000e+04 nan nan nan 5.831126639426548763e+02 6.072813333333333503e+03
5.829400000000000000e+04 nan nan nan 5.708929950132567228e+02 6.125633333333333212e+03
5.829400000000000000e+04 nan nan nan 5.674382160041876659e+02 6.062618333333332885e+03
5.829400000000000000e+04 nan nan nan 5.624911059826275732e+02 5.977243333333332885e+03
5.829700000000000000e+04 1.548896689838373946e-14 6.682826889312718835e-14 nan 5.933877875934264239e+02 6.927446666666666715e+03
5.829700000000000000e+04 1.541158510557491091e-14 6.700770554229467920e-14 nan 5.935165311304052693e+02 6.928846666666666351e+03
5.829700000000000000e+04 1.509384868273575380e-14 6.521623404830044646e-14 nan 5.845852340814445824e+02 6.751811666666666497e+03
5.830700000000000000e+04 nan nan nan 6.123928055427235222e+02 6.655973333333333358e+03
5.830700000000000000e+04 nan nan nan 6.154879521393330606e+02 6.718191666666666606e+03
5.830700000000000000e+04 nan nan nan 6.147788186080040305e+02 6.704396666666666533e+03
5.831000000000000000e+04 1.471921326896943903e-14 6.775248653320843657e-14 nan 5.829778252630080715e+02 6.060493333333332885e+03
5.831000000000000000e+04 1.475208241365810820e-14 6.759272197467318007e-14 nan 5.782558081703531343e+02 5.968309999999999491e+03
5.831000000000000000e+04 1.494050020107738724e-14 6.690320077661844244e-14 nan 5.940896859176847329e+02 6.283039999999999964e+03
5.831300000000000000e+04 1.494133154835523672e-14 6.734481864986400223e-14 nan 5.947451464241019039e+02 6.301013333333333321e+03
5.831300000000000000e+04 1.486899611317179506e-14 6.752149954281397774e-14 nan 5.937779723723691632e+02 6.280250000000000000e+03
5.831300000000000000e+04 1.493835877347793100e-14 6.760016839418315901e-14 nan 5.923720298511007059e+02 6.253454999999999927e+03
5.831800000000000000e+04 1.579503015721294316e-14 7.063821740803692904e-14 nan 5.709085026596790158e+02 5.825201666666665915e+03
5.831800000000000000e+04 1.591407960566876325e-14 7.104397128881191470e-14 nan 5.642457212837654197e+02 5.697500000000000000e+03
5.831800000000000000e+04 1.566719114112847684e-14 6.999283010340544806e-14 nan 5.730545952631700857e+02 5.864456666666666933e+03
5.832100000000000000e+04 1.456369680396948512e-14 6.602219333527017171e-14 nan 5.591653246442323280e+02 5.623046666666666169e+03
5.832100000000000000e+04 1.449277639496644447e-14 6.532450476744931717e-14 nan 5.103408118863475238e+02 4.746981666666667479e+03
5.832100000000000000e+04 1.452211208400373340e-14 6.574491558885934442e-14 nan 5.625741381242088437e+02 5.688293333333333067e+03
5.832400000000000000e+04 nan nan nan 5.652110916563318597e+02 6.348701666666665915e+03
5.832400000000000000e+04 nan nan nan 5.617284729172188236e+02 6.307800000000000182e+03
5.832400000000000000e+04 nan nan nan 5.592566004460310296e+02 6.293856666666667479e+03
5.832800000000000000e+04 1.503604191178274925e-14 6.487369097263499922e-14 nan 5.409483957324220000e+02 6.370706666666666933e+03
5.832800000000000000e+04 1.507228599003664037e-14 6.540733781727427608e-14 nan 5.399325283248797405e+02 6.424179999999999382e+03
5.832800000000000000e+04 1.502625369181429576e-14 6.556505921910965512e-14 nan 5.428983209827260907e+02 6.405479999999999563e+03
5.833100000000000000e+04 1.514803144309583244e-14 6.483360708678122557e-14 nan 5.831253660226943794e+02 6.294878333333333103e+03
5.833100000000000000e+04 1.517812955983059731e-14 6.564066844550261210e-14 nan 5.863805594012408164e+02 6.370171666666666169e+03
5.833100000000000000e+04 1.515728091679760562e-14 6.562897465451292209e-14 nan 5.867871865220556629e+02 6.373586666666667043e+03
5.833400000000000000e+04 1.557022944699576354e-14 nan nan 5.881122742817982498e+02 6.210391666666666424e+03
5.833400000000000000e+04 1.564623998250940126e-14 nan nan 5.876563874831522298e+02 6.203134999999999309e+03
5.833400000000000000e+04 1.539494481962146427e-14 nan nan 5.910225383564867343e+02 6.266168333333333067e+03
5.833800000000000000e+04 1.543446053432272766e-14 6.789206963250164484e-14 nan 6.105474144581685323e+02 6.608664999999999964e+03
5.833800000000000000e+04 1.537252898906320788e-14 6.745675903167881770e-14 nan 6.089413671574839100e+02 6.573149999999999636e+03
5.833800000000000000e+04 1.545827220851362338e-14 6.730272725216231258e-14 nan 6.072040631676139810e+02 6.539251666666666097e+03
5.834100000000000000e+04 nan nan nan 6.064881148678599629e+02 6.522261666666667224e+03
5.834100000000000000e+04 nan nan nan 6.084156953111312305e+02 6.560728333333333467e+03
5.834100000000000000e+04 nan nan nan 6.057971104633430741e+02 6.507728333333333467e+03
5.834400000000000000e+04 nan nan nan 5.923179091228797688e+02 6.240683333333333394e+03
5.834400000000000000e+04 nan nan nan 5.926342661508876972e+02 6.247921666666666169e+03
5.834400000000000000e+04 nan nan nan 5.910111474560873148e+02 6.213363333333332776e+03
5.834700000000000000e+04 1.539384791580264412e-14 6.939820133637440636e-14 nan 5.988193293236171257e+02 6.362313333333333503e+03
5.834800000000000000e+04 1.526593063851406514e-14 6.496153433545248186e-14 nan 4.964339975479531972e+02 4.494801666666666279e+03
5.834800000000000000e+04 1.514532716913977009e-14 6.411023510624494116e-14 nan 4.827588454713032320e+02 4.269191666666666606e+03
5.834800000000000000e+04 1.514962532207329218e-14 6.432003976063843761e-14 nan 5.282522933560946967e+02 5.037690000000000509e+03
5.835100000000000000e+04 nan nan nan 6.048751335934981626e+02 6.635753333333333103e+03
5.835100000000000000e+04 nan nan nan 5.977030221354708601e+02 6.502836666666667043e+03
5.835100000000000000e+04 nan nan nan 6.034530998969681832e+02 6.624951666666665915e+03
