5.750800000000000000e+04 1.272763871966549192e-14 nan nan 3.190667450572458392e+02 2.143171666666666624e+03
5.750800000000000000e+04 1.271323228116446961e-14 nan nan 2.943725220729016314e+02 1.870358333333333348e+03
5.750800000000000000e+04 1.257307381473848621e-14 nan nan 3.381865795801050467e+02 2.378098333333333358e+03
5.751100000000000000e+04 1.547294949079893939e-14 nan nan 4.934172240701731198e+02 4.427438333333333503e+03
5.751100000000000000e+04 1.560036235436794542e-14 nan nan 4.883694070964843377e+02 4.342493333333333794e+03
5.751100000000000000e+04 1.555771627929234422e-14 nan nan 4.904183311065417570e+02 4.376975000000000364e+03
5.751600000000000000e+04 nan nan nan nan nan
5.751600000000000000e+04 nan nan nan nan nan
5.751600000000000000e+04 nan nan nan nan nan
5.752000000000000000e+04 nan nan nan nan nan
5.752000000000000000e+04 nan nan nan nan nan
5.752000000000000000e+04 nan nan nan nan nan
5.752300000000000000e+04 nan nan nan nan nan
5.752300000000000000e+04 1.768165893999623994e-14 nan nan 2.633707254166761231e+02 1.481785333333333256e+03
5.752300000000000000e+04 1.861913204188977833e-14 nan nan 2.225227107539553799e+02 1.128461166666666713e+03
5.752900000000000000e+04 1.462280840365148976e-14 1.476327099622137164e-13 nan 4.808878624549610095e+02 4.737215000000000146e+03
5.752900000000000000e+04 1.468502941111128928e-14 1.419984800374197716e-13 nan 4.876501371074683107e+02 4.829456666666666933e+03
5.752900000000000000e+04 1.471269725850157915e-14 1.666906179057233184e-13 nan 4.814377377879491746e+02 4.747720000000000255e+03
5.753400000000000000e+04 1.629639349578603116e-14 nan nan 4.994883473049104623e+02 4.916898333333333539e+03
5.753400000000000000e+04 1.633144565825461364e-14 nan nan 5.030184891926477349e+02 4.974164999999999964e+03
5.753400000000000000e+04 1.629782379515133068e-14 nan nan 4.964471574321894423e+02 4.874566666666666606e+03
5.754600000000000000e+04 nan nan nan 5.115184866374714829e+02 4.724968333333333248e+03
5.754600000000000000e+04 nan nan nan 5.129036231591027217e+02 4.747981666666667479e+03
5.754600000000000000e+04 nan nan nan 5.107794152503772125e+02 4.711366666666666788e+03
5.755000000000000000e+04 1.550022899088073008e-14 nan nan 5.196679241181311681e+02 4.863390000000000327e+03
5.755000000000000000e+04 1.569829463125400928e-14 nan nan 5.179098799577420777e+02 4.830899999999999636e+03
5.755000000000000000e+04 1.551268878609206064e-14 nan nan 5.196384480450415140e+02 4.861648333333333539e+03
5.755400000000000000e+04 1.158786496687334863e-14 7.143903230072644340e-14 nan 3.743927331812487296e+02 2.823328333333333376e+03
5.755400000000000000e+04 1.160507609722368485e-14 7.120730245292379460e-14 nan 3.864790888332450436e+02 2.989438333333333048e+03
5.755400000000000000e+04 1.181339863177117819e-14 7.292335093254405217e-14 nan 4.820145545622209511e+02 4.336631666666666206e+03
5.755700000000000000e+04 1.189846236418457819e-14 7.026533736364853226e-14 nan 4.981682058117755219e+02 4.716054999999999382e+03
5.755700000000000000e+04 1.192078314791792218e-14 7.147486186583641191e-14 nan 5.054210079702024814e+02 4.819848333333333358e+03
5.755700000000000000e+04 1.191964261306672761e-14 7.134015949811476293e-14 nan 5.052509646780525259e+02 4.828770000000000437e+03
5.756100000000000000e+04 1.236277971247809151e-14 7.451563075718480644e-14 nan 4.940119222881025394e+02 5.035729999999999563e+03
5.756100000000000000e+04 1.225554966537772256e-14 7.415735722037062795e-14 nan 4.926130245443987405e+02 4.976034999999999854e+03
5.756100000000000000e+04 1.238336167632579259e-14 7.495336410334080272e-14 nan 4.920862623102096904e+02 4.983063333333333503e+03
5.756600000000000000e+04 1.227124105585754781e-14 7.134864951016176573e-14 nan 5.110538870685896882e+02 4.866768333333332521e+03
5.756600000000000000e+04 1.201073478973716510e-14 7.053971749193430626e-14 nan 5.026859412369646520e+02 4.727940000000000509e+03
5.756600000000000000e+04 1.235843079885224267e-14 7.177191058918506709e-14 nan 5.068011970818045597e+02 4.796586666666667043e+03
5.756900000000000000e+04 nan nan nan 4.622547059039794135e+02 3.951451666666666824e+03
5.756900000000000000e+04 nan nan nan 4.200172279634559800e+02 3.338821666666666260e+03
5.756900000000000000e+04 nan nan nan 4.628080258758422474e+02 3.962254999999999654e+03
5.757300000000000000e+04 nan nan nan nan nan
5.757300000000000000e+04 nan nan nan nan nan
5.757300000000000000e+04 nan nan nan 6.908569519541185855e+01 2.216103333333333580e+02
5.757600000000000000e+04 1.201038843041683271e-14 7.084771512546087729e-14 nan 5.134121399408164734e+02 4.758411666666666861e+03
5.757600000000000000e+04 1.196401875719986340e-14 7.093495996981223418e-14 nan 5.101109415015225750e+02 4.700793333333333067e+03
5.757600000000000000e+04 1.193559701892305801e-14 7.078887846238985461e-14 nan 5.129603256570939038e+02 4.750678333333333285e+03
5.758100000000000000e+04 1.196335862339541023e-14 7.047294698763494727e-14 nan 5.021235436757048660e+02 4.561854999999999563e+03
5.758100000000000000e+04 1.189622144158528107e-14 6.959522093166644214e-14 nan 4.991452255519669166e+02 4.513373333333333903e+03
5.758100000000000000e+04 1.202348467639473471e-14 7.236591739096136584e-14 nan 5.090098794620000149e+02 4.678548333333334085e+03
5.758400000000000000e+04 1.176493893147536634e-14 6.963177833888645097e-14 nan 5.046995940560616987e+02 4.653116666666666788e+03
5.758400000000000000e+04 1.173373259683835217e-14 6.996508157340027237e-14 nan 5.041241405132405475e+02 4.647078333333333831e+03
5.758400000000000000e+04 1.190295111451334192e-14 7.044233275188047918e-14 nan 5.047701348193435820e+02 4.670289999999999964e+03
5.758700000000000000e+04 1.211469404899164851e-14 6.942372604133970083e-14 nan 3.614141962474016623e+02 3.096500000000000000e+03
5.758700000000000000e+04 1.204273064269980608e-14 6.974233312320961395e-14 nan 3.504312737285935100e+02 2.953099999999999909e+03
5.758700000000000000e+04 1.201138310400113976e-14 6.902310613905477250e-14 nan 3.643854320495743764e+02 3.116173333333333176e+03
5.759000000000000000e+04 1.172370965160689449e-14 7.126238238560343135e-14 nan 2.832968302161193037e+02 2.685948333333333267e+03
5.759000000000000000e+04 1.199736485428095297e-14 7.199320833278985325e-14 nan 3.776716744652870830e+02 3.695954999999999927e+03
5.759000000000000000e+04 1.191175263019021632e-14 7.218532817926077876e-14 nan 3.199818934301198965e+02 3.033025000000000091e+03
5.759300000000000000e+04 1.653357159246479499e-14 nan nan 4.967708382218274892e+02 4.786220000000000255e+03
5.759300000000000000e+04 1.662060935892764163e-14 nan nan 4.977786671409551218e+02 4.798593333333333248e+03
5.759300000000000000e+04 1.657168792343212994e-14 nan nan 4.986699750153741206e+02 4.809746666666666897e+03
5.759700000000000000e+04 1.190153872291345497e-14 7.066076644965760720e-14 nan 1.973862009172903242e+02 9.459279999999999973e+02
5.759700000000000000e+04 1.181748250216759969e-14 7.027880872251268413e-14 nan 2.124288799511018624e+02 1.047568833333333259e+03
5.759700000000000000e+04 1.197057428698310796e-14 7.092871190641620533e-14 nan 3.125277298591313411e+02 1.980148333333333312e+03
5.760000000000000000e+04 1.647457732346642291e-14 nan nan 5.003942413172475767e+02 4.538884999999999309e+03
5.760000000000000000e+04 nan nan nan 4.927505168530077526e+02 4.405543333333333067e+03
5.760000000000000000e+04 1.657829391690289256e-14 nan nan 5.008440222358616438e+02 4.545585000000000036e+03
5.760300000000000000e+04 1.682772351687341191e-14 nan nan 4.833633044310058722e+02 4.255324999999999818e+03
5.760300000000000000e+04 nan nan nan 4.837128079445668050e+02 4.271465000000000146e+03
5.760300000000000000e+04 nan nan nan 4.860636694586940507e+02 4.302079999999999927e+03
5.760600000000000000e+04 1.204423970400110912e-14 7.149649953176192612e-14 nan 4.597254257321830551e+02 3.914379999999999654e+03
5.760600000000000000e+04 1.213351532815552413e-14 7.161722662086572691e-14 nan 4.564985692989943118e+02 3.898076666666666824e+03
5.760600000000000000e+04 1.219117017339471344e-14 7.193521199406060757e-14 nan 4.650544174931462180e+02 3.982043333333333521e+03
5.760900000000000000e+04 1.204734627174563509e-14 7.131661129539444740e-14 nan 4.525231110807998220e+02 3.983851666666666915e+03
5.760900000000000000e+04 1.210558716222156412e-14 7.133887036555154576e-14 nan 4.613209466724021013e+02 4.021929999999999836e+03
5.760900000000000000e+04 1.193385285280024473e-14 7.165139289853270726e-14 nan 4.417944510567697307e+02 3.982613333333333230e+03
5.761300000000000000e+04 1.655732135236213232e-14 nan nan 4.893940418531051364e+02 4.505143333333332521e+03
5.761300000000000000e+04 1.693354506312872896e-14 nan nan 5.045873027347424227e+02 4.761056666666667297e+03
5.761300000000000000e+04 1.692778500023657762e-14 nan nan 5.014377597196021838e+02 4.706031666666666752e+03
5.761600000000000000e+04 1.192982220754225953e-14 6.915523724284971710e-14 nan 4.622560238455455419e+02 4.514789999999999964e+03
5.761600000000000000e+04 1.201292395130837595e-14 7.025781247267357544e-14 nan 4.639177710349548533e+02 4.587351666666666461e+03
5.761600000000000000e+04 1.196638838235988082e-14 7.051391127420747344e-14 nan 4.675234695274320984e+02 4.624954999999999927e+03
5.761900000000000000e+04 1.201438445843585940e-14 7.208604992186468099e-14 nan 4.120726716048633875e+02 4.302606666666666570e+03
5.761900000000000000e+04 1.223323287382883153e-14 7.219187208269690421e-14 nan 4.146702176695349635e+02 4.337933333333333394e+03
5.761900000000000000e+04 1.212720629967600770e-14 7.206538726210325763e-14 nan 4.103130703733374389e+02 4.276668333333333067e+03
5.762300000000000000e+04 1.215734381553054027e-14 7.393743358408955258e-14 nan 5.038334003956348965e+02 4.694456666666666933e+03
5.762300000000000000e+04 1.198796567568423489e-14 7.220714559301283680e-14 nan 4.947746283635568716e+02 4.538911666666666861e+03
5.762300000000000000e+04 1.226780054201065753e-14 7.476684580894537937e-14 nan 5.021298233449389272e+02 4.663195000000000618e+03
5.762600000000000000e+04 1.590195714976790753e-14 nan nan 4.927376312235701903e+02 4.404470000000000255e+03
5.762600000000000000e+04 1.598473481384750462e-14 nan nan 4.933343084138389827e+02 4.415733333333333576e+03
5.762600000000000000e+04 1.606936555978848613e-14 nan nan 4.885186328714921729e+02 4.335208333333333030e+03
5.762900000000000000e+04 nan nan nan 5.030567136383428419e+02 4.581956666666666933e+03
5.762900000000000000e+04 nan nan nan 5.036022361395552593e+02 4.590516666666666424e+03
5.762900000000000000e+04 nan nan nan 5.042070654406401218e+02 4.599978333333333467e+03
5.763200000000000000e+04 1.227249804052618373e-14 7.133232072309554946e-14 nan 4.907317774130777366e+02 4.375813333333333503e+03
5.763200000000000000e+04 1.221689848529492635e-14 7.141582463725306728e-14 nan 4.915255312494827535e+02 4.387073333333333721e+03
5.763200000000000000e+04 1.236343126231027657e-14 7.184339835310273051e-14 nan 4.920700234008025404e+02 4.397020000000000437e+03
5.769000000000000000e+04 1.643902767785052960e-14 nan nan 4.901014682826800595e+02 4.368723333333333358e+03
5.769000000000000000e+04 1.629122116236208648e-14 nan nan 4.826137476736304279e+02 4.251570000000000618e+03
5.769000000000000000e+04 1.651754683160377960e-14 nan nan 4.876810115796197920e+02 4.337786666666666861e+03
5.769400000000000000e+04 1.293113456730220843e-14 nan nan 3.946744670177673697e+02 2.942566666666666606e+03
5.769400000000000000e+04 1.286065734101775353e-14 nan nan 3.926367291535148070e+02 2.913964999999999691e+03
5.769400000000000000e+04 1.277211337642677581e-14 nan nan 3.939097115316573650e+02 2.930845000000000255e+03
5.770000000000000000e+04 1.657193203996050479e-14 nan nan 4.643716217707296892e+02 4.142383333333333212e+03
5.770000000000000000e+04 1.651437657934811826e-14 nan nan 4.630531310196894879e+02 4.119331666666666933e+03
5.770000000000000000e+04 1.658195359658513999e-14 nan nan 4.643985105235010451e+02 4.137941666666666606e+03
5.770300000000000000e+04 1.256591237985359478e-14 nan nan 4.009490003089533730e+02 3.591019999999999982e+03
5.770300000000000000e+04 1.260977812250055014e-14 nan nan 4.012667923402888164e+02 3.602266666666666879e+03
5.770300000000000000e+04 1.252085368138236755e-14 nan nan 3.967266779499605036e+02 3.547728333333333467e+03
5.770700000000000000e+04 1.257647861708526451e-14 1.142789730590482159e-13 nan 2.791829083882957434e+02 2.546906666666666752e+03
5.770700000000000000e+04 1.225553467813176017e-14 1.013236498539803855e-13 nan 2.722366185417813540e+02 2.472925000000000182e+03
5.770700000000000000e+04 1.227464282552553015e-14 9.747310092158074198e-14 nan 2.713181293962459790e+02 2.480196666666666260e+03
5.771100000000000000e+04 nan nan nan 3.802321372384085976e+02 3.033518333333333430e+03
5.771100000000000000e+04 nan nan nan 3.850050847502683382e+02 3.057623333333333449e+03
5.771100000000000000e+04 nan nan nan 3.730900901971074290e+02 2.981398333333333085e+03
5.771400000000000000e+04 1.266992524797365815e-14 nan nan 3.623779879468638114e+02 2.526026666666666642e+03
5.771400000000000000e+04 1.268368473717008316e-14 nan nan 3.678882993927712732e+02 2.594508333333333212e+03
5.771400000000000000e+04 1.273212415780276278e-14 nan nan 3.667664163954913192e+02 2.580800000000000182e+03
5.772000000000000000e+04 nan nan nan 3.801860005865859762e+02 2.759018333333333430e+03
5.772000000000000000e+04 nan nan nan 3.805738150359916290e+02 2.763038333333332957e+03
5.772000000000000000e+04 nan nan nan 3.755780902706612778e+02 2.699699999999999818e+03
5.772400000000000000e+04 1.233609631366943551e-14 nan nan 3.353705230555324874e+02 2.207554999999999836e+03
5.772400000000000000e+04 1.238444173813251717e-14 nan nan 3.422808844984921848e+02 2.288451666666666824e+03
5.772800000000000000e+04 1.224886439545870842e-14 nan nan 4.220769692070319365e+02 3.432776666666666642e+03
5.772800000000000000e+04 1.238314387980806895e-14 nan nan 4.236187885725216802e+02 3.440898333333333085e+03
5.772800000000000000e+04 1.229077040044101965e-14 nan nan 4.230644302714081277e+02 3.431918333333333521e+03
5.773300000000000000e+04 1.234287889684343788e-14 nan nan 3.388418765041531628e+02 2.775690000000000055e+03
5.773300000000000000e+04 1.244725891517922332e-14 nan nan 3.658942997324690509e+02 3.097900000000000091e+03
5.773300000000000000e+04 1.221214623452820925e-14 nan nan 3.738854845212162559e+02 3.196773333333333085e+03
5.773600000000000000e+04 1.822747712302933459e-14 nan nan 2.993204593713088570e+02 2.856699999999999818e+03
5.773600000000000000e+04 nan nan nan nan nan
5.773600000000000000e+04 nan nan nan nan nan
5.773900000000000000e+04 1.184776156095512002e-14 7.036469672229599180e-14 nan 3.579065782037504277e+02 2.900348333333333358e+03
5.773900000000000000e+04 1.190345578110428805e-14 6.985475068466679703e-14 nan 3.560742792009742175e+02 2.896371666666666442e+03
5.773900000000000000e+04 1.171114321367040949e-14 6.909909816411600025e-14 nan 3.515326005496194739e+02 2.848458333333333485e+03
5.774200000000000000e+04 1.676629530241244272e-14 nan nan 3.738019639777729139e+02 2.666923333333333176e+03
5.774200000000000000e+04 1.689878160967020186e-14 nan nan 3.773287930324322588e+02 2.716696666666666260e+03
5.774200000000000000e+04 1.676877548960672634e-14 nan nan 3.797345727742091412e+02 2.746379999999999654e+03
5.774600000000000000e+04 1.711548992268357068e-14 nan nan 4.198557570859253474e+02 3.646110000000000127e+03
5.774600000000000000e+04 nan nan nan nan nan
5.774600000000000000e+04 1.708591614455510342e-14 nan nan 4.313920135786033825e+02 3.702514999999999873e+03
5.774900000000000000e+04 1.276124894167580230e-14 nan nan 3.772017129092483287e+02 2.725456666666666479e+03
5.774900000000000000e+04 1.288112490051223781e-14 nan nan 3.775435572679312486e+02 2.730166666666666515e+03
5.774900000000000000e+04 1.304578633204895891e-14 nan nan 3.758068041488392623e+02 2.707203333333333376e+03
5.775200000000000000e+04 1.212734033577408189e-14 7.229273364108575712e-14 nan 3.862853602330782792e+02 2.837403333333333649e+03
5.775200000000000000e+04 1.213058403392595725e-14 7.278200032765071355e-14 nan 3.855207329481410170e+02 2.830714999999999691e+03
5.775200000000000000e+04 1.205961433484721534e-14 7.280734291630907736e-14 nan 3.806945069938405481e+02 2.767443333333333612e+03
5.785700000000000000e+04 nan nan nan nan nan
5.785700000000000000e+04 nan nan nan nan nan
5.785700000000000000e+04 nan nan nan nan nan
5.787300000000000000e+04 2.312792525906747763e-14 nan nan 2.408399535714214039e+02 1.251861333333333278e+03
5.787300000000000000e+04 nan nan nan nan nan
5.787300000000000000e+04 nan nan nan nan nan
5.787600000000000000e+04 1.555277203255794944e-14 nan nan 5.273838580497638304e+02 5.002704999999999927e+03
5.787600000000000000e+04 1.564716492744372378e-14 4.204594557244877209e-13 nan 5.268579193085594170e+02 4.991021666666666533e+03
5.787600000000000000e+04 1.523094457998737084e-14 8.317148461392644144e-14 nan 5.237950988582930449e+02 4.938595000000000255e+03
5.790300000000000000e+04 1.157782965339566665e-14 6.855666625343235202e-14 nan 4.810693522762551879e+02 4.216295000000000073e+03
5.790300000000000000e+04 1.150512704692182668e-14 6.849256490830636053e-14 nan 4.749445970329716715e+02 4.118526666666666642e+03
5.790300000000000000e+04 1.163183588536259049e-14 6.887145204488525602e-14 nan 4.758103813178828432e+02 4.133458333333333030e+03
5.790600000000000000e+04 1.251389007257201184e-14 7.301179106303813576e-14 nan 5.027530544306080742e+02 4.579183333333333394e+03
5.790600000000000000e+04 1.250377770299155012e-14 7.302619813456959395e-14 nan 5.035983330117879291e+02 4.600113333333332776e+03
5.790600000000000000e+04 1.256239360978555165e-14 7.287069759990274631e-14 nan 4.983970679392022021e+02 4.504595000000000255e+03
5.790900000000000000e+04 nan nan nan nan nan
5.790900000000000000e+04 nan nan nan nan nan
5.790900000000000000e+04 nan nan nan nan nan
5.791300000000000000e+04 nan nan nan 4.381649357726410017e+02 4.147126666666667006e+03
5.791300000000000000e+04 nan nan nan 4.393184188934711756e+02 4.162696666666666715e+03
5.791300000000000000e+04 nan nan nan 4.446682082321051439e+02 4.236840000000000146e+03
5.791600000000000000e+04 nan nan nan 4.538163429359248653e+02 4.255876666666667006e+03
5.791600000000000000e+04 nan nan nan 4.585863501146657768e+02 4.343868333333333794e+03
5.791600000000000000e+04 nan nan nan 4.565678416559056814e+02 4.283843333333333248e+03
5.792200000000000000e+04 nan nan nan 8.567792045306877924e+01 2.941709999999999923e+02
5.792200000000000000e+04 nan nan nan 1.462198531730120123e+02 6.068410000000000082e+02
5.792200000000000000e+04 nan nan nan 1.372216039304678077e+02 5.531384999999999081e+02
5.792500000000000000e+04 1.611685308499358125e-14 nan nan 4.221742690557150581e+02 3.327168333333333521e+03
5.792500000000000000e+04 1.596500860621406533e-14 nan nan 4.382405154823471776e+02 3.561639999999999873e+03
5.792500000000000000e+04 1.544030692334029581e-14 8.287431165666900126e-14 nan 4.383683009878277517e+02 3.561713333333333139e+03
5.793300000000000000e+04 1.509728924322579953e-14 8.177285432968874420e-14 nan 4.366158133837972741e+02 3.528921666666666624e+03
5.793300000000000000e+04 1.492374270325597222e-14 8.547042378673789160e-14 nan 4.329325871278995805e+02 3.477006666666666661e+03
5.793300000000000000e+04 1.510334602231552162e-14 7.899710788218257093e-14 nan 4.418184326685928909e+02 3.607838333333333139e+03
5.793600000000000000e+04 nan nan nan 4.840139963865253208e+02 4.262458333333333030e+03
5.793600000000000000e+04 nan nan nan 4.944044079089866273e+02 4.432671666666666169e+03
5.793600000000000000e+04 nan nan nan 4.898542875136505472e+02 4.358720000000000255e+03
5.794200000000000000e+04 nan nan nan nan nan
5.794200000000000000e+04 nan nan nan nan nan
5.794200000000000000e+04 nan nan nan 3.140828041212711810e+02 2.503771666666666533e+03
5.794500000000000000e+04 nan nan nan 3.676834634403604127e+02 3.246046666666666624e+03
5.794500000000000000e+04 nan nan nan 3.711475632089432679e+02 3.264336666666667043e+03
5.794500000000000000e+04 nan nan nan 3.727263805120016968e+02 3.321313333333333048e+03
5.794800000000000000e+04 1.577207029751667678e-14 7.710737283307488550e-14 nan 4.779492023412547610e+02 4.349484999999999673e+03
5.794800000000000000e+04 1.585312678684043565e-14 8.152305976397918548e-14 nan 4.717959546799248187e+02 4.255268333333333430e+03
5.794800000000000000e+04 1.577086645395710505e-14 8.338513219438643833e-14 nan 4.690786354016212840e+02 4.212986666666666679e+03
5.795100000000000000e+04 1.232322163620925395e-14 7.215401580595139714e-14 nan 4.655907300300467568e+02 4.017288333333332957e+03
5.795100000000000000e+04 1.212102538713362312e-14 7.218861869072077965e-14 nan 4.571779157681338006e+02 3.887474999999999909e+03
5.795100000000000000e+04 1.241801507408460648e-14 7.264536203359526395e-14 nan 4.683896798103718311e+02 4.062336666666667043e+03
5.795400000000000000e+04 1.215301248451442948e-14 7.157517661495719426e-14 nan 4.194998700433802128e+02 3.298514999999999873e+03
5.795400000000000000e+04 1.215547340062873285e-14 7.150578668692461874e-14 nan 4.211035861170757357e+02 3.322531666666666752e+03
5.795400000000000000e+04 1.231495343241004860e-14 nan nan 3.871419153642145830e+02 2.855548333333333176e+03
5.795800000000000000e+04 nan nan nan 4.918000710524167403e+02 4.391688333333333503e+03
5.795800000000000000e+04 nan nan nan 4.913869442293206475e+02 4.385116666666666788e+03
5.795800000000000000e+04 nan nan nan 4.909947903648520651e+02 4.377925000000000182e+03
5.796200000000000000e+04 1.643092088389253692e-14 nan nan 4.396463899875492416e+02 3.585733333333333121e+03
5.796200000000000000e+04 1.617131692756170037e-14 nan nan 3.895054384594737371e+02 2.887751666666666551e+03
5.796200000000000000e+04 1.615151667517319442e-14 nan nan 4.453629286239140583e+02 3.668601666666666915e+03
5.796500000000000000e+04 nan nan nan 1.831668911440761747e+02 8.372681666666666160e+02
5.796500000000000000e+04 nan nan nan 2.215169470526848272e+02 1.116441500000000133e+03
5.796500000000000000e+04 nan nan nan 1.622071253916564331e+02 7.000348333333332675e+02
5.797000000000000000e+04 nan nan nan 4.722690088529738546e+02 4.471021666666666533e+03
5.797000000000000000e+04 nan nan nan 4.721605999292978595e+02 4.462445000000000618e+03
5.797000000000000000e+04 nan nan nan 4.694364570684289788e+02 4.417534999999999854e+03
5.797300000000000000e+04 nan nan nan nan nan
5.797300000000000000e+04 nan nan nan nan nan
5.797300000000000000e+04 nan nan nan nan nan
5.798000000000000000e+04 1.198090567284755836e-14 7.241403120000866879e-14 nan 4.688033305523625245e+02 4.021933333333333394e+03
5.798000000000000000e+04 1.212167452304542709e-14 7.221180055397009237e-14 nan 4.748329197860957152e+02 4.118945000000000618e+03
5.798000000000000000e+04 1.216613415566545268e-14 7.259001169728418941e-14 nan 4.771129730006143745e+02 4.154793333333333067e+03
5.798300000000000000e+04 1.650434039579684518e-14 nan nan 4.764072335348551519e+02 4.146808333333333394e+03
5.798300000000000000e+04 nan nan nan 4.783652689457816223e+02 4.175614999999999782e+03
5.798300000000000000e+04 1.669511767921755355e-14 nan nan 4.813234591854692894e+02 4.226233333333333576e+03
5.798600000000000000e+04 1.752835853368809451e-14 nan nan 4.609369900686068036e+02 3.903411666666666861e+03
5.798600000000000000e+04 1.715789508790392232e-14 nan nan 4.596441399321910808e+02 3.884335000000000036e+03
5.798600000000000000e+04 1.741510165725906001e-14 nan nan 4.569374508415767195e+02 3.840966666666666697e+03
5.799000000000000000e+04 nan nan nan 4.861321565934302384e+02 4.296220000000000255e+03
5.799000000000000000e+04 nan nan nan 4.835865511916035757e+02 4.256003333333333103e+03
5.799000000000000000e+04 nan nan nan 4.829247220318150084e+02 4.244354999999999563e+03
5.799300000000000000e+04 1.202777346934615931e-14 7.145586679510572258e-14 nan 4.798069890493496814e+02 4.195411666666666861e+03
5.799300000000000000e+04 1.194767108829795858e-14 7.164114365638678723e-14 nan 4.775712935204415430e+02 4.161146666666666533e+03
5.799300000000000000e+04 1.205081158214617221e-14 7.227942252792573494e-14 nan 4.811116917955967551e+02 4.217960000000000036e+03
5.799600000000000000e+04 nan nan nan nan nan
5.799600000000000000e+04 1.183484294914286230e-14 6.753065910462696747e-14 nan 2.147492673993124583e+02 1.274213333333333367e+03
5.799600000000000000e+04 nan nan nan nan nan
5.800000000000000000e+04 1.178751371841041277e-14 7.031938211756245886e-14 nan 4.302870039203107240e+02 4.119961666666667043e+03
5.800000000000000000e+04 1.185504819121622902e-14 nan nan 4.413478347295593380e+02 4.257904999999999745e+03
5.800000000000000000e+04 1.184329488418751973e-14 7.075598307108224012e-14 nan 4.362911439387148107e+02 4.195536666666666861e+03
5.800300000000000000e+04 nan nan nan nan nan
5.800300000000000000e+04 nan nan nan nan nan
5.800300000000000000e+04 nan nan nan nan nan
5.800700000000000000e+04 nan nan nan 4.805592894857244346e+02 4.213223333333333358e+03
5.800700000000000000e+04 nan nan nan 4.711310044374421864e+02 4.061136666666666770e+03
5.800700000000000000e+04 nan nan nan 4.758587471272422817e+02 4.137778333333333649e+03
5.801000000000000000e+04 1.185833043761272573e-14 7.137486180675827078e-14 nan 4.740450737407852557e+02 4.104413333333332957e+03
5.801000000000000000e+04 1.197781824785290340e-14 7.310525635254655746e-14 nan 4.803870659777473406e+02 4.202766666666666424e+03
5.801000000000000000e+04 1.187968789708420439e-14 7.148631142345941849e-14 nan 4.762727711863406626e+02 4.139649999999999636e+03
5.801700000000000000e+04 1.212437592499271403e-14 7.260047949361386806e-14 nan 4.729435134809701822e+02 4.088796666666666624e+03
5.801700000000000000e+04 1.214081439539013763e-14 7.357500036183063512e-14 nan 4.783513214370245237e+02 4.177198333333332812e+03
5.801700000000000000e+04 1.231523255247018527e-14 7.421055170486515622e-14 nan 4.795276559298736743e+02 4.195448333333332812e+03
5.802100000000000000e+04 1.179515217734324701e-14 6.921549891750375704e-14 nan 4.331010592893319995e+02 3.934861666666666679e+03
5.802100000000000000e+04 1.173537809561557868e-14 6.903613587301612923e-14 nan 4.326968970215296508e+02 3.907958333333333485e+03
5.802100000000000000e+04 1.170330528218106601e-14 6.874830361153881347e-14 nan 4.354263288575879187e+02 3.911191666666666606e+03
5.802400000000000000e+04 nan nan nan nan nan
5.802400000000000000e+04 1.661953676971049362e-14 nan nan 3.364688354291811265e+02 2.383429999999999836e+03
5.802400000000000000e+04 1.625528726693942756e-14 nan nan 3.456742863297277495e+02 2.477440000000000055e+03
5.802700000000000000e+04 nan nan nan nan nan
5.802700000000000000e+04 nan nan nan nan nan
5.802700000000000000e+04 nan nan nan nan nan
5.804700000000000000e+04 nan nan nan 4.392247148650677673e+02 3.571336666666667043e+03
5.804700000000000000e+04 nan nan nan 4.380655114805584276e+02 3.563893333333333430e+03
5.804700000000000000e+04 nan nan nan 4.400699417283386765e+02 3.590293333333333521e+03
5.805000000000000000e+04 1.238540742237552199e-14 8.099712210132608725e-14 nan 3.950969622856406431e+02 2.951856666666666570e+03
5.805000000000000000e+04 1.238568162577474842e-14 8.062105919842602679e-14 nan 4.114819473686504239e+02 3.173518333333333430e+03
5.805000000000000000e+04 1.218331550450922454e-14 7.777555412407945520e-14 nan 2.409364949653748909e+02 1.273725833333333412e+03
5.805300000000000000e+04 nan nan nan 3.940037994364887481e+02 2.933963333333333139e+03
5.805300000000000000e+04 nan nan nan 3.136679611826982068e+02 1.974964999999999918e+03
5.805300000000000000e+04 nan nan nan 3.985005482478590011e+02 2.993733333333333121e+03
5.805600000000000000e+04 1.231241146363615787e-14 7.219357054680917960e-14 nan 3.641145237873108158e+02 2.588911666666666861e+03
5.805600000000000000e+04 1.254828179098638312e-14 7.239020891916474299e-14 nan 3.630534859212297647e+02 2.588370000000000346e+03
5.805600000000000000e+04 1.245191795957955151e-14 7.263202198987985261e-14 nan 3.661669576976298117e+02 2.642510000000000218e+03
5.806200000000000000e+04 nan nan nan 3.642483590813801015e+02 3.273025000000000091e+03
5.806200000000000000e+04 nan nan nan 3.603197726368413782e+02 3.230351666666666915e+03
5.806200000000000000e+04 nan nan nan 3.633645153397999934e+02 3.268545000000000073e+03
5.806500000000000000e+04 nan nan nan nan nan
5.806500000000000000e+04 nan nan nan 3.599452252676815078e+02 2.836364999999999782e+03
5.806500000000000000e+04 nan nan nan nan nan
5.806800000000000000e+04 nan nan nan 3.957053470072511914e+02 2.962348333333333358e+03
5.806800000000000000e+04 nan nan nan 3.961814481960927878e+02 2.970074999999999818e+03
5.806800000000000000e+04 nan nan nan 3.919658150036879078e+02 2.919363333333333230e+03
5.807100000000000000e+04 nan nan nan 3.739657033757238764e+02 2.669254999999999654e+03
5.807100000000000000e+04 nan nan nan 3.716801680387957845e+02 2.642976666666666915e+03
5.807100000000000000e+04 nan nan nan 3.708387587908132446e+02 2.632168333333333521e+03
5.807500000000000000e+04 1.210563929489435274e-14 7.269201884749436796e-14 nan 3.907126391154491785e+02 2.890183333333333394e+03
5.807500000000000000e+04 1.205478540482179044e-14 7.100001126207242116e-14 nan 3.896744770564735063e+02 2.876018333333333430e+03
5.807500000000000000e+04 1.205904829612294636e-14 7.192236915953132254e-14 nan 3.881449423534311336e+02 2.855753333333333558e+03
5.807800000000000000e+04 1.241660328210097014e-14 nan nan 3.657489647641130546e+02 2.572421666666666624e+03
5.807800000000000000e+04 1.239079152020373364e-14 nan nan 3.585449988974867779e+02 2.481804999999999836e+03
5.807800000000000000e+04 1.231812204453529102e-14 nan nan 3.612940515088625943e+02 2.516199999999999818e+03
5.808200000000000000e+04 nan nan nan 3.541213049218246169e+02 2.428824999999999818e+03
5.808200000000000000e+04 nan nan nan nan nan
5.808200000000000000e+04 nan nan nan 3.619187119859415134e+02 2.523474999999999909e+03
5.808600000000000000e+04 1.207731986512723973e-14 nan nan 3.066407552060394437e+02 2.327079999999999927e+03
5.808600000000000000e+04 1.222886593377840964e-14 nan nan 3.018875494089028848e+02 2.277053333333333740e+03
5.809000000000000000e+04 1.155517824336578596e-14 7.416118098031139973e-14 nan 2.298640529906606957e+02 2.064821666666666715e+03
5.809400000000000000e+04 1.239843306180339523e-14 7.482407954270603044e-14 nan 3.483843929997060513e+02 2.762851666666666915e+03
5.809400000000000000e+04 1.235264654786740358e-14 7.527539280657539400e-14 nan 3.548725832648696041e+02 2.821368333333333339e+03
5.809400000000000000e+04 1.254435066451165042e-14 7.505097510063533979e-14 nan 3.514987355098092507e+02 2.790831666666666479e+03
5.811200000000000000e+04 1.771248760396492658e-14 nan nan 4.015534916380473760e+02 3.152513333333333321e+03
5.811200000000000000e+04 1.770214774691963654e-14 nan nan 4.000707447250515543e+02 3.132911666666666861e+03
5.811200000000000000e+04 1.793581181897494499e-14 nan nan 4.029349507314943821e+02 3.165596666666666351e+03
5.811500000000000000e+04 1.258591050201645247e-14 nan nan 3.751505817702739023e+02 2.934519999999999982e+03
5.811500000000000000e+04 1.279806137725170493e-14 nan nan 3.736285296168277341e+02 2.921253333333333558e+03
5.811500000000000000e+04 1.256964942864016507e-14 nan nan 3.742862361796541677e+02 2.927769999999999982e+03
5.811800000000000000e+04 1.151485807799870629e-14 7.124357460107432885e-14 nan 3.206727201647856873e+02 2.668963333333333139e+03
5.811800000000000000e+04 1.153965207554945828e-14 7.049080185926003781e-14 nan 3.153742075659552029e+02 2.613643333333333430e+03
5.811800000000000000e+04 1.144258645807021851e-14 7.102910659637529577e-14 nan 3.202683457194083303e+02 2.654595000000000255e+03
5.822300000000000000e+04 1.236680258465586972e-14 7.663976479586825609e-14 nan 3.961957811276067218e+02 2.972960000000000036e+03
5.822300000000000000e+04 1.216298115750874104e-14 7.478361268359758189e-14 nan 3.913450518807838421e+02 2.903980000000000018e+03
5.822300000000000000e+04 1.229418904217632098e-14 7.576847784538948323e-14 nan 3.938336644663565949e+02 2.941199999999999818e+03
5.823500000000000000e+04 1.442633384730384103e-14 6.802399704939166981e-14 nan 2.340794590307025089e+02 1.226055833333333339e+03
5.823500000000000000e+04 nan nan nan nan nan
5.823900000000000000e+04 nan nan nan nan nan
5.823900000000000000e+04 nan nan nan nan nan
5.823900000000000000e+04 nan nan nan nan nan
5.824400000000000000e+04 nan nan nan nan nan
5.824400000000000000e+04 nan nan nan nan nan
5.824400000000000000e+04 nan nan nan nan nan
5.825800000000000000e+04 nan nan nan 3.479470769094214120e+02 2.368558333333333394e+03
5.825800000000000000e+04 nan nan nan 3.473770312830112061e+02 2.361753333333333558e+03
5.825800000000000000e+04 nan nan nan 3.798046315489348785e+02 2.756763333333333321e+03
5.826200000000000000e+04 1.437562093807663455e-14 7.482963546030972027e-14 nan 3.952096745631573071e+02 2.954798333333333176e+03
5.826200000000000000e+04 1.426132986434556748e-14 7.412799603556360706e-14 nan 3.957173275464847393e+02 2.961831666666666479e+03
5.826200000000000000e+04 1.427021256726392740e-14 7.305932303608781981e-14 nan 3.958417551087139827e+02 2.961633333333333212e+03
5.826500000000000000e+04 nan nan nan 3.926567338469038759e+02 3.153978333333333467e+03
5.826500000000000000e+04 nan nan nan 3.942414346245751062e+02 3.169420000000000073e+03
5.826500000000000000e+04 nan nan nan 3.886582964260551307e+02 3.104238333333333230e+03
5.827000000000000000e+04 nan nan nan nan nan
5.827100000000000000e+04 nan nan nan nan nan
5.827100000000000000e+04 nan nan nan nan nan
5.827100000000000000e+04 nan nan nan nan nan
5.827400000000000000e+04 1.198531023209860968e-14 7.466351687646879844e-14 nan 3.737302174374313495e+02 2.940596666666666351e+03
5.827400000000000000e+04 1.234623241208282847e-14 7.597387758495981731e-14 nan 3.804522017117437258e+02 3.022723333333333358e+03
5.827400000000000000e+04 1.235060008838201468e-14 7.568641945098902630e-14 nan 3.827602788528756150e+02 3.049898333333333085e+03
5.827700000000000000e+04 1.195336739501051324e-14 7.116402867649392059e-14 nan 3.936657151100644683e+02 2.998758333333333212e+03
5.827700000000000000e+04 1.209251195981665077e-14 7.128296492182522501e-14 nan 3.952444748703406390e+02 3.020089999999999691e+03
5.827700000000000000e+04 1.173167032748501512e-14 7.079984243633827991e-14 nan 3.864447909133828603e+02 2.904548333333333176e+03
5.828400000000000000e+04 nan nan nan 3.938625728962948074e+02 2.937989999999999782e+03
5.828400000000000000e+04 nan nan nan 3.965041749277003760e+02 2.970333333333333485e+03
5.828400000000000000e+04 nan nan nan 3.900783694031489404e+02 2.886816666666666606e+03
5.828800000000000000e+04 nan nan nan 3.922937897128969098e+02 2.916213333333333139e+03
5.828800000000000000e+04 nan nan nan 3.877609188722796034e+02 2.855236666666666679e+03
5.828800000000000000e+04 nan nan nan 3.906358564555616226e+02 2.893230000000000018e+03
5.829100000000000000e+04 nan nan nan 3.814371984652511856e+02 2.779791666666666515e+03
5.829100000000000000e+04 nan nan nan 3.835240666344918736e+02 2.809059999999999945e+03
5.829100000000000000e+04 nan nan nan 3.812925506711327444e+02 2.778448333333333267e+03
5.829400000000000000e+04 nan nan nan 3.668148846308626503e+02 2.831351666666666915e+03
5.829400000000000000e+04 nan nan nan 3.634356320359904657e+02 2.790190000000000055e+03
5.829400000000000000e+04 nan nan nan 3.600178178193829126e+02 2.752288333333332957e+03
5.829700000000000000e+04 1.174824395137422040e-14 7.140566692031531668e-14 nan 3.575348220045031553e+02 3.066036666666666861e+03
5.829700000000000000e+04 1.195822280497209244e-14 7.156134839113287233e-14 nan 3.600123914640440717e+02 3.098248333333333449e+03
5.829700000000000000e+04 1.164873913954747565e-14 6.916778869186285005e-14 nan 3.528371989931958979e+02 3.007756666666666661e+03
5.830700000000000000e+04 nan nan nan 4.025084816998793258e+02 3.071426666666666733e+03
5.830700000000000000e+04 nan nan nan 4.019768026137060133e+02 3.066958333333333485e+03
5.830700000000000000e+04 nan nan nan 4.027093529666677227e+02 3.076346666666666351e+03
5.831000000000000000e+04 1.193689435688323876e-14 7.091778648483692591e-14 nan 3.832015854152078873e+02 2.801054999999999836e+03
5.831000000000000000e+04 1.186929108707263247e-14 7.075756756837786272e-14 nan 3.851745820225892203e+02 2.825724999999999909e+03
5.831000000000000000e+04 1.241228718613295897e-14 7.202884637809907833e-14 nan 3.943985361168290638e+02 2.948613333333333230e+03
5.831300000000000000e+04 1.238952247528202227e-14 7.183623826103741389e-14 nan 3.955543446846406823e+02 2.963116666666666788e+03
5.831300000000000000e+04 1.234449224388618908e-14 7.213337195105538679e-14 nan 3.957959043859900703e+02 2.965199999999999818e+03
5.831300000000000000e+04 1.228895787311446900e-14 7.184770604547665820e-14 nan 3.935509512105441559e+02 2.934708333333333485e+03
5.831800000000000000e+04 1.449043231158844346e-14 9.935919861110763295e-14 nan 3.764822467547095357e+02 2.710241666666666788e+03
5.831800000000000000e+04 1.428599929774948312e-14 9.873449847745289791e-14 nan 3.803578789942189928e+02 2.760101666666666915e+03
5.831800000000000000e+04 1.431135736541406557e-14 9.769776717555896954e-14 nan 3.823587049675936669e+02 2.784904999999999745e+03
5.832100000000000000e+04 1.185730275498693795e-14 7.062840469235463579e-14 nan 3.362771093464193655e+02 2.243636666666666770e+03
5.832100000000000000e+04 1.176239736909688765e-14 7.009690370362074346e-14 nan 3.729495900033699627e+02 2.688241666666666788e+03
5.832100000000000000e+04 1.173456763284831534e-14 7.034600587338295046e-14 nan 3.709766841409312406e+02 2.663473333333333358e+03
5.832400000000000000e+04 nan nan nan 3.627186338829116039e+02 2.954704999999999927e+03
5.832400000000000000e+04 nan nan nan 3.634123355359467951e+02 2.953460000000000036e+03
5.832400000000000000e+04 nan nan nan 3.608235155599364816e+02 2.943246666666666442e+03
5.832800000000000000e+04 1.159544172608594298e-14 7.079206125607533987e-14 nan 3.325607422878881607e+02 2.890420000000000073e+03
5.832800000000000000e+04 1.150970405824405647e-14 7.165880867278499058e-14 nan 3.314377917773268791e+02 2.900598333333333358e+03
5.832800000000000000e+04 1.141335744646976561e-14 7.115349030034467344e-14 nan 3.315794064624399198e+02 2.875519999999999982e+03
5.833100000000000000e+04 1.190301355080839810e-14 7.049625897607461946e-14 nan 3.745723357933936200e+02 2.891574999999999818e+03
5.833100000000000000e+04 1.184603366089699861e-14 7.001507065987654826e-14 nan 3.757655021909165498e+02 2.905446666666666260e+03
5.833100000000000000e+04 1.187757776267684608e-14 7.074736283584187293e-14 nan 3.761646039975569806e+02 2.916125000000000000e+03
5.833400000000000000e+04 1.564321052509855588e-14 9.378237504472596524e-14 nan 3.884393553956783194e+02 2.915741666666666788e+03
5.833400000000000000e+04 1.575048092733338758e-14 9.526245938143568733e-14 nan 3.855111422015033895e+02 2.877086666666667043e+03
5.833400000000000000e+04 1.567145279571311031e-14 9.449191924434677333e-14 nan 3.864225969215208352e+02 2.888445000000000164e+03
5.833800000000000000e+04 1.217076068256110838e-14 7.332420139113260184e-14 nan 3.966412807570303016e+02 2.971381666666666661e+03
5.833800000000000000e+04 1.211462546295396403e-14 7.343465549921143612e-14 nan 4.000687412950055659e+02 3.020760000000000218e+03
5.833800000000000000e+04 1.209594803111515667e-14 7.327563526199965323e-14 nan 3.981881526179568027e+02 2.990863333333333230e+03
5.834100000000000000e+04 nan nan nan 3.900957668539696783e+02 2.885833333333333485e+03
5.834100000000000000e+04 nan nan nan 3.906162923465226413e+02 2.893406666666666752e+03
5.834100000000000000e+04 nan nan nan 3.917913827422185022e+02 2.907389999999999873e+03
5.834400000000000000e+04 nan nan nan 3.819843458276249635e+02 2.778976666666666915e+03
5.834400000000000000e+04 nan nan nan 3.801409215670697108e+02 2.755523333333333085e+03
5.834400000000000000e+04 nan nan nan 3.788779369384338338e+02 2.739196666666666260e+03
5.834700000000000000e+04 1.252557545395634050e-14 7.360480427744728048e-14 nan 3.861622369305811162e+02 2.831061666666666952e+03
5.834800000000000000e+04 1.195712288144126229e-14 7.005685826467280903e-14 nan 3.112325714683898923e+02 1.952836666666666588e+03
5.834800000000000000e+04 1.183212268056367876e-14 6.968124376747468067e-14 nan 3.190475175485869386e+02 2.035681666666666615e+03
5.834800000000000000e+04 1.186537392689215531e-14 6.998390514188955160e-14 nan 3.431364233764068103e+02 2.305489999999999782e+03
5.835100000000000000e+04 nan nan nan 3.880406414056156450e+02 2.971946666666666260e+03
5.835100000000000000e+04 nan nan nan 3.859724823046860251e+02 2.947574999999999818e+03
5.835100000000000000e+04 nan nan nan 3.827971750648262628e+02 2.909746666666666442e+03
