5.769000000000000000e+04 9.056134430777991869e-15 nan nan 1.294027013630158081e+03 5.838361999999999171e+03
5.772500000000000000e+04 9.093396362479386347e-15 nan nan 1.274810516459153405e+03 5.700688666666666904e+03
5.776000000000000000e+04 8.403392457513302774e-15 nan nan 1.211107246109314246e+03 5.249960666666666839e+03
5.779500000000000000e+04 nan nan nan 1.170203680045972760e+03 4.970177333333333991e+03
5.785700000000000000e+04 9.736973783253186881e-15 nan nan 1.027817408236660413e+03 4.062182666666666591e+03
5.789400000000000000e+04 1.093279115996397558e-14 nan nan 1.327882340147955119e+03 6.090896666666666533e+03
5.793400000000000000e+04 nan nan nan 1.360869732456504153e+03 6.346805333333333692e+03
5.796900000000000000e+04 nan nan nan 1.352231753994401515e+03 6.278991333333333387e+03
5.799800000000000000e+04 nan nan nan 6.371667856110333332e+02 2.038240000000000009e+03
5.804700000000000000e+04 nan nan nan 1.314585959202423737e+03 5.990516000000000531e+03
5.808400000000000000e+04 8.747114038287847928e-15 nan nan 1.285138290559923689e+03 5.778928666666665777e+03
5.811900000000000000e+04 8.185147069940905470e-15 nan nan 9.225667052981373217e+02 3.454180666666666639e+03
5.815500000000000000e+04 8.375346703795921080e-15 nan nan 1.098250349962735982e+03 4.500897333333333336e+03
5.819000000000000000e+04 7.967765432304128333e-15 nan nan 1.167083110701194300e+03 4.956534666666667363e+03
5.822300000000000000e+04 8.670529274906888612e-15 nan nan 9.415140746387261288e+02 3.559764666666666926e+03
5.825800000000000000e+04 nan nan nan 1.144729994681625385e+03 4.804220000000000255e+03
5.829300000000000000e+04 nan nan nan 1.097178895177189588e+03 4.493454666666667435e+03
5.833000000000000000e+04 8.895572267476956872e-15 nan nan 1.097316443175941458e+03 4.493644666666666126e+03
