5.769100000000000000e+04 nan nan
5.769300000000000000e+04 nan nan
5.770100000000000000e+04 1.045147653327130975e-14 3.361107043843182953e-17
5.771100000000000000e+04 1.073236614043873485e-14 1.322816423585867992e-16
5.771900000000000000e+04 1.051722409610088950e-14 6.222897304292899694e-17
5.772600000000000000e+04 1.083823016791741606e-14 3.573912250891825451e-18
5.773300000000000000e+04 1.093320831184179806e-14 5.079656161570265045e-18
5.774100000000000000e+04 nan nan
5.774900000000000000e+04 1.129951658980496841e-14 2.806007484529511866e-17
5.775700000000000000e+04 1.134866652902124657e-14 8.644324410368051201e-17
5.776400000000000000e+04 1.134512305718077154e-14 2.551082899356355249e-17
5.777200000000000000e+04 nan nan
5.777900000000000000e+04 1.072167733783618609e-14 1.019727790988417443e-17
5.778600000000000000e+04 1.077359503479242376e-14 4.367844663573480605e-17
5.779400000000000000e+04 1.117975830738568061e-14 9.261745049369848271e-17
5.780100000000000000e+04 1.090943082092385010e-14 1.912868081337919162e-17
5.780900000000000000e+04 nan nan
5.781700000000000000e+04 1.173248343369671448e-14 2.781231710406468220e-17
5.785700000000000000e+04 1.178115765223093764e-14 7.045078268910933346e-17
5.786400000000000000e+04 1.239949898598387582e-14 1.283934498321129457e-17
5.787800000000000000e+04 1.246780434568599145e-14 3.857384284295311436e-17
5.788700000000000000e+04 1.209674780345176225e-14 1.339582823472108562e-16
5.789400000000000000e+04 1.217761630186714693e-14 7.568802793000631774e-17
5.790300000000000000e+04 nan nan
5.791000000000000000e+04 1.183076366866204449e-14 5.837293492315013350e-17
5.791800000000000000e+04 1.198897224470042774e-14 3.991043825721014100e-17
5.792500000000000000e+04 nan nan
5.793300000000000000e+04 1.163229135374469361e-14 4.856944554457325264e-17
5.794200000000000000e+04 nan nan
5.794900000000000000e+04 1.177331681465448677e-14 3.563046284046648322e-17
5.795600000000000000e+04 1.170568072121826905e-14 2.143686476782216300e-17
5.796400000000000000e+04 1.201136494454641316e-14 2.044148233572298005e-16
5.805500000000000000e+04 nan nan
5.806200000000000000e+04 1.002102866973148013e-14 7.085918237794007569e-17
5.807000000000000000e+04 1.024206866449813442e-14 3.420784047807106906e-17
5.807900000000000000e+04 1.004701416523063372e-14 2.167845055364396303e-17
5.808600000000000000e+04 1.067491264752618196e-14 2.554891736882991082e-17
5.809400000000000000e+04 nan nan
5.811700000000000000e+04 1.120279222867042025e-14 3.003986753995079086e-17
5.812500000000000000e+04 1.118999867086302117e-14 3.771167163043928489e-17
5.813200000000000000e+04 1.046223853497801489e-14 2.029906397813874989e-17
5.814000000000000000e+04 1.053843075087174041e-14 3.306091393654013566e-17
5.814700000000000000e+04 1.026855372739692793e-14 1.432672266652793158e-17
5.815400000000000000e+04 9.991812428542736168e-15 3.582825962262016462e-16
5.816100000000000000e+04 1.017578725777969589e-14 5.215223993519054476e-17
5.816800000000000000e+04 nan nan
5.817500000000000000e+04 nan nan
5.818200000000000000e+04 1.042721375417450459e-14 1.132368198642656814e-16
5.819000000000000000e+04 nan nan
5.819800000000000000e+04 1.026648323901030668e-14 6.512536829196997228e-17
5.820500000000000000e+04 nan nan
5.822200000000000000e+04 1.005988004146274502e-14 8.341431199847605503e-17
5.822900000000000000e+04 1.068298664547677913e-14 2.943756390488367903e-17
5.823700000000000000e+04 nan nan
5.824400000000000000e+04 8.581322688463328822e-15 1.251070328251888695e-16
5.825300000000000000e+04 9.794524622635167378e-15 5.965630510059913370e-17
