5.769000000000000000e+04 8.976275171752325199e-15 4.961849239495011573e-15 nan 8.881389389485028119e+01 2.988079999999999927e+02
5.769000000000000000e+04 8.628764985092793023e-15 4.884592043872404968e-15 nan 8.817568053494402136e+01 2.959208333333333485e+02
5.769000000000000000e+04 9.051222172091854791e-15 4.904424622248182665e-15 nan 8.923723929904861052e+01 3.005906666666666638e+02
5.771000000000000000e+04 8.678776547175988417e-15 4.454236682295731354e-15 nan 7.884502225202601267e+01 2.731299999999999955e+02
5.771000000000000000e+04 8.599266953828591609e-15 4.492491262831482435e-15 nan 7.820395392363556653e+01 2.715826666666666256e+02
5.771000000000000000e+04 8.596614653707972672e-15 4.335525197253165564e-15 nan 7.660943723179691744e+01 2.636659999999999968e+02
5.773000000000000000e+04 1.412030427481707925e-14 4.639462818895112879e-15 nan 7.837143438216405400e+01 2.544623333333333335e+02
5.773000000000000000e+04 9.472789009448052195e-15 4.871548980140389072e-15 nan 7.765000136706147771e+01 2.513965000000000032e+02
5.773000000000000000e+04 7.526380923635237175e-15 8.546519978721727312e-15 nan 8.303696508127029574e+01 2.729716666666666356e+02
5.775100000000000000e+04 2.768350835118413896e-15 2.640773842459256333e-15 nan 3.832946109832660397e+01 1.089699999999999989e+02
5.775100000000000000e+04 5.819932471123051017e-15 5.308518850164567366e-15 nan 7.161769902503951357e+01 2.277928333333333342e+02
5.775100000000000000e+04 6.000417079092945171e-15 5.428500519385125977e-15 nan 7.347417896471188214e+01 2.351358333333333235e+02
5.777200000000000000e+04 5.570251231976583212e-15 4.964250695079730199e-15 8.716447116189598058e-14 6.354888567305514613e+01 2.041981666666666513e+02
5.777200000000000000e+04 5.606576158435496720e-15 4.994090973654189574e-15 5.863858921867302384e-15 6.532868816777072141e+01 2.104278333333333251e+02
5.777200000000000000e+04 5.497980614034178799e-15 5.228396581993861067e-15 5.610026716592417469e-15 6.396126609253894912e+01 2.055343333333333362e+02
5.779200000000000000e+04 6.172330179719818519e-15 4.514826675172956815e-15 nan 6.967783442919987635e+01 2.359761666666666713e+02
5.779200000000000000e+04 5.915555419414236326e-15 4.440206329250249530e-15 nan 6.677167710036476933e+01 2.249868333333333226e+02
5.779200000000000000e+04 6.067123700341343261e-15 4.552829029778354978e-15 nan 6.858439386940315785e+01 2.322229999999999848e+02
5.781400000000000000e+04 5.928287440036832315e-15 5.732886229355937517e-15 6.071042494522798794e-15 6.493702994767029679e+01 2.032981666666666456e+02
5.781400000000000000e+04 6.025962945923223705e-15 5.913496158833491903e-15 5.983382034791920817e-15 6.410601398505637860e+01 2.003026666666666529e+02
5.781400000000000000e+04 5.815424294880013620e-15 5.252150788269276857e-15 5.940394051708853702e-15 6.326439898473706336e+01 1.963729999999999905e+02
5.784000000000000000e+04 6.881742023585964568e-15 6.530758828618644460e-15 7.043799190889040660e-15 7.110625330120377896e+01 2.432473333333333301e+02
5.784000000000000000e+04 6.870634720592892197e-15 6.134820746475644419e-15 6.906394992613924219e-15 6.963427246320227937e+01 2.373503333333333387e+02
5.784000000000000000e+04 6.537397570279854453e-15 5.928487578931563499e-15 6.596051992230002496e-15 6.813261649650506513e+01 2.316736666666666622e+02
5.787500000000000000e+04 nan nan nan nan nan
5.787500000000000000e+04 nan nan nan nan nan
5.787500000000000000e+04 nan nan nan nan nan
5.790400000000000000e+04 6.193221629970050686e-15 5.511567069100652298e-15 nan 9.403640220086380452e+01 3.268576666666666597e+02
5.790400000000000000e+04 6.186527564297247614e-15 5.630880037653525837e-15 nan 9.241792881577937635e+01 3.208140000000000214e+02
5.790400000000000000e+04 6.070683101944948102e-15 5.413600422586702689e-15 nan 9.272525900934824961e+01 3.213316666666667061e+02
5.792400000000000000e+04 6.056295966824213388e-15 4.699992180308415109e-15 6.105850594506574109e-15 6.759408118847828462e+01 2.188694999999999879e+02
5.792400000000000000e+04 5.907048971913079794e-15 4.207250804340854386e-15 6.011136251851329515e-15 8.662815737339279565e+01 2.982548333333333517e+02
5.792400000000000000e+04 6.020226122549626368e-15 4.444064476242922793e-15 5.855978796615664809e-15 7.921620523971184014e+01 2.665731666666666797e+02
5.794500000000000000e+04 nan nan nan nan nan
5.794500000000000000e+04 nan nan nan nan nan
5.794500000000000000e+04 1.364612109696902755e-14 5.691133124935158862e-15 nan 6.895377658027062751e+01 2.199663333333333242e+02
5.796500000000000000e+04 nan nan nan nan nan
5.796500000000000000e+04 nan nan nan nan nan
5.796500000000000000e+04 nan nan nan nan nan
5.798500000000000000e+04 5.897109999462939641e-15 5.687556655337691118e-15 nan 9.195879788737428839e+01 3.051444999999999936e+02
5.798500000000000000e+04 6.042230864600529725e-15 5.425897529313840623e-15 nan 9.302633002783210259e+01 3.103799999999999955e+02
5.798500000000000000e+04 5.927880072097468718e-15 5.228590860449615878e-15 nan 9.156638179780537712e+01 3.036708333333333485e+02
5.800700000000000000e+04 5.849261597059810114e-15 4.941610738774955921e-15 6.013434044737096758e-15 9.342840287901449869e+01 3.183168333333333067e+02
5.800700000000000000e+04 1.166563914294823681e-15 9.891100415490575693e-16 1.185685330435680973e-15 2.347395716418721534e+01 6.366660000000000252e+01
5.800700000000000000e+04 5.837939350092285363e-15 5.018220790036340828e-15 6.025724219812320972e-15 9.331792100019900715e+01 3.176226666666667029e+02
5.802700000000000000e+04 5.638993361369385949e-15 5.078390361002399247e-15 5.704240695154076810e-15 8.754820228989611053e+01 2.962163333333333526e+02
5.802700000000000000e+04 5.516901294913057998e-15 5.121417623718603471e-15 5.678813316935657062e-15 8.648840107338224925e+01 2.914701666666666711e+02
5.802700000000000000e+04 5.497430274225323428e-15 4.942864366251441071e-15 5.560980428143408574e-15 8.557228976499850148e+01 2.885241666666667015e+02
5.804700000000000000e+04 5.646023086763548670e-15 5.005203701572977092e-15 5.802995523460637975e-15 8.568266796928719486e+01 2.817549999999999955e+02
5.804700000000000000e+04 5.750846808130074387e-15 5.383436487937184357e-15 5.823405422940238947e-15 8.630071897643634316e+01 2.843198333333332926e+02
5.804700000000000000e+04 5.548730577782043050e-15 5.055280440165902474e-15 5.527686327948268598e-15 8.296895882027949654e+01 2.707256666666666547e+02
5.806700000000000000e+04 6.227131353394882263e-15 5.774117847727342644e-15 nan 9.151950429913809160e+01 3.096608333333333576e+02
5.806700000000000000e+04 6.050168145482304623e-15 6.018038546730815782e-15 nan 8.722291990857993937e+01 2.920621666666666556e+02
5.806700000000000000e+04 6.296240565534703162e-15 5.834770531819854630e-15 nan 9.141651436680126608e+01 3.088509999999999991e+02
5.808700000000000000e+04 6.214243350545644801e-15 4.802063503580845480e-15 nan 8.204506820861770677e+01 2.809381666666666888e+02
5.808700000000000000e+04 6.324093655736415768e-15 4.954060853386761823e-15 nan 8.228661224143499453e+01 2.816383333333333212e+02
5.808700000000000000e+04 6.434795313481290126e-15 4.879458243583870954e-15 nan 8.314241837564894411e+01 2.849168333333333294e+02
5.812900000000000000e+04 6.239370033135799653e-15 4.547381501337518273e-15 nan 6.926897340926747404e+01 2.292334999999999923e+02
5.812900000000000000e+04 6.411420876266355454e-15 4.679888876284577756e-15 nan 6.941077337741796782e+01 2.314083333333333314e+02
5.812900000000000000e+04 6.019800446660495050e-15 4.299682392263171777e-15 nan 6.630245338272723643e+01 2.184909999999999854e+02
5.814900000000000000e+04 5.834230010287236228e-15 5.400836809094622168e-15 nan 7.181395615982881964e+01 2.433643333333333487e+02
5.814900000000000000e+04 5.855713920443808346e-15 5.616726459730226832e-15 nan 7.257988901221709455e+01 2.472354999999999734e+02
5.814900000000000000e+04 6.029730130802622821e-15 5.439789358775423709e-15 nan 7.496127953715667047e+01 2.566823333333333608e+02
5.817200000000000000e+04 6.656155088648660528e-15 6.797443582439940879e-15 nan 7.375081380123270947e+01 2.465838333333333310e+02
5.817200000000000000e+04 6.537837939148286728e-15 6.742266787249565840e-15 nan 7.346332535758429572e+01 2.452686666666666895e+02
5.817200000000000000e+04 6.683331979524881022e-15 6.643206064560844333e-15 nan 7.340965589554666337e+01 2.448820000000000050e+02
5.819200000000000000e+04 6.384808684583121670e-15 6.113199114416238374e-15 nan 7.542470066088918657e+01 2.461338333333333424e+02
5.819200000000000000e+04 6.368484017433315382e-15 6.058306168119927060e-15 nan 7.484323451937055438e+01 2.438004999999999995e+02
5.819200000000000000e+04 6.227200918063328855e-15 6.157658194188163013e-15 nan 7.296204874134049589e+01 2.376490000000000009e+02
5.821200000000000000e+04 nan nan nan nan nan
5.821200000000000000e+04 6.889447930117875085e-15 5.856763782088308330e-15 nan 7.007220591568479051e+01 2.353051666666666506e+02
5.821200000000000000e+04 6.895743878193122381e-15 5.950085568704973225e-15 nan 6.951292238123029676e+01 2.327561666666666724e+02
5.824200000000000000e+04 nan nan nan nan nan
5.824200000000000000e+04 nan nan nan nan nan
5.824200000000000000e+04 nan nan nan nan nan
5.829400000000000000e+04 6.513021033076617569e-15 5.810349380743568802e-15 nan 7.543221907188095088e+01 2.527623333333333164e+02
5.829500000000000000e+04 6.044187221070697058e-15 5.155167119541291815e-15 nan 7.040767224843432359e+01 2.408350000000000080e+02
5.829500000000000000e+04 6.006056131205528877e-15 5.204768648701477967e-15 nan 7.040587925916085510e+01 2.409128333333333387e+02
5.829500000000000000e+04 6.114799354430424285e-15 4.982049890869858568e-15 nan 7.131495290662044795e+01 2.443988333333333287e+02
5.833400000000000000e+04 nan nan nan nan nan
5.833500000000000000e+04 6.041215094839724838e-15 5.034044860442125736e-15 nan 7.136569043033958337e+01 2.302849999999999966e+02
5.833500000000000000e+04 nan nan nan nan nan
5.833600000000000000e+04 nan nan nan nan nan
5.833600000000000000e+04 6.795953145579838546e-15 5.341640708554574532e-15 nan 6.276909385865822344e+01 1.959948333333333323e+02
5.833600000000000000e+04 7.125821910356009716e-15 5.517538935508808493e-15 nan 6.392322035527614332e+01 2.002584999999999980e+02
5.833800000000000000e+04 7.314112262554701221e-15 5.248981879880660339e-15 nan 7.871383818382234665e+01 2.535318333333333385e+02
5.833800000000000000e+04 6.846679947460649120e-15 5.019912184194913367e-15 nan 7.503239988375902669e+01 2.383870000000000005e+02
5.833800000000000000e+04 7.274862112666883583e-15 5.241749550655473706e-15 nan 7.974650281922654926e+01 2.581093333333333248e+02
