5.769000000000000000e+04 9.727747164853624561e-15 1.400468991143689752e-14 1.400468991143689752e-14 2.993931421182317649e+02 2.411348888888888723e+03
5.769000000000000000e+04 9.783738082005542626e-15 1.429281888271977980e-14 1.429281888271977980e-14 3.008866234142611233e+02 2.431628888888888923e+03
5.769000000000000000e+04 9.800825703967042192e-15 1.434461597696674532e-14 1.434461597696674532e-14 3.044906960671650609e+02 2.481159999999999854e+03
5.771100000000000000e+04 8.605863641392348090e-15 nan nan 1.666626122678530635e+02 1.139821555555555506e+03
5.771100000000000000e+04 8.696480049866115760e-15 nan nan 1.286458046378683662e+02 7.989817777777777792e+02
5.771100000000000000e+04 8.630828445805016926e-15 nan nan 1.425587298841260804e+02 9.394919999999999618e+02
5.773200000000000000e+04 7.836035600368806897e-15 1.185178429467222148e-14 1.185178429467222148e-14 2.300683657749115696e+02 1.581446444444444296e+03
5.773200000000000000e+04 7.921038442048031324e-15 1.195391991871552462e-14 1.195391991871552462e-14 2.361331596480602570e+02 1.640132666666666637e+03
5.773200000000000000e+04 7.987005912957335736e-15 1.207810802984991498e-14 1.207810802984991498e-14 2.325831521281047571e+02 1.613838444444444349e+03
5.775300000000000000e+04 7.710479533126697428e-15 nan nan 2.479613391925743713e+02 1.751171111111111031e+03
5.775300000000000000e+04 7.756659308161324807e-15 nan nan 2.477233988213840803e+02 1.748648888888888905e+03
5.775300000000000000e+04 7.758895122768434780e-15 1.098589263176256636e-14 1.098589263176256636e-14 2.472098814018926589e+02 1.743250444444444611e+03
5.777400000000000000e+04 8.384723849962434045e-15 nan nan 2.137380773622334402e+02 1.428281777777777734e+03
5.777400000000000000e+04 8.438741624002729971e-15 nan nan 2.137907528831323702e+02 1.427166888888888934e+03
5.777400000000000000e+04 8.478263122592910919e-15 nan nan 2.141864357703298083e+02 1.430375555555555593e+03
5.779600000000000000e+04 8.248726116179169698e-15 nan nan 1.744910011516192583e+02 1.437184888888888963e+03
5.779600000000000000e+04 8.246003868945208934e-15 nan nan 1.697095407453678320e+02 1.391532444444444536e+03
5.779600000000000000e+04 7.997313622711059261e-15 nan nan 1.670638590330729869e+02 1.359922888888888792e+03
5.781800000000000000e+04 7.429628579395735951e-15 nan nan 1.522195341553439505e+02 1.265205555555555520e+03
5.781800000000000000e+04 7.567777491430169064e-15 nan nan 1.456332450961848508e+02 1.162133333333333439e+03
5.781800000000000000e+04 7.639883848302282886e-15 nan nan 1.475030481636085540e+02 1.186723777777777741e+03
5.781800000000000000e+04 7.567225366123056845e-15 nan nan 1.459374379849325578e+02 1.167409333333333279e+03
5.781800000000000000e+04 7.394811967137830007e-15 1.114340113563201582e-14 1.114340113563201582e-14 1.539784066118285182e+02 1.321273333333333312e+03
5.781800000000000000e+04 7.435080312820064196e-15 1.184880650370382973e-14 1.184880650370382973e-14 1.566960069387951933e+02 1.350329333333333352e+03
5.785900000000000000e+04 nan nan nan nan nan
5.785900000000000000e+04 nan nan nan nan nan
5.785900000000000000e+04 6.658277725816257461e-15 nan nan 7.690101758823939804e+01 3.468711111111111336e+02
5.797200000000000000e+04 9.311403273253126693e-15 1.361299766687318547e-14 1.361299766687318547e-14 2.159997321099579040e+02 1.999119999999999891e+03
5.797200000000000000e+04 9.216818673195908234e-15 1.366311447055099533e-14 1.366311447055099533e-14 2.113719336133569584e+02 1.969684666666666544e+03
5.797200000000000000e+04 9.310152617456667823e-15 1.356983897554847035e-14 1.356983897554847035e-14 2.117061548463580607e+02 1.957516000000000076e+03
5.799300000000000000e+04 9.635276650482429919e-15 nan nan 2.992557963623357864e+02 2.417315555555555420e+03
5.799300000000000000e+04 9.654658758251856631e-15 nan nan 2.979806548397597794e+02 2.400535555555555675e+03
5.799300000000000000e+04 9.658998569078857011e-15 nan nan 2.968872244918231900e+02 2.384166666666666515e+03
5.801700000000000000e+04 9.748775100953276000e-15 1.493310474503326898e-14 1.493310474503326898e-14 3.001891306266512629e+02 2.429862222222222499e+03
5.801700000000000000e+04 9.830165165414702827e-15 1.441742502141699907e-14 1.441742502141699907e-14 2.974858230066424198e+02 2.392288888888888778e+03
5.801700000000000000e+04 9.715291794460444202e-15 1.515371369755426376e-14 1.515371369755426376e-14 3.008268311287773145e+02 2.435835555555555857e+03
5.804700000000000000e+04 8.976545043947424075e-15 nan nan 2.777212987081289270e+02 2.159600444444444747e+03
5.804700000000000000e+04 8.927571749927859966e-15 nan nan 2.765967721431190967e+02 2.149667777777777701e+03
5.804700000000000000e+04 8.984503649669909129e-15 1.283701812350217247e-14 1.283701812350217247e-14 2.769800458267816907e+02 2.163808666666666795e+03
5.806800000000000000e+04 8.878340951151971654e-15 nan nan 2.677140078250123452e+02 2.044549555555555571e+03
5.806800000000000000e+04 8.926035301845180608e-15 nan nan 2.653698545640471025e+02 2.014641555555555442e+03
5.806800000000000000e+04 8.845455103004989763e-15 nan nan 2.670043208860797108e+02 2.036534222222222070e+03
5.808900000000000000e+04 8.522792750876817406e-15 nan nan 2.109462771147508420e+02 1.931460666666666611e+03
5.808900000000000000e+04 8.550949384531841771e-15 nan nan 2.131926500392412720e+02 1.954452222222222417e+03
5.808900000000000000e+04 8.705573186530741390e-15 nan nan 2.158347139266471402e+02 1.988612444444444463e+03
5.811000000000000000e+04 8.674708642416874522e-15 1.252932683863752459e-14 1.252932683863752459e-14 2.608725482439277243e+02 1.910759555555555380e+03
5.811000000000000000e+04 8.746780802080146889e-15 1.277649820928572705e-14 1.277649820928572705e-14 2.619559216615054993e+02 1.921104888888888809e+03
5.811000000000000000e+04 8.600754355088980340e-15 1.242843066167558214e-14 1.242843066167558214e-14 2.595018586676990253e+02 1.894381333333333487e+03
5.813200000000000000e+04 8.575648921044731710e-15 nan nan 2.306201671201404793e+02 1.566622666666666646e+03
5.813200000000000000e+04 8.518998791631810851e-15 nan nan 2.314302533253720924e+02 1.573532666666666728e+03
5.815300000000000000e+04 8.440508167525796046e-15 1.234873740383792273e-14 1.234873740383792273e-14 2.491969454687939844e+02 1.768449555555555435e+03
5.815300000000000000e+04 8.513984272009696099e-15 1.248414274118030124e-14 1.248414274118030124e-14 2.493373041495385678e+02 1.772345777777777812e+03
5.815300000000000000e+04 8.439939149548135535e-15 1.258997335526182050e-14 1.258997335526182050e-14 2.509176760339367718e+02 1.791157555555555518e+03
5.817400000000000000e+04 8.268018117547102627e-15 nan nan 1.759198843326107067e+02 1.573250888888888767e+03
5.817400000000000000e+04 8.313907409818061765e-15 nan nan 1.760599691233657609e+02 1.575556000000000040e+03
5.817400000000000000e+04 8.463253317964349767e-15 nan nan 1.795821697985093408e+02 1.611743333333333339e+03
5.819500000000000000e+04 8.419490755591077434e-15 nan nan 2.284149613959970964e+02 1.566822888888888883e+03
5.819500000000000000e+04 8.417580363514894934e-15 nan nan 2.288778085409060736e+02 1.572732222222222163e+03
5.819500000000000000e+04 8.434119981340411817e-15 nan nan 2.273905045577313331e+02 1.559393555555555622e+03
5.821500000000000000e+04 8.871551531689600513e-15 nan nan 2.379049072764983634e+02 1.690591333333333296e+03
5.821500000000000000e+04 8.810249636610367240e-15 nan nan 2.373078731415061782e+02 1.685521111111110940e+03
5.821600000000000000e+04 8.789598230640505559e-15 nan nan 2.376908207671862954e+02 1.690296888888888816e+03
5.822400000000000000e+04 8.910377515876141164e-15 nan nan 2.168753618934763665e+02 1.472371333333333496e+03
5.822400000000000000e+04 8.818186407816449260e-15 nan nan 2.151620873661249504e+02 1.455824666666666644e+03
5.822400000000000000e+04 8.848402461708026172e-15 nan nan 2.125239125551799759e+02 1.430071555555555506e+03
5.833500000000000000e+04 9.730245610634818354e-15 1.426106663921789277e-14 1.426106663921789277e-14 1.920967944466807467e+02 1.422010666666666793e+03
5.833500000000000000e+04 9.994772214468520836e-15 1.438036049135993067e-14 1.438036049135993067e-14 1.868925989514289085e+02 1.363818444444444594e+03
5.833500000000000000e+04 9.625829402039163407e-15 1.387781742378089991e-14 1.387781742378089991e-14 1.879888375164678109e+02 1.382347333333333381e+03
