5.750800000000000000e+04 nan 8.258223416645088648e-15 nan 4.419319950879037719e+02 3.582750000000000000e+03
5.750800000000000000e+04 nan 8.244168775666022084e-15 nan 4.389691344715367336e+02 3.545335000000000036e+03
5.750800000000000000e+04 nan 8.242040376147149741e-15 nan 4.357458789234385108e+02 3.512309999999999945e+03
5.751600000000000000e+04 nan 8.087017730650276017e-15 8.349983199269556084e-15 4.303396219566711807e+02 3.413901666666666642e+03
5.751600000000000000e+04 nan 8.142173781093562020e-15 8.352713579351894898e-15 4.304827685415181122e+02 3.414966666666666697e+03
5.751600000000000000e+04 nan 8.189942127911068247e-15 8.375193258620416900e-15 3.919442556866401333e+02 2.881210000000000036e+03
5.752300000000000000e+04 nan 7.459468076683530987e-15 nan 2.084296118024031159e+02 1.082749500000000126e+03
5.752300000000000000e+04 nan 7.337931282127643323e-15 nan 1.296240645006186298e+02 5.702408333333332848e+02
5.752300000000000000e+04 nan 7.552309092844852529e-15 nan 1.615547202972993546e+02 7.431551666666666733e+02
5.753000000000000000e+04 nan 7.959012656774842614e-15 8.374945263676032856e-15 3.311785190460269064e+02 2.816820000000000164e+03
5.753000000000000000e+04 nan 7.852824268160938525e-15 8.241981881850446336e-15 3.275520944076802721e+02 2.793286666666666861e+03
5.753000000000000000e+04 nan 7.824299314441003578e-15 8.275596236302655972e-15 3.278758358808437379e+02 2.784203333333333376e+03
5.754700000000000000e+04 nan 8.367855913111153226e-15 nan 3.594126221472995439e+02 2.471404999999999745e+03
5.754700000000000000e+04 nan 8.189051768512222229e-15 nan 3.641248285955513779e+02 2.526783333333333303e+03
5.754700000000000000e+04 nan 8.190334039069812269e-15 nan 3.615083884568297776e+02 2.494958333333333485e+03
5.755400000000000000e+04 nan 6.929147266453887898e-15 nan 1.212698564785319206e+02 7.248923333333333403e+02
5.755400000000000000e+04 nan 6.436597170540746228e-15 nan 1.421726754032887641e+02 8.735436666666666952e+02
5.755400000000000000e+04 nan nan nan nan nan
5.756200000000000000e+04 nan 6.848615403841878515e-15 7.084915484073589347e-15 3.386572838955855218e+02 2.525570000000000164e+03
5.756200000000000000e+04 nan 6.870622483085262566e-15 7.127816528916804599e-15 3.412730271774415769e+02 2.555196666666666260e+03
5.756200000000000000e+04 nan 6.877231100182138250e-15 7.146764335183903398e-15 3.422281829808829912e+02 2.571230000000000018e+03
5.756900000000000000e+04 nan nan nan 3.257759306813884450e+02 2.096733333333333121e+03
5.756900000000000000e+04 nan nan nan 2.901302896930885140e+02 1.718101666666666688e+03
5.756900000000000000e+04 nan nan nan 3.177062039155260322e+02 2.007634999999999991e+03
5.758300000000000000e+04 nan nan nan 3.274068979410806719e+02 2.274684999999999945e+03
5.758300000000000000e+04 nan nan nan 3.181414973697117716e+02 2.167644999999999982e+03
5.758300000000000000e+04 nan nan nan 3.231972863756835181e+02 2.225646666666666533e+03
5.759100000000000000e+04 nan nan nan 2.742337900389129572e+02 1.692575000000000045e+03
5.759100000000000000e+04 nan nan nan 3.302656303498177977e+02 2.250635000000000218e+03
5.759100000000000000e+04 nan nan nan 3.056366985469268229e+02 2.016393333333333430e+03
5.759800000000000000e+04 nan 7.150264356119957223e-15 7.345809735714047893e-15 3.808336883137624795e+02 2.747313333333333048e+03
5.759800000000000000e+04 nan 7.105634062395473477e-15 7.239602877831429077e-15 3.767447456746131706e+02 2.696589999999999691e+03
5.759800000000000000e+04 nan 7.151545954377307869e-15 7.378478894152923667e-15 3.813842198713001039e+02 2.754696666666666260e+03
5.769100000000000000e+04 nan nan nan nan nan
5.769100000000000000e+04 nan nan nan nan nan
5.769100000000000000e+04 nan nan nan nan nan
5.769300000000000000e+04 nan nan nan nan nan
5.769300000000000000e+04 nan nan nan nan nan
5.769300000000000000e+04 nan nan nan nan nan
5.770100000000000000e+04 nan 9.514115318748974800e-15 nan 3.816205002786082900e+02 2.790078333333333376e+03
5.770100000000000000e+04 nan 9.532887296988225965e-15 nan 3.788595387518838606e+02 2.754264999999999873e+03
5.770100000000000000e+04 nan 9.644337932055338061e-15 nan 3.774512772433618579e+02 2.718293333333333521e+03
5.771100000000000000e+04 nan nan nan nan nan
5.771100000000000000e+04 nan 8.330832605600477813e-15 8.567845617511194112e-15 2.422356023971142918e+02 1.849691666666666606e+03
5.771100000000000000e+04 nan 8.301842035104439316e-15 8.443368996445933089e-15 1.608879639119555804e+02 1.041289166666666688e+03
5.771900000000000000e+04 nan 8.635883991731789000e-15 8.889750333155590036e-15 3.329757470902479781e+02 2.167079999999999927e+03
5.771900000000000000e+04 nan 8.631462307209004219e-15 8.880705335416989458e-15 3.282359218970729557e+02 2.114201666666666824e+03
5.771900000000000000e+04 nan 8.567433056077671467e-15 9.013909436646169571e-15 3.172855590654099274e+02 1.992750000000000000e+03
5.772600000000000000e+04 nan 8.675640698255130961e-15 nan 3.938778093761144987e+02 2.939673333333333176e+03
5.772600000000000000e+04 nan 8.702250937002600304e-15 nan 3.940994707272980691e+02 2.932256666666666661e+03
5.772600000000000000e+04 nan 8.783578891037457046e-15 nan 3.988312567111321982e+02 2.988853333333333467e+03
5.773300000000000000e+04 nan 9.287718923920269094e-15 9.421413551429641909e-15 3.914985551055632413e+02 3.118641666666666879e+03
5.773300000000000000e+04 nan 9.287427022307994087e-15 9.386199781524796534e-15 3.830026720938410563e+02 3.123406666666666752e+03
5.773300000000000000e+04 nan 9.256134832245058605e-15 9.422769092843522536e-15 3.938333768684529446e+02 3.066980000000000018e+03
5.774100000000000000e+04 nan nan nan 3.463203455401719566e+02 2.592468333333333248e+03
5.774100000000000000e+04 nan nan nan 3.635835601577979332e+02 2.795000000000000000e+03
5.774100000000000000e+04 nan nan nan 3.577496144828591014e+02 2.718050000000000182e+03
5.774900000000000000e+04 nan 9.135978113598718119e-15 9.311093244149951699e-15 3.778540721332626617e+02 2.699304999999999836e+03
5.774900000000000000e+04 nan 9.068689467096075552e-15 9.179984580131534362e-15 3.859289198647138051e+02 2.803070000000000164e+03
5.774900000000000000e+04 nan 9.106765180709224161e-15 9.210968129301254034e-15 3.865769107390457293e+02 2.811598333333333358e+03
5.775700000000000000e+04 nan 9.404051080408477738e-15 9.676867724280944821e-15 3.960874017890153027e+02 2.932364999999999782e+03
5.775700000000000000e+04 nan 9.389218511267070184e-15 9.674794507844979871e-15 3.975441780196631498e+02 2.952848333333333358e+03
5.775700000000000000e+04 nan 9.135020335402652573e-15 9.282591739927123170e-15 3.875240256844394935e+02 2.826535000000000309e+03
5.776400000000000000e+04 nan 1.075435939958154005e-14 nan 3.888628245751518193e+02 3.015670000000000073e+03
5.776400000000000000e+04 nan 1.065847341058608499e-14 nan 3.880655770716581969e+02 2.997561666666666952e+03
5.776400000000000000e+04 nan 1.062945480207543774e-14 nan 3.881381750000159627e+02 2.992513333333333321e+03
5.777200000000000000e+04 nan nan nan 3.352517066714294742e+02 2.351300000000000182e+03
5.777200000000000000e+04 nan nan nan 3.316466455135771980e+02 2.292383333333333212e+03
5.777200000000000000e+04 nan nan nan 3.341086881417140830e+02 2.317008333333333212e+03
5.777900000000000000e+04 nan 9.972121424827617875e-15 nan 3.308657814475602095e+02 2.129468333333333248e+03
5.777900000000000000e+04 nan 9.815910544596442120e-15 nan 3.290909567890523135e+02 2.112110000000000127e+03
5.777900000000000000e+04 nan 9.896640010382165065e-15 nan 3.312241312836372913e+02 2.135230000000000018e+03
5.778600000000000000e+04 nan 1.083275366556776853e-14 nan 3.677582230224429054e+02 2.569135000000000218e+03
5.778600000000000000e+04 nan 1.082540887958023718e-14 nan 3.670370684891014434e+02 2.560876666666666551e+03
5.778600000000000000e+04 nan 1.087286249134972294e-14 nan 3.683775643059763070e+02 2.576485000000000127e+03
5.779400000000000000e+04 nan 1.082346729975841177e-14 nan 3.348960658759112334e+02 2.585050000000000182e+03
5.779400000000000000e+04 nan 1.069211715546801343e-14 nan 3.366110415183932218e+02 2.596019999999999982e+03
5.779400000000000000e+04 nan 1.078077419892349702e-14 nan 3.350135517720986513e+02 2.581289999999999964e+03
5.780100000000000000e+04 nan 8.737659154209949714e-15 8.827053114382413380e-15 3.298756744002801611e+02 2.298891666666666879e+03
5.780100000000000000e+04 nan 8.822915662017309217e-15 8.901824496920501535e-15 3.318723337955121337e+02 2.336171666666666624e+03
5.780100000000000000e+04 nan 8.946803072768034417e-15 8.997105555509737450e-15 3.384494346025658729e+02 2.417031666666666752e+03
5.780900000000000000e+04 nan nan nan 3.349959031827239642e+02 2.177309999999999945e+03
5.780900000000000000e+04 nan nan nan 3.325372745794215916e+02 2.147846666666666806e+03
5.780900000000000000e+04 nan nan nan 3.336383916882688254e+02 2.160735000000000127e+03
5.781700000000000000e+04 nan 9.547428416882129923e-15 nan 3.673653636414082939e+02 2.567431666666666388e+03
5.781700000000000000e+04 nan 9.681603669056190554e-15 nan 3.676531793133461292e+02 2.572286666666666861e+03
5.781700000000000000e+04 nan 9.635076339076460259e-15 nan 3.681085307161065998e+02 2.577070000000000164e+03
5.785700000000000000e+04 nan nan nan nan nan
5.785700000000000000e+04 nan nan nan nan nan
5.785700000000000000e+04 nan 9.997373635403815056e-15 1.047843121817939100e-14 1.924559300544698033e+02 1.163202833333333274e+03
5.786400000000000000e+04 nan 1.210064052669735024e-14 nan 3.645159898348831575e+02 2.529631666666666661e+03
5.786400000000000000e+04 nan 1.211851675670945462e-14 nan 3.648649671238108567e+02 2.546258333333333212e+03
5.786400000000000000e+04 nan 1.222170581102964602e-14 nan 3.666313601424516833e+02 2.555911666666666861e+03
5.787800000000000000e+04 nan 1.066782247913084509e-14 nan 4.751841593156862587e+02 4.272963333333333139e+03
5.787800000000000000e+04 nan 1.065361454176940076e-14 nan 4.739349668017743511e+02 4.255241666666666788e+03
5.787800000000000000e+04 nan 1.063208976027876492e-14 nan 4.753119433547379913e+02 4.274695000000000618e+03
5.788700000000000000e+04 nan 1.011127902312419277e-14 nan 1.910592869614316101e+02 1.271435333333333347e+03
5.788700000000000000e+04 nan 1.010691572376218547e-14 nan 2.640053803632800395e+02 1.914228333333333239e+03
5.788700000000000000e+04 nan 1.014122822254924784e-14 nan 2.817307905897956175e+02 2.100571666666666715e+03
5.789400000000000000e+04 nan 1.071545928816398867e-14 1.104837644565927209e-14 4.702649549747624178e+02 4.025543333333333521e+03
5.789400000000000000e+04 nan 1.068145475248651638e-14 1.092049847576972327e-14 4.637181159128440413e+02 3.924753333333333558e+03
5.789400000000000000e+04 nan 1.062709464479657451e-14 1.082522842669597647e-14 4.630352344404155360e+02 3.914940000000000055e+03
5.790300000000000000e+04 nan nan nan 3.104782664750242702e+02 1.916213333333333367e+03
5.790300000000000000e+04 nan nan nan 3.274621770409623878e+02 2.100155000000000200e+03
5.790300000000000000e+04 nan nan nan 3.399710883261388972e+02 2.243408333333333303e+03
5.791000000000000000e+04 nan 9.673623086559558914e-15 nan 4.142832995937581586e+02 3.509153333333333649e+03
5.791000000000000000e+04 nan 9.697718650896109288e-15 nan 4.202107029350563039e+02 3.585996666666666442e+03
5.791000000000000000e+04 nan 9.777813929745872703e-15 nan 4.287814733256112731e+02 3.720326666666666824e+03
5.791800000000000000e+04 nan 1.005457190045794722e-14 nan 2.793860708159192541e+02 1.599107499999999845e+03
5.791800000000000000e+04 nan 1.006097634163851568e-14 nan 3.747252916001519338e+02 2.660681666666666388e+03
5.791800000000000000e+04 nan 1.005834126794328247e-14 nan 3.277274560496018694e+02 2.102746666666666897e+03
5.792500000000000000e+04 nan nan nan 4.550192620479572838e+02 3.781493333333333339e+03
5.792500000000000000e+04 nan nan nan 4.525105420210502416e+02 3.742148333333333085e+03
5.792500000000000000e+04 nan nan nan 4.538175116042089599e+02 3.773106666666666570e+03
5.793300000000000000e+04 nan 1.092501962717150712e-14 nan 3.932955556727781072e+02 2.931428333333333740e+03
5.793300000000000000e+04 nan 1.092156640034716146e-14 nan 3.899418300253344682e+02 2.887589999999999691e+03
5.793300000000000000e+04 nan 1.093190657405044537e-14 nan 3.963015389622288467e+02 2.970896666666666533e+03
5.794200000000000000e+04 nan nan nan 2.755721801932321569e+02 1.883726666666666688e+03
5.794200000000000000e+04 nan nan nan 2.743481266604233042e+02 1.868706666666666479e+03
5.794200000000000000e+04 nan nan nan 2.731597170664010150e+02 1.853976666666666688e+03
5.794900000000000000e+04 nan 1.140183420414900147e-14 nan 3.340341381539915915e+02 2.174098333333333358e+03
5.794900000000000000e+04 nan 1.139083376724051787e-14 nan 3.413834066288027316e+02 2.257046666666666624e+03
5.794900000000000000e+04 nan 1.126737033410302556e-14 nan 3.390713887731101863e+02 2.231946666666666260e+03
5.795600000000000000e+04 nan 1.151226981105576533e-14 nan 4.193435256375618678e+02 3.261038333333332957e+03
5.795600000000000000e+04 nan 1.151440486653518585e-14 nan 4.205764950551317725e+02 3.279003333333333558e+03
5.795600000000000000e+04 nan 1.152322391639625896e-14 nan 4.185499033584706581e+02 3.250129999999999654e+03
5.796400000000000000e+04 nan 1.122802196018012792e-14 nan 2.473273350180578518e+02 1.522678500000000213e+03
5.796400000000000000e+04 nan 1.111207184765009893e-14 nan 1.955513744957583242e+02 1.104146666666666761e+03
5.796400000000000000e+04 nan 1.052304571214806791e-14 nan 8.666589152088853609e+01 4.141488333333333571e+02
5.805500000000000000e+04 nan nan nan 3.079771985343555230e+02 1.899666666666666742e+03
5.805500000000000000e+04 nan nan nan 3.104706276894842176e+02 1.927108333333333348e+03
5.805500000000000000e+04 nan nan nan 3.055105198285390884e+02 1.874081666666666479e+03
5.806200000000000000e+04 nan 7.207399242841588672e-15 nan 2.460064949422398968e+02 1.889539999999999964e+03
5.806200000000000000e+04 nan 7.286215388711343191e-15 nan 2.511518431566993286e+02 1.933751666666666779e+03
5.806200000000000000e+04 nan 7.263158776856213865e-15 nan 2.556315753771218056e+02 1.969968333333333476e+03
5.807000000000000000e+04 nan 8.563450675258067781e-15 nan 2.982205529086226079e+02 2.197313333333333048e+03
5.807000000000000000e+04 nan 8.460662532224340093e-15 nan 2.811960061730390521e+02 2.196379999999999654e+03
5.807000000000000000e+04 nan 8.660535365965485440e-15 nan 3.086780431238527740e+02 2.180224999999999909e+03
5.807900000000000000e+04 nan 8.075001796964513071e-15 8.203307931599790936e-15 2.934524280124114739e+02 1.743483333333333348e+03
5.807900000000000000e+04 nan 8.187391767080176886e-15 8.319796516066447506e-15 2.888424641764474927e+02 1.697726666666666688e+03
5.807900000000000000e+04 nan 8.098831824401676976e-15 8.144224629650981498e-15 2.951052889628456910e+02 1.759778333333333194e+03
5.808600000000000000e+04 nan 8.417452317101313166e-15 8.525074306709474514e-15 3.488216634609350422e+02 2.570545000000000073e+03
5.808600000000000000e+04 nan 8.241597849444346144e-15 8.331086693743234193e-15 3.236557757227292313e+02 2.556451666666666824e+03
5.808600000000000000e+04 nan 8.344462295102699722e-15 8.400943730074821596e-15 3.392981944348931052e+02 2.572065000000000055e+03
5.809400000000000000e+04 nan nan nan 3.686245646129440843e+02 2.830894999999999982e+03
5.809400000000000000e+04 nan nan nan 3.716129392906000817e+02 2.868226666666666915e+03
5.809400000000000000e+04 nan nan nan 3.671374738696521831e+02 2.813995000000000346e+03
5.811700000000000000e+04 nan 1.059541019003634903e-14 nan 3.812417782887449675e+02 2.794273333333333085e+03
5.811700000000000000e+04 nan 1.067266012046999005e-14 nan 3.830157067834907707e+02 2.792579999999999927e+03
5.811700000000000000e+04 nan 1.060890214013451231e-14 nan 3.812900517412024328e+02 2.819536666666666861e+03
5.812500000000000000e+04 nan 1.022741448180901213e-14 nan 3.554892150897043166e+02 2.733504999999999654e+03
5.812500000000000000e+04 nan 1.014104879191552822e-14 nan 3.582563437145926741e+02 2.729193333333333612e+03
5.812500000000000000e+04 nan 1.014301227279528947e-14 nan 3.586710336402961730e+02 2.717986666666666679e+03
5.813200000000000000e+04 nan 8.286354500937935320e-15 8.456125011732049549e-15 3.377524068238925565e+02 2.259358333333333121e+03
5.813200000000000000e+04 nan 8.257655327262133798e-15 8.383694855572067209e-15 3.323716439239845499e+02 2.261606666666666570e+03
5.813200000000000000e+04 nan 8.273933065736475972e-15 8.407625219921373230e-15 3.365062053929597710e+02 2.266383333333333212e+03
5.814000000000000000e+04 nan 8.031775166143491559e-15 nan 3.648326404886713590e+02 2.532841666666666697e+03
5.814000000000000000e+04 nan 8.047048473851552583e-15 nan 3.638041382459908277e+02 2.520403333333333649e+03
5.814000000000000000e+04 nan 7.992950710545577498e-15 nan 3.650532283474001929e+02 2.535331666666666479e+03
5.814700000000000000e+04 nan 8.193089384179650223e-15 8.371560169690619665e-15 3.475750489518243853e+02 2.377791666666666515e+03
5.814700000000000000e+04 nan 8.157582905208905148e-15 8.375180979309643728e-15 3.503936228290424992e+02 2.389581666666666479e+03
5.814700000000000000e+04 nan 8.125296131999242162e-15 8.263418262548835614e-15 3.478450271701549354e+02 2.368493333333333339e+03
5.815400000000000000e+04 nan 6.865914351199409740e-15 nan 1.950134325826561223e+02 1.284028833333333296e+03
5.815400000000000000e+04 nan 7.333549047811408357e-15 nan 1.460927567263417188e+02 9.208656666666666979e+02
5.815400000000000000e+04 nan 7.064053770590282713e-15 nan 1.682535425812952212e+02 1.075368666666666741e+03
5.816100000000000000e+04 nan 7.760974092561874327e-15 nan 3.397288856341818359e+02 2.234309999999999945e+03
5.816100000000000000e+04 nan 7.856048957920528455e-15 nan 3.404680869188713928e+02 2.243871666666666442e+03
5.816100000000000000e+04 nan 7.836853013606386276e-15 nan 3.366923169089580483e+02 2.212789999999999964e+03
5.816800000000000000e+04 nan nan nan 3.496934785627832412e+02 2.349704999999999927e+03
5.816800000000000000e+04 nan nan nan 3.499539016809128498e+02 2.350945000000000164e+03
5.816800000000000000e+04 nan nan nan 3.484316587224577120e+02 2.333500000000000000e+03
5.817500000000000000e+04 nan nan nan 3.296567218084177853e+02 2.117678333333333285e+03
5.817500000000000000e+04 nan nan nan 3.294366157335327898e+02 2.114278333333333194e+03
5.817500000000000000e+04 nan nan nan 3.294633312823374922e+02 2.115485000000000127e+03
5.818200000000000000e+04 nan 8.027956932131909372e-15 8.282333379366069806e-15 2.702432457732356852e+02 2.029053333333333285e+03
5.818200000000000000e+04 nan 8.147385018536491990e-15 8.280776023503269311e-15 2.723280036707254226e+02 2.054019999999999982e+03
5.818200000000000000e+04 nan 8.025339898200330184e-15 8.242076424542625413e-15 2.730470701009201662e+02 2.063396666666666533e+03
5.819000000000000000e+04 nan nan nan 3.353672396969833471e+02 2.179635000000000218e+03
5.819000000000000000e+04 nan nan nan 3.270210197572375819e+02 2.086206666666666479e+03
5.819000000000000000e+04 nan nan nan 3.339218118023094917e+02 2.163783333333333303e+03
5.819800000000000000e+04 nan 9.047252469742475556e-15 nan 3.351710245146936700e+02 2.182130000000000109e+03
5.819800000000000000e+04 nan 9.224870511870227746e-15 nan 3.292278108830476526e+02 2.121400000000000091e+03
5.819800000000000000e+04 nan 9.177372651149647807e-15 nan 3.300376385575443692e+02 2.122414999999999964e+03
5.820500000000000000e+04 nan nan nan 3.125559549139890692e+02 1.941733333333333348e+03
5.820500000000000000e+04 nan nan nan 3.114038225014310228e+02 1.926160000000000082e+03
5.820500000000000000e+04 nan nan nan 3.110221744697711301e+02 1.921625000000000000e+03
5.822200000000000000e+04 nan 8.441740807568368246e-15 nan 2.815236027893169535e+02 1.622564666666666653e+03
5.822200000000000000e+04 nan 8.245979925527910401e-15 nan 2.788008247051922694e+02 1.596895999999999958e+03
5.822200000000000000e+04 nan 8.349751106877724274e-15 nan 2.803367101212735975e+02 1.611825333333333447e+03
5.822900000000000000e+04 nan 8.145068558037493831e-15 nan 2.462004330908297618e+02 1.298294000000000096e+03
5.822900000000000000e+04 nan 8.095791608085012011e-15 nan 2.407347660946545602e+02 1.252540333333333365e+03
5.822900000000000000e+04 nan 8.081615567905714489e-15 nan 2.425583578112172347e+02 1.267502666666666755e+03
5.823700000000000000e+04 nan nan nan nan nan
5.823700000000000000e+04 nan nan nan nan nan
5.823700000000000000e+04 nan nan nan nan nan
5.824400000000000000e+04 nan 8.399081938852005873e-15 nan 1.096091318657092870e+02 1.447495166666666819e+03
5.824400000000000000e+04 nan 7.851737552175345981e-15 nan 1.019341046086407658e+02 1.293266500000000178e+03
5.824400000000000000e+04 nan 8.229899489379055211e-15 nan 1.137532399952594488e+02 1.430829500000000053e+03
5.825300000000000000e+04 nan 7.570222730846650171e-15 7.944583391574148655e-15 2.983582150968239830e+02 1.783533333333333303e+03
5.825300000000000000e+04 nan 7.674081969754959975e-15 8.034047265052236161e-15 3.018240258906448616e+02 1.818696666666666715e+03
5.825300000000000000e+04 nan 7.665875977481100639e-15 8.018960000026620552e-15 3.012938320776744945e+02 1.813976666666666688e+03
5.826000000000000000e+04 nan 7.680572943060503765e-15 nan 1.512437188724226189e+02 6.072423333333333630e+02
5.826000000000000000e+04 nan 7.879873338674627870e-15 nan 3.131466631751869656e+01 8.526999999999999602e+01
5.826000000000000000e+04 nan 7.796007191359423444e-15 nan 3.694273308379839449e+01 1.024715000000000060e+02
5.827000000000000000e+04 nan nan nan nan nan
5.827000000000000000e+04 nan nan nan nan nan
5.827000000000000000e+04 nan nan nan nan nan
5.827800000000000000e+04 nan 8.054018254788576785e-15 8.284615468839752192e-15 2.369159739282342230e+02 1.214801999999999907e+03
5.827800000000000000e+04 nan 7.961910931758437091e-15 8.172370423927953641e-15 2.444999287129892309e+02 1.279085166666666737e+03
5.827800000000000000e+04 nan 8.008491055257488838e-15 8.209893182366832779e-15 2.465181521791872115e+02 1.295953833333333250e+03
5.828600000000000000e+04 nan nan nan 2.147678781421464862e+02 1.034876833333333252e+03
5.829500000000000000e+04 nan nan nan 1.610258289972365731e+02 1.056467166666666571e+03
5.829500000000000000e+04 nan nan nan 1.633487298219677939e+02 1.062313333333333276e+03
5.829500000000000000e+04 nan nan nan 1.628783094523872421e+02 1.064863666666666631e+03
5.830700000000000000e+04 nan 7.634828717880787980e-15 nan 2.636839389116286156e+02 1.446773000000000138e+03
5.830700000000000000e+04 nan 7.694510750381515551e-15 nan 2.648623649339176040e+02 1.457637666666666519e+03
5.830700000000000000e+04 nan 7.690497421392169401e-15 nan 2.646090269628203941e+02 1.453986166666666577e+03
5.831400000000000000e+04 nan 6.953182768516334279e-15 nan 2.455509966339889445e+02 1.288985000000000127e+03
5.831400000000000000e+04 nan 6.836605494469657191e-15 nan 2.426943285094946816e+02 1.264813833333333378e+03
5.831400000000000000e+04 nan 6.896652705594790142e-15 nan 2.443507735882952829e+02 1.278356999999999971e+03
5.832100000000000000e+04 nan nan nan nan nan
5.832100000000000000e+04 nan nan nan nan nan
5.832100000000000000e+04 nan nan nan nan nan
5.832900000000000000e+04 nan 6.869744711716642012e-15 7.022872027663803512e-15 2.680383420464777373e+02 1.585924500000000080e+03
5.832900000000000000e+04 nan 6.864332790048241555e-15 6.984612927643325355e-15 2.653506984287977843e+02 1.575565166666666755e+03
5.832900000000000000e+04 nan 6.917338593479021706e-15 7.116376015247922228e-15 2.701569883042860170e+02 1.592233999999999924e+03
