5.750800000000000000e+04 nan 5.158049745212076888e-15 nan 1.575188148536565222e+02 5.604408333333333303e+02
5.750800000000000000e+04 nan 5.065233588501954537e-15 nan 1.536100767828728806e+02 5.279439999999999600e+02
5.750800000000000000e+04 nan 5.061853766170587656e-15 nan 1.508449689532766911e+02 5.192363333333333912e+02
5.751600000000000000e+04 nan 5.292600952761686739e-15 5.072180172531858033e-15 1.535506642035017819e+02 5.067843333333333362e+02
5.751600000000000000e+04 nan 5.297531948611987762e-15 5.191057725881541808e-15 1.658052846650608956e+02 6.008113333333333230e+02
5.751600000000000000e+04 nan 5.398947226637468957e-15 5.378331759999069587e-15 1.732646310536569274e+02 6.272431666666666388e+02
5.752300000000000000e+04 nan 5.457732401984869490e-15 nan 7.770937878852852521e+01 2.237591666666666583e+02
5.752300000000000000e+04 nan nan nan nan nan
5.752300000000000000e+04 nan 5.247535922207491573e-15 nan 5.618362401591511457e+01 1.476374500000000012e+02
5.753000000000000000e+04 nan 5.602131477524969330e-15 5.576113916185390405e-15 1.540396033127126145e+02 5.789603333333333239e+02
5.753000000000000000e+04 nan 5.711384555033107010e-15 5.739680375251291786e-15 1.568464753321737248e+02 5.878029999999999973e+02
5.753000000000000000e+04 nan 5.607618634527138279e-15 5.647709906666797261e-15 1.543853511427038825e+02 5.757693333333334067e+02
5.754700000000000000e+04 nan 8.817084405698092284e-15 nan 1.415870386435048829e+02 4.383590000000000373e+02
5.754700000000000000e+04 nan 8.579960730532980222e-15 nan 1.338831253181697036e+02 4.197226666666666688e+02
5.754700000000000000e+04 nan 9.057637458196655154e-15 nan 1.292540756637177424e+02 4.011506666666666661e+02
5.755400000000000000e+04 nan 5.011906548778715182e-15 nan 6.312897640030018209e+01 2.092846666666666522e+02
5.755400000000000000e+04 nan 4.572983195620994288e-15 nan 7.073606166413890151e+01 2.460073333333333494e+02
5.755400000000000000e+04 nan nan nan nan nan
5.756200000000000000e+04 nan 4.887215949679121856e-15 4.850024655500292254e-15 8.652515078812022864e+01 5.170816666666667061e+02
5.756200000000000000e+04 nan 4.727925254811048446e-15 4.609323615556657197e-15 1.447386947124755920e+02 4.885540000000000305e+02
5.756200000000000000e+04 nan 4.858701402047524363e-15 4.861785575280002698e-15 8.496202121130336593e+01 5.073056666666666956e+02
5.756900000000000000e+04 nan nan nan 1.233635804268599827e+02 3.889661666666667088e+02
5.756900000000000000e+04 nan nan nan 1.370931887661526218e+02 4.619281666666666410e+02
5.756900000000000000e+04 nan nan nan 1.309847023412412170e+02 4.462454999999999927e+02
5.758300000000000000e+04 nan nan nan 1.212369149482113215e+02 4.027033333333333189e+02
5.758300000000000000e+04 nan nan nan 1.122434727290878129e+02 3.609823333333333153e+02
5.758300000000000000e+04 nan nan nan 1.170813628504965465e+02 3.856698333333333153e+02
5.759100000000000000e+04 nan nan nan 1.223845638899258432e+02 3.968851666666666915e+02
5.759100000000000000e+04 nan nan nan 1.087937369353726780e+02 3.421891666666666652e+02
5.759100000000000000e+04 nan nan nan 1.299665491155620884e+02 4.425401666666666642e+02
5.759800000000000000e+04 nan 4.524297919258293408e-15 4.211969557176584548e-15 1.431275744888584143e+02 4.848423333333333289e+02
5.759800000000000000e+04 nan 4.623378784048000314e-15 4.321802169913377296e-15 1.440193160238516441e+02 4.679821666666666715e+02
5.759800000000000000e+04 nan 4.501213479513844542e-15 4.195159104226075662e-15 1.407768998681467849e+02 4.827563333333333730e+02
5.769100000000000000e+04 nan nan nan nan nan
5.769100000000000000e+04 nan nan nan nan nan
5.769100000000000000e+04 nan nan nan nan nan
5.769300000000000000e+04 nan nan nan nan nan
5.769300000000000000e+04 nan nan nan nan nan
5.769300000000000000e+04 nan nan nan nan nan
5.770100000000000000e+04 nan 7.634031059070311378e-15 nan 1.495851832908758752e+02 5.177566666666666606e+02
5.770100000000000000e+04 nan 7.557711315173220499e-15 nan 1.532522938365608809e+02 5.345075000000000500e+02
5.770100000000000000e+04 nan 7.431287647699214332e-15 nan 1.559698724797607952e+02 5.322748333333333903e+02
5.771100000000000000e+04 nan 5.240081492652971045e-15 5.234499374388119519e-15 5.320926409814998692e+01 1.955356666666666570e+02
5.771100000000000000e+04 nan 5.439416655657179661e-15 5.512556476135983791e-15 9.417705914982474269e+01 3.635543333333333180e+02
5.771100000000000000e+04 nan nan nan nan nan
5.771900000000000000e+04 nan 5.871838926169282542e-15 6.100810091233892655e-15 1.429365552349034658e+02 5.010098333333333471e+02
5.771900000000000000e+04 nan 5.889134434775268810e-15 5.960367157557446800e-15 1.554981570162406399e+02 5.378859999999999673e+02
5.771900000000000000e+04 nan 5.775530159191040661e-15 5.929256154912099136e-15 1.490096729842283310e+02 5.397298333333333176e+02
5.772600000000000000e+04 nan 5.703605567723993910e-15 nan 1.564345934957241582e+02 5.611981666666666797e+02
5.772600000000000000e+04 nan 5.772235817702060863e-15 nan 1.563634503248319447e+02 5.277228333333333694e+02
5.772600000000000000e+04 nan 5.797444684784815050e-15 nan 1.548498264752032014e+02 5.238791666666667197e+02
5.773300000000000000e+04 nan 5.479580152850513147e-15 5.060588145285896600e-15 1.320871803953924655e+02 4.782084999999999582e+02
5.773300000000000000e+04 nan 5.514556348810986328e-15 5.072734317050136594e-15 1.417390500217938438e+02 4.835194999999999936e+02
5.773300000000000000e+04 nan 5.609955567042455704e-15 5.153866161255383945e-15 1.449128208568817229e+02 4.884386666666666770e+02
5.774100000000000000e+04 nan nan nan 1.436989911029084794e+02 5.332398333333333085e+02
5.774100000000000000e+04 nan nan nan 1.390200884319818613e+02 4.818281666666666183e+02
5.774100000000000000e+04 nan nan nan 1.489280021430285217e+02 5.552906666666666524e+02
5.774900000000000000e+04 nan 5.915715369886795953e-15 5.816869744020388820e-15 1.589212593050654050e+02 5.508838333333333139e+02
5.774900000000000000e+04 nan 5.969125358825969153e-15 5.914316965985083728e-15 1.555106908243470798e+02 5.286056666666667070e+02
5.774900000000000000e+04 nan 5.934993224317038976e-15 5.847461922144847535e-15 1.606229974792139501e+02 5.584363333333333230e+02
5.775700000000000000e+04 nan 6.095025901000105145e-15 6.120090848862046315e-15 1.655118060798331499e+02 6.002835000000000036e+02
5.775700000000000000e+04 nan 5.967543178287629251e-15 5.795993855583252823e-15 1.570441052928190402e+02 5.787423333333333630e+02
5.775700000000000000e+04 nan 6.050293145187683591e-15 6.103951321225383275e-15 1.588162143843398724e+02 5.934641666666666424e+02
5.776400000000000000e+04 nan 9.426742417051665672e-15 nan 1.515901508671880720e+02 5.343616666666666788e+02
5.776400000000000000e+04 nan 9.325150465755979203e-15 nan 1.467770206858730262e+02 5.413606666666667024e+02
5.776400000000000000e+04 nan 9.404809490474324675e-15 nan 1.506292036748545229e+02 5.292646666666666988e+02
5.777200000000000000e+04 nan nan nan 1.332595304940138590e+02 4.495166666666666515e+02
5.777200000000000000e+04 nan nan nan 1.359047916880610387e+02 4.615471666666666692e+02
5.777200000000000000e+04 nan nan nan 1.361677219603242293e+02 4.503616666666666788e+02
5.777900000000000000e+04 nan 9.859830620074639462e-15 nan 1.310359469561520598e+02 4.204051666666666733e+02
5.777900000000000000e+04 nan 9.627394856164295930e-15 nan 1.377105174857651093e+02 4.214208333333333485e+02
5.777900000000000000e+04 nan 9.524394072504085306e-15 nan 1.367852585975661270e+02 4.231523333333333312e+02
5.778600000000000000e+04 nan 1.014631450425669243e-14 nan 1.282042291348386414e+02 4.216030000000000086e+02
5.778600000000000000e+04 nan 1.000444317608633635e-14 nan 1.295868513163447915e+02 4.202678333333333285e+02
5.778600000000000000e+04 nan 9.897819730850856322e-15 nan 1.316621221102354582e+02 4.171194999999999595e+02
5.779400000000000000e+04 nan 9.355617479067182252e-15 nan 1.245871797603631279e+02 3.947724999999999795e+02
5.779400000000000000e+04 nan 9.244514354062931869e-15 nan 1.227404760379917406e+02 3.902560000000000286e+02
5.779400000000000000e+04 nan 9.304565556327437996e-15 nan 1.309845099240168622e+02 4.053751666666666438e+02
5.780100000000000000e+04 nan 5.489762628851308681e-15 5.071029648984137221e-15 1.269086413899264585e+02 4.115746666666666442e+02
5.780100000000000000e+04 nan 5.150057137446252573e-15 4.701967407007945875e-15 1.131856263135777851e+02 3.624076666666666711e+02
5.780100000000000000e+04 nan 5.517767685058875990e-15 5.114650293502500945e-15 1.225711411797415167e+02 3.919661666666667088e+02
5.780900000000000000e+04 nan nan nan 1.341344719256431119e+02 4.087019999999999982e+02
5.780900000000000000e+04 nan nan nan 1.326860324124192800e+02 4.043590000000000373e+02
5.780900000000000000e+04 nan nan nan 1.337820215840560820e+02 4.174998333333333562e+02
5.781700000000000000e+04 nan 5.871379487266043635e-15 nan 1.449017408145012098e+02 4.843458333333333599e+02
5.781700000000000000e+04 nan 5.868846343521400701e-15 nan 1.470236551011304016e+02 4.803088333333333253e+02
5.781700000000000000e+04 nan 5.901159033427467321e-15 nan 1.451424420671287123e+02 4.827078333333333262e+02
5.785700000000000000e+04 nan nan nan nan nan
5.785700000000000000e+04 nan 6.880917966377380495e-15 7.202201925730908631e-15 7.568912180916754551e+01 2.343645000000000209e+02
5.785700000000000000e+04 nan nan nan nan nan
5.786400000000000000e+04 nan 9.138601024285197008e-15 nan 1.447552063858767895e+02 4.855451666666666597e+02
5.786400000000000000e+04 nan 9.227065384874947710e-15 nan 1.492531248457893298e+02 4.861846666666667147e+02
5.786400000000000000e+04 nan 9.232598902420030786e-15 nan 1.483198682301149631e+02 4.922091666666666470e+02
5.787800000000000000e+04 nan 6.771832009563920716e-15 nan 1.954130050923758120e+02 8.254604999999999109e+02
5.787800000000000000e+04 nan 6.754488234702004001e-15 nan 1.978152382689612523e+02 8.363574999999999591e+02
5.787800000000000000e+04 nan 6.684715318808294197e-15 nan 1.965723114954182620e+02 8.299656666666667206e+02
5.788700000000000000e+04 nan 7.288384292513293817e-15 nan 8.459118093702180374e+01 2.817061666666666611e+02
5.788700000000000000e+04 nan 7.001699900543896893e-15 nan 1.177617394987708508e+02 4.470939999999999941e+02
5.788700000000000000e+04 nan 7.207697367669269074e-15 nan 1.130026647635689585e+02 3.973185000000000286e+02
5.789400000000000000e+04 nan 6.756232696767367171e-15 6.367254093403114714e-15 1.894502083252600642e+02 7.340755000000000337e+02
5.789400000000000000e+04 nan 6.668531155626018025e-15 6.317245272962600966e-15 1.849373634336639611e+02 7.436113333333333912e+02
5.789400000000000000e+04 nan 6.881102663359913258e-15 6.627558408000457943e-15 1.937898424884395183e+02 7.925134999999999081e+02
5.790300000000000000e+04 nan nan nan 1.391881104086100152e+02 4.701988333333333117e+02
5.790300000000000000e+04 nan nan nan 1.281078720984629342e+02 4.267545000000000073e+02
5.790300000000000000e+04 nan nan nan 1.491490535852098844e+02 5.222663333333333640e+02
5.791000000000000000e+04 nan 6.100816504529279046e-15 nan 1.623612922297647572e+02 6.131048333333333176e+02
5.791000000000000000e+04 nan 6.041184344360628325e-15 nan 1.747008965968054781e+02 6.615781666666666752e+02
5.791000000000000000e+04 nan 6.062869175568869684e-15 nan 1.565835561349646525e+02 5.688136666666666770e+02
5.791800000000000000e+04 nan 6.556610277543803285e-15 nan 1.531645780365673772e+02 5.269001666666666779e+02
5.791800000000000000e+04 nan 6.581078185175686790e-15 nan 1.076310957197264599e+02 3.248098333333333585e+02
5.791800000000000000e+04 nan 6.569516350990100281e-15 nan 1.276039385135370594e+02 4.113761666666666770e+02
5.792500000000000000e+04 nan nan nan 1.983929932937969625e+02 7.681538333333334094e+02
5.792500000000000000e+04 nan nan nan 1.943450113886458723e+02 7.603531666666666524e+02
5.792500000000000000e+04 nan nan nan 1.854384226995831568e+02 7.380473333333333130e+02
5.793300000000000000e+04 nan 1.006352855029225948e-14 nan 1.692603753695014177e+02 6.289050000000000864e+02
5.793300000000000000e+04 nan 1.011996469298059616e-14 nan 1.715215326198329535e+02 6.461143333333333203e+02
5.793300000000000000e+04 nan 1.013034567047129333e-14 nan 1.637296648396175556e+02 6.106348333333332903e+02
5.794200000000000000e+04 nan nan nan 9.131842845174449508e+01 2.689381666666666888e+02
5.794200000000000000e+04 nan nan nan 9.228021743982461089e+01 2.623360000000000127e+02
5.794200000000000000e+04 nan nan nan nan nan
5.794900000000000000e+04 nan 1.068827493324394388e-14 nan 1.467553600340364710e+02 4.800996666666666783e+02
5.794900000000000000e+04 nan 1.031809130474896489e-14 nan 1.388171544185537130e+02 4.596896666666667102e+02
5.794900000000000000e+04 nan 1.093002133129162702e-14 nan 1.434871088333053422e+02 4.691548333333333289e+02
5.795600000000000000e+04 nan 9.800868437409688176e-15 nan 1.686333345579113825e+02 6.256694999999999709e+02
5.795600000000000000e+04 nan 9.881429200903161587e-15 nan 1.639202691529365552e+02 6.172526666666667552e+02
5.795600000000000000e+04 nan 9.981846024174222184e-15 nan 1.668101459309401378e+02 6.319933333333333394e+02
5.796400000000000000e+04 nan 9.219411218409624305e-15 nan 7.031379843782890759e+01 2.294973333333333301e+02
5.796400000000000000e+04 nan nan nan nan nan
5.796400000000000000e+04 nan 9.233670185463422634e-15 nan 9.870610429224099391e+01 3.088458333333333599e+02
5.805500000000000000e+04 nan nan nan 1.491855527307569105e+02 5.282799999999999727e+02
5.805500000000000000e+04 nan nan nan 1.427811858802583913e+02 5.202243333333333339e+02
5.805500000000000000e+04 nan nan nan 1.430599241528902326e+02 5.141406666666666752e+02
5.806200000000000000e+04 nan 5.429190991840949698e-15 nan 1.451574014354539202e+02 5.139903333333332967e+02
5.806200000000000000e+04 nan 5.548532942817391991e-15 nan 1.405151806073505156e+02 5.272649999999999864e+02
5.806200000000000000e+04 nan 5.446350067551631959e-15 nan 1.426931529515891270e+02 5.223616666666666788e+02
5.807000000000000000e+04 nan 7.683493426042632642e-15 nan 1.383808886348081160e+02 5.327006666666667343e+02
5.807000000000000000e+04 nan 7.836628337322376532e-15 nan 1.409208293885356227e+02 5.267821666666666260e+02
5.807000000000000000e+04 nan 7.724087423410002843e-15 nan 1.347519981799984521e+02 5.270924999999999727e+02
5.807900000000000000e+04 nan 5.319431546778963637e-15 4.948503457074951109e-15 1.413916262761287044e+02 5.120236666666665997e+02
5.807900000000000000e+04 nan 5.366382408526837564e-15 4.945041669774553098e-15 1.452228729999936832e+02 5.134945000000000164e+02
5.807900000000000000e+04 nan 5.429177783842889361e-15 5.087803008122138517e-15 1.456385843912653399e+02 5.059541666666666515e+02
5.808600000000000000e+04 nan 5.285665097818201497e-15 4.985479110951625855e-15 1.491043271241174466e+02 5.510621666666667124e+02
5.808600000000000000e+04 nan 5.382195790307177448e-15 5.048802554232516290e-15 1.542019656910092351e+02 5.628860000000000809e+02
5.808600000000000000e+04 nan 5.339229537091338763e-15 5.059882689953514006e-15 1.559444915912612259e+02 5.616974999999999909e+02
5.809400000000000000e+04 nan nan nan 1.630348884404725993e+02 5.711749999999999545e+02
5.809400000000000000e+04 nan nan nan 1.621497016278217984e+02 5.758556666666665933e+02
5.809400000000000000e+04 nan nan nan 1.612315630455241262e+02 5.907019999999999982e+02
5.811700000000000000e+04 nan 7.879955848423234599e-15 nan 1.505810121532331891e+02 5.001668333333333294e+02
5.811700000000000000e+04 nan 8.110271025586922530e-15 nan 1.501734737896173044e+02 5.029420000000000073e+02
5.811700000000000000e+04 nan 7.940313116745291715e-15 nan 1.450880108040605307e+02 5.030223333333333358e+02
5.812500000000000000e+04 nan 8.032851948383435473e-15 nan 1.439831080778901935e+02 5.145665000000000191e+02
5.812500000000000000e+04 nan 8.282058441980517943e-15 nan 1.464809238753557850e+02 5.119948333333333039e+02
5.812500000000000000e+04 nan 8.008618899174015065e-15 nan 1.438342786106246933e+02 5.165230000000000246e+02
5.813200000000000000e+04 nan 5.243473657354960543e-15 4.696581376764588005e-15 1.389367336585669079e+02 4.447156666666666638e+02
5.813200000000000000e+04 nan 5.290001576636439178e-15 4.735577874515124196e-15 1.443768628330894046e+02 4.497221666666666806e+02
5.813200000000000000e+04 nan 5.276237356645573714e-15 4.673710258283873257e-15 7.197284559133946402e+01 4.444891666666666197e+02
5.814000000000000000e+04 nan 5.207383774073119926e-15 nan 1.448755815254816071e+02 4.721286666666666747e+02
5.814000000000000000e+04 nan 5.190234560793276059e-15 nan 1.070040208336053098e+02 4.824424999999999955e+02
5.814000000000000000e+04 nan 5.230639417325915592e-15 nan 1.435831132754308328e+02 4.773983333333333690e+02
5.814700000000000000e+04 nan 4.942336197023159669e-15 4.595561126308172642e-15 1.401780102636444383e+02 4.463886666666666656e+02
5.814700000000000000e+04 nan 5.109062216134851187e-15 4.729936742289135798e-15 1.380777532718971372e+02 4.611936666666666724e+02
5.814700000000000000e+04 nan 5.035458546049571001e-15 4.665749116986325626e-15 1.398274327632306893e+02 4.529264999999999759e+02
5.815400000000000000e+04 nan 4.904596163009138286e-15 nan 5.011799761802742381e+01 1.736140000000000043e+02
5.815400000000000000e+04 nan 4.709113176267271059e-15 nan 7.222455862242883029e+01 2.555906666666666638e+02
5.815400000000000000e+04 nan 4.499480710253175607e-15 nan 6.233086805337958225e+01 1.982555000000000121e+02
5.816100000000000000e+04 nan 5.069497863499193340e-15 nan 1.359855028650363238e+02 4.438176666666666961e+02
5.816100000000000000e+04 nan 5.028144033951822921e-15 nan 1.383500683387987920e+02 4.398303333333333285e+02
5.816100000000000000e+04 nan 5.002905978925540494e-15 nan 1.390128546404390306e+02 4.281041666666666856e+02
5.816800000000000000e+04 nan nan nan 1.311838322929255014e+02 4.224035000000000082e+02
5.816800000000000000e+04 nan nan nan 1.417325096828531912e+02 4.309653333333333194e+02
5.816800000000000000e+04 nan nan nan 1.333965891888476563e+02 4.233199999999999932e+02
5.817500000000000000e+04 nan nan nan 1.338984122840570024e+02 4.100988333333333458e+02
5.817500000000000000e+04 nan nan nan 1.352045431561471389e+02 4.160973333333333244e+02
5.817500000000000000e+04 nan nan nan 1.292899570316482141e+02 4.135816666666667061e+02
5.818200000000000000e+04 nan 5.328892134321485067e-15 5.139748239722996491e-15 1.150031874768283444e+02 4.475591666666666697e+02
5.818200000000000000e+04 nan 5.179594546432079342e-15 4.861989561334394535e-15 1.222306259146755281e+02 4.389931666666666956e+02
5.818200000000000000e+04 nan 5.259127694294350852e-15 4.941523122311703347e-15 1.174975586056012276e+02 4.484418333333333067e+02
5.819000000000000000e+04 nan nan nan 1.360875728254700618e+02 4.183504999999999541e+02
5.819000000000000000e+04 nan nan nan 1.351607484119576270e+02 4.197538333333333185e+02
5.819000000000000000e+04 nan nan nan 1.250456098638075275e+02 3.809878333333333558e+02
5.819800000000000000e+04 nan 7.687691208796312514e-15 nan 1.343317254729539343e+02 4.113048333333333630e+02
5.819800000000000000e+04 nan 7.577348712992163802e-15 nan 1.389072007287338977e+02 4.276803333333333512e+02
5.819800000000000000e+04 nan 8.235916372371457668e-15 nan 1.282040595722450291e+02 3.897863333333333458e+02
5.820500000000000000e+04 nan nan nan 1.373001855510439668e+02 4.387404999999999973e+02
5.820500000000000000e+04 nan nan nan 1.381198031596912870e+02 4.367031666666666183e+02
5.820500000000000000e+04 nan nan nan 1.358684235547978005e+02 4.371978333333333353e+02
5.822200000000000000e+04 nan 6.638489458894956168e-15 nan 1.357785092910262108e+02 4.454503333333333330e+02
5.822200000000000000e+04 nan 6.678791350769860754e-15 nan 1.369889631606226601e+02 4.474186666666666383e+02
5.822200000000000000e+04 nan 6.506548008377424696e-15 nan 1.346106247762919281e+02 4.412614999999999554e+02
5.822900000000000000e+04 nan 6.409215270890564509e-15 nan 1.273091794911640591e+02 4.065478333333333012e+02
5.822900000000000000e+04 nan 6.332694828418294323e-15 nan 1.249680328302487169e+02 4.055480000000000018e+02
5.822900000000000000e+04 nan 6.316492358840857039e-15 nan 1.252333700005362545e+02 4.045260000000000105e+02
5.823700000000000000e+04 nan nan nan nan nan
5.823700000000000000e+04 nan nan nan nan nan
5.823700000000000000e+04 nan nan nan nan nan
5.824400000000000000e+04 nan 8.935987476467290692e-15 nan 9.233998446392202197e+01 4.531621666666666783e+02
5.824400000000000000e+04 nan 8.845107521686255191e-15 nan 8.732935093021450257e+01 4.361965000000000146e+02
5.824400000000000000e+04 nan 8.250976895021469229e-15 nan 8.197947248539422560e+01 4.380833333333333144e+02
5.825300000000000000e+04 nan 5.018229792521451430e-15 4.924023443903556766e-15 1.272627462355284678e+02 4.054288333333333298e+02
5.825300000000000000e+04 nan 5.078345789604542592e-15 4.981756692704333238e-15 1.256109097277747111e+02 4.171543333333332839e+02
5.825300000000000000e+04 nan 5.039979187534365200e-15 4.925717033558399727e-15 1.255536475930537250e+02 4.103489999999999895e+02
5.826000000000000000e+04 nan nan nan nan nan
5.826000000000000000e+04 nan nan nan nan nan
5.826000000000000000e+04 nan 5.274469934815135877e-15 nan 6.098088398526032705e+01 1.487101166666666643e+02
5.827000000000000000e+04 nan nan nan nan nan
5.827000000000000000e+04 nan nan nan nan nan
5.827000000000000000e+04 nan nan nan nan nan
5.827800000000000000e+04 nan 5.367959886297754072e-15 5.282780499788940398e-15 1.019947113132949994e+02 2.798411666666667088e+02
5.827800000000000000e+04 nan 5.579580585860164198e-15 5.524796561032186619e-15 1.110009426412003677e+02 3.105806666666666729e+02
5.827800000000000000e+04 nan 5.588841735244332307e-15 5.533770624296141099e-15 1.029776973044672843e+02 3.058538333333333412e+02
5.828600000000000000e+04 nan nan nan 1.217033599039255307e+02 3.763928333333333285e+02
5.829500000000000000e+04 nan nan nan 1.018620468985413794e+02 3.393276666666666870e+02
5.829500000000000000e+04 nan nan nan 1.051477347222715366e+02 3.353444999999999823e+02
5.829500000000000000e+04 nan nan nan 9.347560243668067415e+01 3.150346666666666806e+02
5.830700000000000000e+04 nan 7.176854539884383586e-15 nan 1.252289998833483935e+02 3.664856666666666456e+02
5.830700000000000000e+04 nan 7.210166421286990306e-15 nan 1.228523450659835561e+02 3.660609999999999786e+02
5.830700000000000000e+04 nan 7.327658629587446933e-15 nan 1.209105374665449375e+02 3.749881666666667002e+02
5.831400000000000000e+04 nan 5.672997092885204542e-15 nan 1.215561156516046424e+02 3.755865000000000009e+02
5.831400000000000000e+04 nan 5.758762601492999773e-15 nan 1.183586697308045217e+02 3.816985000000000241e+02
5.831400000000000000e+04 nan 5.707412284465768967e-15 nan 1.229542494507437738e+02 3.805076666666666370e+02
5.832100000000000000e+04 nan nan nan nan nan
5.832100000000000000e+04 nan nan nan nan nan
5.832100000000000000e+04 nan nan nan nan nan
5.832900000000000000e+04 nan 4.721169482146690354e-15 4.521364441946765694e-15 1.195456456677781034e+02 3.932873333333333790e+02
5.832900000000000000e+04 nan 4.722869685638883678e-15 4.466280746375242057e-15 1.211702907218225818e+02 3.879560000000000173e+02
5.832900000000000000e+04 nan 4.772078129506843183e-15 4.556661789919622021e-15 1.147312786874908284e+02 3.936808333333332826e+02
