5.769000000000000000e+04 nan nan 8.222320646108644354e-15 7.455885837621536893e+01 2.987462222222222294e+02
5.769000000000000000e+04 nan nan 8.492395289546221732e-15 7.263670212505354584e+01 3.094826666666666597e+02
5.769000000000000000e+04 nan nan 8.395510738253650974e-15 7.512834043079990920e+01 3.079166666666666856e+02
5.771200000000000000e+04 nan 6.701065578851601390e-15 8.136000770254673814e-15 7.025436865940932307e+01 2.644848888888888609e+02
5.771200000000000000e+04 nan 6.633273230204247938e-15 8.222574181936854537e-15 7.308113214277858560e+01 2.634482222222222276e+02
5.771200000000000000e+04 nan 7.303709988274422495e-15 8.457823767687692447e-15 7.414549717233273896e+01 2.990911111111111040e+02
5.781900000000000000e+04 nan nan nan nan nan
5.781900000000000000e+04 nan nan 8.513352755181136345e-15 5.626719997184213895e+01 2.192005555555555532e+02
5.782000000000000000e+04 nan nan 9.604020333760864537e-15 3.559008942182124002e+01 9.347557777777777233e+01
5.782100000000000000e+04 nan nan nan nan nan
5.785700000000000000e+04 nan nan nan nan nan
5.785700000000000000e+04 nan nan nan nan nan
5.785700000000000000e+04 nan nan nan nan nan
5.790100000000000000e+04 nan nan nan nan nan
5.790100000000000000e+04 nan nan nan nan nan
5.790100000000000000e+04 nan nan nan nan nan
5.792300000000000000e+04 nan 4.519062139086949632e-15 5.896304694743006400e-15 6.821351848917073823e+01 2.182477111111111299e+02
5.792300000000000000e+04 nan 4.937301427950460206e-15 6.430284680063366811e-15 6.592442927331687486e+01 2.353324444444444339e+02
5.792300000000000000e+04 nan 4.961459746643887528e-15 6.528115041878843595e-15 6.557251104235164973e+01 2.296971111111111270e+02
5.794400000000000000e+04 nan nan nan nan nan
5.794400000000000000e+04 nan nan nan nan nan
5.794400000000000000e+04 nan nan nan nan nan
5.796500000000000000e+04 nan nan nan nan nan
5.796500000000000000e+04 nan nan nan nan nan
5.796500000000000000e+04 nan nan nan nan nan
5.798600000000000000e+04 nan nan 8.250548057991868071e-15 8.379415631022274624e+01 3.236504444444444744e+02
5.798600000000000000e+04 nan nan 8.170705560297110860e-15 8.309707481519295413e+01 3.241515555555555466e+02
5.798600000000000000e+04 nan nan 8.436722895446609486e-15 9.040734031413873595e+01 3.362251111111111186e+02
5.801000000000000000e+04 nan nan nan 7.990813153666367441e+01 2.967268888888888796e+02
5.801000000000000000e+04 nan nan 7.291053404054766546e-15 8.067148589841751516e+01 2.888575555555555638e+02
5.801000000000000000e+04 nan nan nan 8.340041832638026165e+01 3.023277777777777828e+02
5.804700000000000000e+04 nan 5.959323619193534194e-15 7.216754835268881160e-15 7.871121079667206288e+01 2.918471111111111327e+02
5.804700000000000000e+04 nan 5.419430947139829002e-15 6.915186879370492971e-15 7.409939788324055598e+01 2.572666666666666515e+02
5.804700000000000000e+04 nan 5.914955382130634635e-15 7.097944195282192463e-15 8.169910981543598893e+01 2.916077777777778124e+02
5.806800000000000000e+04 nan nan 8.309710166692077314e-15 8.075325356515207886e+01 2.856131111111110954e+02
5.806800000000000000e+04 nan nan 8.031561984196637003e-15 7.732162582405956641e+01 2.823571111111111236e+02
5.806800000000000000e+04 nan nan 8.256969310229306748e-15 8.276950848917107351e+01 2.849024444444444839e+02
5.809000000000000000e+04 nan nan 7.891220914213608524e-15 6.243175359563088023e+01 2.469797777777777696e+02
5.809000000000000000e+04 nan 7.715949275681467366e-15 7.956195474890044835e-15 5.772235372308583834e+01 2.704897777777778174e+02
5.809000000000000000e+04 nan 7.909207978335410559e-15 8.067198600077884310e-15 6.291022081042456193e+01 2.706211111111111336e+02
5.822200000000000000e+04 nan nan 7.724771496437220181e-15 6.465570885519581168e+01 2.285451111111111118e+02
5.822200000000000000e+04 nan nan 7.917464399355278054e-15 6.865167169408292125e+01 2.268424444444444532e+02
5.822200000000000000e+04 nan nan 7.814707635618163202e-15 6.909979305412061024e+01 2.286333333333333258e+02
5.826400000000000000e+04 nan nan nan nan nan
5.826500000000000000e+04 nan 6.024347741077198812e-15 6.984139155883359421e-15 6.978781269563926060e+01 2.494193333333333555e+02
5.826500000000000000e+04 nan nan nan nan nan
5.827100000000000000e+04 nan nan 7.636299886914387803e-15 3.322953460926502345e+01 2.102357555555555564e+02
5.827100000000000000e+04 nan nan 8.047421237095489773e-15 3.127274537772318652e+01 2.170184888888888963e+02
5.827100000000000000e+04 nan nan 7.911066103445286988e-15 3.339481127805893834e+01 2.185992888888889070e+02
5.828600000000000000e+04 nan nan 7.620825211796060857e-15 7.437120525582857056e+01 2.606555555555555657e+02
5.828600000000000000e+04 nan nan 7.625064491386418383e-15 7.587968109074620315e+01 2.589888888888888800e+02
5.828600000000000000e+04 nan nan 7.572562160083327906e-15 7.468394305971460767e+01 2.530639999999999930e+02
5.831100000000000000e+04 nan 1.417374705792633372e-15 1.634816752206251866e-15 1.817752218082789284e+01 5.567208888888889362e+01
5.831100000000000000e+04 nan 1.116809867955863510e-15 1.269508217331853035e-15 1.522162565244869192e+01 4.349911111111111239e+01
5.831100000000000000e+04 nan 1.154915929724884348e-15 1.316572998572535944e-15 1.635656293105836667e+01 4.512975555555555474e+01
5.833200000000000000e+04 nan nan 8.486253792251258648e-15 6.445088667005359184e+01 2.262002222222222372e+02
5.833200000000000000e+04 nan nan 8.595453926038833331e-15 6.611070176651226404e+01 2.312031111111110988e+02
5.833200000000000000e+04 nan nan 8.470244395724256503e-15 6.329106872296683406e+01 2.240573333333333323e+02
