5.762200000000000000e+04 3.051567485171657379e-15 2.826513485912110576e-15 3.399380524402506036e-15 3.543349892032443904e+02 1.441720000000000027e+03
5.763800000000000000e+04 3.051567485171657379e-15 2.073453292984614458e-16 2.050578247106374583e-16 2.741164269228832495e+01 9.149188999999999794e+01
5.772400000000000000e+04 3.051567485171657379e-15 4.129197062925011691e-15 3.297680022436110520e-15 3.330670902078072686e+02 1.336882000000000062e+03
5.774200000000000000e+04 3.051567485171657379e-15 3.220983720506431988e-15 3.676727702566520804e-15 3.261757924519617973e+02 1.301639999999999873e+03
5.776200000000000000e+04 3.051567485171657379e-15 1.565979208634351563e-16 1.855421310187894434e-16 2.140241512665125967e+01 7.101722999999999786e+01
5.779700000000000000e+04 nan nan nan nan nan
5.781400000000000000e+04 3.051567485171657379e-15 3.501233329875050043e-15 3.929187624520831576e-15 2.793374673630345910e+02 1.084182000000000016e+03
5.785700000000000000e+04 3.051567485171657379e-15 3.062576760757510736e-15 3.561395625435301974e-15 2.859894329193168119e+02 1.114571999999999889e+03
5.787400000000000000e+04 nan nan nan nan nan
5.789400000000000000e+04 3.051567485171657379e-15 3.614294687593476220e-15 3.474197385112970017e-15 3.927510640983506960e+02 1.632269999999999982e+03
5.791100000000000000e+04 nan nan nan nan nan
5.793300000000000000e+04 3.051567485171657379e-15 3.412978475646762969e-15 5.265378775785291115e-15 3.398508426753947447e+02 1.367454999999999927e+03
5.808900000000000000e+04 3.051567485171657379e-15 nan 3.021701622136918365e-15 2.173938121252196538e+02 8.137488999999999351e+02
5.811100000000000000e+04 3.051567485171657379e-15 2.418244398342197391e-16 2.381607317335326124e-16 2.485288860658461374e+01 8.282498999999999967e+01
5.812800000000000000e+04 3.051567485171657379e-15 3.156386860392776776e-15 3.262200608150445720e-15 3.338004813518190872e+02 1.338369000000000142e+03
5.814500000000000000e+04 3.051567485171657379e-15 1.441472166874129873e-16 1.638829007489152649e-16 1.873970597704092356e+01 6.206617999999999569e+01
5.816200000000000000e+04 3.051567485171657379e-15 3.996462759403291172e-15 3.469823406964383388e-15 3.043808515578398897e+02 1.199711999999999989e+03
5.818000000000000000e+04 nan nan nan nan nan
5.819700000000000000e+04 nan nan nan nan nan
5.821400000000000000e+04 nan nan nan nan nan
5.822300000000000000e+04 3.051567485171657379e-15 3.530965978894056255e-15 3.605483551946193728e-15 3.081618415492407621e+02 1.217320999999999913e+03
5.824100000000000000e+04 nan nan nan nan nan
5.825800000000000000e+04 nan nan nan nan nan
5.827800000000000000e+04 3.051567485171657379e-15 2.998873387300459150e-15 3.960127549835765044e-15 2.922390810541454584e+02 1.145951999999999998e+03
5.829500000000000000e+04 nan nan nan nan nan
5.834600000000000000e+04 3.051567485171657379e-15 6.982566926596244998e-15 4.005643497359281321e-15 2.869654566911320330e+02 1.120512000000000171e+03
