5.769000000000000000e+04 5.220559772370147395e-15 5.409868865282158875e-15 5.355702364923444405e-15 2.083928350876009290e+02 1.244130333333333510e+03
5.769000000000000000e+04 5.292030258584543802e-15 5.418422954850855253e-15 5.399189541653500738e-15 2.546418369825025820e+02 1.243657333333333327e+03
5.769000000000000000e+04 5.173856667552207043e-15 5.358342163402691384e-15 5.313313589507380519e-15 2.569800050512682787e+02 1.229547500000000127e+03
5.770000000000000000e+04 4.617473752078812355e-15 5.244777991682815800e-15 5.301939946620195990e-15 2.463660224664997429e+02 1.180292500000000018e+03
5.770000000000000000e+04 4.522331603690964186e-15 5.207722836932901332e-15 5.232258965316372404e-15 2.526832444808044613e+02 1.167645499999999856e+03
5.770000000000000000e+04 4.626404900531296541e-15 5.229794139246861252e-15 5.236188484324551920e-15 2.588982725090978647e+02 1.172116166666666686e+03
5.771400000000000000e+04 5.237874692105453186e-15 5.246059258849920503e-15 5.269030519527870943e-15 2.331219157171419454e+02 1.119572666666666692e+03
5.771400000000000000e+04 5.246338368464742047e-15 5.279432233004463802e-15 5.263965036890184417e-15 2.187457277726776113e+02 1.129419833333333372e+03
5.771400000000000000e+04 5.229079128842373758e-15 5.278009846884403298e-15 5.252812032252995308e-15 2.550061857654248172e+02 1.123500833333333276e+03
5.772400000000000000e+04 5.233527283582771310e-15 5.189756026897283911e-15 5.193550800579204561e-15 2.335854686829527793e+02 1.111367500000000064e+03
5.772400000000000000e+04 5.174238215627852587e-15 5.150408362194925307e-15 5.174097109765283047e-15 2.351140510891976874e+02 1.104525499999999965e+03
5.772400000000000000e+04 5.244929708946341233e-15 5.163777742363869899e-15 5.185248046263871876e-15 2.526190039644367005e+02 1.107672333333333199e+03
5.773500000000000000e+04 5.260234908549385560e-15 5.065823328483475000e-15 5.069213198925260246e-15 2.465726320990618774e+02 1.068395833333333258e+03
5.773500000000000000e+04 5.240627349991213475e-15 5.028521454063404031e-15 5.069136542897168984e-15 2.078683374004664302e+02 1.071158833333333405e+03
5.773500000000000000e+04 5.080165889239444039e-15 5.009140525603262331e-15 5.058046448418027086e-15 2.343546238360810321e+02 1.068721666666666806e+03
5.774500000000000000e+04 nan nan nan nan nan
5.774500000000000000e+04 nan nan nan nan nan
5.774500000000000000e+04 5.137737113220415258e-15 5.028582173713958484e-15 4.951545702782364232e-15 1.044535122191816612e+02 3.220629999999999882e+02
5.775600000000000000e+04 5.162107756647948761e-15 5.183912394294110520e-15 5.151200923325785115e-15 2.449067092723393557e+02 1.102394833333333281e+03
5.775600000000000000e+04 5.193482563295352507e-15 5.153820423734285811e-15 5.159041670147180940e-15 2.337018425849352639e+02 1.101581333333333305e+03
5.775600000000000000e+04 5.102730945583075313e-15 5.115129021766828466e-15 5.119320296844410907e-15 2.435347022060187214e+02 1.096581333333333305e+03
5.776700000000000000e+04 nan nan nan nan nan
5.776700000000000000e+04 nan nan nan nan nan
5.776700000000000000e+04 nan nan nan nan nan
5.777900000000000000e+04 5.347323933455596092e-15 5.410298634980496030e-15 5.462884223616241102e-15 1.388248423628267858e+02 6.899574999999999818e+02
5.777900000000000000e+04 5.320704514851861225e-15 5.404375826946034293e-15 5.387310224846693096e-15 1.541666320987112897e+02 6.754064999999999372e+02
5.777900000000000000e+04 5.349934845265023006e-15 5.431229864921225658e-15 5.358583496989393367e-15 1.097412226455859354e+02 6.661433333333333167e+02
5.779000000000000000e+04 4.910265680011372221e-15 4.905077451718175425e-15 4.932071619942918219e-15 1.795085967308605177e+02 8.758259999999999081e+02
5.779000000000000000e+04 5.128674069881770092e-15 5.080235289144937052e-15 5.083567687535505753e-15 1.695151202498012424e+02 9.134146666666666761e+02
5.779000000000000000e+04 5.012956856855571919e-15 5.010625387128312775e-15 4.987596127777413525e-15 2.176045925283526969e+02 8.939538333333333640e+02
5.780000000000000000e+04 5.305057408851936742e-15 5.289179736317780841e-15 5.308057203814939449e-15 2.070792167030732287e+02 8.582496666666667124e+02
5.780000000000000000e+04 5.198122738000432105e-15 5.317906609158160267e-15 5.346011499096475792e-15 2.185772210074334509e+02 8.603993333333332885e+02
5.780000000000000000e+04 5.440962307889768229e-15 5.248905111032660362e-15 5.303219660696876845e-15 2.110040764056680302e+02 8.512226666666666688e+02
5.781400000000000000e+04 5.142207916573650472e-15 5.218611399048437672e-15 nan 1.541205782824349342e+02 7.336656666666666524e+02
5.781400000000000000e+04 5.145841154849498555e-15 5.229759421896876897e-15 nan 1.598946243442715058e+02 7.325118333333333567e+02
5.781400000000000000e+04 5.323933769153897598e-15 5.254536954744883311e-15 nan 1.874797457635218620e+02 7.397036666666666633e+02
5.784600000000000000e+04 5.100376793641651775e-15 5.050573388032982952e-15 5.033973854131420882e-15 1.792256411904068045e+02 8.458988333333333003e+02
5.784600000000000000e+04 4.990306362517617525e-15 5.037856233806095376e-15 4.990272179675212686e-15 1.936394388059431435e+02 8.420241666666665878e+02
5.784600000000000000e+04 5.019553718716013118e-15 5.084576129070848255e-15 5.052815176158981833e-15 1.943513776031216196e+02 8.440186666666667179e+02
5.785700000000000000e+04 nan nan nan nan nan
5.785700000000000000e+04 nan nan nan nan nan
5.785700000000000000e+04 nan nan nan nan nan
5.786700000000000000e+04 5.123405187160724967e-15 5.049319529655289735e-15 5.035251207856035118e-15 2.014023079271028394e+02 7.957631666666667343e+02
5.786700000000000000e+04 5.052364774958146836e-15 4.944882613722701193e-15 4.969248503980709186e-15 1.973000388243203815e+02 7.803858333333333803e+02
5.786700000000000000e+04 5.028493390228538497e-15 4.987790666009664273e-15 4.961059991089895155e-15 1.836629835520908216e+02 7.862559999999999718e+02
5.787600000000000000e+04 5.004644560041838001e-15 5.085228689078205225e-15 5.033925594798823252e-15 2.301303930393118833e+02 1.345409833333333381e+03
5.787600000000000000e+04 4.993212552701346954e-15 5.022203191759531034e-15 4.989476059572647909e-15 2.197485685343184798e+02 1.332794499999999971e+03
5.787600000000000000e+04 5.074947897683164177e-15 5.151874750858909158e-15 5.074478709474260306e-15 2.510011834346700539e+02 1.356141500000000178e+03
5.797200000000000000e+04 4.658703973609662458e-15 4.829147428842067027e-15 4.874214425944521273e-15 2.124736631921578009e+02 1.017322666666666692e+03
5.797200000000000000e+04 4.744647678062822595e-15 4.820606656397111182e-15 4.890782168780009028e-15 1.862710519034093863e+02 1.027273833333333414e+03
5.797200000000000000e+04 4.694558958674834074e-15 4.651177726291623647e-15 4.694994188328826008e-15 1.962956976331896897e+02 9.904813333333332821e+02
5.798200000000000000e+04 4.950262002502936271e-15 5.001722644420695919e-15 5.060335313248943913e-15 2.212564059918520627e+02 9.156683333333332939e+02
5.798200000000000000e+04 4.955099370063090442e-15 4.999507064096603193e-15 5.069159002493728063e-15 2.083764481678926757e+02 9.189243333333332657e+02
5.798200000000000000e+04 4.838376605216992918e-15 4.897536040156522058e-15 4.918879564536875588e-15 2.255581843351580744e+02 9.147445000000000164e+02
5.799300000000000000e+04 4.835066947598006552e-15 4.836474368788426676e-15 4.825085660178165488e-15 2.533205951309907391e+02 1.115047000000000025e+03
5.799300000000000000e+04 4.874685806123511775e-15 4.884811582936277848e-15 4.824153906056690417e-15 2.407513713866053422e+02 1.116706333333333305e+03
5.799300000000000000e+04 4.845891342834047583e-15 4.867213129553552738e-15 4.832855461495198512e-15 2.210208170056300503e+02 1.130412833333333310e+03
5.800300000000000000e+04 4.785866793612878411e-15 4.916664239387095832e-15 4.891078643568614292e-15 2.288128014339740162e+02 9.927384999999999309e+02
5.800300000000000000e+04 4.859696914322135202e-15 4.984336667520022335e-15 4.924337510151502628e-15 2.123037881033909855e+02 1.008607833333333360e+03
5.800300000000000000e+04 4.872863186019540677e-15 5.006717653964047212e-15 4.952058665788847980e-15 1.931154088483900182e+02 1.018858000000000061e+03
5.804700000000000000e+04 4.785105872034006966e-15 4.799768234363007258e-15 4.796800836669934141e-15 2.411632977942557545e+02 1.052805666666666639e+03
5.804700000000000000e+04 4.850001608224337239e-15 4.858308476314992605e-15 4.835643539659736657e-15 2.180251809051155760e+02 1.072467333333333272e+03
5.804700000000000000e+04 4.918403609585616642e-15 4.870678330109134962e-15 4.867587862086795317e-15 2.481142276664038206e+02 1.076528000000000020e+03
5.805700000000000000e+04 4.925306281879881014e-15 4.959053488856446871e-15 4.935294722181089678e-15 2.290963376917867436e+02 1.111420999999999822e+03
5.805700000000000000e+04 4.821332960644745535e-15 4.864812977988541674e-15 4.859439495377785513e-15 2.353402580085412410e+02 1.093174166666666679e+03
5.805700000000000000e+04 4.895358695426535683e-15 4.861878113683717318e-15 4.855236858900636498e-15 2.421781781689683157e+02 1.096203500000000076e+03
5.806700000000000000e+04 4.895733011061398768e-15 4.953222884068384384e-15 4.971099305597229221e-15 2.313832825755477245e+02 1.088173500000000104e+03
5.806700000000000000e+04 4.742368822509309744e-15 4.793237092444788309e-15 4.771183765148666032e-15 2.011274756202612082e+02 1.044427333333333308e+03
5.806700000000000000e+04 4.857931677753073411e-15 4.888477814977999170e-15 4.863316644408195092e-15 2.091628959872456051e+02 1.068903999999999996e+03
5.807800000000000000e+04 4.926009132253239090e-15 4.843603809886687390e-15 4.866241806057210516e-15 2.424671856176698270e+02 1.065056333333333214e+03
5.807800000000000000e+04 4.868964879938178596e-15 4.839941195685800265e-15 4.838938077327931734e-15 2.405482121782297327e+02 1.057744166666666615e+03
5.807800000000000000e+04 4.876664474560160178e-15 4.833722722964213764e-15 4.850033188853676106e-15 2.457050760807746599e+02 1.057423833333333278e+03
5.808800000000000000e+04 4.803381323060563499e-15 4.685532205994435524e-15 4.646122002122268830e-15 2.272461604962617798e+02 9.859333333333332803e+02
5.808800000000000000e+04 4.814852596490005269e-15 4.715557861579286163e-15 4.689414018037906380e-15 1.887541407654380237e+02 9.764873333333332539e+02
5.808800000000000000e+04 4.726248438543853604e-15 4.555310303907120192e-15 4.569461306381935670e-15 2.210466755987909835e+02 9.280655000000000427e+02
