5.750800000000000000e+04 nan 6.812777237048411391e-15 nan 1.769436473163449648e+02 7.756538333333334094e+02
5.750800000000000000e+04 nan 6.785363277293656943e-15 nan 1.741009963668088574e+02 7.590249999999999773e+02
5.750800000000000000e+04 nan 6.748196478949377815e-15 nan 1.722543021846981048e+02 7.469461666666666133e+02
5.751600000000000000e+04 nan 7.137563960236730886e-15 6.516082552430782882e-15 1.857255109125537444e+02 8.308118333333333112e+02
5.751600000000000000e+04 nan 7.127622177117637192e-15 6.585727611193122402e-15 1.860457979706587537e+02 8.327821666666666260e+02
5.751600000000000000e+04 nan 7.107911645366237021e-15 6.477137801245358710e-15 1.651931095649231906e+02 6.969339999999999691e+02
5.752300000000000000e+04 nan 7.144611878151695354e-15 nan 8.697525431727484602e+01 3.041298333333333517e+02
5.752300000000000000e+04 nan 6.895076023491486476e-15 nan 6.127800229697510304e+01 1.977439999999999998e+02
5.752300000000000000e+04 nan nan nan nan nan
5.753000000000000000e+04 nan 7.009760572776369561e-15 6.483007632361380216e-15 1.713477160779694373e+02 7.737786666666667088e+02
5.753000000000000000e+04 nan 6.966103394359771053e-15 6.365859034951404435e-15 1.703302439830858077e+02 7.654128333333333103e+02
5.753000000000000000e+04 nan 6.948361825129584240e-15 6.417269973310072440e-15 1.698529471070667967e+02 7.628173333333332948e+02
5.754700000000000000e+04 nan 1.162936584930238253e-14 nan 1.522638808673796689e+02 6.154386666666666770e+02
5.754700000000000000e+04 nan 1.138286051597236854e-14 nan 1.575455657684356936e+02 6.476011666666666997e+02
5.754700000000000000e+04 nan 1.113039566699167141e-14 nan 1.552575413185256252e+02 6.329171666666666169e+02
5.755400000000000000e+04 nan 6.575843299361223999e-15 nan 7.317118912593946334e+01 2.856886666666666770e+02
5.755400000000000000e+04 nan 6.051555736375049289e-15 nan 8.480307491139254239e+01 3.361741666666666788e+02
5.755400000000000000e+04 nan nan nan nan nan
5.756200000000000000e+04 nan 6.331936738318331461e-15 5.862419273453003184e-15 1.614807649997448493e+02 7.037644999999999982e+02
5.756200000000000000e+04 nan 6.259944355576051987e-15 5.810318228935412919e-15 1.601401300349426720e+02 6.924415000000000191e+02
5.756200000000000000e+04 nan 6.176827241901957381e-15 5.660338787992032084e-15 1.588773734258280683e+02 6.732398333333333085e+02
5.756900000000000000e+04 nan nan nan 1.491809945624928844e+02 6.158631666666666433e+02
5.756900000000000000e+04 nan nan nan 1.498335725424392422e+02 6.206178333333333512e+02
5.756900000000000000e+04 nan nan nan 1.339309378429549895e+02 5.300756666666667343e+02
5.758300000000000000e+04 nan nan nan 1.483924555665247169e+02 6.082044999999999391e+02
5.758300000000000000e+04 nan nan nan 1.455198748264658377e+02 5.907126666666666779e+02
5.758300000000000000e+04 nan nan nan 1.401606936313435767e+02 5.701716666666667379e+02
5.759100000000000000e+04 nan nan nan 1.368896369558640060e+02 5.526173333333333630e+02
5.759100000000000000e+04 nan nan nan 1.233069191938890299e+02 4.799549999999999841e+02
5.759100000000000000e+04 nan nan nan 1.502241708725006788e+02 6.219914999999999736e+02
5.759800000000000000e+04 nan 5.996076213684808033e-15 5.357118869384264849e-15 1.589168273711419772e+02 6.762063333333333048e+02
5.759800000000000000e+04 nan 5.979261440446095904e-15 5.399473869952835829e-15 1.598051552113530818e+02 6.822438333333333276e+02
5.759800000000000000e+04 nan 6.118079030361581089e-15 5.444917428697057970e-15 1.581423573948679575e+02 6.723611666666666906e+02
5.769100000000000000e+04 nan nan nan nan nan
5.769100000000000000e+04 nan nan nan nan nan
5.769100000000000000e+04 nan nan nan nan nan
5.769300000000000000e+04 nan nan nan nan nan
5.769300000000000000e+04 nan nan nan nan nan
5.769300000000000000e+04 nan nan nan nan nan
5.770100000000000000e+04 nan 1.023604090820576783e-14 nan 1.621109360926007525e+02 6.952893333333333885e+02
5.770100000000000000e+04 nan 1.005286010668082968e-14 nan 1.643102630622431661e+02 7.102781666666667206e+02
5.770100000000000000e+04 nan 9.809104285090240165e-15 nan 1.642542613903984829e+02 7.058711666666665678e+02
5.771100000000000000e+04 nan nan nan nan nan
5.771100000000000000e+04 nan 6.867386004038194438e-15 6.346594596750189298e-15 1.086132731655800683e+02 4.679200000000000159e+02
5.771100000000000000e+04 nan 6.442685442169620523e-15 5.861539323899609552e-15 6.319760704731056222e+01 2.452851666666666688e+02
5.771900000000000000e+04 nan 7.279588600957337811e-15 6.713498316404559188e-15 1.620946634897564991e+02 6.958438333333332366e+02
5.771900000000000000e+04 nan 7.249460558884295054e-15 6.751933535607754416e-15 1.562613420916704001e+02 6.647113333333333003e+02
5.771900000000000000e+04 nan 7.421408952737707280e-15 6.761647778959271722e-15 1.620081052201719842e+02 6.996233333333333348e+02
5.772600000000000000e+04 nan 7.198657535301776924e-15 nan 1.708511281489813314e+02 7.345631666666666888e+02
5.772600000000000000e+04 nan 7.231469732683531244e-15 nan 1.687152784738288744e+02 7.218898333333332857e+02
5.772600000000000000e+04 nan 7.197710298218517694e-15 nan 1.686406824139319269e+02 7.209405000000000427e+02
5.773300000000000000e+04 nan 7.166167849970084659e-15 6.365545664467190977e-15 1.584592637608760697e+02 6.760856666666666115e+02
5.773300000000000000e+04 nan 7.116947933966085949e-15 6.312300879406945690e-15 1.558131869787092398e+02 6.701299999999999955e+02
5.773300000000000000e+04 nan 7.228995717928508561e-15 6.403092269208971371e-15 1.595874118695927564e+02 6.763146666666666533e+02
5.774100000000000000e+04 nan nan nan 1.614151950210240045e+02 7.053393333333333430e+02
5.774100000000000000e+04 nan nan nan 1.571849127175826766e+02 6.799603333333333239e+02
5.774100000000000000e+04 nan nan nan 1.637164222185659526e+02 7.202401666666667097e+02
5.774900000000000000e+04 nan 7.701811110176444724e-15 7.067823213952010071e-15 1.670122497323233972e+02 7.051188333333333276e+02
5.774900000000000000e+04 nan 7.628850720415119092e-15 7.014912733987865951e-15 1.686036001992748083e+02 7.151103333333334149e+02
5.774900000000000000e+04 nan 7.671410370940922209e-15 7.064183798305633713e-15 1.701024953509121360e+02 7.248093333333332566e+02
5.775700000000000000e+04 nan 7.649198982813866766e-15 7.128149598338867732e-15 1.700141561104090897e+02 7.423991666666665878e+02
5.775700000000000000e+04 nan 7.720282468140593751e-15 7.192472348023922634e-15 1.715569549942033518e+02 7.513396666666666306e+02
5.775700000000000000e+04 nan 7.781834537287656836e-15 7.078487911010666457e-15 1.695415478895793910e+02 7.432005000000000337e+02
5.776400000000000000e+04 nan 1.188287062271467828e-14 nan 1.649148676559154012e+02 7.097416666666666742e+02
5.776400000000000000e+04 nan 1.152242412116427195e-14 nan 1.629380570608397818e+02 6.973899999999999864e+02
5.776400000000000000e+04 nan 1.173260043217417293e-14 nan 1.636858306142920867e+02 6.990041666666667197e+02
5.777200000000000000e+04 nan nan nan 1.470952667129596989e+02 6.135141666666665969e+02
5.777200000000000000e+04 nan nan nan 1.450395532899559896e+02 5.945925000000000864e+02
5.777200000000000000e+04 nan nan nan 1.473969017214848520e+02 6.077441666666667288e+02
5.777900000000000000e+04 nan 1.039773004980789051e-14 nan 1.433262896341863097e+02 5.562251666666667234e+02
5.777900000000000000e+04 nan 1.063315424107371035e-14 nan 1.429392216482953870e+02 5.541541666666666970e+02
5.777900000000000000e+04 nan 1.028436627662855146e-14 nan 1.426333171709101464e+02 5.529288333333333867e+02
5.778600000000000000e+04 nan 1.308609936372506065e-14 nan 1.457416775615053268e+02 5.867083333333333712e+02
5.778600000000000000e+04 nan 1.339309173746142879e-14 nan 1.480898913040982166e+02 6.011000000000000227e+02
5.778600000000000000e+04 nan 1.322254245493990146e-14 nan 1.473290792745963813e+02 5.944498333333333449e+02
5.779400000000000000e+04 nan 1.077223020153018059e-14 nan 1.442350704322494153e+02 5.847770000000000437e+02
5.779400000000000000e+04 nan 1.067431822678205551e-14 nan 1.435571440053403194e+02 5.797078333333333831e+02
5.779400000000000000e+04 nan 1.067466763485820698e-14 nan 1.465090732259049275e+02 5.964205000000000609e+02
5.780100000000000000e+04 nan 7.320090443469180024e-15 6.530600294349584975e-15 1.369173120886746062e+02 5.639023333333333312e+02
5.780100000000000000e+04 nan 7.416217432139175522e-15 6.672976211286855095e-15 1.407697718696981610e+02 5.857788333333334094e+02
5.780100000000000000e+04 nan 7.187763558156906189e-15 6.386778076056268551e-15 1.345405914840225421e+02 5.481336666666666133e+02
5.780900000000000000e+04 nan nan nan 1.383867579838059498e+02 5.360053333333332830e+02
5.780900000000000000e+04 nan nan nan 1.405993985877701107e+02 5.484071666666666260e+02
5.780900000000000000e+04 nan nan nan 1.385832329180212810e+02 5.366926666666666961e+02
5.781700000000000000e+04 nan 7.486722398440115776e-15 nan 1.542566877168834765e+02 6.246488333333333003e+02
5.781700000000000000e+04 nan 7.555711274137208264e-15 nan 1.550305006247889708e+02 6.295321666666666260e+02
5.781700000000000000e+04 nan 7.542769851323822314e-15 nan 1.550246773986224014e+02 6.285620000000000118e+02
5.785700000000000000e+04 nan 8.214443848475037520e-15 7.527799663927425103e-15 7.766149514235669926e+01 2.956661666666666974e+02
5.785700000000000000e+04 nan nan nan nan nan
5.785700000000000000e+04 nan nan nan nan nan
5.786400000000000000e+04 nan 1.062399188692984383e-14 nan 1.512205332206535786e+02 6.098473333333332675e+02
5.786400000000000000e+04 nan 1.064076294405410374e-14 nan 1.505771566952599301e+02 6.063681666666666388e+02
5.786400000000000000e+04 nan 1.075135866036586726e-14 nan 1.524862934232372140e+02 6.178908333333332621e+02
5.787800000000000000e+04 nan 8.384590658731778214e-15 nan 2.133754976537707932e+02 1.049282666666666728e+03
5.787800000000000000e+04 nan 8.488576693995089200e-15 nan 2.152649890321581836e+02 1.062541999999999916e+03
5.787800000000000000e+04 nan 8.422830225601285164e-15 nan 2.130314953852449378e+02 1.047380333333333283e+03
5.788700000000000000e+04 nan 8.742075658014961934e-15 nan 1.371693745552525741e+02 5.906541666666666970e+02
5.788700000000000000e+04 nan 8.935907866186153421e-15 nan 1.008778349297776487e+02 4.045511666666666883e+02
5.788700000000000000e+04 nan 8.602850579547288946e-15 nan 1.454035681792201444e+02 6.359806666666665933e+02
5.789400000000000000e+04 nan 8.571375717617277229e-15 7.564291559697483096e-15 2.041546882549633040e+02 9.693048333333333630e+02
5.789400000000000000e+04 nan 8.694724514749570763e-15 7.763341774752933618e-15 2.079744781536838332e+02 9.973875000000000455e+02
5.789400000000000000e+04 nan 8.625273963968368638e-15 7.654314464411592903e-15 2.041653455124530581e+02 9.705688333333332594e+02
5.790300000000000000e+04 nan nan nan 1.751031799584227997e+02 7.749656666666667206e+02
5.790300000000000000e+04 nan nan nan 1.665813697341365867e+02 7.198405000000000200e+02
5.790300000000000000e+04 nan nan nan 1.596045982944052071e+02 6.766583333333333030e+02
5.791000000000000000e+04 nan 7.592110538525364289e-15 nan 1.859762076428717990e+02 8.507495000000000118e+02
5.791000000000000000e+04 nan 7.886611237200699812e-15 nan 1.919015256177776223e+02 8.922469999999999573e+02
5.791000000000000000e+04 nan 7.865894287405660246e-15 nan 1.945478541082630386e+02 9.130113333333333685e+02
5.791800000000000000e+04 nan 8.199065321265271542e-15 nan 1.609718951267535658e+02 6.711958333333333258e+02
5.791800000000000000e+04 nan 8.297224877442416177e-15 nan 1.132173543360933508e+02 4.100810000000000173e+02
5.791800000000000000e+04 nan 8.148199640523523811e-15 nan 1.356278288300098325e+02 5.252613333333333685e+02
5.792500000000000000e+04 nan nan nan 2.043932800476831915e+02 9.611756666666666433e+02
5.792500000000000000e+04 nan nan nan 2.056061554104745710e+02 9.702743333333332885e+02
5.792500000000000000e+04 nan nan nan 2.025337029981634203e+02 9.469253333333332421e+02
5.793300000000000000e+04 nan 1.068645685634451350e-14 nan 1.862954319867985760e+02 8.355136666666666088e+02
5.793300000000000000e+04 nan 1.072343058472398929e-14 nan 1.891594161578525188e+02 8.575446666666666715e+02
5.793300000000000000e+04 nan 1.070549454150903994e-14 nan 1.883107830235668700e+02 8.502219999999999800e+02
5.794200000000000000e+04 nan nan nan nan nan
5.794200000000000000e+04 nan nan nan 1.153055372011648814e+02 4.425771666666666988e+02
5.794200000000000000e+04 nan nan nan 1.115386979300456431e+02 4.237254999999999541e+02
5.794900000000000000e+04 nan 1.162037579319626921e-14 nan 1.523125401534462924e+02 6.286365000000000691e+02
5.794900000000000000e+04 nan 1.179136712306594683e-14 nan 1.532853026287014586e+02 6.370121666666667579e+02
5.794900000000000000e+04 nan 1.146351505352813371e-14 nan 1.483465591663686780e+02 6.051008333333334122e+02
5.795600000000000000e+04 nan 1.237719652711097036e-14 nan 1.839679065461307914e+02 8.357990000000000919e+02
5.795600000000000000e+04 nan 1.242690897103881149e-14 nan 1.838882977047938994e+02 8.344676666666666733e+02
5.795600000000000000e+04 nan 1.254154150179206596e-14 nan 1.857052367691546522e+02 8.492681666666666160e+02
5.796400000000000000e+04 nan 1.189976952479437057e-14 nan 7.877103318964752532e+01 2.854084999999999468e+02
5.796400000000000000e+04 nan 1.212079685041956813e-14 nan 1.034558444347817385e+02 3.948843333333333590e+02
5.796400000000000000e+04 nan nan nan nan nan
5.805500000000000000e+04 nan nan nan 1.583731559246107281e+02 6.815751666666667461e+02
5.805500000000000000e+04 nan nan nan 1.567830214735732000e+02 6.728131666666666888e+02
5.805500000000000000e+04 nan nan nan 1.568423877041382468e+02 6.723849999999999909e+02
5.806200000000000000e+04 nan 6.961298681965008314e-15 nan 1.538215850710970187e+02 6.720869999999999891e+02
5.806200000000000000e+04 nan 7.030257250830341259e-15 nan 1.539398651773083202e+02 6.762856666666666570e+02
5.806200000000000000e+04 nan 6.990520486725887791e-15 nan 1.540782161419081717e+02 6.774133333333334122e+02
5.807000000000000000e+04 nan 8.865228322531732518e-15 nan 1.573168099302065173e+02 7.001641666666666879e+02
5.807000000000000000e+04 nan 8.770235609058288124e-15 nan 1.518756801649203680e+02 6.932208333333333030e+02
5.807000000000000000e+04 nan 8.932856375105007276e-15 nan 1.588299506462702482e+02 6.946905000000000427e+02
5.807900000000000000e+04 nan 6.989310453318036420e-15 6.180431853644635783e-15 1.544486703531362366e+02 6.626608333333333576e+02
5.807900000000000000e+04 nan 6.977513077686041695e-15 6.089679945266025978e-15 1.564478726851704948e+02 6.717891666666666879e+02
5.807900000000000000e+04 nan 6.828817187293252684e-15 5.983864743854455740e-15 1.539785392959845183e+02 6.597250000000000227e+02
5.808600000000000000e+04 nan 7.119188179387884913e-15 6.450135627275752014e-15 1.686438935625280067e+02 7.403826666666666370e+02
5.808600000000000000e+04 nan 7.101007500076637291e-15 6.386630824872920874e-15 1.643226415078630112e+02 7.336200000000000045e+02
5.808600000000000000e+04 nan 7.191264443830981518e-15 6.426059896984939064e-15 1.675703817229076549e+02 7.421173333333333630e+02
5.809400000000000000e+04 nan nan nan 1.690215833404697037e+02 7.404636666666666542e+02
5.809400000000000000e+04 nan nan nan 1.711627197591693630e+02 7.535324999999999136e+02
5.809400000000000000e+04 nan nan nan 1.695113549781339088e+02 7.434993333333333112e+02
5.811700000000000000e+04 nan 1.018657107060832613e-14 nan 1.635808678089373416e+02 6.836656666666666524e+02
5.811700000000000000e+04 nan 1.026439993238041630e-14 nan 1.626827408602158584e+02 6.779153333333332512e+02
5.811700000000000000e+04 nan 9.891127778379296178e-15 nan 1.611764862799080049e+02 6.696259999999999764e+02
5.812500000000000000e+04 nan 9.537698785849243249e-15 nan 1.584653285363943098e+02 6.794728333333333694e+02
5.812500000000000000e+04 nan 9.584789850138957177e-15 nan 1.583816683550044218e+02 6.837173333333333858e+02
5.812500000000000000e+04 nan 9.555569474908718615e-15 nan 1.589363321289456792e+02 6.831493333333332885e+02
5.813200000000000000e+04 nan 7.052835607601696832e-15 6.196306031139616692e-15 1.557022553603981407e+02 6.328944999999999936e+02
5.813200000000000000e+04 nan 7.050594422730990744e-15 6.154281624482537213e-15 1.558081086976717700e+02 6.348063333333333276e+02
5.813200000000000000e+04 nan 7.119338877455033389e-15 6.180349559261453841e-15 1.542299589142770344e+02 6.391361666666666679e+02
5.814000000000000000e+04 nan 6.876232677474096988e-15 nan 1.583032573951023210e+02 6.537389999999999191e+02
5.814000000000000000e+04 nan 6.887468128507693895e-15 nan 1.578693296332304215e+02 6.625218333333333476e+02
5.814000000000000000e+04 nan 6.936834331677628246e-15 nan 1.585916776103102279e+02 6.556501666666666779e+02
5.814700000000000000e+04 nan 6.647670110318095719e-15 5.991587578548730662e-15 1.536711490282245052e+02 6.219826666666666597e+02
5.814700000000000000e+04 nan 7.011718981730175944e-15 6.235841626730847284e-15 1.567849229590336790e+02 6.475845000000000482e+02
5.814700000000000000e+04 nan 6.871955153405465819e-15 6.132612729238165049e-15 1.558192842940442802e+02 6.376430000000000291e+02
5.815400000000000000e+04 nan 5.890009626743165371e-15 nan 7.375273104650537448e+01 2.830715000000000146e+02
5.815400000000000000e+04 nan 6.182151804608826907e-15 nan 9.000673589880788938e+01 3.536283333333333303e+02
5.815400000000000000e+04 nan 6.744637032206371793e-15 nan 6.780696548433917314e+01 2.614498333333333449e+02
5.816100000000000000e+04 nan 6.726603493080068996e-15 nan 1.503235822495586547e+02 5.993341666666667606e+02
5.816100000000000000e+04 nan 6.656497570992964105e-15 nan 1.489198867627740128e+02 5.915041666666667197e+02
5.816100000000000000e+04 nan 6.668992881876460080e-15 nan 1.485409695363807145e+02 5.893990000000000009e+02
5.816800000000000000e+04 nan nan nan 1.496136810242371382e+02 5.961978333333333921e+02
5.816800000000000000e+04 nan nan nan 1.495453157660301144e+02 5.958286666666666633e+02
5.816800000000000000e+04 nan nan nan 1.505618452943096202e+02 6.016895000000000664e+02
5.817500000000000000e+04 nan nan nan 1.444002680585974190e+02 5.724914999999999736e+02
5.817500000000000000e+04 nan nan nan 1.450086295373729968e+02 5.758345000000000482e+02
5.817500000000000000e+04 nan nan nan 1.459580815545588166e+02 5.808753333333332876e+02
5.818200000000000000e+04 nan 6.860531569581325474e-15 6.133924136159656427e-15 1.339125248113919611e+02 5.887053333333333285e+02
5.818200000000000000e+04 nan 6.800993991293239014e-15 6.099797865133918435e-15 1.333864289559055862e+02 5.887431666666666388e+02
5.818200000000000000e+04 nan 6.870878466212246908e-15 6.179165339496212752e-15 1.334879696914068745e+02 5.879470000000000027e+02
5.819000000000000000e+04 nan nan nan 1.489104850002148055e+02 5.930408333333332394e+02
5.819000000000000000e+04 nan nan nan 1.499981092182285352e+02 5.991430000000000291e+02
5.819000000000000000e+04 nan nan nan 1.451952057089299615e+02 5.713925000000000409e+02
5.819800000000000000e+04 nan 9.406689879043153373e-15 nan 1.441718394655925692e+02 5.643368333333332885e+02
5.819800000000000000e+04 nan 9.206933055621071910e-15 nan 1.470243086314591778e+02 5.803708333333332803e+02
5.819800000000000000e+04 nan 8.947064005021734646e-15 nan 1.488170335817402474e+02 5.910141666666665969e+02
5.820500000000000000e+04 nan nan nan 1.449312510373020757e+02 5.774651666666667325e+02
5.820500000000000000e+04 nan nan nan 1.441069073740413842e+02 5.721384999999999081e+02
5.820500000000000000e+04 nan nan nan 1.438037973466730080e+02 5.725470000000000255e+02
5.822200000000000000e+04 nan 8.245598869604807433e-15 nan 1.428539995035828838e+02 5.764646666666666306e+02
5.822200000000000000e+04 nan 8.198020545420555694e-15 nan 1.430225705832082781e+02 5.774035000000000082e+02
5.822200000000000000e+04 nan 8.165284250868392333e-15 nan 1.427150438577662612e+02 5.763315000000000055e+02
5.822900000000000000e+04 nan 7.928974582605726591e-15 nan 1.332828162263491265e+02 5.276026666666666642e+02
5.822900000000000000e+04 nan 7.958603409984532573e-15 nan 1.329544723527569090e+02 5.263246666666666442e+02
5.822900000000000000e+04 nan 7.904921359111709906e-15 nan 1.329577289735407817e+02 5.267316666666666833e+02
5.823700000000000000e+04 nan nan nan nan nan
5.823700000000000000e+04 nan nan nan nan nan
5.823700000000000000e+04 nan nan nan nan nan
5.824400000000000000e+04 nan 1.329674848876255101e-14 nan 1.204179112083958785e+02 6.114925000000000637e+02
5.824400000000000000e+04 nan 1.199279655191302810e-14 nan 1.172571856884311217e+02 5.943468333333332794e+02
5.824400000000000000e+04 nan 1.333005804328521032e-14 nan 1.239723070677012231e+02 6.271354999999999791e+02
5.825300000000000000e+04 nan 6.533526649334637733e-15 5.958049948068010086e-15 1.395169843547072048e+02 5.521981666666666797e+02
5.825300000000000000e+04 nan 6.491488737724607562e-15 5.959026647814130262e-15 1.387008913886454877e+02 5.474968333333332566e+02
5.825300000000000000e+04 nan 6.431709686720440749e-15 5.873996620777395811e-15 1.378874161082699459e+02 5.438365000000000009e+02
5.826000000000000000e+04 nan nan nan nan nan
5.826000000000000000e+04 nan nan nan nan nan
5.826000000000000000e+04 nan 6.995564135234105979e-15 nan 6.243177922523830148e+01 1.968893333333333544e+02
5.827000000000000000e+04 nan nan nan nan nan
5.827000000000000000e+04 nan nan nan nan nan
5.827000000000000000e+04 nan nan nan nan nan
5.827800000000000000e+04 nan 7.277439612413242508e-15 6.656253992477750679e-15 1.087844846771727134e+02 3.925316666666666947e+02
5.827800000000000000e+04 nan 7.205256945850984900e-15 6.593124001236618557e-15 1.097057098481076594e+02 3.957176666666666733e+02
5.827800000000000000e+04 nan 6.990875712750112389e-15 6.351466767640977365e-15 1.021578845973656229e+02 3.599038333333333526e+02
5.828600000000000000e+04 nan nan nan 1.295716263442992329e+02 4.924485000000000241e+02
5.829500000000000000e+04 nan nan nan 1.150388933821990207e+02 4.616915000000000191e+02
5.829500000000000000e+04 nan nan nan 1.164793594697281947e+02 4.690558333333332826e+02
5.829500000000000000e+04 nan nan nan 1.159060245014813120e+02 4.650946666666666829e+02
5.830700000000000000e+04 nan 9.877016556171090380e-15 nan 1.280764498167795011e+02 4.923593333333333817e+02
5.830700000000000000e+04 nan 1.018466858334330074e-14 nan 1.302316471142680427e+02 5.023355000000000246e+02
5.830700000000000000e+04 nan 9.975622004457707637e-15 nan 1.291579086254808431e+02 4.966283333333333303e+02
5.831400000000000000e+04 nan 7.414574400037521477e-15 nan 1.271714769319348335e+02 4.962454999999999927e+02
5.831400000000000000e+04 nan 7.306605045144551585e-15 nan 1.250640078000442514e+02 4.857334999999999923e+02
5.831400000000000000e+04 nan 7.356308783772668943e-15 nan 1.264484417809379977e+02 4.901430000000000291e+02
5.832100000000000000e+04 nan nan nan nan nan
5.832100000000000000e+04 nan nan nan nan nan
5.832100000000000000e+04 nan nan nan nan nan
5.832900000000000000e+04 nan 6.289133057607416370e-15 5.713505364827551133e-15 1.286838408644630931e+02 5.184618333333332885e+02
5.832900000000000000e+04 nan 6.260041930878795290e-15 5.684267663794468281e-15 1.276971910750617241e+02 5.149405000000000427e+02
5.832900000000000000e+04 nan 6.284034829598067868e-15 5.729416940549939866e-15 1.281167871175634048e+02 5.155888333333333549e+02
