5.769000000000000000e+04 7.381729629765265180e-15 nan nan 1.598559707020006613e+02 6.660285000000000082e+02
5.769000000000000000e+04 7.127487070641482670e-15 nan nan 1.607632610015388934e+02 6.723534999999999400e+02
5.769000000000000000e+04 7.130652339086385069e-15 nan nan 1.631059187419100169e+02 6.868241666666666561e+02
5.770800000000000000e+04 7.080707518351430087e-15 nan nan 1.463889037331878455e+02 8.509636666666666542e+02
5.770800000000000000e+04 6.888846177041408540e-15 nan nan 1.432892960070889501e+02 8.221411666666666633e+02
5.770800000000000000e+04 7.112387637143290136e-15 nan nan 1.451534492926494124e+02 8.385191666666667061e+02
5.772800000000000000e+04 nan nan nan nan nan
5.772800000000000000e+04 6.245809663564619146e-15 nan nan 1.070609688337925292e+02 8.604639999999999418e+02
5.773300000000000000e+04 6.313973390006688461e-15 nan nan 1.818941417850686548e+02 8.377006666666667343e+02
5.773300000000000000e+04 6.301207988791177216e-15 nan nan 1.801488881566176588e+02 8.370650000000000546e+02
5.773300000000000000e+04 6.391905605953151609e-15 nan nan 1.840174719738746205e+02 8.422241666666666333e+02
5.774700000000000000e+04 7.113569090378770289e-15 nan nan 1.847590250302273773e+02 8.266020000000000891e+02
5.774700000000000000e+04 7.141858161871597731e-15 nan nan 1.863686772882294918e+02 8.402085000000000719e+02
5.774700000000000000e+04 7.147138370138808665e-15 nan nan 1.861893559479923681e+02 8.376838333333332685e+02
5.776700000000000000e+04 nan nan nan nan nan
5.776700000000000000e+04 nan nan nan nan nan
5.776700000000000000e+04 nan nan nan nan nan
5.778500000000000000e+04 6.589398991386963736e-15 nan nan 1.672553156525438851e+02 7.003253333333333330e+02
5.778500000000000000e+04 6.598310516944033742e-15 nan nan 1.667802325816852544e+02 7.029050000000000864e+02
5.778500000000000000e+04 6.532436747368227389e-15 nan nan 1.669962068889344096e+02 6.951968333333333021e+02
5.780300000000000000e+04 6.409585621794820363e-15 nan nan 1.593501690383738492e+02 6.617261666666666997e+02
5.780300000000000000e+04 6.465800276194976970e-15 nan nan 1.605521553823684258e+02 6.672483333333333348e+02
5.780300000000000000e+04 6.370870955671347400e-15 nan nan 1.582080035892012972e+02 6.544476666666666915e+02
5.782100000000000000e+04 6.102859219172243592e-15 nan nan 1.240164813203743677e+02 5.337334999999999354e+02
5.782100000000000000e+04 6.238110996460048740e-15 nan nan 1.284662216647874118e+02 5.402146666666666306e+02
5.782100000000000000e+04 6.297948116868880171e-15 nan nan 1.264995456165067509e+02 5.547386666666666315e+02
5.784000000000000000e+04 nan nan nan 1.423092156742460190e+02 5.545351666666666688e+02
5.784000000000000000e+04 nan nan nan 1.401429690355248567e+02 5.429138333333334003e+02
5.784000000000000000e+04 nan nan nan 1.425228678329015111e+02 5.563208333333333258e+02
5.785800000000000000e+04 6.647813302586213069e-15 nan nan 1.579584346492704583e+02 6.618741666666666106e+02
5.785800000000000000e+04 6.532903641642828325e-15 nan nan 1.559173018630830256e+02 6.524968333333332566e+02
5.785800000000000000e+04 6.787076842425746112e-15 nan nan 1.597567467564510935e+02 6.693798333333332948e+02
5.787600000000000000e+04 6.285035555019128376e-15 nan nan 1.965873636241830127e+02 1.021833333333333371e+03
5.787600000000000000e+04 6.319400684412386161e-15 nan nan 1.955453073418959207e+02 1.011849500000000035e+03
5.787600000000000000e+04 6.403511583440729949e-15 nan nan 1.977670888383043462e+02 1.030325000000000045e+03
5.789400000000000000e+04 6.368870164541201317e-15 nan nan 1.543177659851554608e+02 6.295223333333332221e+02
5.789400000000000000e+04 6.338960498895944071e-15 nan nan 1.511254659681596877e+02 6.105049999999999955e+02
5.789400000000000000e+04 6.347366680824325174e-15 nan nan 1.550343448038305496e+02 6.340651666666667552e+02
5.791300000000000000e+04 6.802860115616218150e-15 nan nan 1.319658485821861404e+02 7.891423333333333403e+02
5.791300000000000000e+04 6.694227873615537577e-15 nan nan 1.312006848824111955e+02 7.802246666666667352e+02
5.791300000000000000e+04 6.790780053785650662e-15 nan nan 1.304189102534264180e+02 7.815009999999999764e+02
5.793600000000000000e+04 6.535679740840804812e-15 nan nan 1.315485549912398824e+02 6.185059999999999718e+02
5.793600000000000000e+04 6.500783374441899133e-15 nan nan 1.259644322725182235e+02 5.863740000000000236e+02
5.793600000000000000e+04 6.459467815670907683e-15 nan nan 1.307310273245390420e+02 6.106086666666666360e+02
5.805500000000000000e+04 nan nan nan 1.644584795916376265e+02 6.957814999999999372e+02
5.805500000000000000e+04 nan nan nan 1.645567623151951580e+02 6.969893333333333203e+02
5.805500000000000000e+04 nan nan nan 1.615492282085563431e+02 6.780074999999999363e+02
5.807300000000000000e+04 6.473048115558990074e-15 nan nan 1.406189890514059755e+02 5.497253333333333103e+02
5.807300000000000000e+04 6.527170556063912856e-15 nan nan 1.389950515620585350e+02 5.404703333333333148e+02
5.807300000000000000e+04 6.532778525232352564e-15 nan nan 1.364873277954025355e+02 5.264058333333333621e+02
5.809100000000000000e+04 6.426622340264870959e-15 nan nan 1.243429042731061855e+02 7.455876666666666779e+02
5.809100000000000000e+04 6.029369414446376334e-15 nan nan 1.138680917919471227e+02 6.892296666666666169e+02
5.809100000000000000e+04 6.106098178936964071e-15 nan nan 1.112353221711687752e+02 7.003091666666666697e+02
5.811000000000000000e+04 6.383157150167411165e-15 nan nan 1.586080725385782273e+02 6.497835000000000036e+02
5.811000000000000000e+04 6.527269725529711529e-15 nan nan 1.582013175890371315e+02 6.496860000000000355e+02
5.811000000000000000e+04 6.537058671265470163e-15 nan nan 1.595979280764114776e+02 6.577639999999998963e+02
5.812800000000000000e+04 6.385343379159843337e-15 nan nan 1.614444909439422702e+02 6.977611666666666679e+02
5.812800000000000000e+04 6.397661290462751797e-15 nan nan 1.635694630182014748e+02 7.030598333333332448e+02
5.812800000000000000e+04 6.426618012005943765e-15 nan nan 1.632978557951357459e+02 7.035879999999999654e+02
5.814600000000000000e+04 6.371011967336582140e-15 nan nan 1.636443840529322244e+02 6.817863333333333458e+02
5.814600000000000000e+04 6.426320086393418512e-15 nan nan 1.640572294540474445e+02 6.845769999999999982e+02
5.814600000000000000e+04 6.411411985612654843e-15 nan nan 1.643582132312122042e+02 6.866229999999999336e+02
5.816400000000000000e+04 6.245162461258626241e-15 nan nan 1.515007008080261812e+02 6.079151666666667779e+02
5.816400000000000000e+04 6.086455489963921373e-15 nan nan 1.495901691000366043e+02 5.982301666666666051e+02
5.816400000000000000e+04 6.161781217270300949e-15 nan nan 1.487094531447302472e+02 5.911080000000000609e+02
5.818300000000000000e+04 6.178919128321145421e-15 nan nan 1.315441989906556159e+02 6.024089999999999918e+02
5.818300000000000000e+04 6.053506005122220545e-15 nan nan 1.282246483099559953e+02 5.818425000000000864e+02
5.818300000000000000e+04 6.068861473352017013e-15 nan nan 1.288662748530994691e+02 5.855886666666666542e+02
5.822400000000000000e+04 nan nan nan 1.395777512629056787e+02 5.421920000000000073e+02
5.822400000000000000e+04 nan nan nan 1.400827876694594920e+02 5.452196666666666260e+02
5.822400000000000000e+04 nan nan nan 1.394527298179135926e+02 5.417340000000000373e+02
5.824200000000000000e+04 nan nan nan 1.458730509362015653e+02 5.816844999999999573e+02
5.824200000000000000e+04 nan nan nan 1.448362674689245750e+02 5.716048333333333176e+02
5.824200000000000000e+04 nan nan nan 1.458087816417080944e+02 5.765064999999999600e+02
5.826000000000000000e+04 nan nan nan nan nan
5.826000000000000000e+04 6.117348583987079085e-15 nan nan 7.047716108882003994e+01 3.252483333333333348e+02
5.826000000000000000e+04 6.110956987264068620e-15 nan nan 7.947445308498726035e+01 3.626575000000000273e+02
5.828800000000000000e+04 nan nan nan nan nan
5.828800000000000000e+04 nan nan nan nan nan
5.828800000000000000e+04 nan nan nan nan nan
5.831100000000000000e+04 6.352850960837139688e-15 nan nan 1.146771101310519896e+02 4.244021666666666874e+02
5.831100000000000000e+04 6.338636914452520032e-15 nan nan 1.116283391097759505e+02 4.094598333333333358e+02
5.831100000000000000e+04 6.194863520961787898e-15 nan nan 1.107238171248484520e+02 4.047261666666666429e+02
