5.769000000000000000e+04 1.204576538318171441e-14 nan 1.114098910744015955e-14 2.601619919999201329e+02 1.748637777777777728e+03
5.769000000000000000e+04 1.206298508687310378e-14 nan 1.127380459244759583e-14 2.763344545598846480e+02 1.760891333333333250e+03
5.769000000000000000e+04 1.215285604927207145e-14 nan 1.128148822143983578e-14 2.745266101914369301e+02 1.763286888888889052e+03
5.771200000000000000e+04 1.513914911478992165e-14 1.176048325711477748e-14 1.142860382545994503e-14 2.572373782505525242e+02 1.754086444444444396e+03
5.771200000000000000e+04 1.497202523233460359e-14 1.183882420357239624e-14 1.152993650822011325e-14 2.381249934928812877e+02 1.755887777777777728e+03
5.771200000000000000e+04 1.496683606252308954e-14 1.177296715312174092e-14 1.161567291155880487e-14 2.430985737824519788e+02 1.732727999999999838e+03
5.781900000000000000e+04 1.301013047673514272e-14 nan 1.257000985541806881e-14 2.330573728043356994e+02 1.319059555555555562e+03
5.781900000000000000e+04 nan nan nan nan nan
5.782000000000000000e+04 nan nan 1.415771616627525827e-14 1.222121586162422631e+02 4.874097777777777765e+02
5.782100000000000000e+04 nan nan nan nan nan
5.785700000000000000e+04 nan nan nan nan nan
5.785700000000000000e+04 nan nan nan nan nan
5.785700000000000000e+04 nan nan nan nan nan
5.790100000000000000e+04 nan nan nan nan nan
5.790100000000000000e+04 nan nan nan nan nan
5.790100000000000000e+04 1.168368848425676347e-14 nan 1.090330791992740946e-14 2.794122939698273456e+01 1.140189555555555501e+02
5.792300000000000000e+04 1.144950848714048613e-14 9.250256653576210559e-15 9.288096748954831274e-15 2.448464088612495004e+02 1.704705111111110909e+03
5.792300000000000000e+04 1.155292916943630200e-14 9.371615315553198843e-15 9.385311793624940426e-15 2.586143053723293974e+02 1.721914000000000215e+03
5.792300000000000000e+04 1.141314930930856954e-14 9.239175675320852974e-15 9.286323042801177272e-15 2.459105804815909551e+02 1.694846888888888998e+03
5.794400000000000000e+04 nan nan nan nan nan
5.794400000000000000e+04 nan nan nan nan nan
5.794400000000000000e+04 nan nan nan nan nan
5.796500000000000000e+04 nan nan 1.171500732107653709e-14 7.325902048836262281e+01 2.429439999999999884e+02
5.796500000000000000e+04 nan nan nan nan nan
5.796500000000000000e+04 nan nan 1.750914841365306934e-14 5.295257751619055853e+01 1.165866888888888866e+02
5.798600000000000000e+04 1.168202546641756042e-14 nan 1.097267507702686603e-14 2.881039068182133178e+02 1.995387333333333117e+03
5.798600000000000000e+04 1.148169813996502578e-14 nan 1.085403548002502423e-14 2.695414754839454758e+02 1.981670888888888840e+03
5.798600000000000000e+04 1.155297532941318322e-14 nan 1.093952955060022669e-14 2.764624551052082211e+02 1.987469555555555644e+03
5.801000000000000000e+04 nan nan nan 2.645902699830972438e+02 1.661900444444444474e+03
5.801000000000000000e+04 nan nan nan 2.491017733480269669e+02 1.676028888888889014e+03
5.801000000000000000e+04 nan nan nan 2.611859549664218889e+02 1.789906666666666752e+03
5.804700000000000000e+04 1.423058863750405457e-14 1.124731586203152023e-14 1.105383940325663306e-14 2.285393328503406281e+02 1.798776222222222032e+03
5.804700000000000000e+04 1.407916912929272282e-14 1.109765147684638468e-14 1.095285741995941145e-14 2.777068672476162874e+02 1.786168444444444503e+03
5.804700000000000000e+04 1.386844622657295221e-14 1.107695009033380200e-14 1.093188722508180245e-14 2.628478784701885047e+02 1.764189111111111060e+03
5.806800000000000000e+04 1.176960641784445475e-14 nan 1.095440723434348407e-14 2.654791641262102644e+02 1.811888222222222339e+03
5.806800000000000000e+04 1.180308445148280693e-14 nan 1.104947972646973374e-14 2.359906790274687296e+02 1.815454444444444334e+03
5.806800000000000000e+04 1.182026490262654711e-14 nan 1.106827874001412011e-14 2.663994483686701074e+02 1.816793777777777905e+03
5.809000000000000000e+04 nan nan 1.241817273188561570e-14 2.227567327445484011e+02 1.618904888888888991e+03
5.809000000000000000e+04 nan nan 1.236463591987736096e-14 2.539571822841036806e+02 1.620965555555555511e+03
5.809000000000000000e+04 3.430544688835214529e-13 nan 1.241640256922774925e-14 2.442589953313813851e+02 1.646242222222222154e+03
