5.751604474399999890e+04 6.541714354381631222e-15 nan nan 7.467691606335230290e+02 0.000000000000000000e+00 0.000000000000000000e+00
5.752321772999999666e+04 6.677796605118107843e-15 nan 6.841867731757879989e-15 2.277034515927361724e+02 0.000000000000000000e+00 0.000000000000000000e+00
5.753022185000000172e+04 6.721109727651733963e-15 nan nan 7.516275810176692858e+02 0.000000000000000000e+00 0.000000000000000000e+00
5.754707267400000273e+04 6.600242712456647404e-15 6.464502337775041877e-15 nan 7.437891850514839689e+02 0.000000000000000000e+00 0.000000000000000000e+00
5.755422095200000331e+04 6.380658243720187714e-15 nan 6.727308896744219043e-15 2.820761121784103693e+02 0.000000000000000000e+00 0.000000000000000000e+00
5.756209713000000193e+04 6.669712623156741676e-15 nan nan 7.190232985102933299e+02 0.000000000000000000e+00 0.000000000000000000e+00
5.756912264600000344e+04 6.670903031164272548e-15 6.508797164418070026e-15 nan 5.554463107281334260e+02 0.000000000000000000e+00 0.000000000000000000e+00
5.758399705600000016e+04 6.405788629711745251e-15 6.420434070249845008e-15 nan 7.303121692198393475e+02 0.000000000000000000e+00 0.000000000000000000e+00
5.759899903600000107e+04 6.571453750451611859e-15 nan nan 7.251388075295305953e+02 0.000000000000000000e+00 0.000000000000000000e+00
5.769339066399999865e+04 6.576191682397756691e-15 nan nan 6.866993138916726593e+02 0.000000000000000000e+00 0.000000000000000000e+00
5.770135396400000172e+04 6.742023667483219724e-15 6.884064395282159850e-15 nan 6.882276284509636071e+02 0.000000000000000000e+00 0.000000000000000000e+00
5.771136364332999801e+04 6.992102052223304855e-15 nan nan 4.778409374335890334e+02 0.000000000000000000e+00 0.000000000000000000e+00
5.771925258400000166e+04 7.066452380496004027e-15 nan nan 6.665045643545172425e+02 0.000000000000000000e+00 0.000000000000000000e+00
5.772634675399999833e+04 7.156375211955763495e-15 7.161250916371408643e-15 7.258613097953307541e-15 7.126264306120207266e+02 0.000000000000000000e+00 0.000000000000000000e+00
5.773335945999999967e+04 7.450555971349296147e-15 nan nan 7.080391128813221258e+02 0.000000000000000000e+00 0.000000000000000000e+00
5.774123215599999821e+04 7.593456878865722054e-15 7.633065310939162631e-15 nan 6.482167143401692329e+02 0.000000000000000000e+00 0.000000000000000000e+00
5.774928621600000042e+04 7.602004787106637268e-15 nan nan 7.258022197082641469e+02 0.000000000000000000e+00 0.000000000000000000e+00
5.775723675499999808e+04 7.903703952767131872e-15 nan nan 6.714388145157939789e+02 0.000000000000000000e+00 0.000000000000000000e+00
5.776436173199999757e+04 8.055309752371025168e-15 8.061206772331686352e-15 nan 7.440052499073127592e+02 0.000000000000000000e+00 0.000000000000000000e+00
5.777234281500000361e+04 7.984548243700924634e-15 8.264417901634914896e-15 nan 5.911952256939150629e+02 0.000000000000000000e+00 0.000000000000000000e+00
5.778635604199999943e+04 8.212974238925326746e-15 8.155920119586653635e-15 nan 7.362003652300913927e+02 0.000000000000000000e+00 0.000000000000000000e+00
5.779425455399999919e+04 8.224063676828789312e-15 8.334890705909536021e-15 nan 7.383591137812525176e+02 0.000000000000000000e+00 0.000000000000000000e+00
5.780125876599999901e+04 8.250398449882106710e-15 nan nan 6.662668432406487682e+02 0.000000000000000000e+00 0.000000000000000000e+00
5.780937131200000294e+04 8.389443612214993868e-15 8.288058828940257902e-15 nan 6.133864784923059688e+02 0.000000000000000000e+00 0.000000000000000000e+00
5.781719312199999695e+04 8.376197603975938980e-15 8.557163310234903639e-15 8.545748646785111687e-15 7.063308187574796193e+02 0.000000000000000000e+00 0.000000000000000000e+00
5.786411510249999992e+04 8.931270652862239362e-15 9.119901356746984044e-15 nan 6.935526357841434901e+02 0.000000000000000000e+00 0.000000000000000000e+00
5.787822632400000293e+04 9.198662022822279950e-15 9.352585939101273575e-15 9.552576183742742089e-15 1.034764169184705906e+03 0.000000000000000000e+00 0.000000000000000000e+00
5.788727804399999877e+04 9.191387621463009684e-15 nan 9.204115521949647816e-15 4.360908381294351557e+02 0.000000000000000000e+00 0.000000000000000000e+00
5.789499064199999702e+04 9.292106213333820976e-15 nan nan 1.036716407704162521e+03 0.000000000000000000e+00 0.000000000000000000e+00
5.790324025799999799e+04 9.443272131601027644e-15 9.479165523998046249e-15 nan 9.123570931615983000e+02 0.000000000000000000e+00 0.000000000000000000e+00
5.791805243000000337e+04 9.731331594138944923e-15 9.586221108938005862e-15 9.977344671807198764e-15 7.963329537599603327e+02 0.000000000000000000e+00 0.000000000000000000e+00
5.792506100400000287e+04 9.806625888796406236e-15 9.323267542101307907e-15 nan 1.012949910524223924e+03 0.000000000000000000e+00 0.000000000000000000e+00
5.793309379199999967e+04 9.781472891469837427e-15 9.743669148894872311e-15 nan 1.001865644955964285e+03 0.000000000000000000e+00 0.000000000000000000e+00
5.794902591750000283e+04 9.848991439339144855e-15 9.897441853364946752e-15 nan 7.757270476728566564e+02 0.000000000000000000e+00 0.000000000000000000e+00
