5.750800000000000000e+04 nan 9.129620562954965795e-15 nan 4.689135056546145393e+02 4.261146666666666533e+03
5.750800000000000000e+04 nan 9.167594105481047762e-15 nan 4.643375728631056063e+02 4.231163333333332957e+03
5.750800000000000000e+04 nan 9.159083732373130105e-15 nan 4.682832924235282803e+02 4.232493333333333794e+03
5.751600000000000000e+04 nan 9.024433736780217585e-15 nan 4.563995347419176483e+02 4.040650000000000091e+03
5.751600000000000000e+04 nan 9.005173701559264513e-15 nan 4.526356872848996318e+02 4.068478333333333467e+03
5.751600000000000000e+04 nan 9.098444569145731041e-15 nan 4.144683715215210214e+02 3.422673333333333176e+03
5.752300000000000000e+04 nan 8.303933827367069564e-15 nan 1.405114446942523330e+02 8.804856666666667024e+02
5.752300000000000000e+04 nan 8.057615953912119896e-15 nan 1.021710111879199303e+02 6.729636666666666542e+02
5.752300000000000000e+04 nan 8.180292260842571915e-15 nan 1.902456937222003148e+02 1.284082499999999982e+03
5.753000000000000000e+04 nan 8.441487676146667165e-15 nan 1.973459853133101092e+02 3.259188333333333048e+03
5.753000000000000000e+04 nan 8.379604077441290192e-15 nan 2.033287526884840020e+02 3.262546666666666624e+03
5.753000000000000000e+04 nan 8.381529005332375223e-15 nan 1.883600439991524240e+02 3.262679999999999836e+03
5.754700000000000000e+04 nan 9.032903561328359586e-15 nan 3.951204490276231809e+02 3.166764999999999873e+03
5.754700000000000000e+04 nan 9.088299768122962892e-15 nan 3.975998953240305127e+02 3.171831666666666479e+03
5.754700000000000000e+04 nan 9.223157820210258419e-15 nan 3.947919043912537518e+02 3.152099999999999909e+03
5.755400000000000000e+04 nan 7.762012193207232815e-15 nan 6.068941630156658107e+01 8.713053333333333512e+02
5.755400000000000000e+04 nan nan nan nan nan
5.755400000000000000e+04 nan 7.254170253605248216e-15 nan 7.673641651206195036e+01 1.053190000000000055e+03
5.756200000000000000e+04 nan 7.634561830847842870e-15 nan 2.896847349404363285e+02 3.064370000000000346e+03
5.756200000000000000e+04 nan 7.637981301781964288e-15 nan 2.983919546918912147e+02 3.050690000000000055e+03
5.756200000000000000e+04 nan 7.639228858016743233e-15 nan 2.876115659755548677e+02 3.008931666666666388e+03
5.756900000000000000e+04 nan nan nan 3.497208606639675850e+02 2.611885000000000218e+03
5.756900000000000000e+04 nan nan nan 3.064495836699372830e+02 2.161158333333333303e+03
5.756900000000000000e+04 nan nan nan 3.395914399865285418e+02 2.554996666666666442e+03
5.758300000000000000e+04 nan nan nan 3.154950030683276623e+02 2.815684999999999945e+03
5.758300000000000000e+04 nan nan nan 3.122900248647434296e+02 2.786253333333333558e+03
5.758300000000000000e+04 nan nan nan 3.108745528088904848e+02 2.848495000000000346e+03
5.759100000000000000e+04 nan nan nan 2.958459392488455251e+02 2.495141666666666879e+03
5.759100000000000000e+04 nan nan nan 3.310631230335712303e+02 2.808926666666666733e+03
5.759100000000000000e+04 nan nan nan 2.564258474655627538e+02 2.104386666666666770e+03
5.759800000000000000e+04 nan 8.075347491696780071e-15 nan 4.038846247329437915e+02 3.289121666666666442e+03
5.759800000000000000e+04 nan 8.043382272093097008e-15 nan 4.000147200774912903e+02 3.264000000000000000e+03
5.759800000000000000e+04 nan 8.076960868861869394e-15 nan 4.040485623946273108e+02 3.295003333333333558e+03
5.769100000000000000e+04 nan nan nan nan nan
5.769100000000000000e+04 nan nan nan nan nan
5.769100000000000000e+04 nan nan nan nan nan
5.769300000000000000e+04 nan nan nan nan nan
5.769300000000000000e+04 nan nan nan nan nan
5.769300000000000000e+04 nan nan nan nan nan
5.770100000000000000e+04 nan 1.042265913801163881e-14 nan 3.887601718980225769e+02 3.263446666666666260e+03
5.770100000000000000e+04 nan 1.054807096975565197e-14 nan 3.905221681634748734e+02 3.184485000000000127e+03
5.770100000000000000e+04 nan 1.043056113100942269e-14 nan 3.803805909255807478e+02 3.217875000000000000e+03
5.771100000000000000e+04 nan 8.958349793061994518e-15 nan 8.484451878039328676e+01 1.246384500000000116e+03
5.771100000000000000e+04 nan 9.030590309096304438e-15 nan 1.322499225008531027e+02 2.235711666666667043e+03
5.771100000000000000e+04 nan nan nan nan nan
5.771900000000000000e+04 nan 9.276877988858781504e-15 nan 3.399261345662009148e+02 2.489266666666666879e+03
5.771900000000000000e+04 nan 9.378604649799722947e-15 nan 3.434040763997209069e+02 2.579526666666666642e+03
5.771900000000000000e+04 nan 9.404723790559376155e-15 nan 3.492243173703649290e+02 2.634876666666666551e+03
5.772600000000000000e+04 nan 9.462259451391992548e-15 nan 4.148889355713249074e+02 3.522701666666666824e+03
5.772600000000000000e+04 nan 9.658516682196077151e-15 nan 4.219168533598883073e+02 3.559214999999999691e+03
5.772600000000000000e+04 nan 9.534202811746554294e-15 nan 4.185637419594254425e+02 3.530206666666666479e+03
5.773300000000000000e+04 nan 1.017967687616396540e-14 nan 3.121339811466677361e+02 3.659476666666666915e+03
5.773300000000000000e+04 nan 1.016432380756912864e-14 nan 3.873080415734056032e+02 3.620125000000000000e+03
5.773300000000000000e+04 nan 1.013676346961464187e-14 nan 3.625981137738936582e+02 3.642428333333333740e+03
5.774100000000000000e+04 nan nan nan 3.112856156850020284e+02 3.197446666666666260e+03
5.774100000000000000e+04 nan nan nan 3.058244442997421970e+02 3.141611666666666679e+03
5.774100000000000000e+04 nan nan nan 3.115166241648966547e+02 3.270980000000000018e+03
5.774900000000000000e+04 nan 1.003871378181891001e-14 nan 4.129344961495638699e+02 3.416541666666666515e+03
5.774900000000000000e+04 nan 1.006189439985327334e-14 nan 4.102628198374957265e+02 3.347186666666666952e+03
5.774900000000000000e+04 nan 9.990826169566875701e-15 nan 4.082752293115398743e+02 3.397361666666666679e+03
5.775700000000000000e+04 nan 1.014679308763352416e-14 nan 4.137692720311806625e+02 3.419998333333333449e+03
5.775700000000000000e+04 nan 1.026247876603883484e-14 nan 4.198861095991766206e+02 3.510451666666666824e+03
5.775700000000000000e+04 nan 1.027357456253177037e-14 nan 4.182603893232031851e+02 3.494141666666666879e+03
5.776400000000000000e+04 nan 1.156898349029379533e-14 nan 3.626072273517248163e+02 3.471985000000000127e+03
5.776400000000000000e+04 nan 1.170013639276033228e-14 nan 3.692641414268647964e+02 3.483328333333333376e+03
5.776400000000000000e+04 nan 1.159008453762766960e-14 nan 3.734305141525624663e+02 3.488889999999999873e+03
5.777200000000000000e+04 nan nan nan 3.269146547127186864e+02 2.818896666666666533e+03
5.777200000000000000e+04 nan nan nan 3.231703558060814885e+02 2.851531666666666752e+03
5.777200000000000000e+04 nan nan nan 3.242358042500608803e+02 2.838846666666666351e+03
5.777900000000000000e+04 nan 1.055866889287211738e-14 nan 3.474755000574525639e+02 2.543470000000000255e+03
5.777900000000000000e+04 nan 1.065894174639018047e-14 nan 3.457977709002278175e+02 2.554043333333333521e+03
5.777900000000000000e+04 nan 1.077938928885176123e-14 nan 3.500368210015842010e+02 2.563076666666666824e+03
5.778600000000000000e+04 nan 1.175777135525704234e-14 nan 3.799477092887023559e+02 3.015331666666666479e+03
5.778600000000000000e+04 nan 1.178126428541460171e-14 nan 3.811328988765468466e+02 3.017353333333333467e+03
5.778600000000000000e+04 nan 1.172400813086694286e-14 nan 3.857038222925684181e+02 3.006746666666666442e+03
5.779400000000000000e+04 nan 1.156237206347034013e-14 nan 2.558209815350921588e+02 3.075478333333333467e+03
5.779400000000000000e+04 nan 1.150016168180499499e-14 nan 2.635831356062319628e+02 3.077228333333333467e+03
5.779400000000000000e+04 nan 1.135375484478495520e-14 nan 2.588013690986721258e+02 3.064775000000000091e+03
5.780100000000000000e+04 nan 9.873359593445194637e-15 nan 3.118282315575386292e+02 2.848920000000000073e+03
5.780100000000000000e+04 nan 9.769162761880066818e-15 nan 3.086007668260996297e+02 2.842683333333333394e+03
5.780100000000000000e+04 nan 9.953272853341075604e-15 nan 3.140598451082577185e+02 2.896588333333333139e+03
5.780900000000000000e+04 nan nan nan 3.536427768255146020e+02 2.591516666666666879e+03
5.780900000000000000e+04 nan nan nan 3.505551983553136779e+02 2.566063333333333048e+03
5.780900000000000000e+04 nan nan nan 3.521195176945431626e+02 2.564190000000000055e+03
5.781700000000000000e+04 nan 1.050669772025407211e-14 nan 3.876740341691315734e+02 3.060860000000000127e+03
5.781700000000000000e+04 nan 1.054685065083682727e-14 nan 3.858123911384532221e+02 3.057623333333333449e+03
5.781700000000000000e+04 nan 1.060405757792417586e-14 nan 3.818322870562720368e+02 3.057506666666666661e+03
5.785700000000000000e+04 nan nan nan nan nan
5.785700000000000000e+04 nan 1.039169370364605197e-14 nan 1.333604857479329837e+02 1.370216333333333296e+03
5.785700000000000000e+04 nan nan nan nan nan
5.786400000000000000e+04 nan 1.280382670590330671e-14 nan 3.814988656401588401e+02 2.970243333333333339e+03
5.786400000000000000e+04 nan 1.280887188845057213e-14 nan 3.772539061622695726e+02 2.939800000000000182e+03
5.786400000000000000e+04 nan 1.289280423563356733e-14 nan 3.782370357580889504e+02 2.966648333333333085e+03
5.787800000000000000e+04 nan 1.131692216444171259e-14 nan 4.644271839274420017e+02 4.932656666666666752e+03
5.787800000000000000e+04 nan 1.132786858466690532e-14 nan 4.723998043677131591e+02 4.911218333333333248e+03
5.787800000000000000e+04 nan 1.129680418557419461e-14 nan 4.702177971309235431e+02 4.928043333333333067e+03
5.788700000000000000e+04 nan 1.064727187632499327e-14 nan 1.959011828057995785e+02 2.579275000000000091e+03
5.788700000000000000e+04 nan 1.054820560758366804e-14 nan 1.844683289881035932e+02 2.464446666666666260e+03
5.788700000000000000e+04 nan 1.071343763041001562e-14 nan 1.082208129872874451e+02 1.597506499999999960e+03
5.789400000000000000e+04 nan 1.156263922877706347e-14 nan 4.893742150289855886e+02 4.645630000000000109e+03
5.789400000000000000e+04 nan 1.154398087191525343e-14 nan 4.881224918954383156e+02 4.570343333333333248e+03
5.789400000000000000e+04 nan 1.153802259370891160e-14 nan 4.834864776092185821e+02 4.595563333333333503e+03
5.790300000000000000e+04 nan nan nan 3.623817121812231221e+02 2.774348333333333358e+03
5.790300000000000000e+04 nan nan nan 3.808807153166616786e+02 2.924835000000000036e+03
5.790300000000000000e+04 nan nan nan 3.825844681233129450e+02 3.009648333333333085e+03
5.791000000000000000e+04 nan 1.055659130236821999e-14 nan 3.632217731836977350e+02 4.323468333333333248e+03
5.791000000000000000e+04 nan 1.057857316220764032e-14 nan 3.674263061461735447e+02 4.370963333333333139e+03
5.791000000000000000e+04 nan 1.058345382040979484e-14 nan 3.820452614376260954e+02 4.323901666666666642e+03
5.791800000000000000e+04 nan 1.080857166555989652e-14 nan 3.891307017416719987e+02 3.121875000000000000e+03
5.791800000000000000e+04 nan 1.080665455755219277e-14 nan 2.837081212605338578e+02 1.864250000000000000e+03
5.791800000000000000e+04 nan 1.080555231307711073e-14 nan 3.370476692533005121e+02 2.472059999999999945e+03
5.792500000000000000e+04 nan nan nan 4.721013828259298180e+02 4.363619999999999891e+03
5.792500000000000000e+04 nan nan nan 4.598541555898841011e+02 4.378753333333333103e+03
5.792500000000000000e+04 nan nan nan 4.637062631453766812e+02 4.367326666666666824e+03
5.793300000000000000e+04 nan 1.157591785812709685e-14 nan 4.183820843977235882e+02 3.631698333333333267e+03
5.793300000000000000e+04 nan 1.146995789924409326e-14 nan 4.214090438258342601e+02 3.608769999999999982e+03
5.793300000000000000e+04 nan 1.147849861176585183e-14 nan 4.142642352820905103e+02 3.583188333333333048e+03
5.794200000000000000e+04 nan nan nan 2.801926130672209183e+02 3.198495000000000346e+03
5.794200000000000000e+04 nan nan nan 2.899429083013641275e+02 3.226879999999999654e+03
5.794200000000000000e+04 nan nan nan 2.847329803127009313e+02 3.232366666666666788e+03
5.794900000000000000e+04 nan 1.184956625678909361e-14 nan 3.562352575126331544e+02 2.700324999999999818e+03
5.794900000000000000e+04 nan 1.192591757403906484e-14 nan 3.470472681990867159e+02 2.611968333333333248e+03
5.794900000000000000e+04 nan 1.190133542861373421e-14 nan 3.541728915732510927e+02 2.701976666666666915e+03
5.795600000000000000e+04 nan 1.236596445352432234e-14 nan 4.406774514632388673e+02 3.809269999999999982e+03
5.795600000000000000e+04 nan 1.232468339448719930e-14 nan 4.395047536842877207e+02 3.792535000000000309e+03
5.795600000000000000e+04 nan 1.235397800423119351e-14 nan 4.419853510929928575e+02 3.821013333333333321e+03
5.796400000000000000e+04 nan 1.193296876152305192e-14 nan 1.991685377405021029e+02 1.721535000000000082e+03
5.796400000000000000e+04 nan 1.122409117613361630e-14 nan 5.013268806888885365e+01 4.736629999999999541e+02
5.796400000000000000e+04 nan 1.185530639684852002e-14 nan 1.320249449500100241e+02 1.251302166666666835e+03
5.805500000000000000e+04 nan nan nan 3.191617267803694062e+02 2.273426666666666733e+03
5.805500000000000000e+04 nan nan nan 3.193644868504756573e+02 2.306736666666666679e+03
5.805500000000000000e+04 nan nan nan 3.141218334056965773e+02 2.248056666666666388e+03
5.806200000000000000e+04 nan 7.835768081718520340e-15 nan 1.340421809718153838e+02 2.273004999999999654e+03
5.806200000000000000e+04 nan 7.913877355645598643e-15 nan 1.453749642044543293e+02 2.327514999999999873e+03
5.806200000000000000e+04 nan 7.829792034466417836e-15 nan 1.261601156955470060e+02 2.250978333333333467e+03
5.807000000000000000e+04 nan 9.246321009249638418e-15 nan 2.465625106423929935e+02 2.620266666666666879e+03
5.807000000000000000e+04 nan 9.035189531243154936e-15 nan 2.102172857623977791e+02 2.594781666666666752e+03
5.807000000000000000e+04 nan 8.928260393870218240e-15 nan 1.626855380886781290e+02 2.594050000000000182e+03
5.807900000000000000e+04 nan 8.935224653801371628e-15 nan 3.040969495470329775e+02 2.128606666666666570e+03
5.807900000000000000e+04 nan 9.076122012407684030e-15 nan 3.084329915891381120e+02 2.097221666666666806e+03
5.807900000000000000e+04 nan 9.009688920538277732e-15 nan 3.120590790952816178e+02 2.165908333333333303e+03
5.808600000000000000e+04 nan 9.249865907558763148e-15 nan 3.135394020724251050e+02 3.045138333333333321e+03
5.808600000000000000e+04 nan 9.044389272333952628e-15 nan 2.265894150336999360e+02 3.031276666666666642e+03
5.808600000000000000e+04 nan 9.152843455881617550e-15 nan 2.711405819075048953e+02 3.041496666666666442e+03
5.809400000000000000e+04 nan nan nan 3.249681118749929283e+02 3.300404999999999745e+03
5.809400000000000000e+04 nan nan nan 3.412720793096256102e+02 3.313418333333333521e+03
5.809400000000000000e+04 nan nan nan 3.246985544125512320e+02 3.295495000000000346e+03
5.811700000000000000e+04 nan 1.147560994176496774e-14 nan 3.830946178445707346e+02 3.215670000000000073e+03
5.811700000000000000e+04 nan 1.144392754434701586e-14 nan 3.801591671688162819e+02 3.253441666666666606e+03
5.811700000000000000e+04 nan 1.138935755558433510e-14 nan 3.805205452621490281e+02 3.213081666666666479e+03
5.812500000000000000e+04 nan 1.097483813958956613e-14 nan 2.992741346023847200e+02 3.167966666666666697e+03
5.812500000000000000e+04 nan 1.088466383984268984e-14 nan 3.043527101109098112e+02 3.146408333333333303e+03
5.812500000000000000e+04 nan 1.089261238567139841e-14 nan 3.188785316388880915e+02 3.129226666666666915e+03
5.813200000000000000e+04 nan 9.183745024924498414e-15 nan 3.185346659523245307e+02 2.686596666666666351e+03
5.813200000000000000e+04 nan 9.324114201748028200e-15 nan 3.492976005458826876e+02 2.719769999999999982e+03
5.813200000000000000e+04 nan 9.227801536684269607e-15 nan 3.389698265120666747e+02 2.704453333333333376e+03
5.814000000000000000e+04 nan 8.875199161492782481e-15 nan 3.776116708783856666e+02 2.975753333333333558e+03
5.814000000000000000e+04 nan 8.816908502481254889e-15 nan 3.808001671889210229e+02 2.974879999999999654e+03
5.814000000000000000e+04 nan 8.895567395086594033e-15 nan 3.802986313090086128e+02 2.961550000000000182e+03
5.814700000000000000e+04 nan 9.108717023231760365e-15 nan 3.683193116368317419e+02 2.839836666666667043e+03
5.814700000000000000e+04 nan 9.138486384556664685e-15 nan 3.528576292365942209e+02 2.822404999999999745e+03
5.814700000000000000e+04 nan 9.107925173364710819e-15 nan 3.648252215576390540e+02 2.822566666666666606e+03
5.815400000000000000e+04 nan 7.493899854100617095e-15 nan 1.114640288683760190e+02 1.503039499999999862e+03
5.815400000000000000e+04 nan 7.745550056596711859e-15 nan 8.699595212694958946e+01 1.277423000000000002e+03
5.815400000000000000e+04 nan 8.244347566110667631e-15 nan 7.278096594138683884e+01 1.121489000000000033e+03
5.816100000000000000e+04 nan 8.709787257396843000e-15 nan 3.157024614771801794e+02 2.654114999999999782e+03
5.816100000000000000e+04 nan 8.717990921246433481e-15 nan 3.138259587714343866e+02 2.638771666666666533e+03
5.816100000000000000e+04 nan 8.608688485804975108e-15 nan 3.109125340963065014e+02 2.643754999999999654e+03
5.816800000000000000e+04 nan nan nan 3.705281953346777186e+02 2.806458333333333485e+03
5.816800000000000000e+04 nan nan nan 3.696625664722041620e+02 2.789536666666666861e+03
5.816800000000000000e+04 nan nan nan 3.676556343802694187e+02 2.801875000000000000e+03
5.817500000000000000e+04 nan nan nan 3.455622294203216711e+02 2.519628333333333558e+03
5.817500000000000000e+04 nan nan nan 3.495099948261142799e+02 2.529383333333333212e+03
5.817500000000000000e+04 nan nan nan 3.456030070009613269e+02 2.528285000000000309e+03
5.818200000000000000e+04 nan 8.985805593601445830e-15 nan 1.790305301809015361e+02 2.462611666666666679e+03
5.818200000000000000e+04 nan 8.793031894579051667e-15 nan 1.608838639954776681e+02 2.434578333333333376e+03
5.818200000000000000e+04 nan 8.809775771995693567e-15 nan 1.727661927111314526e+02 2.416706666666666479e+03
5.819000000000000000e+04 nan nan nan 3.551340209872478226e+02 2.628324999999999818e+03
5.819000000000000000e+04 nan nan nan 3.525268995815181938e+02 2.650113333333333230e+03
5.819000000000000000e+04 nan nan nan 3.448678887958510586e+02 2.576275000000000091e+03
5.819800000000000000e+04 nan 9.857746028936224638e-15 nan 3.512162500492682966e+02 2.603864999999999782e+03
5.819800000000000000e+04 nan 9.880074499030843760e-15 nan 3.485811800132322560e+02 2.572053333333333740e+03
5.819800000000000000e+04 nan 1.007464672141752894e-14 nan 3.419938915927652374e+02 2.581824999999999818e+03
5.820500000000000000e+04 nan nan nan 3.270996559390129050e+02 2.323938333333333048e+03
5.820500000000000000e+04 nan nan nan 3.272985503752187242e+02 2.333736666666666679e+03
5.820500000000000000e+04 nan nan nan 3.298301502927552633e+02 2.340204999999999927e+03
5.822200000000000000e+04 nan 9.269932364195470648e-15 nan 2.942131464879407190e+02 1.961946666666666715e+03
5.822200000000000000e+04 nan 9.132282110132148969e-15 nan 2.983168606306279571e+02 1.954414999999999964e+03
5.822200000000000000e+04 nan 9.046863056720462136e-15 nan 2.875753644487240877e+02 1.928560000000000173e+03
5.822900000000000000e+04 nan 9.055176913755921697e-15 nan 2.566509798700045621e+02 1.606124500000000126e+03
5.822900000000000000e+04 nan 8.944947934801881438e-15 nan 2.561157232502183660e+02 1.562555666666666639e+03
5.822900000000000000e+04 nan 8.872893082404221575e-15 nan 2.450958343120570078e+02 1.523850666666666484e+03
5.823700000000000000e+04 nan nan nan nan nan
5.823700000000000000e+04 nan nan nan nan nan
5.823700000000000000e+04 nan nan nan nan nan
5.824400000000000000e+04 nan 9.415506714667073512e-15 nan 1.882826414180311048e+01 1.594560666666666748e+03
5.824400000000000000e+04 nan 8.463831257244111948e-15 nan 1.679332559038705242e+01 1.389296833333333325e+03
5.824400000000000000e+04 nan 8.772896543946640401e-15 nan 1.858635648399803841e+01 1.521037833333333310e+03
5.825300000000000000e+04 nan 8.399926037466483200e-15 nan 3.150856668720074367e+02 2.138641666666666879e+03
5.825300000000000000e+04 nan 8.530852632950890892e-15 nan 3.115343537044747677e+02 2.170631666666666661e+03
5.825300000000000000e+04 nan 8.506399124479683612e-15 nan 3.169424290469592620e+02 2.168739999999999782e+03
5.826000000000000000e+04 nan 8.455107987257008962e-15 nan 1.501401778658586181e+02 7.221951666666666370e+02
5.826000000000000000e+04 nan 8.936170326764664644e-15 nan 3.043118986798274506e+01 1.063958666666666772e+02
5.826000000000000000e+04 nan 8.862472967215915094e-15 nan 3.376648805129791242e+01 1.286868666666666741e+02
5.827000000000000000e+04 nan nan nan nan nan
5.827000000000000000e+04 nan nan nan nan nan
5.827000000000000000e+04 nan nan nan nan nan
5.827800000000000000e+04 nan 8.830494941476306977e-15 nan 2.526908271446445440e+02 1.538197166666666590e+03
5.827800000000000000e+04 nan 8.942003347886425430e-15 nan 2.425329264574696708e+02 1.450706333333333305e+03
5.827800000000000000e+04 nan 8.791208712392477625e-15 nan 2.466438102104127381e+02 1.518392166666666753e+03
5.828600000000000000e+04 nan nan nan 2.197640953533978632e+02 1.277199166666666542e+03
5.829500000000000000e+04 nan nan nan 8.221315374333305215e+01 1.293032833333333429e+03
5.829500000000000000e+04 nan nan nan 8.358388658284708583e+01 1.342151666666666870e+03
5.829500000000000000e+04 nan nan nan 8.318288078415550046e+01 1.277628333333333330e+03
5.830700000000000000e+04 nan 8.632029706937218368e-15 nan 2.739507646345111880e+02 1.764494999999999891e+03
5.830700000000000000e+04 nan 8.666503881931217487e-15 nan 2.751104285865420707e+02 1.770316666666666606e+03
5.830700000000000000e+04 nan 8.660220997430657111e-15 nan 2.727682241172065005e+02 1.767068333333333385e+03
5.831400000000000000e+04 nan 7.859117625080133507e-15 nan 2.575451617216226623e+02 1.588385333333333165e+03
5.831400000000000000e+04 nan 7.718173636911287582e-15 nan 2.528027627850418639e+02 1.555744999999999891e+03
5.831400000000000000e+04 nan 7.827722909676312610e-15 nan 2.579719530852808589e+02 1.577616833333333261e+03
5.832100000000000000e+04 nan nan nan nan nan
5.832100000000000000e+04 nan nan nan nan nan
5.832100000000000000e+04 nan nan nan nan nan
5.832900000000000000e+04 nan 7.788645808733311867e-15 nan 2.562132819609307717e+02 1.917861666666666679e+03
5.832900000000000000e+04 nan 7.728514684840899944e-15 nan 2.536026110526511275e+02 1.897580000000000155e+03
5.832900000000000000e+04 nan 7.669353225295086914e-15 nan 2.580657650761039008e+02 1.895919999999999845e+03
