5.762200000000000000e+04 1.286048337108841512e-15 nan nan 1.988534787485077686e+02 7.411926000000000840e+02
5.763900000000000000e+04 1.286048337108841512e-15 nan nan 2.308969301849315343e+02 8.738214000000000397e+02
5.772400000000000000e+04 1.286048337108841512e-15 nan nan 2.055806314551109324e+02 7.659712999999999283e+02
5.774200000000000000e+04 nan nan nan nan nan
5.776200000000000000e+04 1.286048337108841512e-15 nan nan 2.018226652804200683e+02 7.492073000000000320e+02
5.779700000000000000e+04 nan nan nan nan nan
5.781400000000000000e+04 1.286048337108841512e-15 nan nan 1.802985041666094332e+02 6.615669000000000324e+02
5.785700000000000000e+04 1.286048337108841512e-15 nan nan 1.696968552193836217e+02 6.184285999999999603e+02
5.787400000000000000e+04 nan nan nan nan nan
5.789400000000000000e+04 1.286048337108841512e-15 nan 1.479365131894965088e-15 2.420654081742465280e+02 9.202567999999998847e+02
5.791100000000000000e+04 1.286048337108841512e-15 nan nan 2.183298515518146985e+02 8.180787000000000262e+02
5.793300000000000000e+04 nan nan nan nan nan
5.808900000000000000e+04 nan nan nan nan nan
5.811100000000000000e+04 1.286048337108841512e-15 nan nan 1.861205463644777751e+02 6.857778000000000702e+02
5.812800000000000000e+04 1.286048337108841512e-15 nan nan 2.039071947016131787e+02 7.632292999999999665e+02
5.814500000000000000e+04 1.286048337108841512e-15 nan nan 1.989003873069026724e+02 7.408493000000000848e+02
5.816200000000000000e+04 nan nan nan nan nan
5.821400000000000000e+04 nan nan nan nan nan
5.825800000000000000e+04 nan nan nan nan nan
5.827800000000000000e+04 1.286048337108841512e-15 nan nan 1.113092198926785699e+02 3.914702000000000339e+02
5.829500000000000000e+04 nan nan nan nan nan
