5.750800000000000000e+04 nan nan nan nan nan
5.750800000000000000e+04 1.426107094497633994e-14 nan nan 2.305988651984259548e+02 1.153433499999999867e+03
5.750800000000000000e+04 1.445382040800084914e-14 nan nan 2.450443854676344984e+02 1.269124166666666724e+03
5.751100000000000000e+04 2.640272366963917516e-14 nan nan 3.205937378859068190e+02 2.003758333333333439e+03
5.751100000000000000e+04 2.617467744550942431e-14 nan nan 3.196240599118914361e+02 1.981413333333333412e+03
5.751100000000000000e+04 2.666578390229317140e-14 nan nan 3.197257580360906672e+02 1.989128333333333330e+03
5.751600000000000000e+04 nan nan nan nan nan
5.751600000000000000e+04 nan nan nan nan nan
5.751600000000000000e+04 nan nan nan nan nan
5.752000000000000000e+04 nan nan nan nan nan
5.752000000000000000e+04 nan nan nan nan nan
5.752000000000000000e+04 nan nan nan nan nan
5.752300000000000000e+04 nan nan nan nan nan
5.752300000000000000e+04 nan nan nan nan nan
5.752300000000000000e+04 nan nan nan nan nan
5.752900000000000000e+04 nan nan nan nan nan
5.752900000000000000e+04 nan nan nan nan nan
5.752900000000000000e+04 nan nan nan nan nan
5.753400000000000000e+04 2.574059318138136473e-14 nan nan 3.215630544568159053e+02 2.025914999999999964e+03
5.753400000000000000e+04 2.522453867087977289e-14 nan nan 3.223125748285081045e+02 2.026718333333333476e+03
5.753400000000000000e+04 2.537602871547502139e-14 nan nan 3.198630502064860934e+02 2.022346666666666806e+03
5.754600000000000000e+04 nan nan nan 3.230033941296056810e+02 1.996413333333333412e+03
5.754600000000000000e+04 nan nan nan 3.227247455067579835e+02 1.998343333333333476e+03
5.754600000000000000e+04 nan nan nan 3.236132321789160642e+02 2.003856666666666570e+03
5.755000000000000000e+04 2.617380162167118993e-14 nan nan 3.234998196913363699e+02 2.027778333333333194e+03
5.755000000000000000e+04 2.532485401917755549e-14 nan nan 3.232201213691889166e+02 2.017366666666666561e+03
5.755000000000000000e+04 2.565995763375693841e-14 nan nan 3.228037075624912404e+02 2.030246666666666670e+03
5.755400000000000000e+04 1.295817932143331016e-14 8.588531504496840845e-14 nan 2.357843478376669282e+02 1.169868833333333441e+03
5.755400000000000000e+04 1.285922925255530964e-14 8.340169436127075490e-14 nan 2.416154408081471558e+02 1.229364666666666835e+03
5.755400000000000000e+04 1.291913110160970416e-14 8.543639903125811307e-14 nan 2.997382092402589251e+02 1.766376666666666779e+03
5.755700000000000000e+04 1.396319514418607330e-14 8.096354186439859319e-14 nan 3.173600272226661332e+02 1.965924999999999955e+03
5.755700000000000000e+04 1.437117734241125654e-14 8.362980453288749736e-14 nan 3.260062358887217897e+02 2.039281666666666524e+03
5.755700000000000000e+04 1.426837206272846949e-14 8.443120359337669618e-14 nan 3.271505524110116312e+02 2.052768333333333430e+03
5.756100000000000000e+04 1.426408055135256153e-14 8.604775323618745795e-14 nan 3.202267813498151554e+02 2.005596666666666806e+03
5.756100000000000000e+04 1.448480759616688150e-14 8.625049114560176600e-14 nan 3.200223261381343605e+02 2.027724999999999909e+03
5.756100000000000000e+04 1.446389335138617398e-14 8.688836508250628717e-14 nan 3.187947580840526598e+02 2.007348333333333130e+03
5.756600000000000000e+04 1.314935482363934401e-14 8.454676315375676456e-14 nan 3.190473508711115187e+02 1.981869999999999891e+03
5.756600000000000000e+04 1.315959296067170715e-14 8.503446783764049360e-14 nan 3.131245454709606406e+02 1.941200000000000045e+03
5.756600000000000000e+04 1.301719842631848602e-14 8.442291659254703802e-14 nan 3.125585133699613607e+02 1.923966666666666697e+03
5.756900000000000000e+04 nan nan nan 2.845057269044780810e+02 1.623218499999999949e+03
5.756900000000000000e+04 nan nan nan 2.865078714584747672e+02 1.631764666666666699e+03
5.756900000000000000e+04 nan nan nan 2.578955142102615810e+02 1.368099166666666633e+03
5.757300000000000000e+04 nan nan nan nan nan
5.757300000000000000e+04 nan nan nan nan nan
5.757300000000000000e+04 nan nan nan nan nan
5.757600000000000000e+04 1.274151172607030550e-14 8.115738033516717908e-14 nan 3.160919933980940755e+02 1.916766666666666652e+03
5.757600000000000000e+04 1.259389998051427558e-14 8.032937453688465491e-14 nan 3.134586296391684073e+02 1.890958333333333258e+03
5.757600000000000000e+04 1.261443889589588658e-14 8.030342300902793075e-14 nan 3.135247931705667384e+02 1.888853333333333239e+03
5.758100000000000000e+04 1.372522328237054951e-14 8.040497909601630902e-14 nan 3.130237062380577981e+02 1.878803333333333285e+03
5.758100000000000000e+04 1.359463547604538860e-14 7.929037784610029650e-14 nan 3.107614522231955334e+02 1.849698333333333267e+03
5.758100000000000000e+04 1.413037013230547604e-14 8.336415087356537656e-14 nan 3.200418370424974341e+02 1.950561666666666724e+03
5.758400000000000000e+04 1.385301980394348378e-14 8.105515523493623750e-14 nan 3.195002905532414275e+02 1.961664999999999964e+03
5.758400000000000000e+04 1.380444603278228839e-14 8.064283750785402023e-14 nan 3.187847878098537535e+02 1.950150000000000091e+03
5.758400000000000000e+04 1.404105723819466335e-14 8.155081949408391971e-14 nan 3.207018071582480161e+02 1.970819999999999936e+03
5.758700000000000000e+04 1.417487304824837949e-14 8.241558704818498401e-14 nan 2.460279909465891990e+02 1.325915833333333239e+03
5.758700000000000000e+04 1.406382321588848066e-14 8.226894151270222940e-14 nan 2.439226003435081509e+02 1.322391833333333352e+03
5.758700000000000000e+04 1.400711249226329487e-14 8.328503265179458350e-14 nan 2.373502250770586954e+02 1.249651999999999816e+03
5.759000000000000000e+04 1.325922564241781834e-14 8.612460962831907774e-14 nan 2.588483093517282327e+02 1.544006833333333361e+03
5.759000000000000000e+04 nan nan nan nan nan
5.759000000000000000e+04 1.321134654090141738e-14 8.713401244479612954e-14 nan 2.233139264324721296e+02 1.253837833333333492e+03
5.759300000000000000e+04 2.597950256207576889e-14 nan nan 3.206356765399314668e+02 1.992294999999999845e+03
5.759300000000000000e+04 2.619143318170510461e-14 nan nan 3.219359184543566244e+02 2.001371666666666670e+03
5.759300000000000000e+04 2.611002882823619990e-14 nan nan 3.198393810648831277e+02 1.982921666666666624e+03
5.759700000000000000e+04 nan nan nan nan nan
5.759700000000000000e+04 nan nan nan nan nan
5.759700000000000000e+04 1.388061835060175160e-14 8.240687784294809910e-14 nan 1.920603280945904316e+02 8.276586666666665906e+02
5.760000000000000000e+04 2.343884448334754904e-14 nan nan 3.062159033942975839e+02 1.829211666666666588e+03
5.760000000000000000e+04 2.580803775388576236e-14 nan nan 3.152203535606797118e+02 1.911630000000000109e+03
5.760000000000000000e+04 2.518271414915417247e-14 nan nan 3.147581868259744624e+02 1.915939999999999827e+03
5.760300000000000000e+04 2.264919438533434364e-14 nan nan 3.227673097599572998e+02 1.996289999999999964e+03
5.760300000000000000e+04 nan nan nan 3.250323791544661276e+02 2.017458333333333258e+03
5.760300000000000000e+04 2.215055014877679165e-14 nan nan 3.234343990196979917e+02 1.997391666666666652e+03
5.760600000000000000e+04 1.336203060768787058e-14 8.616056249961574774e-14 nan 3.120769003521252216e+02 1.874766666666666652e+03
5.760600000000000000e+04 1.327858409807208761e-14 8.611138314045337301e-14 nan 3.120175895781719078e+02 1.883363333333333458e+03
5.760600000000000000e+04 1.329935957273717310e-14 8.441062652592194508e-14 nan 3.135712733028263983e+02 1.886506666666666661e+03
5.760900000000000000e+04 1.326006094243475468e-14 8.445621283201270846e-14 nan 3.137933457029819806e+02 1.919583333333333258e+03
5.760900000000000000e+04 1.310966535846769364e-14 8.353325652223618626e-14 nan 3.101418671986285176e+02 1.909871666666666670e+03
5.760900000000000000e+04 1.349404769692722235e-14 8.511625958174927935e-14 nan 3.152838185977932426e+02 1.941769999999999982e+03
5.761300000000000000e+04 nan nan nan nan nan
5.761300000000000000e+04 2.696878998182031642e-14 nan nan 3.113906963917708595e+02 1.891208333333333258e+03
5.761300000000000000e+04 2.662740802537786248e-14 nan nan 3.113240049576218667e+02 1.883461666666666588e+03
5.761600000000000000e+04 1.414140027366927344e-14 8.320592862902962749e-14 nan 3.088051415100163126e+02 1.923738333333333458e+03
5.761600000000000000e+04 1.398316378971366944e-14 8.097823303612024507e-14 nan 3.060626334002499220e+02 1.893346666666666806e+03
5.761600000000000000e+04 1.405988059587172985e-14 8.180016042790269049e-14 nan 3.072248137592677040e+02 1.909978333333333239e+03
5.761900000000000000e+04 1.329864777373515508e-14 8.435864929621570799e-14 nan 2.979446494998512662e+02 1.884085000000000036e+03
5.761900000000000000e+04 1.332084939199554240e-14 8.418025896302466143e-14 nan 2.989489878643855150e+02 1.898946666666666715e+03
5.761900000000000000e+04 1.309477727063898429e-14 8.424701527924553511e-14 nan 2.931235857622515937e+02 1.854103333333333239e+03
5.762300000000000000e+04 1.428867024123157702e-14 nan nan 3.147191823694651589e+02 1.899498333333333221e+03
5.762300000000000000e+04 1.454623715095610178e-14 nan nan 3.209474317914805965e+02 1.964714999999999918e+03
5.762300000000000000e+04 1.458152588212135984e-14 nan nan 3.197658974430067360e+02 1.949884999999999991e+03
5.762600000000000000e+04 2.581200380211775849e-14 nan nan 3.032024202434149629e+02 1.789116666666666561e+03
5.762600000000000000e+04 2.620211867976465923e-14 nan nan 3.050035220437050612e+02 1.795474999999999909e+03
5.762600000000000000e+04 nan nan nan nan nan
5.762900000000000000e+04 nan nan nan 3.172323638585891104e+02 1.925556666666666615e+03
5.762900000000000000e+04 nan nan nan 3.194983870532627179e+02 1.943098333333333130e+03
5.762900000000000000e+04 nan nan nan 3.185248450110364615e+02 1.936768333333333430e+03
5.763200000000000000e+04 1.470220426837736891e-14 nan nan 3.220202595415027531e+02 1.991253333333333330e+03
5.763200000000000000e+04 1.475815808549428243e-14 nan nan 3.219445145280292309e+02 1.997823333333333267e+03
5.763200000000000000e+04 1.481221147472271448e-14 nan nan 3.218721945831030098e+02 2.004396666666666761e+03
5.769000000000000000e+04 2.613093752870388084e-14 nan nan 3.145287038763080432e+02 1.899658333333333303e+03
5.769000000000000000e+04 2.665326627522790664e-14 nan nan 3.087738337248851508e+02 1.860098333333333130e+03
5.769000000000000000e+04 2.614811187414410886e-14 nan nan 3.123960552032838791e+02 1.899039999999999964e+03
5.769400000000000000e+04 1.543286396026225105e-14 nan nan 2.931015224973074282e+02 1.752650000000000091e+03
5.769400000000000000e+04 1.546780294751022134e-14 nan nan 2.946294205790024421e+02 1.756025000000000091e+03
5.769400000000000000e+04 1.539375886885029647e-14 nan nan 2.921843387282999629e+02 1.727788333333333412e+03
5.770000000000000000e+04 nan nan nan nan nan
5.770000000000000000e+04 2.567078844218448784e-14 nan nan 2.991368174989302133e+02 1.785180000000000064e+03
5.770000000000000000e+04 nan nan nan nan nan
5.770300000000000000e+04 1.476476310894226449e-14 nan nan 2.888241756510322489e+02 1.750671666666666624e+03
5.770300000000000000e+04 1.463892128804555747e-14 nan nan 2.879164165880362134e+02 1.722250000000000000e+03
5.770300000000000000e+04 1.461677503011577337e-14 nan nan 2.897646979412785981e+02 1.741068333333333385e+03
5.770700000000000000e+04 1.491412558317682021e-14 nan nan 2.659449133771261131e+02 1.552603333333333239e+03
5.770700000000000000e+04 1.478023755836475069e-14 nan nan 2.646530611031083140e+02 1.545055666666666639e+03
5.770700000000000000e+04 1.476465297536560633e-14 nan nan 2.658081667230858898e+02 1.541755833333333385e+03
5.771100000000000000e+04 nan nan nan 2.855118441456597793e+02 1.642510999999999967e+03
5.771100000000000000e+04 nan nan nan 2.838662416225284346e+02 1.639498833333333323e+03
5.771100000000000000e+04 nan nan nan 2.817473757054227690e+02 1.624884666666666590e+03
5.771400000000000000e+04 1.539027709732316639e-14 nan nan 2.708365008900340740e+02 1.499324833333333345e+03
5.771400000000000000e+04 1.527076549072979126e-14 nan nan 2.711478489227427531e+02 1.491730833333333521e+03
5.771400000000000000e+04 1.509773066857449676e-14 nan nan 2.701131192019742571e+02 1.486598333333333130e+03
5.772000000000000000e+04 nan nan nan 2.831865995540837844e+02 1.619498000000000047e+03
5.772000000000000000e+04 nan nan nan 2.851005765337506546e+02 1.626368166666666639e+03
5.772000000000000000e+04 nan nan nan 2.808103473310405320e+02 1.609769166666666479e+03
5.772400000000000000e+04 1.412804979996661671e-14 nan nan 2.651096979768544770e+02 1.447709500000000162e+03
5.772400000000000000e+04 1.422779451892957174e-14 nan nan 2.673676383843755389e+02 1.472918666666666695e+03
5.772800000000000000e+04 1.396820262771566193e-14 nan nan 2.774185975587124631e+02 1.566879166666666606e+03
5.772800000000000000e+04 1.396961397468747411e-14 nan nan 2.786935499961444407e+02 1.575966833333333170e+03
5.772800000000000000e+04 1.393577271629530640e-14 nan nan 2.798735520322878756e+02 1.578674999999999955e+03
5.773300000000000000e+04 1.434447270143582907e-14 nan nan 2.443375700474499297e+02 1.299384999999999991e+03
5.773300000000000000e+04 1.444115955546175484e-14 nan nan 2.692219226496384863e+02 1.512005333333333510e+03
5.773300000000000000e+04 1.468217800979188374e-14 nan nan 2.635789331547346137e+02 1.473775499999999965e+03
5.773600000000000000e+04 nan nan nan 2.689665230328599819e+02 1.534653833333333296e+03
5.773600000000000000e+04 nan nan nan 2.679848435211036985e+02 1.519680499999999938e+03
5.773600000000000000e+04 nan nan nan 2.671620043598558141e+02 1.521100166666666610e+03
5.773900000000000000e+04 1.317756551317818499e-14 8.309694909488910670e-14 nan 2.797731700618922446e+02 1.610066833333333307e+03
5.773900000000000000e+04 1.314661747741039002e-14 8.282566818670871873e-14 nan 2.785660759737793342e+02 1.603894833333333281e+03
5.773900000000000000e+04 1.312632998165709350e-14 8.268509099331792465e-14 nan 2.773567560524377882e+02 1.595818166666666684e+03
5.774200000000000000e+04 2.676358206360456082e-14 nan nan 2.797807265198308073e+02 1.561639333333333298e+03
5.774200000000000000e+04 2.661963141897251928e-14 nan nan 2.796364843686819199e+02 1.564883333333333439e+03
5.774200000000000000e+04 2.594768931896419912e-14 nan nan 2.792606977086218762e+02 1.554651833333333343e+03
5.774600000000000000e+04 nan nan nan nan nan
5.774600000000000000e+04 2.619393753522861056e-14 nan nan 2.789805231671756474e+02 1.566969333333333452e+03
5.774600000000000000e+04 nan nan nan nan nan
5.774900000000000000e+04 1.527061308337949362e-14 nan nan 2.706001169494817873e+02 1.486487333333333481e+03
5.774900000000000000e+04 1.546188508609340083e-14 nan nan 2.693094500823452222e+02 1.474930666666666639e+03
5.774900000000000000e+04 1.557089564863844959e-14 nan nan 2.734467444710655855e+02 1.514441500000000133e+03
5.775200000000000000e+04 1.305744737961299793e-14 8.291497985886676011e-14 nan 2.691883539186648591e+02 1.460709666666666635e+03
5.775200000000000000e+04 1.306874885508369836e-14 8.309051573044497697e-14 nan 2.708111046935014770e+02 1.481076999999999998e+03
5.775200000000000000e+04 1.304220505455542982e-14 8.363482742529961599e-14 nan 2.707100712105830098e+02 1.493973500000000058e+03
5.785700000000000000e+04 nan nan nan nan nan
5.785700000000000000e+04 nan nan nan nan nan
5.785700000000000000e+04 nan nan nan nan nan
5.787300000000000000e+04 nan nan nan nan nan
5.787300000000000000e+04 nan nan nan nan nan
5.787300000000000000e+04 nan nan nan nan nan
5.787600000000000000e+04 2.384113961787299353e-14 nan nan 3.438254742323296114e+02 2.244269999999999982e+03
5.787600000000000000e+04 2.488369102824155969e-14 nan nan 3.434612810717393927e+02 2.247996666666666442e+03
5.787600000000000000e+04 2.523615162578824182e-14 nan nan 3.426290510550460340e+02 2.235789999999999964e+03
5.790300000000000000e+04 1.205928603812524868e-14 7.949307664417444893e-14 nan 2.971874156514638798e+02 1.729278333333333194e+03
5.790300000000000000e+04 1.211714449383654878e-14 7.987726595217645887e-14 nan 2.972827521446733954e+02 1.740654999999999973e+03
5.790300000000000000e+04 1.219277862532311935e-14 8.019403969145175044e-14 nan 3.026506790649382879e+02 1.787799999999999955e+03
5.790600000000000000e+04 1.325169669088533796e-14 8.517109618188765555e-14 nan 3.232192258055149523e+02 2.005046666666666624e+03
5.790600000000000000e+04 1.333839915255794076e-14 8.510531925137825827e-14 nan 3.269929292977223554e+02 2.048199999999999818e+03
5.790600000000000000e+04 1.324219233582012454e-14 8.456419252802509221e-14 nan 3.256603894201971912e+02 2.045294999999999845e+03
5.790900000000000000e+04 nan nan nan nan nan
5.790900000000000000e+04 nan nan nan nan nan
5.790900000000000000e+04 nan nan nan nan nan
5.791300000000000000e+04 nan nan nan 3.189181520009222481e+02 2.005658333333333303e+03
5.791300000000000000e+04 nan nan nan 3.181255988718262984e+02 1.990023333333333312e+03
5.791300000000000000e+04 nan nan nan 3.142243511405366121e+02 1.960238333333333458e+03
5.791600000000000000e+04 nan nan nan 3.222284107203115013e+02 2.039453333333333376e+03
5.791600000000000000e+04 nan nan nan 3.253874330518460738e+02 2.083815000000000055e+03
5.791600000000000000e+04 nan nan nan 3.269123774554651050e+02 2.068761666666666770e+03
5.792200000000000000e+04 nan nan nan nan nan
5.792200000000000000e+04 nan nan nan nan nan
5.792200000000000000e+04 nan nan nan nan nan
5.792500000000000000e+04 2.518580881859204889e-14 nan nan 2.985983401472597052e+02 1.726913333333333412e+03
5.792500000000000000e+04 2.440672194437056115e-14 nan nan 2.982595163737017856e+02 1.732718333333333476e+03
5.792500000000000000e+04 2.614024946216840075e-14 nan nan 2.868604497802907076e+02 1.620614499999999907e+03
5.793300000000000000e+04 2.496159801764494840e-14 nan nan 2.887350121463381925e+02 1.629586166666666713e+03
5.793300000000000000e+04 2.557076171256165726e-14 nan nan 2.921070870485928594e+02 1.669368333333333339e+03
5.793300000000000000e+04 2.571758628272968172e-14 nan nan 2.953126109448727448e+02 1.689680000000000064e+03
5.793600000000000000e+04 nan nan nan 3.195574097233858311e+02 1.947401666666666870e+03
5.793600000000000000e+04 nan nan nan 3.219964082834931105e+02 1.999383333333333439e+03
5.793600000000000000e+04 nan nan nan 3.260534466097163886e+02 2.014055000000000064e+03
5.794200000000000000e+04 nan nan nan nan nan
5.794200000000000000e+04 nan nan nan nan nan
5.794200000000000000e+04 nan nan nan nan nan
5.794500000000000000e+04 nan nan nan nan nan
5.794500000000000000e+04 nan nan nan 2.625615029964753262e+02 1.470384166666666715e+03
5.794500000000000000e+04 nan nan nan nan nan
5.794800000000000000e+04 2.405035316693741185e-14 nan nan 3.125178448730103469e+02 1.889576666666666824e+03
5.794800000000000000e+04 2.396169597920094423e-14 nan nan 3.185812735809553260e+02 1.942403333333333194e+03
5.794800000000000000e+04 2.412356479786162941e-14 nan nan 3.136519275969038745e+02 1.900166666666666742e+03
5.795100000000000000e+04 1.311952111599502067e-14 8.458507399910729911e-14 nan 3.061224345534471922e+02 1.827119999999999891e+03
5.795100000000000000e+04 1.339099141896856282e-14 8.435804840970409125e-14 nan 3.128885934465798755e+02 1.896485000000000127e+03
5.795100000000000000e+04 1.351286678570455179e-14 8.463131169659315775e-14 nan 3.138311852566109224e+02 1.891666666666666742e+03
5.795400000000000000e+04 1.506806401456452809e-14 8.873223626499770743e-14 nan 2.861525145395488039e+02 1.619011500000000069e+03
5.795400000000000000e+04 1.482109157476098788e-14 nan nan 2.586165931285885904e+02 1.370328833333333250e+03
5.795400000000000000e+04 1.477719620946571031e-14 8.622027580508787994e-14 nan 2.836550387421305004e+02 1.596206166666666604e+03
5.795800000000000000e+04 nan nan nan 3.188295069967480799e+02 1.940583333333333258e+03
5.795800000000000000e+04 nan nan nan 3.168661384674185229e+02 1.931849999999999909e+03
5.795800000000000000e+04 nan nan nan 3.169106812067277019e+02 1.913608333333333348e+03
5.796200000000000000e+04 2.676245824720629815e-14 nan nan 2.833771376683123435e+02 1.588419499999999971e+03
5.796200000000000000e+04 2.776119886918110574e-14 nan nan 2.522835395864741770e+02 1.291195833333333439e+03
5.796200000000000000e+04 2.663811104681165919e-14 nan nan 2.869213971388198274e+02 1.622738333333333458e+03
5.796500000000000000e+04 nan nan nan 1.390774040422319615e+02 5.028518333333333317e+02
5.796500000000000000e+04 nan nan nan 9.765752836746190724e+01 3.038806666666666843e+02
5.796500000000000000e+04 nan nan nan 1.110657791070791944e+02 3.710228333333333239e+02
5.797000000000000000e+04 nan nan nan 3.196322882124982812e+02 1.970369999999999891e+03
5.797000000000000000e+04 nan nan nan 3.181354229316535225e+02 1.958230000000000018e+03
5.797000000000000000e+04 nan nan nan 3.161640202141072677e+02 1.945648333333333312e+03
5.797300000000000000e+04 nan nan nan nan nan
5.797300000000000000e+04 nan nan nan nan nan
5.797300000000000000e+04 nan nan nan nan nan
5.798000000000000000e+04 1.291472089891035194e-14 8.363069028798074928e-14 nan 3.118962389066646210e+02 1.885205000000000155e+03
5.798000000000000000e+04 1.292767208354470793e-14 8.350481134540737557e-14 nan 3.102770895641799029e+02 1.878658333333333303e+03
5.798000000000000000e+04 1.274951165688716480e-14 8.175628350998174130e-14 nan 3.031844703521479687e+02 1.814101666666666688e+03
5.798300000000000000e+04 nan nan nan 3.125826049197297607e+02 1.908316666666666606e+03
5.798300000000000000e+04 nan nan nan 3.164506101347664639e+02 1.940196666666666715e+03
5.798300000000000000e+04 nan nan nan 3.151762380104302110e+02 1.922561666666666724e+03
5.798600000000000000e+04 2.507678382743293825e-14 nan nan 3.227545429095445684e+02 2.009144999999999982e+03
5.798600000000000000e+04 2.549152000650308346e-14 nan nan 3.183527315002129399e+02 1.971674999999999955e+03
5.798600000000000000e+04 2.532912883582635159e-14 nan nan 3.199879556477785627e+02 1.986546666666666624e+03
5.799000000000000000e+04 nan nan nan 3.133421867689394844e+02 1.882696666666666715e+03
5.799000000000000000e+04 nan nan nan 3.124671204031990897e+02 1.876956666666666479e+03
5.799000000000000000e+04 nan nan nan 3.116346603380368379e+02 1.864615000000000009e+03
5.799300000000000000e+04 1.411175484632240985e-14 8.175524040673045586e-14 nan 3.156862779192282460e+02 1.899236666666666679e+03
5.799300000000000000e+04 1.444829889771101705e-14 8.377617010940757874e-14 nan 3.196011753094670667e+02 1.950363333333333458e+03
5.799300000000000000e+04 1.446652058107548773e-14 8.394939382000507087e-14 nan 3.212814243610440599e+02 1.959496666666666670e+03
5.799600000000000000e+04 nan nan nan nan nan
5.799600000000000000e+04 nan nan nan nan nan
5.799600000000000000e+04 1.307639503720096231e-14 8.299529734988096007e-14 nan 1.501626723700615003e+02 6.092481666666666342e+02
5.800000000000000000e+04 1.465293157317071612e-14 nan nan 3.129434560164189065e+02 1.970589999999999918e+03
5.800000000000000000e+04 1.427372681539779169e-14 8.373691482546054729e-14 nan 3.081194930034695290e+02 1.918288333333333412e+03
5.800000000000000000e+04 1.427454552642462601e-14 8.302218042094110905e-14 nan 3.019994419466436284e+02 1.864154999999999973e+03
5.800300000000000000e+04 nan nan nan nan nan
5.800300000000000000e+04 nan nan nan nan nan
5.800300000000000000e+04 2.405064237700269166e-14 nan nan 3.009524628461834368e+02 1.820941666666666606e+03
5.800700000000000000e+04 nan nan nan 3.106630848412685282e+02 1.857763333333333321e+03
5.800700000000000000e+04 nan nan nan 3.060340003975961736e+02 1.815626666666666779e+03
5.800700000000000000e+04 nan nan nan 3.047056441672037295e+02 1.799389999999999873e+03
5.801000000000000000e+04 1.396098690418675486e-14 8.099761719246479614e-14 nan 3.133244375024930832e+02 1.884085000000000036e+03
5.801000000000000000e+04 1.440243613372468772e-14 8.538587992302310410e-14 nan 3.204839225759526471e+02 1.952211666666666588e+03
5.801000000000000000e+04 1.390592814402676916e-14 8.125852123155234126e-14 nan 3.136183896951255861e+02 1.886506666666666661e+03
5.801700000000000000e+04 1.403460911007026823e-14 8.109050117849689769e-14 nan 3.101454112285135238e+02 1.865298333333333176e+03
5.801700000000000000e+04 1.470574540342814063e-14 8.562793999160658505e-14 nan 3.192407527472265087e+02 1.959543333333333521e+03
5.801700000000000000e+04 1.454087939633381927e-14 8.489270037471499939e-14 nan 3.182552519975113796e+02 1.942601666666666688e+03
5.802100000000000000e+04 1.402012042594006606e-14 7.982239587924982354e-14 nan 3.028393136077232839e+02 1.793193333333333385e+03
5.802100000000000000e+04 1.413267322877218253e-14 8.038728375780436213e-14 nan 3.034063511779894498e+02 1.795509999999999991e+03
5.802100000000000000e+04 1.399091209745085949e-14 7.926356033025375057e-14 nan 3.014783170910228591e+02 1.781903333333333194e+03
5.802400000000000000e+04 nan nan nan nan nan
5.802400000000000000e+04 nan nan nan nan nan
5.802400000000000000e+04 nan nan nan nan nan
5.802700000000000000e+04 nan nan nan nan nan
5.802700000000000000e+04 nan nan nan nan nan
5.802700000000000000e+04 nan nan nan nan nan
5.804700000000000000e+04 nan nan nan 2.992624518303219361e+02 1.761306666666666615e+03
5.804700000000000000e+04 nan nan nan 2.967365258900090339e+02 1.742068333333333385e+03
5.804700000000000000e+04 nan nan nan 2.973261730188179399e+02 1.742698333333333267e+03
5.805000000000000000e+04 1.392397502626373664e-14 9.107742045401866953e-14 nan 2.921254148507970285e+02 1.666245166666666819e+03
5.805000000000000000e+04 nan nan nan nan nan
5.805000000000000000e+04 1.373140603245780771e-14 9.137276470171025407e-14 nan 2.777916051160491975e+02 1.532324166666666542e+03
5.805300000000000000e+04 nan nan nan 2.276713663388120779e+02 1.124399499999999989e+03
5.805300000000000000e+04 nan nan nan 2.922290418811739414e+02 1.706360000000000127e+03
5.805300000000000000e+04 nan nan nan 2.941701134299104297e+02 1.719196666666666715e+03
5.805600000000000000e+04 1.352807752153399443e-14 8.543283043670513329e-14 nan 2.975799280216302236e+02 1.788968333333333476e+03
5.805600000000000000e+04 1.352183750883033789e-14 8.437966483821214426e-14 nan 2.944123668757503083e+02 1.767319999999999936e+03
5.805600000000000000e+04 1.347157918893398350e-14 8.423056689837151982e-14 nan 2.962592336389660659e+02 1.777638333333333321e+03
5.806200000000000000e+04 nan nan nan 2.986948216180931581e+02 1.834525000000000091e+03
5.806200000000000000e+04 nan nan nan 2.977026557263710060e+02 1.830919999999999845e+03
5.806200000000000000e+04 nan nan nan 2.983284391898953345e+02 1.828060000000000173e+03
5.806500000000000000e+04 nan nan nan nan nan
5.806500000000000000e+04 nan nan nan nan nan
5.806500000000000000e+04 nan nan nan nan nan
5.806800000000000000e+04 nan nan nan nan nan
5.806800000000000000e+04 nan nan nan 2.847286412999207528e+02 1.623891333333333250e+03
5.806800000000000000e+04 nan nan nan nan nan
5.807100000000000000e+04 nan nan nan 2.844791253760459995e+02 1.616430666666666639e+03
5.807100000000000000e+04 nan nan nan 2.840841262670110723e+02 1.613471000000000004e+03
5.807100000000000000e+04 nan nan nan 2.839341415050500359e+02 1.619228833333333341e+03
5.807500000000000000e+04 1.344898162097928481e-14 8.331562022831898779e-14 nan 2.971232065227154635e+02 1.733130000000000109e+03
5.807500000000000000e+04 1.365580409869577942e-14 8.552717106934343654e-14 nan 2.998310483006220579e+02 1.756273333333333312e+03
5.807500000000000000e+04 1.327551297869717067e-14 8.291398648035886110e-14 nan 2.955420872034674744e+02 1.723423333333333176e+03
5.807800000000000000e+04 1.505669791293685093e-14 nan nan 2.855409234786748698e+02 1.656516833333333352e+03
5.807800000000000000e+04 1.503448361586013749e-14 nan nan 2.862873285269553776e+02 1.644770999999999958e+03
5.807800000000000000e+04 1.509905639358966847e-14 nan nan 2.848298719154029186e+02 1.636958666666666659e+03
5.808200000000000000e+04 nan nan nan 2.906561370469477197e+02 1.703066666666666606e+03
5.808200000000000000e+04 nan nan nan 2.830731600036786517e+02 1.623956999999999880e+03
5.808200000000000000e+04 nan nan nan nan nan
5.808600000000000000e+04 1.472427303741957916e-14 nan nan 2.747440492929856646e+02 1.628806833333333316e+03
5.808600000000000000e+04 1.488742989251269931e-14 nan nan 2.754120904929256994e+02 1.639848833333333232e+03
5.809000000000000000e+04 1.341398234337236368e-14 8.208373017670072762e-14 nan 2.733358643851869374e+02 1.619109833333333199e+03
5.809400000000000000e+04 1.365062673903065689e-14 8.803158199363911533e-14 nan 2.881185682572393603e+02 1.692688333333333276e+03
5.809400000000000000e+04 1.374940077384104933e-14 8.555694949208799067e-14 nan 2.854749889878484623e+02 1.671904999999999973e+03
5.809400000000000000e+04 1.374692021191683152e-14 8.673677937214193624e-14 nan 2.867484575985774313e+02 1.698181666666666615e+03
5.811200000000000000e+04 2.433171821547137556e-14 nan nan 2.866614887109069514e+02 1.636675333333333356e+03
5.811200000000000000e+04 nan nan nan 2.880552806821350487e+02 1.664933666666666795e+03
5.811200000000000000e+04 2.501209437458615858e-14 nan nan 2.866848847417352886e+02 1.652342166666666571e+03
5.811500000000000000e+04 1.592028475376823782e-14 nan nan 2.962098539072539438e+02 1.738726666666666688e+03
5.811500000000000000e+04 1.595818817122011717e-14 nan nan 2.950866876120683173e+02 1.723430000000000064e+03
5.811500000000000000e+04 1.590450159317611739e-14 nan nan 2.949848600736048070e+02 1.738224999999999909e+03
5.811800000000000000e+04 1.357304358998780294e-14 8.477470579014553035e-14 nan 2.807679401637776664e+02 1.632603666666666641e+03
5.811800000000000000e+04 1.366021909069138955e-14 8.494169542531176311e-14 nan 2.795782675023732509e+02 1.633810166666666646e+03
5.811800000000000000e+04 1.349249326738943076e-14 8.346897202139927711e-14 nan 2.772596055037491851e+02 1.617409833333333381e+03
5.822300000000000000e+04 1.439893020321978689e-14 8.426703421930012041e-14 nan 2.654442898650447091e+02 1.448245499999999993e+03
5.822300000000000000e+04 1.457292139557894176e-14 8.418518518826868032e-14 nan 2.694920569815532758e+02 1.459337166666666690e+03
5.822300000000000000e+04 1.420459658643192172e-14 8.075243549264078917e-14 nan 2.643950275410633139e+02 1.420457833333333383e+03
5.823500000000000000e+04 nan nan nan nan nan
5.823500000000000000e+04 nan nan nan nan nan
5.823900000000000000e+04 nan nan nan nan nan
5.823900000000000000e+04 nan nan nan nan nan
5.823900000000000000e+04 nan nan nan nan nan
5.824400000000000000e+04 nan nan nan nan nan
5.824400000000000000e+04 nan nan nan nan nan
5.824400000000000000e+04 nan nan nan nan nan
5.825800000000000000e+04 nan nan nan 2.605050306346615230e+02 1.374111666666666679e+03
5.825800000000000000e+04 nan nan nan 2.389838544251908843e+02 1.181640333333333274e+03
5.825800000000000000e+04 nan nan nan 2.381191091219419036e+02 1.175502333333333354e+03
5.826200000000000000e+04 2.024207213555848590e-14 nan nan 2.790335612353248393e+02 1.538860333333333301e+03
5.826200000000000000e+04 2.043186834427704520e-14 nan nan 2.762425132422920342e+02 1.525440333333333228e+03
5.826200000000000000e+04 1.988482941063525019e-14 nan nan 2.780319152977814952e+02 1.523324666666666644e+03
5.826500000000000000e+04 nan nan nan 2.651154586638527348e+02 1.450494333333333316e+03
5.826500000000000000e+04 nan nan nan 2.693643681773965000e+02 1.473584833333333336e+03
5.826500000000000000e+04 nan nan nan 2.674441498646215223e+02 1.464632333333333463e+03
5.827000000000000000e+04 nan nan nan nan nan
5.827100000000000000e+04 nan nan nan nan nan
5.827100000000000000e+04 nan nan nan nan nan
5.827100000000000000e+04 nan nan nan nan nan
5.827400000000000000e+04 1.448299285307851486e-14 8.321907478278124932e-14 nan 2.616037721800877307e+02 1.434389666666666699e+03
5.827400000000000000e+04 1.411875555961250274e-14 8.294694523494866829e-14 nan 2.613082263622686696e+02 1.435276000000000067e+03
5.827400000000000000e+04 1.393383358777885129e-14 8.243053960451952871e-14 nan 2.563415071173114370e+02 1.388621499999999969e+03
5.827700000000000000e+04 1.344904148382016410e-14 8.686781268362484355e-14 nan 2.722315959808688035e+02 1.496846666666666806e+03
5.827700000000000000e+04 1.303496359097508104e-14 8.446884074769164234e-14 nan 2.669099578756992628e+02 1.448786166666666531e+03
5.827700000000000000e+04 1.345641343425488286e-14 8.662697519664808055e-14 nan 2.726090775341426138e+02 1.498555666666666639e+03
5.828400000000000000e+04 nan nan nan 2.659559439795704066e+02 1.415673999999999978e+03
5.828400000000000000e+04 nan nan nan 2.710219788313617073e+02 1.465838166666666666e+03
5.828400000000000000e+04 nan nan nan 2.691211591820073750e+02 1.444382499999999936e+03
5.828800000000000000e+04 nan nan nan 2.684820895849059070e+02 1.428574499999999944e+03
5.828800000000000000e+04 nan nan nan 2.684347840730870303e+02 1.436306666666666615e+03
5.828800000000000000e+04 nan nan nan 2.655941196360572576e+02 1.411298000000000002e+03
5.829100000000000000e+04 nan nan nan 2.600794798427818364e+02 1.366319500000000062e+03
5.829100000000000000e+04 nan nan nan 2.578284351565133079e+02 1.358469333333333452e+03
5.829100000000000000e+04 nan nan nan 2.603128032107111949e+02 1.393397166666666635e+03
5.829400000000000000e+04 nan nan nan 2.506665047392400254e+02 1.308366500000000087e+03
5.829400000000000000e+04 nan nan nan 2.455293188197340157e+02 1.270101499999999987e+03
5.829400000000000000e+04 nan nan nan nan nan
5.829700000000000000e+04 1.374635828558593738e-14 7.903692568394494331e-14 nan 2.568290342721585944e+02 1.386846000000000004e+03
5.829700000000000000e+04 1.429613974647957141e-14 8.268483259476720332e-14 nan 2.639058392673546223e+02 1.441405333333333374e+03
5.829700000000000000e+04 1.413664697645530048e-14 8.376390481761640482e-14 nan 2.626055731623025622e+02 1.428986166666666577e+03
5.830700000000000000e+04 nan nan nan 2.637927756543080591e+02 1.406437166666666599e+03
5.830700000000000000e+04 nan nan nan 2.637685630784983459e+02 1.397865166666666710e+03
5.830700000000000000e+04 nan nan nan 2.642186457048860007e+02 1.397556499999999915e+03
5.831000000000000000e+04 1.359097407176187991e-14 8.569161547144376683e-14 nan 2.678915475349531334e+02 1.436630000000000109e+03
5.831000000000000000e+04 1.343586789772780758e-14 8.486489310352879274e-14 nan 2.647445582625331326e+02 1.399694333333333361e+03
5.831000000000000000e+04 1.282444652791739005e-14 8.184559695440090226e-14 nan 2.587253544768310007e+02 1.352887666666666519e+03
5.831300000000000000e+04 1.393329076707620490e-14 8.680910738798075225e-14 nan 2.676518853023264910e+02 1.444384666666666590e+03
5.831300000000000000e+04 1.382001490724423612e-14 8.641368190676344499e-14 nan 2.673068684025213884e+02 1.434271166666666659e+03
5.831300000000000000e+04 1.372405373786204450e-14 8.432501013500159855e-14 nan 2.655007481840858645e+02 1.423185666666666748e+03
5.831800000000000000e+04 nan nan nan nan nan
5.831800000000000000e+04 1.964303064791946525e-14 3.882352851475552626e-13 nan 2.501439651578925236e+02 1.289270999999999958e+03
5.831800000000000000e+04 1.959375600354252252e-14 3.965934064120773944e-13 nan 2.531225129599057482e+02 1.306917166666666617e+03
5.832100000000000000e+04 1.318414268509365042e-14 8.423497347141881400e-14 nan 2.554745498618119370e+02 1.333117833333333465e+03
5.832100000000000000e+04 1.283268690655668806e-14 8.283793128401176517e-14 nan 2.546901815266171241e+02 1.314129500000000007e+03
5.832100000000000000e+04 1.328286565365484742e-14 8.411675108059128931e-14 nan 2.297427968973348698e+02 1.107399666666666690e+03
5.832400000000000000e+04 nan nan nan 2.595375258110730670e+02 1.426144499999999880e+03
5.832400000000000000e+04 nan nan nan 2.585039991399606265e+02 1.422036666666666633e+03
5.832400000000000000e+04 nan nan nan 2.526024994059485493e+02 1.402211999999999989e+03
5.832800000000000000e+04 1.387154924154506030e-14 8.280926185134401840e-14 nan 2.490447210112805294e+02 1.369704666666666753e+03
5.832800000000000000e+04 1.417382195500348684e-14 8.285347379207326787e-14 nan 2.482958591946165825e+02 1.396339666666666744e+03
5.832800000000000000e+04 1.394017013647593691e-14 8.096724177600559560e-14 nan 2.467247732557550819e+02 1.368868500000000040e+03
5.833100000000000000e+04 1.404011258403646360e-14 8.179502765938778540e-14 nan 2.638643792023796664e+02 1.398695500000000038e+03
5.833100000000000000e+04 1.434570477617111875e-14 8.313844896646801694e-14 nan 2.675384684625868772e+02 1.438164666666666790e+03
5.833100000000000000e+04 1.422847512260992393e-14 8.237949583516008036e-14 nan 2.653703108273600151e+02 1.421478333333333239e+03
5.833400000000000000e+04 nan nan nan nan nan
5.833400000000000000e+04 2.502662115925555609e-14 nan nan 2.563231005021763735e+02 1.340959833333333336e+03
5.833400000000000000e+04 2.483333088796367371e-14 nan nan 2.560300449827860803e+02 1.338579833333333227e+03
5.833800000000000000e+04 1.463557458013781997e-14 8.509820888091508395e-14 nan 2.678824963427422290e+02 1.433657166666666626e+03
5.833800000000000000e+04 1.466367715984111532e-14 8.526273557331323386e-14 nan 2.652108949302194105e+02 1.427216833333333170e+03
5.833800000000000000e+04 1.491068683804178759e-14 8.505236307217437209e-14 nan 2.676387974706997852e+02 1.447335333333333210e+03
5.834100000000000000e+04 nan nan nan 2.690858573984071427e+02 1.443153166666666721e+03
5.834100000000000000e+04 nan nan nan 2.689173737764301109e+02 1.446512166666666644e+03
5.834100000000000000e+04 nan nan nan 2.678940084499797081e+02 1.447042500000000018e+03
5.834400000000000000e+04 nan nan nan 2.633710049226764340e+02 1.403702999999999975e+03
5.834400000000000000e+04 nan nan nan 2.645500352482671360e+02 1.404642000000000053e+03
5.834400000000000000e+04 nan nan nan 2.611849624396298282e+02 1.386168833333333396e+03
5.834700000000000000e+04 1.339796390458944816e-14 8.367960203504767521e-14 nan 2.705365399229594345e+02 1.448393499999999904e+03
5.834800000000000000e+04 1.368829193275185712e-14 7.704316843238203633e-14 nan 2.267076605809251362e+02 1.080375999999999976e+03
5.834800000000000000e+04 1.376539256702428153e-14 7.857214698273122730e-14 nan 2.065790395342910699e+02 9.229476666666666915e+02
5.834800000000000000e+04 1.384574543369476558e-14 7.982309504053131896e-14 nan 2.130100935898076955e+02 9.751088333333333367e+02
5.835100000000000000e+04 nan nan nan 2.625993133181845565e+02 1.395763333333333321e+03
5.835100000000000000e+04 nan nan nan 2.586381584940645553e+02 1.376302333333333308e+03
5.835100000000000000e+04 nan nan nan 2.583028162997705977e+02 1.369472833333333256e+03
