5.769000000000000000e+04 3.153217573519512427e-15 3.244816810424797575e-15 3.231199418744218470e-15 1.663923383731168428e+02 5.374758333333332985e+02
5.769000000000000000e+04 3.087836965045208291e-15 3.194660387656383842e-15 3.180643058472856983e-15 1.430397512627763774e+02 5.269418333333333067e+02
5.769000000000000000e+04 3.072884843780307311e-15 3.137977554607905176e-15 3.105715986097322716e-15 1.638340280184955020e+02 5.196535000000000082e+02
5.770000000000000000e+04 2.323074475581361775e-15 2.914335124813643080e-15 2.926795216208638074e-15 3.013104988062844924e+01 4.743344999999999914e+02
5.770000000000000000e+04 2.367777866578178541e-15 3.076094626360436988e-15 3.084683696952105719e-15 1.564783070841883159e+02 5.022236666666666451e+02
5.770000000000000000e+04 nan nan nan nan nan
5.771400000000000000e+04 3.048964966322015349e-15 3.150995538574587251e-15 3.127624183219805366e-15 1.318446017634817906e+02 4.823383333333333098e+02
5.771400000000000000e+04 3.107143936094531805e-15 3.169519788035241253e-15 3.159567519636481295e-15 1.090076359443254859e+02 4.891915000000000191e+02
5.771400000000000000e+04 3.065016844343256367e-15 3.174759113514699656e-15 3.145147483368676173e-15 1.331857041612678643e+02 4.870409999999999968e+02
5.772400000000000000e+04 2.989673265060088450e-15 3.068778381013132126e-15 3.050490071415907882e-15 1.529953522939789536e+02 4.708021666666666647e+02
5.772400000000000000e+04 2.922977277917993448e-15 2.963808241522619339e-15 2.968608428392782897e-15 1.377394590231830307e+02 4.556456666666666706e+02
5.772400000000000000e+04 2.981358631888325777e-15 3.049176703081610363e-15 3.041688132316389735e-15 1.327204553056553493e+02 4.666718333333333817e+02
5.773500000000000000e+04 nan nan nan nan nan
5.773500000000000000e+04 nan nan nan nan nan
5.773500000000000000e+04 nan nan nan nan nan
5.774500000000000000e+04 nan nan nan nan nan
5.774500000000000000e+04 nan nan nan nan nan
5.774500000000000000e+04 nan nan nan nan nan
5.775600000000000000e+04 2.982340092757166530e-15 2.975851807774833320e-15 3.011580042778857510e-15 1.452434061807256853e+02 4.523886666666666656e+02
5.775600000000000000e+04 2.938519886386114096e-15 3.011868484884158977e-15 3.051272547534441977e-15 1.491825660148394093e+02 4.570231666666666683e+02
5.775600000000000000e+04 3.016766244463310904e-15 3.044473018101405660e-15 3.050710015299563838e-15 1.517378873051509629e+02 4.622900000000000205e+02
5.776700000000000000e+04 nan nan nan nan nan
5.776700000000000000e+04 nan nan nan nan nan
5.776700000000000000e+04 nan nan nan nan nan
5.777900000000000000e+04 3.087340106473608907e-15 3.219780485069339633e-15 3.205172732457323292e-15 9.867344866180677343e+01 2.381959999999999980e+02
5.777900000000000000e+04 3.039273961503859047e-15 3.186378262724898167e-15 3.145179197025357093e-15 8.959310826763109503e+01 2.287648333333333142e+02
5.777900000000000000e+04 2.979055713097790430e-15 3.144912362598721236e-15 3.072488962730792841e-15 6.151630231362110379e+01 2.228161666666666463e+02
5.779000000000000000e+04 nan nan nan nan nan
5.779000000000000000e+04 nan nan nan nan nan
5.779000000000000000e+04 nan nan nan nan nan
5.780000000000000000e+04 nan nan nan nan nan
5.780000000000000000e+04 nan nan nan nan nan
5.780000000000000000e+04 nan nan nan nan nan
5.781400000000000000e+04 3.113567506325760309e-15 3.155508353743389320e-15 nan 9.094708544432742769e+01 2.847351666666666574e+02
5.781400000000000000e+04 3.038298033926797777e-15 3.149083040888575418e-15 nan 8.395961303913506413e+01 2.816805000000000518e+02
5.781400000000000000e+04 3.032054153894914415e-15 3.099159325686325729e-15 nan 1.189754569604424574e+02 2.790600000000000023e+02
5.784600000000000000e+04 nan nan nan nan nan
5.784600000000000000e+04 nan nan nan nan nan
5.784600000000000000e+04 nan nan nan nan nan
5.785700000000000000e+04 nan nan nan nan nan
5.785700000000000000e+04 nan nan nan nan nan
5.785700000000000000e+04 nan nan nan nan nan
5.786700000000000000e+04 2.980231538176920785e-15 3.053095712825749298e-15 2.984498414910004155e-15 1.007305896033924313e+02 3.165559999999999832e+02
5.786700000000000000e+04 3.043261982508851524e-15 3.051445830960342183e-15 3.000960767490784543e-15 1.041755837352903598e+02 3.187565000000000168e+02
5.786700000000000000e+04 3.063448924566253024e-15 3.050388370433493021e-15 2.981960508311491698e-15 1.278058885935832762e+02 3.177040000000000077e+02
5.787600000000000000e+04 3.188013960056662681e-15 3.301528151928624659e-15 3.216173028449910215e-15 1.031056772383749234e+02 5.822853333333333694e+02
5.787600000000000000e+04 3.106763513322445651e-15 3.220857283935736448e-15 3.089994444344407219e-15 9.768624396871008742e+01 5.636888333333333776e+02
5.787600000000000000e+04 3.240221653498836471e-15 3.279506838845857539e-15 3.166142210757609990e-15 9.864794181300450759e+01 5.764618333333332885e+02
5.797200000000000000e+04 nan nan nan nan nan
5.797200000000000000e+04 nan nan nan nan nan
5.797200000000000000e+04 nan nan nan nan nan
5.798200000000000000e+04 2.661408857306530482e-15 3.002937846728481249e-15 3.011905513835120346e-15 1.178675758496456609e+02 3.227644999999999982e+02
5.798200000000000000e+04 2.711084675428047576e-15 3.038039231566410038e-15 3.059970435851989719e-15 1.088781355730547489e+02 3.303536666666666974e+02
5.798200000000000000e+04 2.767553045987922875e-15 3.127661884145464137e-15 3.118060552940417025e-15 1.141634264219954105e+02 3.466341666666666583e+02
5.799300000000000000e+04 2.940518008843448135e-15 3.535791378384796213e-15 3.335845350732890839e-15 1.300389929525690889e+02 4.490489999999999782e+02
5.799300000000000000e+04 2.973618174439063022e-15 3.637947967631597628e-15 3.449759546773649966e-15 1.504896622125569081e+02 4.576045000000000300e+02
5.799300000000000000e+04 2.923928347345968269e-15 3.563024333874753097e-15 3.357564522811446276e-15 1.354082266043314178e+02 4.556121666666666670e+02
5.800300000000000000e+04 nan nan nan nan nan
5.800300000000000000e+04 nan nan nan nan nan
5.800300000000000000e+04 nan nan nan nan nan
5.804700000000000000e+04 2.912017949937318995e-15 3.002828894882836531e-15 2.969054647839366727e-15 1.337586172390854813e+02 4.465881666666666661e+02
5.804700000000000000e+04 2.869714170990318904e-15 2.963692960142951953e-15 2.934544703074578767e-15 1.242924983056888806e+02 4.461040000000000418e+02
5.804700000000000000e+04 2.887049514324489664e-15 2.965230953981784582e-15 2.922056672487714875e-15 1.216002577988474940e+02 4.468843333333333590e+02
5.805700000000000000e+04 2.651372939648671519e-15 2.978063209291643862e-15 2.940554314014619288e-15 1.344057992155160832e+02 4.451299999999999955e+02
5.805700000000000000e+04 2.683626226179196060e-15 2.990768754166460488e-15 2.953878583369944809e-15 1.335258068317506854e+02 4.488518333333333317e+02
5.805700000000000000e+04 2.623276639534003015e-15 2.928237729322770845e-15 2.910649683843326517e-15 1.270706286580710014e+02 4.424173333333333744e+02
5.806700000000000000e+04 nan nan nan nan nan
5.806700000000000000e+04 nan nan nan nan nan
5.806700000000000000e+04 nan nan nan nan nan
5.807800000000000000e+04 2.844424797680184611e-15 2.866524130612938939e-15 2.877752937076364078e-15 1.380257791581436493e+02 4.174724999999999682e+02
5.807800000000000000e+04 2.807014357040663881e-15 2.846024696778966923e-15 2.835154564643448179e-15 1.375117662919709574e+02 4.121448333333333380e+02
5.807800000000000000e+04 2.817725233196444869e-15 2.853557560162877899e-15 2.864642615341243344e-15 1.489505218129578168e+02 4.123028333333332967e+02
5.808800000000000000e+04 nan nan nan nan nan
5.808800000000000000e+04 nan nan nan nan nan
5.808800000000000000e+04 nan nan nan nan nan
