5.769000000000000000e+04 4.986192721111476790e-15 5.194720686955400018e-15 nan 2.593130891835881471e+02 6.628157999999999674e+02
5.770200000000000000e+04 4.945140291925947569e-15 5.089669522047450434e-15 nan 2.606992852361514679e+02 6.666979999999999791e+02
5.771400000000000000e+04 4.864682150783828371e-15 4.946701778377298298e-15 nan 1.573903994704930369e+02 3.786945999999999799e+02
5.772700000000000000e+04 4.942274072303559629e-15 5.237393179892815804e-15 nan 2.462697539797883621e+02 6.245367333333332454e+02
5.778500000000000000e+04 5.204873666712982109e-15 5.517839012150538094e-15 nan 2.254409919253452017e+02 5.644067333333333636e+02
5.779900000000000000e+04 5.330415317015867387e-15 5.520321355722622906e-15 nan 2.149525075228144431e+02 5.347426000000000386e+02
5.783500000000000000e+04 4.951459147782157356e-15 5.172329997173480784e-15 nan 2.071565190141345454e+02 5.129098000000000184e+02
5.784700000000000000e+04 5.135551467184086973e-15 5.277709009455793759e-15 nan 2.130400493928531773e+02 5.293749333333332743e+02
5.787000000000000000e+04 5.405447237788778716e-15 5.224330327210005041e-15 nan 2.326219431372775261e+02 5.854936666666667406e+02
5.787200000000000000e+04 4.889250894967110965e-15 5.131723706108338346e-15 nan 3.249575392344932538e+02 8.640419999999999163e+02
5.788700000000000000e+04 4.925711064237912964e-15 5.291257958239839403e-15 nan 2.679799099097037356e+02 6.886453333333333831e+02
5.790100000000000000e+04 4.778748444885400679e-15 4.827276026317238900e-15 nan 2.281736837373694300e+02 5.722038666666667268e+02
5.791300000000000000e+04 5.044881394765456458e-15 5.143980996034351497e-15 nan 2.908304411029530456e+02 7.575213333333333594e+02
5.792500000000000000e+04 4.897958984302662542e-15 5.079881332983786482e-15 nan 2.512816423458866382e+02 6.389546666666666397e+02
5.793700000000000000e+04 5.059056584552331331e-15 2.181043065569320826e-13 nan 2.954461635336551808e+02 7.714346666666666579e+02
5.794900000000000000e+04 4.726362915017275281e-15 5.018604709308470213e-15 nan 2.033039773733109712e+02 5.021542666666666719e+02
5.796200000000000000e+04 4.917654239336548822e-15 5.316630964126633551e-15 nan 1.826460500296426801e+02 4.455195333333332997e+02
5.797400000000000000e+04 4.888405755621401576e-15 4.898172621237651758e-15 nan 2.769978702504595844e+02 7.153773333333333539e+02
5.798700000000000000e+04 4.763845596685883611e-15 5.018804796687260027e-15 nan 2.541527636460923532e+02 6.474077333333333399e+02
5.800000000000000000e+04 4.792865254371041383e-15 4.957251372658995693e-15 nan 2.730540421506586313e+02 7.035686666666666724e+02
5.801800000000000000e+04 4.464849348056166349e-15 4.720226480273967871e-15 nan 2.557177640446403473e+02 6.521157999999999220e+02
5.804700000000000000e+04 4.372099248214598254e-15 4.447293247593213717e-15 nan 2.173726666614439296e+02 5.417444666666666535e+02
5.807200000000000000e+04 4.409143396126832458e-15 4.643622083728646451e-15 nan 2.314505467253718791e+02 5.818417333333333090e+02
5.808400000000000000e+04 4.600868289972400584e-15 4.761503564289691411e-15 nan 2.416385907630327665e+02 6.110717333333333272e+02
5.815100000000000000e+04 4.104349003525560500e-15 nan nan 3.538521799963148595e+01 7.890853333333332387e+01
5.816600000000000000e+04 4.560823308451576504e-15 4.832381637371017243e-15 nan 2.209934375860884472e+02 5.518282666666667637e+02
5.818300000000000000e+04 4.750400450202337259e-15 4.966044192159763665e-15 nan 2.163040036493264040e+02 5.385434000000000196e+02
5.822200000000000000e+04 4.871986689742723581e-15 5.272747111013401550e-15 nan 2.277075990381947861e+02 5.708563333333332821e+02
5.823600000000000000e+04 5.091434845263165475e-15 5.556258783751122260e-15 nan 1.952790264210864848e+02 4.799599999999999795e+02
5.823700000000000000e+04 5.369824460831663060e-15 6.350988474746399916e-15 nan 5.687289753174943741e+01 1.285249333333333368e+02
5.825000000000000000e+04 5.168603037411130340e-15 5.627478690163109540e-15 nan 2.354697448149748311e+02 5.930266666666666424e+02
5.826300000000000000e+04 5.277939100697013923e-15 5.577674210957549938e-15 nan 2.488088396770529300e+02 6.316278666666665913e+02
5.827600000000000000e+04 5.367708192385884700e-15 5.421294249841686864e-15 nan 1.768146271684389035e+02 4.298194000000000301e+02
5.828900000000000000e+04 5.262282829110023172e-15 5.704529488567937134e-15 nan 2.386580094668878758e+02 6.021792000000000371e+02
5.830700000000000000e+04 5.191429514361530022e-15 5.277783053664900827e-15 nan 2.266198258723035792e+02 5.677012666666666973e+02
5.832000000000000000e+04 4.862061641364190244e-15 5.194432120819472547e-15 nan 2.178788008003164975e+02 5.428889333333332843e+02
5.833200000000000000e+04 4.591600615632262344e-15 4.783801594458767128e-15 nan 1.979710076943565582e+02 4.874293333333333180e+02
5.834400000000000000e+04 4.669177715135143205e-15 4.590762546513176432e-15 nan 1.942691050103887846e+02 4.772168000000000347e+02
