5.769000000000000000e+04 5.976699247729686325e-15 nan nan 2.379381535152262757e+02 1.588435166666666646e+03
5.769000000000000000e+04 6.026649157883820250e-15 nan nan 2.368297114805307331e+02 1.599949666666666644e+03
5.769000000000000000e+04 5.960653320811559321e-15 nan nan 2.359620692361982890e+02 1.587210000000000036e+03
5.770200000000000000e+04 6.292338177063358329e-15 nan nan 1.662555812603672791e+02 1.715551666666666733e+03
5.770200000000000000e+04 6.161579833995200509e-15 nan nan 1.576115965094496119e+02 1.602420499999999947e+03
5.770200000000000000e+04 6.395171222581048673e-15 nan nan 1.619382629402934697e+02 1.659916333333333341e+03
5.771400000000000000e+04 5.976699772371642776e-15 nan nan 1.002804411359464893e+02 5.151431666666666160e+02
5.771400000000000000e+04 6.345795510362578528e-15 nan nan 1.356017317772208060e+02 7.320974999999999682e+02
5.771400000000000000e+04 6.370887078989817269e-15 nan nan 1.309361789524995174e+02 6.960138333333333094e+02
5.772700000000000000e+04 6.906801589886227172e-15 nan nan 2.389859146940068797e+02 1.772961666666666588e+03
5.772700000000000000e+04 6.866826736197057173e-15 nan nan 2.347637743942744066e+02 1.744825000000000045e+03
5.772700000000000000e+04 6.907158979626959700e-15 nan nan 2.389767980551640676e+02 1.759753333333333330e+03
5.778500000000000000e+04 6.596968376447991154e-15 nan nan 2.233200484079325179e+02 1.363735333333333301e+03
5.778500000000000000e+04 6.457834072808129775e-15 nan nan 2.241964403018382086e+02 1.365968666666666650e+03
5.778500000000000000e+04 6.542332441999490540e-15 nan nan 2.219497145246665184e+02 1.379131833333333361e+03
5.779900000000000000e+04 6.243919954689618642e-15 nan nan 1.545278798985971491e+02 1.334358833333333223e+03
5.779900000000000000e+04 6.334532488574075097e-15 nan nan 1.565579989486404600e+02 1.335468166666666548e+03
5.779900000000000000e+04 6.310487964047949103e-15 nan nan 1.635682143670486823e+02 1.346820833333333439e+03
5.784700000000000000e+04 6.416174502766511792e-15 nan nan 1.900254622533124120e+02 1.307672833333333301e+03
5.784700000000000000e+04 6.275251217636203675e-15 nan nan 2.210394482229275752e+02 1.279336166666666713e+03
5.784700000000000000e+04 6.276562096390220609e-15 nan nan 1.839578718405061295e+02 1.285671666666666624e+03
5.787000000000000000e+04 6.119909233815163877e-15 nan nan 2.400066722527673164e+02 1.515834333333333234e+03
5.787200000000000000e+04 6.240039631634601435e-15 nan nan 2.947418029258014371e+02 2.111476666666666915e+03
5.787200000000000000e+04 6.244657026737645739e-15 nan nan 2.940714298925488492e+02 2.149074999999999818e+03
5.787200000000000000e+04 6.206585398831568201e-15 nan nan 2.922221905657817729e+02 2.098348333333333358e+03
5.788700000000000000e+04 6.486054117377819843e-15 nan nan 1.734762628404583609e+02 1.824994999999999891e+03
5.788700000000000000e+04 6.477361042242122369e-15 nan nan 1.926030594771128506e+02 1.853786666666666633e+03
5.788700000000000000e+04 6.589830410567783386e-15 nan nan 1.731437035970195666e+02 1.846166666666666742e+03
5.790100000000000000e+04 6.002070771069418482e-15 nan nan 2.379577544773405577e+02 1.512727999999999838e+03
5.790100000000000000e+04 6.019876302801653101e-15 nan nan 2.493743786411007761e+02 1.620722666666666782e+03
5.790100000000000000e+04 5.994761599904652866e-15 nan nan 2.374488353594668979e+02 1.512369333333333316e+03
5.791300000000000000e+04 5.934921663935669167e-15 nan nan 1.192055670123516506e+02 1.959326666666666824e+03
5.791300000000000000e+04 5.955721503553196950e-15 nan nan 1.134776320000131733e+02 1.980660000000000082e+03
5.791300000000000000e+04 5.821482566148806712e-15 nan nan 1.098100896984224590e+02 1.952380000000000109e+03
5.792500000000000000e+04 6.152935978675056916e-15 nan nan 2.456327624860171852e+02 1.532253500000000031e+03
5.792500000000000000e+04 6.143295099427964169e-15 nan nan 2.695810760376577377e+02 1.791431666666666615e+03
5.792500000000000000e+04 6.175164844888981888e-15 nan nan 2.549564710916193917e+02 1.657348833333333232e+03
5.793700000000000000e+04 5.892960378446534226e-15 nan nan 2.510317201479916775e+02 1.927406666666666524e+03
5.793700000000000000e+04 5.993243931187882942e-15 nan nan 2.595267753177139980e+02 1.976108333333333348e+03
5.793700000000000000e+04 5.912071452124100656e-15 nan nan 2.624972999482557157e+02 1.940113333333333458e+03
5.794900000000000000e+04 5.812482671192695021e-15 nan nan 1.415449096996451317e+02 9.946699999999999591e+02
5.794900000000000000e+04 5.908607975452173444e-15 nan nan 1.927491511768509440e+02 1.323773500000000013e+03
5.794900000000000000e+04 5.958797781224222312e-15 nan nan 2.162833826580955190e+02 1.391153833333333296e+03
5.796200000000000000e+04 6.991075883140351084e-15 nan nan 1.012479458299797557e+02 4.833243333333332998e+02
5.796200000000000000e+04 6.212822041614825366e-15 nan nan 1.916389764784652243e+02 1.123432499999999891e+03
5.796200000000000000e+04 6.414218718081798487e-15 nan nan 1.768926984633155541e+02 9.890756666666667343e+02
5.797400000000000000e+04 5.797922277899435908e-15 nan nan 1.839739224286444426e+02 1.876720000000000027e+03
5.797400000000000000e+04 5.702149603033183441e-15 nan nan 1.931678754190144787e+02 1.871533333333333303e+03
5.797400000000000000e+04 5.716424926594135450e-15 nan nan 1.801373554290310608e+02 1.857105000000000018e+03
5.798700000000000000e+04 5.750099324315558461e-15 nan nan 2.769215588648785342e+02 1.851505000000000109e+03
5.798700000000000000e+04 5.706021625111953641e-15 nan nan 2.744557530460553494e+02 1.837643333333333430e+03
5.798700000000000000e+04 5.767049105392436082e-15 nan nan 2.773268255184241866e+02 1.845080000000000155e+03
5.800000000000000000e+04 5.987882803853259795e-15 nan nan 1.271756018987533281e+02 1.670654999999999973e+03
5.800000000000000000e+04 6.076548776191654001e-15 nan nan 1.343477695996292596e+02 1.689853333333333239e+03
5.800000000000000000e+04 6.037931205390697227e-15 nan nan 1.205465209386034076e+02 1.675646666666666761e+03
5.801800000000000000e+04 5.618416677750121464e-15 nan nan 2.244161037660882414e+02 1.489244666666666490e+03
5.801800000000000000e+04 5.699693775907314130e-15 nan nan 2.278979564245376821e+02 1.527463333333333367e+03
5.801800000000000000e+04 5.693976032661171192e-15 nan nan 2.172962130260219169e+02 1.483939666666666653e+03
5.804700000000000000e+04 5.659583358547941110e-15 nan nan 1.970610303290808645e+02 1.358291000000000167e+03
5.804700000000000000e+04 5.592421969529772542e-15 nan nan 1.680259728204623570e+02 1.355640666666666675e+03
5.804700000000000000e+04 5.655389967833615771e-15 nan nan 1.980983589802749520e+02 1.355273000000000138e+03
5.805900000000000000e+04 nan nan nan nan nan
5.805900000000000000e+04 nan nan nan nan nan
5.805900000000000000e+04 nan nan nan nan nan
5.807200000000000000e+04 5.830641089932178688e-15 nan nan 2.340827078364203260e+02 1.575414999999999964e+03
5.807200000000000000e+04 5.872071390032311475e-15 nan nan 2.321893367970438646e+02 1.580322000000000116e+03
5.807200000000000000e+04 5.921702287058716677e-15 nan nan 2.360341722773147808e+02 1.584866333333333159e+03
5.808400000000000000e+04 5.584184176001648236e-15 nan nan 1.787987845012796697e+02 1.459596000000000004e+03
5.808400000000000000e+04 5.721191195945676165e-15 nan nan 1.863854276921944972e+02 1.475921166666666750e+03
5.808400000000000000e+04 5.676073460161987973e-15 nan nan 1.853612712288701232e+02 1.476345833333333303e+03
5.812700000000000000e+04 5.472548989085685298e-15 nan nan 5.679206737188288656e+01 3.233143333333333658e+02
5.812700000000000000e+04 4.941307984868799207e-15 nan nan 3.568729069685381461e+01 1.971723333333333414e+02
5.812700000000000000e+04 5.384461381177443218e-15 nan nan 4.214621891747915328e+01 2.609558333333333167e+02
5.815100000000000000e+04 nan nan nan nan nan
5.815100000000000000e+04 nan nan nan nan nan
5.815100000000000000e+04 nan nan nan nan nan
5.816600000000000000e+04 5.981874037897538540e-15 nan nan 2.278690566071294654e+02 1.404434833333333245e+03
5.816600000000000000e+04 6.085280665623169378e-15 nan nan 2.300079172481666774e+02 1.418016333333333250e+03
5.816600000000000000e+04 6.025940110622402810e-15 nan nan 2.280092900377176761e+02 1.407976166666666813e+03
5.818300000000000000e+04 6.225309844686249713e-15 nan nan 1.792073714889920950e+02 1.470646666666666761e+03
5.818300000000000000e+04 6.416229885841867383e-15 nan nan 1.701505288249032617e+02 1.517047000000000025e+03
5.818300000000000000e+04 6.307140688582152728e-15 nan nan 1.729788920527600169e+02 1.480152833333333319e+03
5.822200000000000000e+04 6.388375584601916225e-15 nan nan 2.350127916006446753e+02 1.499177333333333308e+03
5.822200000000000000e+04 6.309793721911027025e-15 nan nan 2.350168576888880523e+02 1.454448499999999967e+03
5.822200000000000000e+04 6.344876296898267299e-15 nan nan 2.308120851388306107e+02 1.486791833333333216e+03
5.823600000000000000e+04 6.644736828653473355e-15 nan nan 1.038456649704722707e+02 5.815243333333332885e+02
5.823600000000000000e+04 6.469754698037462971e-15 nan nan 1.427312976338955366e+02 1.137428666666666686e+03
5.823600000000000000e+04 6.489029421597345277e-15 nan nan 1.646535412980867079e+02 1.244078833333333250e+03
5.823700000000000000e+04 nan nan nan nan nan
5.823700000000000000e+04 nan nan nan nan nan
5.823700000000000000e+04 6.831286963478116497e-15 nan nan 1.400973195094075585e+01 3.927673333333333403e+02
5.825000000000000000e+04 6.457645812714897434e-15 nan nan 2.209351779813685539e+02 1.358914833333333263e+03
5.825000000000000000e+04 6.463533303562591035e-15 nan nan 2.227033071697181299e+02 1.364547666666666601e+03
5.825000000000000000e+04 6.378432155632060007e-15 nan nan 2.140493962941172583e+02 1.362560000000000173e+03
