5.750800000000000000e+04 9.417864179145368996e-15 9.408119761068880067e-15 nan 3.533723151141316521e+02 3.211924444444444362e+03
5.750800000000000000e+04 9.368330414268702714e-15 9.387620420300468449e-15 nan 3.430559811746051082e+02 3.193371111111111531e+03
5.750800000000000000e+04 9.491342579659441303e-15 9.473662640677243119e-15 nan 3.474029175915712244e+02 3.280497777777777628e+03
5.752000000000000000e+04 nan nan nan nan nan
5.752000000000000000e+04 nan nan nan nan nan
5.752000000000000000e+04 nan nan nan nan nan
5.753000000000000000e+04 9.422137084327695102e-15 8.325248207060374195e-15 nan 2.058384013988496406e+02 3.209386666666666315e+03
5.753000000000000000e+04 9.430638289054240236e-15 8.377749659383318408e-15 nan 2.178081293166803505e+02 3.355773333333333085e+03
5.753000000000000000e+04 9.241436339573898766e-15 8.209705625942156142e-15 nan 2.085948761396478801e+02 3.208133333333333212e+03
5.754700000000000000e+04 9.496224115259299726e-15 9.725701047329528398e-15 nan 3.181027082439912306e+02 2.865588888888888960e+03
5.754700000000000000e+04 9.609162108281296663e-15 9.762258577833328496e-15 nan 3.217538732754442208e+02 2.860579999999999927e+03
5.754700000000000000e+04 9.469813014927252228e-15 9.710232381196770999e-15 nan 3.272425350991767345e+02 2.874708888888888850e+03
5.755800000000000000e+04 9.292595811551609268e-15 8.876634501416006130e-15 nan 2.662370931547089867e+02 3.132780000000000200e+03
5.755800000000000000e+04 9.315002462137652570e-15 8.867706959546910283e-15 nan 2.681094272513217902e+02 3.147813333333333503e+03
5.755800000000000000e+04 9.319622037150928056e-15 8.889709845976177381e-15 nan 2.647127310330640171e+02 3.163579999999999927e+03
5.756800000000000000e+04 9.258773920664204765e-15 8.554877452808118766e-15 nan 3.120261575732349684e+02 2.766206666666666933e+03
5.756800000000000000e+04 9.263444888605261984e-15 8.522352803652617307e-15 nan 3.119525195490301712e+02 2.753780000000000200e+03
5.756800000000000000e+04 9.299520295830818089e-15 8.600248205407834382e-15 nan 3.159331683175557259e+02 2.806117777777777974e+03
5.758300000000000000e+04 9.289723148276368935e-15 9.812744230813829345e-15 nan 2.158155048886008558e+02 2.438251111111111186e+03
5.758300000000000000e+04 9.227461275589939401e-15 9.834635184272135475e-15 nan 1.996488361290560647e+02 2.360422222222222445e+03
5.758300000000000000e+04 9.498034756320308776e-15 9.908729028858570890e-15 nan 1.497329269038426673e+02 2.016838222222222157e+03
5.759900000000000000e+04 9.281630474205793798e-15 8.652799994496542372e-15 nan 3.305154169594957239e+02 3.051262222222222135e+03
5.759900000000000000e+04 9.171421485039789326e-15 8.551496785620918735e-15 nan 3.453352070413236561e+02 3.044384444444444398e+03
5.759900000000000000e+04 9.292659307161370750e-15 8.651813776244322939e-15 nan 3.388409780246842615e+02 3.064371111111111531e+03
5.761000000000000000e+04 9.516561655893845535e-15 9.864975295018580508e-15 nan 2.442322644730845980e+02 2.403297777777777810e+03
5.761000000000000000e+04 9.487598047233651904e-15 9.771064182807192983e-15 nan 2.253575837638545636e+02 2.328493333333333339e+03
5.761100000000000000e+04 9.371473638892048156e-15 1.012319788369872629e-14 nan 3.083765415570069308e+02 3.080566666666666606e+03
5.761200000000000000e+04 9.430455070096935925e-15 1.016789051716207955e-14 nan 3.113825873336117525e+02 3.106115555555555602e+03
5.761200000000000000e+04 9.377543985488407254e-15 1.009081615732529221e-14 nan 3.076748312637731715e+02 3.051355555555555384e+03
5.762000000000000000e+04 9.574486691774196007e-15 9.407985954240251215e-15 nan 1.668207654653647580e+02 2.313204444444444562e+03
5.762000000000000000e+04 9.428723560558529349e-15 9.377083470983007346e-15 nan 1.815464118562410647e+02 2.348484444444444307e+03
5.762000000000000000e+04 9.616167606415101939e-15 9.616778165782787840e-15 nan 1.822334506735733441e+02 2.306588888888888960e+03
5.763300000000000000e+04 9.703713075797814770e-15 9.516956918859463813e-15 nan 2.925179039528953808e+02 2.711871111111111077e+03
5.763300000000000000e+04 9.733407531653140246e-15 9.486128067446964226e-15 nan 3.051746229189797077e+02 2.780513333333333321e+03
5.763300000000000000e+04 9.801878758827258140e-15 9.541842404135785538e-15 nan 2.931888824169374175e+02 2.706646666666666988e+03
5.772400000000000000e+04 9.091792833816084308e-15 9.821654700501898257e-15 nan 2.882357595525267584e+02 2.493771111111111168e+03
5.772400000000000000e+04 9.136901577233331031e-15 9.902491383723310128e-15 nan 2.833782941621294640e+02 2.444406666666666752e+03
5.772400000000000000e+04 9.295794520952158568e-15 9.975015959469273377e-15 nan 2.828878368366275708e+02 2.425288888888888778e+03
5.773600000000000000e+04 9.280677860770786876e-15 8.750235683077590108e-15 nan 1.397890871366668080e+02 2.308751111111111186e+03
5.773600000000000000e+04 9.205391062469968544e-15 8.681938854058134230e-15 nan 1.339028680917127758e+02 2.299842222222222063e+03
5.773600000000000000e+04 9.173745042701971395e-15 8.760837846372583440e-15 nan 1.334693287777845114e+02 2.269659999999999854e+03
5.774600000000000000e+04 9.540277202797670150e-15 9.332991095129482074e-15 nan 2.766083521119532520e+02 2.371957777777778119e+03
5.774600000000000000e+04 9.517080659492802178e-15 9.269141626424522147e-15 nan 2.858274640879438380e+02 2.384893333333333430e+03
5.774600000000000000e+04 9.563641607788060685e-15 9.326758019481323639e-15 nan 2.761573087791189209e+02 2.371944444444444343e+03
5.775700000000000000e+04 9.366009129981548024e-15 1.007511955708081982e-14 nan 2.600126744519779436e+02 2.068904444444444380e+03
5.775700000000000000e+04 9.379014276574315655e-15 1.001016646328121148e-14 nan 2.656897226222570225e+02 2.044004222222222324e+03
5.775700000000000000e+04 9.334502810291214322e-15 9.945733703151547555e-15 nan 2.701158418189099848e+02 2.103087777777777774e+03
5.776900000000000000e+04 9.254933437764338281e-15 8.769122608045376538e-15 nan 2.064399986897367683e+02 2.161032000000000153e+03
5.776900000000000000e+04 9.168627070456781807e-15 8.720395399181089314e-15 nan 1.982308013386261791e+02 2.162047333333333427e+03
5.776900000000000000e+04 9.227512454071748442e-15 8.713358215666223382e-15 nan 2.031594042396176860e+02 2.182150444444444474e+03
5.777900000000000000e+04 9.370202586101157742e-15 8.789665390301090796e-15 nan 2.736476391663582035e+02 2.178747111111110826e+03
5.777900000000000000e+04 9.371013727192766797e-15 8.794329986529743551e-15 nan 2.797484369100525328e+02 2.189298000000000229e+03
5.777900000000000000e+04 9.465630460738216686e-15 8.902500255050105837e-15 nan 2.797734843290872391e+02 2.164193111111111193e+03
5.779100000000000000e+04 9.257138562816349242e-15 9.589990378710425598e-15 nan 2.415152211291821516e+02 2.166038444444444394e+03
5.779100000000000000e+04 9.274311753488577514e-15 9.590198116004842994e-15 nan 2.440936865509291067e+02 2.129078888888888741e+03
5.779100000000000000e+04 9.300337284400212162e-15 9.526604690892085495e-15 nan 2.374217494418399781e+02 2.142512444444444554e+03
5.780100000000000000e+04 9.350688934249475258e-15 8.768594802395271107e-15 nan 2.041347477729050865e+02 2.047912888888889029e+03
5.780100000000000000e+04 9.177595213661096313e-15 8.616006891924710093e-15 nan 2.040104998194845791e+02 2.046806888888888807e+03
5.780100000000000000e+04 9.243866587271981618e-15 8.680169896569966535e-15 nan 1.972685519801907219e+02 2.062428666666666686e+03
5.781400000000000000e+04 9.115997793919648900e-15 8.954266558122589223e-15 nan 2.580761255086138135e+02 1.998362888888888847e+03
5.781400000000000000e+04 9.090983740221890971e-15 8.907277118116893941e-15 nan 2.599329127619257065e+02 1.979447333333333518e+03
5.781400000000000000e+04 9.125721587530710768e-15 8.992677310677843437e-15 nan 2.608059622155901138e+02 1.980054444444444471e+03
5.782400000000000000e+04 9.166569223859970083e-15 8.976913461044728266e-15 nan 1.573773062562804910e+02 2.120597333333333609e+03
5.782400000000000000e+04 9.146433141838094060e-15 8.978960515041981770e-15 nan 1.597631982271865354e+02 2.097336888888889007e+03
5.782400000000000000e+04 9.231658880969309697e-15 9.027654240698613542e-15 nan 1.637595298205733343e+02 2.126859111111111361e+03
5.785700000000000000e+04 9.259843682568445452e-15 9.553639742603298195e-15 nan 1.151134814691186818e+02 1.774028222222222212e+03
5.785700000000000000e+04 9.330202403510116660e-15 9.608871397764411607e-15 nan 1.305883421469102643e+02 1.740827777777777783e+03
5.785700000000000000e+04 9.304758799137854286e-15 9.580357855036230536e-15 nan 1.471441599130321549e+02 1.937526222222222032e+03
5.785700000000000000e+04 8.842692922879379765e-15 8.949647803861232139e-15 nan 5.389191139317972556e+01 9.590360000000000582e+02
5.785700000000000000e+04 8.894822048575735370e-15 9.079645597429510876e-15 nan 3.794543729370900564e+01 6.845562222222222317e+02
5.786700000000000000e+04 9.431578241113933558e-15 9.121941054415911492e-15 nan 2.589990930605706581e+02 2.006382666666666637e+03
5.786700000000000000e+04 9.410213705382182250e-15 9.030157499990876475e-15 nan 2.629523485299582148e+02 2.081251999999999953e+03
5.786700000000000000e+04 9.404679354611956686e-15 8.977920467128986950e-15 nan 2.643133642757059079e+02 2.070876666666666551e+03
5.787700000000000000e+04 9.558945555436769073e-15 8.519241672424627553e-15 nan 3.251922186258082661e+02 3.182242222222222154e+03
5.787700000000000000e+04 9.611998790142000697e-15 8.605913847507754450e-15 nan 3.184850653531509579e+02 3.119028888888888559e+03
5.787700000000000000e+04 9.626810815792104488e-15 8.604326026683295713e-15 nan 3.235970881119972660e+02 3.176768888888888796e+03
5.788800000000000000e+04 9.536523863349578240e-15 8.794596966488445947e-15 nan 2.684869907541208249e+02 2.854406666666666752e+03
5.788800000000000000e+04 9.500037537039534489e-15 8.723306797818377485e-15 nan 2.564956999211622133e+02 2.741608888888888941e+03
5.788800000000000000e+04 9.501639793291729154e-15 8.785105556541646899e-15 nan 2.592677770098320593e+02 2.828259999999999764e+03
5.790100000000000000e+04 9.399943259449591690e-15 8.640215324561191252e-15 nan 3.229781023845549157e+02 2.873588888888888960e+03
5.790100000000000000e+04 9.444344201375485465e-15 8.697588393822956110e-15 nan 3.253673578479817934e+02 2.856973333333333358e+03
5.790100000000000000e+04 9.424178033611393777e-15 8.669095226902235983e-15 nan 3.244475551897819514e+02 2.884628888888888923e+03
5.791100000000000000e+04 9.453953719244988959e-15 8.958772736049389840e-15 nan 2.171038089612873705e+02 3.002686666666666497e+03
5.791100000000000000e+04 9.568755349787771720e-15 9.040332822824366786e-15 nan 2.035307233709872605e+02 3.035388888888888687e+03
5.791100000000000000e+04 9.550262058848642841e-15 9.029222533405099122e-15 nan 2.226314276772789071e+02 3.014086666666666588e+03
5.792200000000000000e+04 9.834474101327340406e-15 9.506692210851388645e-15 nan 3.306521232909985883e+02 3.023891111111111059e+03
5.792200000000000000e+04 9.672606497383012960e-15 9.395926215570065902e-15 nan 3.285709267272516172e+02 3.027704444444444562e+03
5.792200000000000000e+04 9.721144401000823911e-15 9.395188613129119117e-15 nan 3.327456121941328320e+02 3.063695555555555075e+03
5.793300000000000000e+04 1.028473236462955146e-14 9.218329432461091559e-15 nan 2.982368799068331100e+02 2.468573333333333267e+03
5.793300000000000000e+04 1.010321621226115856e-14 9.063256915207747544e-15 nan 3.098858471768315326e+02 2.591148888888888905e+03
5.793300000000000000e+04 1.012979065217487054e-14 9.001463254115518447e-15 nan 2.998009996428775707e+02 2.493922222222222445e+03
5.808900000000000000e+04 nan nan nan nan nan
5.808900000000000000e+04 1.051044533018824852e-14 1.033460430343216612e-14 nan 7.544215595279396780e+01 1.454408444444444285e+03
5.808900000000000000e+04 1.047794537144743102e-14 1.017483752321609986e-14 nan 1.372370306980625116e+02 2.318311111111111131e+03
5.811000000000000000e+04 1.033604870378529051e-14 9.857279238423747884e-15 nan 3.155204921130634261e+02 2.772115555555555602e+03
5.811000000000000000e+04 1.027597237471201053e-14 9.790839654444518486e-15 nan 3.151960013530477909e+02 2.773880000000000109e+03
5.811000000000000000e+04 1.041847020498474010e-14 9.909607649269480231e-15 nan 3.165820077351699524e+02 2.770771111111111168e+03
5.812100000000000000e+04 1.002588686480902059e-14 9.125463531551344605e-15 nan 2.422648589228484752e+02 2.490740000000000236e+03
5.812100000000000000e+04 1.003598936331194901e-14 9.108857471845996768e-15 nan 2.248472426123519199e+02 2.423435555555555766e+03
5.812100000000000000e+04 1.009504806765116604e-14 9.149689925182292143e-15 nan 2.408840297715570102e+02 2.509877777777777737e+03
5.813300000000000000e+04 1.010909903466471469e-14 9.999698605150681720e-15 nan 3.187988085145458967e+02 2.790691111111111240e+03
5.813300000000000000e+04 1.020039739655065789e-14 1.008319643613448699e-14 nan 3.225421105197913221e+02 2.791728888888888832e+03
5.813300000000000000e+04 1.003933424985251989e-14 9.910712540138972055e-15 nan 3.186080968143534733e+02 2.781442222222221972e+03
5.814300000000000000e+04 1.017257559473805729e-14 9.608830504828127218e-15 nan 3.122518842003348709e+02 2.850222222222222172e+03
5.814300000000000000e+04 1.016877125724255203e-14 9.616850441931461224e-15 nan 3.178027601645263758e+02 2.836211111111111222e+03
5.814300000000000000e+04 1.008555251517525443e-14 9.583777648612652543e-15 nan 3.101080123720880124e+02 2.825340000000000146e+03
5.815300000000000000e+04 9.974047874207772255e-15 9.194642959353987716e-15 nan 1.768946616293254124e+02 2.522648888888888905e+03
5.815300000000000000e+04 nan nan nan nan nan
5.815600000000000000e+04 1.013995088227396025e-14 9.570884416816538230e-15 nan 2.616050770636529705e+02 2.459106666666666570e+03
5.815600000000000000e+04 1.007748789351516338e-14 9.477917991359993400e-15 nan 2.556557312245527669e+02 2.454624444444444634e+03
5.815600000000000000e+04 1.013008395725095622e-14 9.554967448494651048e-15 nan 2.490457685208000669e+02 2.475028888888889014e+03
5.816400000000000000e+04 1.011265997832535059e-14 1.019546554907752578e-14 nan 3.067408190053479302e+02 2.620571111111110895e+03
5.816400000000000000e+04 1.004874579552692103e-14 1.015396220172351221e-14 nan 3.037848719731077836e+02 2.617082222222222299e+03
5.816400000000000000e+04 9.988145254513913839e-15 1.008108130587208719e-14 nan 3.042997118566341328e+02 2.600202222222222190e+03
5.817600000000000000e+04 1.027026754606874243e-14 9.158372729103882468e-15 nan 2.738045402583639429e+02 2.334051111111111368e+03
5.817600000000000000e+04 1.026945005945894362e-14 9.167725445107662560e-15 nan 2.656031563784568448e+02 2.338717777777777883e+03
5.817600000000000000e+04 1.024981355475261179e-14 9.138180999758960726e-15 nan 2.711846898821803507e+02 2.322571111111110895e+03
5.818600000000000000e+04 1.016336582429047492e-14 9.743182882390942111e-15 nan 2.757866708310437502e+02 2.645215555555555511e+03
5.818600000000000000e+04 1.001641662956554056e-14 9.551467350551757971e-15 nan 2.588187745508973876e+02 2.343168888888888887e+03
5.818600000000000000e+04 1.010345347843913209e-14 9.695743851347464501e-15 nan 2.749622004903639549e+02 2.627726666666666461e+03
5.818600000000000000e+04 1.011894820066821134e-14 9.702252734748969996e-15 nan 2.841549352465357856e+02 2.640193333333333157e+03
5.819700000000000000e+04 9.982814956884562763e-15 9.907880639997587925e-15 nan 3.003843513780593071e+02 2.485691111111111240e+03
5.819700000000000000e+04 9.952484939241560978e-15 9.843629954464140377e-15 nan 2.964197711499902539e+02 2.486804444444444471e+03
5.819700000000000000e+04 9.977662759829878990e-15 9.925579440264046690e-15 nan 2.910531453941096629e+02 2.460746666666666897e+03
5.820800000000000000e+04 9.347315727356424338e-15 9.323192754742049030e-15 nan 6.883056570987172051e+01 2.193245333333333292e+03
5.820800000000000000e+04 9.777768748134031326e-15 9.752110407165355878e-15 nan 6.824816644607042804e+01 2.287437777777777683e+03
5.820900000000000000e+04 9.593467408961734941e-15 9.420648567547397537e-15 nan 6.878236667644807767e+01 2.316124444444444634e+03
5.820900000000000000e+04 9.760512271395054857e-15 9.542690272217001681e-15 nan 8.883731831532863055e+01 2.411608888888888941e+03
5.820900000000000000e+04 9.391977008134177279e-15 9.129417460308503398e-15 nan 6.713872707840923226e+01 2.243195555555555529e+03
5.821800000000000000e+04 9.601949911693448272e-15 8.636378299610066488e-15 nan 9.107624733502966308e+01 4.720586666666666815e+02
5.821800000000000000e+04 9.868567582957608924e-15 8.864448738548778480e-15 nan 1.534076441936120716e+02 9.316166666666666742e+02
5.821800000000000000e+04 9.979859043829760932e-15 8.923431806646773566e-15 nan 1.494330772260043148e+02 8.392373333333333676e+02
5.822200000000000000e+04 1.009888964728001901e-14 9.053849691303702537e-15 nan 2.880330177858173215e+02 2.297780000000000200e+03
5.822200000000000000e+04 1.025470502986654431e-14 9.170317706086700766e-15 nan 2.769346206904231167e+02 2.141307999999999993e+03
5.822200000000000000e+04 1.001461811311003340e-14 8.938857021015401256e-15 nan 2.838909909404704308e+02 2.292251111111111186e+03
5.823300000000000000e+04 9.866247877554106906e-15 9.479788286222575521e-15 nan 2.513019643919230930e+02 2.175951777777777806e+03
5.823300000000000000e+04 9.852012059822084401e-15 9.493553684905345309e-15 nan 2.532558538414269265e+02 2.281724444444444543e+03
5.823300000000000000e+04 9.967594139994096130e-15 9.562527971038447001e-15 nan 1.993497295999725623e+02 1.705113333333333458e+03
5.824300000000000000e+04 1.007667231206937236e-14 9.443433864544719768e-15 nan 2.666876433852763171e+02 2.439877777777777737e+03
5.824300000000000000e+04 1.000290303828778011e-14 9.429014769370433464e-15 nan 2.682667096063769350e+02 2.441773333333333539e+03
5.824300000000000000e+04 1.011464961371541935e-14 9.511499750027679634e-15 nan 2.704719088049437232e+02 2.439997777777777628e+03
5.825400000000000000e+04 1.036820267908826715e-14 9.819049983777703493e-15 nan 2.933287206498463888e+02 2.327495555555555711e+03
5.825400000000000000e+04 1.022103659254390834e-14 9.706695849380952934e-15 nan 2.782776198489385706e+02 2.302251111111111186e+03
5.825400000000000000e+04 1.034868131932966912e-14 9.824798614910305799e-15 nan 2.710337105167089362e+02 2.164069777777777745e+03
5.826400000000000000e+04 9.773151940314265920e-15 9.313187751574562213e-15 nan 9.050583901002690368e+01 1.320266222222222268e+03
5.826400000000000000e+04 9.748605298678503089e-15 9.258706442952939059e-15 nan 1.242044002621671979e+02 1.851817111111111217e+03
5.826400000000000000e+04 9.645075462007778957e-15 9.221070731488970656e-15 nan 7.702986679017469385e+01 1.461795555555555666e+03
5.827400000000000000e+04 1.010454343666004031e-14 8.679000007551124121e-15 nan 2.719785673888940210e+02 2.306991111111111422e+03
5.827400000000000000e+04 9.975214904523090726e-15 8.639043575704037260e-15 nan 2.683858614637345568e+02 2.233471111111110986e+03
5.827400000000000000e+04 1.013976925763740934e-14 8.779960987266018538e-15 nan 2.695832130385865639e+02 2.309935555555555766e+03
5.828400000000000000e+04 1.059335506441919320e-14 1.040049337820440871e-14 nan 2.561416324602163854e+02 1.931199555555555435e+03
5.828400000000000000e+04 1.043528151654650891e-14 1.030067705745227481e-14 nan 2.461953069139613035e+02 1.861228888888889060e+03
5.828400000000000000e+04 1.046162431805393674e-14 1.038333947029776868e-14 nan 2.473978705606129438e+02 1.879266666666666652e+03
5.829300000000000000e+04 1.027432945146204162e-14 9.387596979138431647e-15 nan 1.545978896775496878e+02 2.341440000000000055e+03
5.829300000000000000e+04 1.022020332771325562e-14 9.367794302051298609e-15 nan 1.633084523999894202e+02 2.289986666666666679e+03
5.829300000000000000e+04 1.024208703134654818e-14 9.369212377899101114e-15 nan 1.707854801751554987e+02 2.274128888888888923e+03
5.830800000000000000e+04 1.033471863353367983e-14 1.008319305974197061e-14 nan 2.918582125572431778e+02 2.336402222222222463e+03
5.830800000000000000e+04 1.033492470748533572e-14 1.007161875296627358e-14 nan 2.893230892462671022e+02 2.337486666666666679e+03
5.830800000000000000e+04 1.033683793947460891e-14 1.005873483781257467e-14 nan 2.937082872519703187e+02 2.355842222222222063e+03
5.831800000000000000e+04 1.042354850526632478e-14 9.475889204517433651e-15 nan 2.289145962175481372e+02 1.936071777777777697e+03
5.831800000000000000e+04 1.066938794669245924e-14 9.665136841871468055e-15 nan 2.319388239342321469e+02 1.938845777777777812e+03
5.831800000000000000e+04 1.053588438930234673e-14 9.556920735860701443e-15 nan 2.353653021280954647e+02 1.967917555555555509e+03
5.832900000000000000e+04 1.014808702965862216e-14 9.633222571504953635e-15 nan 1.339040241798797979e+02 1.769786444444444442e+03
5.832900000000000000e+04 1.024871925602790464e-14 9.532615936343759684e-15 nan 1.414710355198891705e+02 1.788294888888889091e+03
5.832900000000000000e+04 1.028503855351932449e-14 9.814155488596424888e-15 nan 1.299917063401607606e+02 1.753326000000000022e+03
5.833900000000000000e+04 9.892744284181739742e-15 9.259814780694101367e-15 nan 2.361680246992243610e+02 1.778334666666666635e+03
5.833900000000000000e+04 9.917726838369676265e-15 9.516936334414089589e-15 nan 2.443293738147489478e+02 1.806270444444444365e+03
5.833900000000000000e+04 9.888781615807833239e-15 9.305831734913793748e-15 nan 2.388273267718115562e+02 1.798344444444444434e+03
5.834900000000000000e+04 9.891626088049601442e-15 9.567657272690195001e-15 nan 2.050334146265105062e+02 2.108351111111111095e+03
5.834900000000000000e+04 9.606007738756949749e-15 9.328258812801779192e-15 nan 1.974845806430214736e+02 2.052206000000000131e+03
5.834900000000000000e+04 9.682085302737621444e-15 9.341438130459277317e-15 nan 1.938448126458886520e+02 2.054953777777777759e+03
