5.751600000000000000e+04 1.010229489550069655e-14 nan nan 3.344138403722338353e+02 1.803480000000000018e+03
5.752300000000000000e+04 9.567822773493343935e-15 1.021828145703794227e-14 1.084624503886760594e-14 8.436680532708322744e+01 4.089800000000000182e+02
5.753000000000000000e+04 1.000688554035422892e-14 nan nan 3.549279022697351138e+02 1.930779999999999973e+03
5.754700000000000000e+04 9.722598101300799490e-15 1.000234116812630520e-14 nan 3.435469012886949258e+02 1.859883000000000266e+03
5.756200000000000000e+04 9.614744956233393108e-15 nan nan 3.277976491409298774e+02 1.762547000000000025e+03
5.756900000000000000e+04 9.462411405819273472e-15 9.690113973631143382e-15 nan 2.976091952161650624e+02 1.580141000000000076e+03
5.758300000000000000e+04 9.054748881670277348e-15 9.259651127575104185e-15 nan 3.286107649684156513e+02 1.768102999999999838e+03
5.759100000000000000e+04 1.865634312378662857e-14 1.536109352565413752e-14 nan 5.806484484596285256e+02 3.474411000000000058e+03
5.759800000000000000e+04 9.403441322889785415e-15 nan nan 3.451931414967046408e+02 1.870586000000000013e+03
5.769300000000000000e+04 9.870412895910773499e-15 nan nan 3.223237685937101560e+02 1.729525000000000091e+03
5.770100000000000000e+04 9.841304312678213545e-15 1.027412461328567563e-14 nan 3.264330315111363348e+02 1.754599999999999909e+03
5.771900000000000000e+04 1.030080803361489574e-14 nan nan 3.046232672865609743e+02 1.622141000000000076e+03
5.772600000000000000e+04 1.044345738291317495e-14 1.071748480519826588e-14 1.086700382864386624e-14 3.358567515364692326e+02 1.812109999999999900e+03
5.773300000000000000e+04 1.085247032404355364e-14 nan nan 3.211576961542932622e+02 1.722076999999999998e+03
5.774100000000000000e+04 1.088826313522490205e-14 1.128828085927164663e-14 nan 3.229152925548915505e+02 1.732733999999999924e+03
5.774900000000000000e+04 1.101482022652069283e-14 nan nan 3.260208144407607733e+02 1.751761999999999944e+03
5.775700000000000000e+04 1.108432670477591597e-14 nan nan 3.439849932030159039e+02 1.862635999999999967e+03
5.776400000000000000e+04 1.138373498208768960e-14 1.163230850130521233e-14 nan 3.367764622850822889e+02 1.818009999999999764e+03
5.777200000000000000e+04 1.091926972448450828e-14 1.138235327006935533e-14 nan 2.893690024912714875e+02 1.531028000000000020e+03
5.778600000000000000e+04 1.124034390093208100e-14 1.158176970886016828e-14 nan 3.163551061298808236e+02 1.693132000000000062e+03
5.779400000000000000e+04 1.104052986778885955e-14 1.146888132915474349e-14 nan 3.092083248301248091e+02 1.649661999999999807e+03
5.780100000000000000e+04 1.114054605616940018e-14 nan nan 2.952456581537575744e+02 1.566178000000000111e+03
5.780900000000000000e+04 1.102004421843712448e-14 1.128103147044207997e-14 nan 2.611266359874828140e+02 1.364990999999999985e+03
5.781700000000000000e+04 1.131851051694013407e-14 1.168654509933618681e-14 1.186652906924353696e-14 3.022397743664641894e+02 1.607781999999999925e+03
5.785700000000000000e+04 1.143024663465135082e-14 nan nan 1.490009973276672781e+02 7.426002999999999474e+02
5.786400000000000000e+04 1.172893176618328814e-14 1.203401931990453124e-14 nan 2.805859681967258439e+02 1.478971999999999980e+03
5.787800000000000000e+04 1.206430343925579907e-14 1.266762186638046970e-14 1.299200884592805273e-14 4.628171490538157968e+02 2.634704999999999927e+03
5.788700000000000000e+04 1.185788723245763264e-14 1.239130537636073835e-14 1.236729522174174147e-14 2.461572379512478790e+02 1.278976000000000113e+03
5.789400000000000000e+04 1.209681020824698560e-14 nan nan 4.394594061141440307e+02 2.477739000000000033e+03
5.790300000000000000e+04 1.210133768880440473e-14 1.225924326152974822e-14 nan 3.721182246979465731e+02 2.038884999999999764e+03
5.791000000000000000e+04 1.206191622068461773e-14 1.233578160117710349e-14 1.238813866583772573e-14 4.254874559658060775e+02 2.384646999999999935e+03
5.791800000000000000e+04 1.224784301648470337e-14 1.257673918801449732e-14 1.278128489616527851e-14 2.001068516316469470e+02 1.019206999999999994e+03
5.792500000000000000e+04 1.207090091876222794e-14 1.234878519681328131e-14 nan 4.330124856737831465e+02 2.434179999999999836e+03
5.793300000000000000e+04 1.213850427314876389e-14 1.240675651948386676e-14 nan 4.047166648563067497e+02 2.248458999999999833e+03
5.794200000000000000e+04 1.232106950260266645e-14 1.870894292362363979e-14 nan 2.829453446211673509e+02 1.493470000000000027e+03
5.794900000000000000e+04 1.184516552701129236e-14 1.194569677638816625e-14 nan 3.042048930308893091e+02 1.619737999999999829e+03
5.795600000000000000e+04 1.192658846137727687e-14 1.216509870567310961e-14 nan 4.092419385679964989e+02 2.277826000000000022e+03
5.796400000000000000e+04 1.166528639062717808e-14 1.247783339449698328e-14 nan 1.538913891465444692e+02 7.686611000000000331e+02
5.805500000000000000e+04 1.095054265538665797e-14 nan nan 3.519651894381580632e+02 1.912454000000000178e+03
5.806200000000000000e+04 1.096420656276889207e-14 nan nan 3.348675716014826662e+02 1.806108999999999924e+03
5.807000000000000000e+04 1.094691757954806597e-14 1.147146885326466420e-14 nan 3.604231940608186733e+02 1.965099999999999909e+03
5.807900000000000000e+04 1.080119694572777490e-14 nan 1.095408159532325588e-14 3.331581047130014781e+02 1.795940000000000055e+03
5.808600000000000000e+04 1.070072493796440277e-14 nan nan 3.521851527945399880e+02 1.913729000000000042e+03
5.809400000000000000e+04 1.092370979618811229e-14 1.098494787190229384e-14 nan 3.544311558354785348e+02 1.927516000000000076e+03
