5.769015849799999705e+04 4.692801946872227742e-15 4.620240464180162329e-15 nan 5.741850577185762177e+02 0.000000000000000000e+00 0.000000000000000000e+00
5.770204419400000188e+04 4.551522994468654558e-15 5.089131299981932410e-15 nan 4.905781617752688817e+02 0.000000000000000000e+00 0.000000000000000000e+00
5.771409532000000036e+04 nan nan nan nan 0.000000000000000000e+00 0.000000000000000000e+00
5.772706043800000043e+04 4.685245510212616332e-15 nan nan 5.496746534949735405e+02 0.000000000000000000e+00 0.000000000000000000e+00
5.778533938399999897e+04 4.990845165936158114e-15 nan nan 5.346061178925722288e+02 0.000000000000000000e+00 0.000000000000000000e+00
5.779933922799999709e+04 4.967729341067039376e-15 nan nan 4.834691998156822024e+02 0.000000000000000000e+00 0.000000000000000000e+00
5.783534709399999701e+04 4.773782697160127114e-15 nan nan 4.867405532877212977e+02 0.000000000000000000e+00 0.000000000000000000e+00
5.784722068199999921e+04 4.961875967068210292e-15 4.442421569368306049e-15 nan 4.966962530795030943e+02 0.000000000000000000e+00 0.000000000000000000e+00
5.787234939199999644e+04 4.772718825750277118e-15 nan nan 7.298654628107542521e+02 0.000000000000000000e+00 0.000000000000000000e+00
5.788733673399999680e+04 4.720435903752049452e-15 nan nan 6.387461040807731933e+02 0.000000000000000000e+00 0.000000000000000000e+00
5.790129685400000017e+04 4.641141322902631130e-15 4.455233527737795981e-15 nan 4.970337988191699310e+02 0.000000000000000000e+00 0.000000000000000000e+00
5.791326392399999895e+04 4.743267743082085743e-15 4.574802665528652395e-15 nan 6.677639841901886939e+02 0.000000000000000000e+00 0.000000000000000000e+00
5.792512569400000211e+04 4.794091229894255111e-15 nan nan 6.069179808277715438e+02 0.000000000000000000e+00 0.000000000000000000e+00
5.792512569400000211e+04 4.794091229894255111e-15 nan nan 6.069179808277715438e+02 0.000000000000000000e+00 0.000000000000000000e+00
5.793718947599999956e+04 4.923413586153389794e-15 4.683429701762944491e-15 nan 6.923216333446338240e+02 0.000000000000000000e+00 0.000000000000000000e+00
5.794916496500000358e+04 4.784858084051915964e-15 nan nan 3.378332886310262779e+02 0.000000000000000000e+00 0.000000000000000000e+00
5.796212933399999747e+04 4.793662372880031221e-15 4.383447649244779568e-15 nan 3.025819655276312119e+02 0.000000000000000000e+00 0.000000000000000000e+00
5.797409644200000184e+04 4.706063552430718632e-15 4.585153265408584364e-15 nan 6.592349001614587678e+02 0.000000000000000000e+00 0.000000000000000000e+00
5.798705039799999940e+04 4.704094712971391548e-15 4.298516079573817303e-15 nan 6.324977184997885615e+02 0.000000000000000000e+00 0.000000000000000000e+00
5.800030600199999753e+04 4.524767099637288156e-15 4.235892491887480503e-15 nan 6.170338486573518821e+02 0.000000000000000000e+00 0.000000000000000000e+00
5.801823519200000010e+04 4.376713164322154996e-15 4.092565727217173386e-15 nan 5.931778523465673061e+02 0.000000000000000000e+00 0.000000000000000000e+00
5.804721065600000293e+04 4.272121240106972952e-15 nan nan 5.380693081554882156e+02 0.000000000000000000e+00 0.000000000000000000e+00
5.807205243000000337e+04 4.115628695135497531e-15 3.782691983476221660e-15 nan 5.231761057236550414e+02 0.000000000000000000e+00 0.000000000000000000e+00
