5.751600000000000000e+04 6.715784362645730736e-14 nan nan 1.434754023248694239e+03 1.198913999999999942e+04
5.752300000000000000e+04 6.715784362645730736e-14 7.172350120489613482e-14 7.613126261833510235e-14 4.971196089426294407e+02 2.870686000000000149e+03
5.753000000000000000e+04 6.715784362645730736e-14 nan nan 1.509366316112244021e+03 1.295778000000000065e+04
5.754700000000000000e+04 6.715784362645730736e-14 6.909014000873185616e-14 nan 1.500980462383737176e+03 1.284695000000000073e+04
5.756200000000000000e+04 6.715784362645730736e-14 nan nan 1.459979097759913884e+03 1.231118000000000029e+04
5.756900000000000000e+04 6.715784362645730736e-14 6.877392358605914325e-14 nan 1.372884708085772900e+03 1.121478000000000065e+04
5.758300000000000000e+04 6.715784362645730736e-14 6.867757577684775756e-14 nan 1.521028443903196376e+03 1.311377999999999884e+04
5.759100000000000000e+04 6.715784362645730736e-14 5.529582673744701778e-14 nan 1.474628993969674866e+03 1.250695000000000073e+04
5.759800000000000000e+04 6.715784362645730736e-14 nan nan 1.539328382350998027e+03 1.335942000000000189e+04
5.769300000000000000e+04 6.715784362645730736e-14 nan nan 1.417227412855883358e+03 1.176761000000000058e+04
5.770100000000000000e+04 6.715784362645730736e-14 7.011144379397838107e-14 nan 1.433497432231354651e+03 1.197353000000000065e+04
5.771900000000000000e+04 6.715784362645730736e-14 nan nan 1.320213782206137466e+03 1.057581999999999971e+04
5.772600000000000000e+04 6.715784362645730736e-14 6.892000821433538530e-14 6.988150734508965278e-14 1.408224244030943737e+03 1.165297999999999956e+04
5.773300000000000000e+04 6.715784362645730736e-14 nan nan 1.327007692137036429e+03 1.065664999999999964e+04
5.774100000000000000e+04 6.715784362645730736e-14 6.962511755487965303e-14 nan 1.329582588209283813e+03 1.068735000000000036e+04
5.774900000000000000e+04 6.715784362645730736e-14 nan nan 1.328999955024114342e+03 1.068056999999999971e+04
5.775700000000000000e+04 6.715784362645730736e-14 nan nan 1.378605018919513441e+03 1.128536000000000058e+04
5.776400000000000000e+04 6.715784362645730736e-14 6.862429216549621392e-14 nan 1.332662297671229680e+03 1.072527000000000044e+04
5.777200000000000000e+04 6.715784362645730736e-14 7.000599127049224330e-14 nan 1.220389667211225287e+03 9.416430000000000291e+03
5.778600000000000000e+04 6.715784362645730736e-14 6.919776528908276416e-14 nan 1.281271043390158866e+03 1.011597999999999956e+04
5.779400000000000000e+04 6.715784362645730736e-14 6.976343962629276863e-14 nan 1.274365971948782317e+03 1.003463999999999942e+04
5.780100000000000000e+04 6.715784362645730736e-14 nan nan 1.222539834477626528e+03 9.441291000000001077e+03
5.780900000000000000e+04 6.715784362645730736e-14 6.874834006288026014e-14 nan 1.120249837587383354e+03 8.318465000000000146e+03
5.781700000000000000e+04 6.715784362645730736e-14 6.934155931030900267e-14 7.040948563225888682e-14 1.231309516798035020e+03 9.539698000000000320e+03
5.785700000000000000e+04 6.715784362645730736e-14 nan nan 6.958000390380502722e+02 4.363110999999999876e+03
5.786400000000000000e+04 6.715784362645730736e-14 6.890472242442792710e-14 nan 1.134255045330280382e+03 8.468338999999999942e+03
5.787800000000000000e+04 6.715784362645730736e-14 7.051631059388780523e-14 7.232206176357648955e-14 1.634312502940083959e+03 1.466650000000000000e+04
5.788700000000000000e+04 6.715784362645730736e-14 7.017888874128213738e-14 7.004290581466633592e-14 1.015752398242774234e+03 7.243555999999999585e+03
5.789400000000000000e+04 6.715784362645730736e-14 nan nan 1.568617333551246020e+03 1.375565999999999985e+04
5.790300000000000000e+04 6.715784362645730736e-14 6.803415978534324555e-14 nan 1.381059184577658698e+03 1.131503999999999905e+04
5.791000000000000000e+04 6.715784362645730736e-14 6.868266008690281501e-14 6.897417160935798720e-14 1.533311828085361185e+03 1.327713999999999942e+04
5.791800000000000000e+04 6.715784362645730736e-14 6.896125975672690011e-14 7.008283264625238299e-14 8.404152067278633922e+02 5.588555000000000291e+03
5.792500000000000000e+04 6.715784362645730736e-14 6.870388472290907408e-14 nan 1.553103407769881414e+03 1.354284000000000015e+04
5.793300000000000000e+04 6.715784362645730736e-14 6.864198384723143831e-14 nan 1.469828110126696629e+03 1.243988999999999942e+04
5.794200000000000000e+04 6.715784362645730736e-14 1.019759090731224419e-13 nan 1.103198147306278543e+03 8.140382999999999811e+03
5.794900000000000000e+04 6.715784362645730736e-14 6.772781978338214665e-14 nan 1.199594147818344936e+03 9.183333999999998923e+03
5.795600000000000000e+04 6.715784362645730736e-14 6.850087929349648027e-14 nan 1.499419687344903423e+03 1.282628999999999905e+04
5.796400000000000000e+04 6.715784362645730736e-14 7.183573174662207862e-14 nan 7.034414476604667925e+02 4.425233999999999469e+03
5.805500000000000000e+04 6.715784362645730736e-14 nan nan 1.414133178830182487e+03 1.172876000000000022e+04
5.806200000000000000e+04 6.715784362645730736e-14 nan nan 1.360531683754103824e+03 1.106276000000000022e+04
5.807000000000000000e+04 6.715784362645730736e-14 7.037589401902932545e-14 nan 1.440011315212050704e+03 1.205561999999999898e+04
5.807900000000000000e+04 6.715784362645730736e-14 nan 6.810842377438064969e-14 1.368897351064213808e+03 1.116648999999999978e+04
5.808600000000000000e+04 6.715784362645730736e-14 nan nan 1.436417750601996431e+03 1.201057999999999993e+04
5.809400000000000000e+04 6.715784362645730736e-14 6.753432901370489984e-14 nan 1.423849673951192017e+03 1.185017000000000007e+04
