5.769000000000000000e+04 9.685241601605163999e-15 nan nan 4.664444836983458345e+02 1.348653333333333194e+03
5.772500000000000000e+04 9.515621078646165983e-15 nan nan 4.569544593121811999e+02 1.313788000000000011e+03
5.776000000000000000e+04 8.548676063807776984e-15 nan nan 4.153599674770243837e+02 1.165047333333333199e+03
5.779500000000000000e+04 nan nan nan 3.954942450839567414e+02 1.096729333333333216e+03
5.785700000000000000e+04 9.721237116091000053e-15 nan nan 3.307757520555757083e+02 8.823759999999999764e+02
5.789400000000000000e+04 1.004775469133198135e-14 nan nan 4.545968897829440607e+02 1.305210666666666611e+03
5.793400000000000000e+04 nan nan nan 4.767586602616871119e+02 1.386813999999999851e+03
5.796900000000000000e+04 nan nan nan 4.853468987751863324e+02 1.419457333333333281e+03
5.799800000000000000e+04 nan nan nan 2.231557465392223492e+02 5.578399333333333061e+02
5.804700000000000000e+04 nan nan nan 4.571569759032836373e+02 1.314742666666666537e+03
5.808400000000000000e+04 8.609916030910216125e-15 nan nan 4.369904073481560545e+02 1.241592666666666673e+03
5.811900000000000000e+04 7.907591940793893068e-15 nan nan 3.267638164855017635e+02 8.693919999999999391e+02
5.815500000000000000e+04 7.719459145804838068e-15 nan nan 3.381199330730736392e+02 9.058526666666667779e+02
5.819000000000000000e+04 8.077416203718594173e-15 nan nan 3.819480092507140512e+02 1.050210666666666611e+03
5.822300000000000000e+04 8.625858648178440844e-15 nan nan 2.962179086058254143e+02 7.740146666666665851e+02
5.825800000000000000e+04 nan nan nan 3.684274452871233052e+02 1.005118666666666741e+03
5.829300000000000000e+04 nan nan nan 3.550852268880042288e+02 9.615066666666666606e+02
5.833000000000000000e+04 8.704766126378076449e-15 nan nan 3.599447548032705981e+02 9.769900000000000091e+02
