5.769000000000000000e+04 4.494316588956631910e-15 5.201914689471544544e-15 4.413667802095508210e-15 1.936284885831479698e+02 5.355764000000000351e+02
5.771200000000000000e+04 4.928858285196307739e-15 5.024060035834769285e-15 4.662665166706216776e-15 1.874249115401481163e+02 5.139930000000000518e+02
5.781900000000000000e+04 4.500130920665174468e-15 4.434450365456492544e-15 4.547142042231326592e-15 1.340684331812788912e+02 3.518793999999999755e+02
5.792300000000000000e+04 nan nan 3.825940566683773016e-15 1.419478714756572515e+02 3.744830000000000041e+02
5.798600000000000000e+04 4.009695953347646025e-15 3.766283411032507216e-15 4.386926962894095806e-15 1.899964500030052648e+02 5.268641000000000076e+02
5.801000000000000000e+04 3.896930177948688667e-15 nan 3.981297909311653985e-15 1.891955128198877958e+02 5.228862000000000307e+02
5.804700000000000000e+04 3.632318900477507786e-15 3.464646066667984381e-15 3.889168131705913668e-15 1.718354161800861561e+02 4.656644000000000005e+02
5.806800000000000000e+04 3.772465200943228777e-15 3.474204205259969864e-15 4.136266581235946525e-15 1.817158539926996355e+02 4.967762999999999920e+02
5.809000000000000000e+04 3.840459358955726648e-15 nan 4.240552901539964679e-15 1.605306584150051776e+02 4.336622000000000412e+02
5.822200000000000000e+04 3.858968545966091854e-15 nan 4.078673634975829899e-15 1.500462433625718006e+02 3.989270999999999958e+02
5.826500000000000000e+04 3.840292791501449433e-15 nan 4.096802236463546247e-15 1.574264961765834414e+02 4.229017000000000053e+02
5.827100000000000000e+04 3.897320237633787208e-15 nan 4.161099122231819902e-15 1.355156829442977937e+02 3.573688000000000216e+02
5.828600000000000000e+04 3.706836247018975877e-15 3.991020300500469787e-15 4.273835211478966797e-15 1.426755742970337622e+02 3.809929000000000201e+02
5.831100000000000000e+04 3.690963688149981207e-15 3.451285772578950078e-15 3.997432839891496360e-15 1.357988500502119678e+02 3.631784000000000106e+02
5.833200000000000000e+04 3.957295371398095694e-15 3.385862312455477220e-15 4.310316689145609209e-15 1.366742940959508985e+02 3.636824000000000296e+02
