5.769000000000000000e+04 4.988112886879853156e-15 nan 4.734323449885055229e-15 5.645574826226524010e+02 2.595429999999999836e+03
5.771100000000000000e+04 4.770749410794500249e-15 4.896605805969280169e-15 4.739224465602389678e-15 2.928446279288251048e+02 1.146903999999999996e+03
5.773200000000000000e+04 4.668495308544895660e-15 nan 4.583310277441412356e-15 4.472632033243170326e+02 1.920750999999999749e+03
5.775300000000000000e+04 4.545807810231652164e-15 4.699912674851865130e-15 4.390234669849486419e-15 4.792530516472672275e+02 2.094949000000000069e+03
5.777400000000000000e+04 4.421452667584259025e-15 4.607640577518600905e-15 4.899579853053244973e-15 3.948189188393591849e+02 1.644365999999999985e+03
5.779600000000000000e+04 4.294520874867728593e-15 4.352674890281280674e-15 nan 4.165126155398217520e+02 1.757632000000000062e+03
5.781800000000000000e+04 4.017890968391244519e-15 4.151616874043884778e-15 nan 3.890173877941450087e+02 1.614416999999999916e+03
5.781800000000000000e+04 4.122070997147667664e-15 nan 4.030749383307152208e-15 4.016075769498453951e+02 1.677984999999999900e+03
5.797200000000000000e+04 3.664416132261142384e-15 nan 3.425449399997192234e-15 4.547498102090213479e+02 1.961066999999999780e+03
5.799300000000000000e+04 3.778546752568686148e-15 3.930008150741353013e-15 4.219057247661558390e-15 4.788773829760086187e+02 2.092983000000000175e+03
5.801700000000000000e+04 3.878035730867142118e-15 nan 3.511519487510059167e-15 4.629055750876673869e+02 2.004632000000000062e+03
5.804700000000000000e+04 3.908828550072221320e-15 3.912815472368546559e-15 3.746833912145529169e-15 4.448958292772198320e+02 1.907750999999999749e+03
5.806800000000000000e+04 4.074245620550147147e-15 4.107658924223802254e-15 4.333791465601443621e-15 4.252984823958329343e+02 1.801316000000000031e+03
5.808900000000000000e+04 4.018214434778405283e-15 4.070394004198509757e-15 4.424396122912441110e-15 4.186470212159376842e+02 1.766172000000000025e+03
5.811000000000000000e+04 5.687436586531633205e-15 nan 3.398260449337149015e-15 4.009815897802943709e+02 1.673902000000000044e+03
5.813200000000000000e+04 3.870479704908252111e-15 3.983597844946640540e-15 3.784466940483697460e-15 4.090836419560571926e+02 1.716105000000000018e+03
5.815300000000000000e+04 5.407521135969349667e-15 nan 3.413062280732600007e-15 3.895745233854536309e+02 1.614929000000000087e+03
5.817400000000000000e+04 3.953438722305173087e-15 4.061286863329079740e-15 3.716106969147261186e-15 3.993659926743545157e+02 1.666204999999999927e+03
5.819500000000000000e+04 3.916898488958971504e-15 4.042984576802282151e-15 3.740692554153786522e-15 4.068917801884845176e+02 1.705918999999999869e+03
5.821600000000000000e+04 3.853967770552226491e-15 3.923330595323740316e-15 nan 3.906683232974593807e+02 1.622367999999999938e+03
5.822400000000000000e+04 3.900796932337736006e-15 3.925450309975441833e-15 nan 4.047409459622412555e+02 1.696298000000000002e+03
5.833500000000000000e+04 4.184492361432829214e-15 4.222438959078318019e-15 4.136517951379172608e-15 3.627120071789738063e+02 1.482412000000000035e+03
