5.752300000000000000e+04 nan nan nan nan nan
5.752900000000000000e+04 3.558781356663195253e-15 nan nan 3.711446534580646244e+02 2.035502999999999929e+03
5.753400000000000000e+04 3.489049065153022387e-15 nan nan 3.687574506022286869e+02 2.018802999999999884e+03
5.754600000000000000e+04 2.862230653075242745e-15 nan nan 3.097211069705599016e+02 1.654192999999999984e+03
5.755000000000000000e+04 3.526994286956549545e-15 nan nan 3.662180297451755564e+02 2.004695999999999913e+03
5.755400000000000000e+04 3.475422667048256329e-15 nan nan 2.155582675930401138e+02 1.106182000000000016e+03
5.755700000000000000e+04 nan nan nan nan nan
5.756100000000000000e+04 nan nan nan nan nan
5.756600000000000000e+04 nan nan nan nan nan
5.756900000000000000e+04 3.199026029331945809e-15 nan nan 2.746474119947719146e+02 1.447682000000000016e+03
5.757600000000000000e+04 3.526974336742826263e-15 nan nan 3.741066318994596713e+02 2.053891000000000076e+03
5.758100000000000000e+04 nan nan nan nan nan
5.758400000000000000e+04 nan nan nan nan nan
5.758700000000000000e+04 nan nan nan nan nan
5.759000000000000000e+04 3.489688562831823665e-15 nan nan 2.821295951255127648e+02 1.489919000000000096e+03
5.759300000000000000e+04 3.524072682847636802e-15 nan nan 3.604222313570868437e+02 1.967020999999999958e+03
5.759700000000000000e+04 nan nan nan nan nan
5.760000000000000000e+04 3.611549836435211045e-15 nan nan 3.626973142276668796e+02 1.981986999999999853e+03
5.760600000000000000e+04 2.414905885107861721e-15 nan nan 2.563737700417225369e+02 1.338562000000000126e+03
5.760900000000000000e+04 3.529746152942524263e-15 nan nan 3.626088568630820532e+02 1.981602999999999838e+03
5.761300000000000000e+04 3.552761533526845143e-15 nan nan 3.582836663645738327e+02 1.953131000000000085e+03
5.761600000000000000e+04 nan nan nan nan nan
5.761900000000000000e+04 3.579937240195049855e-15 nan nan 3.547121795978072214e+02 1.933041999999999916e+03
5.762300000000000000e+04 nan nan nan nan nan
5.762600000000000000e+04 3.516784207518374499e-15 nan nan 3.593315027908403749e+02 1.959641000000000076e+03
5.762900000000000000e+04 2.985625487449966877e-15 nan nan 3.155371688098492768e+02 1.688963000000000193e+03
5.763200000000000000e+04 nan nan nan nan nan
5.769000000000000000e+04 3.576611358174099496e-15 nan nan 3.516434944932133249e+02 1.911479000000000042e+03
5.769400000000000000e+04 nan nan nan nan nan
5.770000000000000000e+04 3.599990434847853452e-15 nan nan 3.390251367476583937e+02 1.834808999999999969e+03
5.770300000000000000e+04 nan nan nan nan nan
5.770700000000000000e+04 nan nan nan nan nan
5.770700000000000000e+04 nan nan nan nan nan
5.770700000000000000e+04 nan nan nan nan nan
5.771400000000000000e+04 nan nan nan nan nan
5.772000000000000000e+04 4.095278313476606315e-15 nan nan 2.921373554042307887e+02 1.550587999999999965e+03
5.772400000000000000e+04 nan nan nan nan nan
5.772800000000000000e+04 nan nan nan nan nan
5.773300000000000000e+04 nan nan nan nan nan
5.773600000000000000e+04 3.437787697824214157e-15 nan nan 2.858539428141954204e+02 1.512559999999999945e+03
5.773900000000000000e+04 3.367321980756680208e-15 nan nan 2.861289341349183246e+02 1.514307999999999993e+03
5.774200000000000000e+04 3.574246539074403350e-15 nan nan 2.977238073775209841e+02 1.582239000000000033e+03
5.774600000000000000e+04 3.514364106470328088e-15 nan nan 2.947184092570533380e+02 1.564105999999999995e+03
5.774900000000000000e+04 nan nan nan nan nan
5.775200000000000000e+04 3.486075125630525604e-15 nan nan 2.844464373545474700e+02 1.503605999999999995e+03
5.785700000000000000e+04 3.611776673582563185e-15 nan nan 2.573112896510107817e+02 1.343682999999999993e+03
5.787600000000000000e+04 3.514193766275406378e-15 nan nan 4.020275483569460562e+02 2.232264000000000124e+03
5.790300000000000000e+04 3.487627572953773971e-15 nan nan 3.552968430394885218e+02 1.934606000000000222e+03
5.790600000000000000e+04 2.311241270702682417e-15 nan nan 2.541393768091556922e+02 1.325523999999999887e+03
5.791300000000000000e+04 3.123048181397434816e-15 nan nan 3.459600200826625382e+02 1.875786000000000058e+03
5.791600000000000000e+04 3.501078589813220953e-15 nan nan 3.847815512878282789e+02 2.121438000000000102e+03
5.792500000000000000e+04 3.586672752250811718e-15 nan nan 3.239491566265938900e+02 1.740132000000000062e+03
5.793300000000000000e+04 nan nan nan 3.350329573625316470e+02 1.807991999999999734e+03
5.793600000000000000e+04 3.178854818063067116e-15 nan nan 3.462825059101289185e+02 1.877269999999999982e+03
5.794500000000000000e+04 nan nan nan nan nan
5.794800000000000000e+04 3.646959311332631136e-15 nan nan 3.699105825394738076e+02 2.027745999999999867e+03
5.795100000000000000e+04 3.494728671662180941e-15 nan nan 3.622508123093599579e+02 1.977429000000000087e+03
5.795400000000000000e+04 nan nan nan nan nan
5.795800000000000000e+04 3.253907589230562521e-15 nan nan 3.449220303271485477e+02 1.869061000000000149e+03
5.796200000000000000e+04 3.582789120341286616e-15 nan nan 3.037555762115703146e+02 1.617834000000000060e+03
5.797000000000000000e+04 3.043202903814013990e-15 nan nan 3.320221434835675609e+02 1.789686000000000149e+03
5.797300000000000000e+04 3.508940073426924743e-15 nan nan 3.319909680129499066e+02 1.790661999999999807e+03
5.798000000000000000e+04 3.488566210600753174e-15 nan nan 3.535574081066667418e+02 1.924779999999999973e+03
5.798300000000000000e+04 3.550573534168749439e-15 nan nan 3.662495297615765253e+02 2.004081999999999880e+03
5.798600000000000000e+04 3.568670057649572026e-15 nan nan 3.673325167065997334e+02 2.011009999999999764e+03
5.799000000000000000e+04 3.340924711917061178e-15 nan nan 3.483366509039644257e+02 1.890475999999999885e+03
5.799300000000000000e+04 nan nan nan nan nan
5.800000000000000000e+04 nan nan nan nan nan
5.800300000000000000e+04 6.924830655755232589e-15 nan nan 3.594484050901691035e+02 1.960324000000000069e+03
5.800700000000000000e+04 3.017896866461045105e-15 nan nan 3.175430274186546171e+02 1.701018000000000029e+03
5.801000000000000000e+04 nan nan nan nan nan
5.801700000000000000e+04 nan nan nan nan nan
5.802100000000000000e+04 nan nan nan nan nan
5.802400000000000000e+04 3.586196656673565637e-15 nan nan 2.375326228149025098e+02 1.231054000000000087e+03
5.802700000000000000e+04 3.594869524706540651e-15 nan nan 3.410627793449803562e+02 1.845624000000000251e+03
5.804700000000000000e+04 2.876732292005000913e-15 nan nan 2.926287832976071286e+02 1.551575000000000045e+03
5.805000000000000000e+04 nan nan nan nan nan
5.805300000000000000e+04 3.414320949077838620e-15 nan nan 2.180890568289862017e+02 1.122719000000000051e+03
5.805600000000000000e+04 3.591385254553229646e-15 nan nan 3.467431053362540752e+02 1.882279999999999973e+03
5.806200000000000000e+04 nan nan nan nan nan
5.806500000000000000e+04 3.610578225234645014e-15 nan nan 3.167626253240723031e+02 1.700875999999999749e+03
5.806800000000000000e+04 3.527060438754863215e-15 nan nan 3.291053460602444716e+02 1.773841999999999871e+03
5.807100000000000000e+04 3.528056589483494313e-15 nan nan 3.199322225035897986e+02 1.717721000000000004e+03
5.807500000000000000e+04 3.605443349152827934e-15 nan nan 3.359676693861692343e+02 1.815471000000000004e+03
5.807800000000000000e+04 nan nan nan nan nan
