5.769015644400000019e+04 2.019164530090455909e-14 1.902673995361610725e-14 nan 7.675765404134475602e+02 0.000000000000000000e+00 0.000000000000000000e+00
5.770204215200000181e+04 1.979745853862649683e-14 2.074343126211327877e-14 nan 7.585827438242818062e+02 0.000000000000000000e+00 0.000000000000000000e+00
5.771409287999999651e+04 nan nan nan nan 0.000000000000000000e+00 0.000000000000000000e+00
5.772705840599999647e+04 1.809011808495633353e-14 nan nan 6.765710893118538252e+02 0.000000000000000000e+00 0.000000000000000000e+00
5.778533735000000161e+04 1.770494298457721983e-14 nan nan 5.864656583119887046e+02 0.000000000000000000e+00 0.000000000000000000e+00
5.779933720400000311e+04 nan nan nan nan 0.000000000000000000e+00 0.000000000000000000e+00
5.783534524799999781e+04 2.029838550202487628e-14 nan nan 6.310822052111648190e+02 0.000000000000000000e+00 0.000000000000000000e+00
5.784721859799999947e+04 2.068729647018352747e-14 1.891719412164320366e-14 nan 6.315798243455436705e+02 0.000000000000000000e+00 0.000000000000000000e+00
5.787038100999999733e+04 1.957733218499206737e-14 nan nan 8.265703344696770500e+02 0.000000000000000000e+00 0.000000000000000000e+00
5.787234735999999975e+04 2.007568145726336203e-14 nan nan 9.443607965553819668e+02 0.000000000000000000e+00 0.000000000000000000e+00
5.788733472400000028e+04 1.985354017377567794e-14 nan nan 8.141143225107299486e+02 0.000000000000000000e+00 0.000000000000000000e+00
5.790129479800000263e+04 nan nan nan nan 0.000000000000000000e+00 0.000000000000000000e+00
5.791326190599999973e+04 nan nan nan nan 0.000000000000000000e+00 0.000000000000000000e+00
5.792512367400000221e+04 1.660831360233778182e-14 nan nan 6.450620927805483689e+02 0.000000000000000000e+00 0.000000000000000000e+00
5.793718743199999881e+04 2.046949706603921848e-14 1.983864727829155242e-14 nan 8.716309878094184569e+02 0.000000000000000000e+00 0.000000000000000000e+00
5.794916307000000234e+04 1.744138250290832798e-14 nan nan 6.117788925833610847e+02 0.000000000000000000e+00 0.000000000000000000e+00
5.796212728400000196e+04 1.981766443116508785e-14 1.880729104735170340e-14 nan 5.688376086545388262e+02 0.000000000000000000e+00 0.000000000000000000e+00
5.797409441199999856e+04 nan nan nan nan 0.000000000000000000e+00 0.000000000000000000e+00
5.798704838600000221e+04 nan nan nan nan 0.000000000000000000e+00 0.000000000000000000e+00
5.800030396599999949e+04 nan nan nan nan 0.000000000000000000e+00 0.000000000000000000e+00
5.801823316000000341e+04 1.987751544565798695e-14 1.906960031567901797e-14 nan 8.281253503535693881e+02 0.000000000000000000e+00 0.000000000000000000e+00
5.804720856600000116e+04 nan nan nan nan 0.000000000000000000e+00 0.000000000000000000e+00
5.807205036400000245e+04 1.946757159283493716e-14 1.838234050377183226e-14 nan 7.517327797558385782e+02 0.000000000000000000e+00 0.000000000000000000e+00
