5.750800000000000000e+04 nan nan nan 1.266585863153990346e+02 2.801518333333333430e+03
5.750800000000000000e+04 nan nan nan 1.347699223546485712e+02 3.072568333333333612e+03
5.750800000000000000e+04 nan nan nan 1.119858709750300250e+02 2.438684999999999945e+03
5.751100000000000000e+04 nan 1.296083659872097408e-14 nan 2.370756945257606958e+02 5.111521666666666533e+03
5.751100000000000000e+04 nan 1.287729807590348000e-14 nan 2.425467251546571958e+02 5.186853333333333467e+03
5.751100000000000000e+04 nan 1.296909775096418570e-14 nan 2.351187328990745868e+02 5.078163333333332957e+03
5.751600000000000000e+04 nan nan nan nan nan
5.751600000000000000e+04 nan nan nan nan nan
5.751600000000000000e+04 nan nan nan nan nan
5.752000000000000000e+04 nan nan nan nan nan
5.752000000000000000e+04 nan nan nan nan nan
5.752000000000000000e+04 nan nan nan nan nan
5.752300000000000000e+04 nan nan nan nan nan
5.752300000000000000e+04 nan 1.236509070364967346e-14 nan 6.916852247616080263e+01 1.353398833333333187e+03
5.752300000000000000e+04 nan 1.190449794225667353e-14 nan 9.122490784042429368e+01 1.761028333333333194e+03
5.752900000000000000e+04 nan 1.406031104239638401e-14 nan 1.668286378256744342e+02 4.739158333333333758e+03
5.752900000000000000e+04 nan 1.362279214560713205e-14 nan 1.758801409667503890e+02 4.937126666666666097e+03
5.752900000000000000e+04 nan 1.410353576278792474e-14 nan 1.630746596585530312e+02 4.707970000000000255e+03
5.753400000000000000e+04 nan 1.270185241985819738e-14 nan 2.051393325308739293e+02 5.276024999999999636e+03
5.753400000000000000e+04 nan 1.256435347928653615e-14 nan 2.109652394227712193e+02 5.367343333333333248e+03
5.753400000000000000e+04 nan 1.262136671075237059e-14 nan 2.076687868227600120e+02 5.356481666666667479e+03
5.754600000000000000e+04 nan nan nan 2.654585099457610227e+02 5.277331666666666933e+03
5.754600000000000000e+04 nan nan nan 2.612181783355551374e+02 5.237453333333333831e+03
5.754600000000000000e+04 nan nan nan 2.635792923965199748e+02 5.284991666666666788e+03
5.755000000000000000e+04 nan 1.196555615885586634e-14 nan 2.633921667899308545e+02 5.501598333333333358e+03
5.755000000000000000e+04 nan 1.201003059925086132e-14 nan 2.623621925273566831e+02 5.453998333333333903e+03
5.755000000000000000e+04 nan 1.212408998526320596e-14 nan 2.641189601855967339e+02 5.514659999999999854e+03
5.755400000000000000e+04 nan 9.861796963786273585e-15 nan 2.240709520293134744e+02 4.687018333333332521e+03
5.755400000000000000e+04 nan 9.868574894859344569e-15 nan 1.504487553173464391e+02 3.243273333333333085e+03
5.755400000000000000e+04 nan 9.725644844076640596e-15 nan 1.406284758123632344e+02 3.056421666666666624e+03
5.755700000000000000e+04 nan 9.160904830571555106e-15 nan 2.296267700426909073e+02 5.062481666666667479e+03
5.755700000000000000e+04 nan 9.134542867462730462e-15 nan 2.242919523656189256e+02 5.003929999999999382e+03
5.755700000000000000e+04 nan 8.962149374488763711e-15 nan 2.152676814799451677e+02 4.763820000000000618e+03
5.756100000000000000e+04 nan 9.483137045226613160e-15 nan 1.929949836241209766e+02 5.065500000000000000e+03
5.756100000000000000e+04 nan 9.521207541382879873e-15 nan 1.869184409440983927e+02 5.097134999999999309e+03
5.756100000000000000e+04 nan 9.584621135587192287e-15 nan 1.889752725929913026e+02 5.045945000000000618e+03
5.756600000000000000e+04 nan 9.891248754636779422e-15 nan 2.215791589888897590e+02 5.082866666666666788e+03
5.756600000000000000e+04 nan 1.012365030032679774e-14 nan 2.105983123339191252e+02 4.865429999999999382e+03
5.756600000000000000e+04 nan 1.004564537483861592e-14 nan 2.157994530074145416e+02 4.921946666666666715e+03
5.756900000000000000e+04 nan nan nan 1.943608079154420238e+02 4.048153333333333649e+03
5.756900000000000000e+04 nan nan nan 1.924863074768695128e+02 3.991470000000000255e+03
5.756900000000000000e+04 nan nan nan 1.627070183765435445e+02 3.364386666666666770e+03
5.757300000000000000e+04 nan nan nan nan nan
5.757300000000000000e+04 nan nan nan nan nan
5.757300000000000000e+04 nan nan nan nan nan
5.757600000000000000e+04 nan 9.902486691377484765e-15 nan 2.409201412408073395e+02 4.747829999999999927e+03
5.757600000000000000e+04 nan 9.883707368348250995e-15 nan 2.403131112347078613e+02 4.763416666666666970e+03
5.757600000000000000e+04 nan 9.938058826014511240e-15 nan 2.376267408117373066e+02 4.657861666666666679e+03
5.758100000000000000e+04 nan 9.370619337317179637e-15 nan 2.394608418746189500e+02 4.627763333333333321e+03
5.758100000000000000e+04 nan 9.040077228709414554e-15 nan 2.268746697760567486e+02 4.292445000000000618e+03
5.758100000000000000e+04 nan 9.304011813987583765e-15 nan 2.321879814097169401e+02 4.383688333333333503e+03
5.758400000000000000e+04 nan 8.845871694677814216e-15 nan 2.326808074808454876e+02 4.681895000000000437e+03
5.758400000000000000e+04 nan 8.955069942821446025e-15 nan 2.317790827142188448e+02 4.684824999999999818e+03
5.758400000000000000e+04 nan 8.969846827286276855e-15 nan 2.361817352202920972e+02 4.702750000000000000e+03
5.758700000000000000e+04 nan 9.083959153836903828e-15 nan 1.064528137953935243e+02 3.245188333333333048e+03
5.758700000000000000e+04 nan 8.987627898799067396e-15 nan 1.160108197892318174e+02 3.439248333333333449e+03
5.758700000000000000e+04 nan 9.083054815219785196e-15 nan 1.131745251022067293e+02 3.408358333333333121e+03
5.759000000000000000e+04 nan 9.954348195278303871e-15 nan 1.144156255111855671e+02 4.262968333333333248e+03
5.759000000000000000e+04 nan 1.005608773796684285e-14 nan 6.976245047767599772e+01 3.100599999999999909e+03
5.759000000000000000e+04 nan 1.001484925678512750e-14 nan 8.462593440507396281e+01 3.485741666666666788e+03
5.759300000000000000e+04 nan 1.261884589714338979e-14 nan 2.185810226693817526e+02 5.154366666666666788e+03
5.759300000000000000e+04 nan 1.268714296536260935e-14 nan 2.152571110993804666e+02 5.150006666666667115e+03
5.759300000000000000e+04 nan 1.261179757067541875e-14 nan 2.134121162560393827e+02 5.150938333333333503e+03
5.759700000000000000e+04 nan 9.149491415125173333e-15 nan 5.936048403877531854e+01 1.090337999999999965e+03
5.759700000000000000e+04 nan 9.160527362643406884e-15 nan 5.266116241096841577e+01 9.929896666666666079e+02
5.759700000000000000e+04 nan 9.090268188860412744e-15 nan 1.106869870779747913e+02 2.073158333333333303e+03
5.760000000000000000e+04 nan 1.368174412013270512e-14 nan 2.407214411963489056e+02 4.745065000000000509e+03
5.760000000000000000e+04 nan nan nan 2.235298788698882220e+02 4.499179999999999382e+03
5.760000000000000000e+04 nan nan nan 2.315063759976423796e+02 4.734425000000000182e+03
5.760300000000000000e+04 nan 1.384225636580817625e-14 nan 2.589331535560065731e+02 5.077553333333333285e+03
5.760300000000000000e+04 nan 1.363737824536283999e-14 nan 2.601598354715970913e+02 5.158341666666666242e+03
5.760300000000000000e+04 nan 1.350389088613726453e-14 nan 2.553206863841647021e+02 5.149518333333332521e+03
5.760600000000000000e+04 nan 1.027397579147920464e-14 nan 2.177660700694673608e+02 4.331848333333333358e+03
5.760600000000000000e+04 nan 1.022693233613381113e-14 nan 2.227881922456193990e+02 4.377779999999999745e+03
5.760600000000000000e+04 nan 1.029675172781496772e-14 nan 2.138037654684621884e+02 4.320725000000000364e+03
5.760900000000000000e+04 nan 1.002964622284061227e-14 nan 1.777630532798895047e+02 4.613226666666666461e+03
5.760900000000000000e+04 nan 9.937352100241923191e-15 nan 1.955394444066340043e+02 4.582494999999999891e+03
5.760900000000000000e+04 nan 9.932992700842925504e-15 nan 2.137394940877838110e+02 4.708821666666666715e+03
5.761300000000000000e+04 nan 1.362938052534742984e-14 nan 2.313696173449824016e+02 5.137149999999999636e+03
5.761300000000000000e+04 nan 1.375431293603204336e-14 nan 2.312665516315350089e+02 5.063208333333333030e+03
5.761300000000000000e+04 nan 1.463220267273232635e-14 nan 2.178336269143440234e+02 4.738375000000000000e+03
5.761600000000000000e+04 nan 8.998773154375929289e-15 nan 1.527770713541682142e+02 4.823061666666666497e+03
5.761600000000000000e+04 nan 8.790067739807762565e-15 nan 1.549780127578661961e+02 4.677028333333333649e+03
5.761600000000000000e+04 nan 9.009257055470438506e-15 nan 1.619428056710240185e+02 4.885598333333333358e+03
5.761900000000000000e+04 nan 1.004268994115420518e-14 nan 1.362197391759485186e+02 5.125256666666667115e+03
5.761900000000000000e+04 nan 1.008802137140104136e-14 nan 1.346262760351692691e+02 5.145046666666666169e+03
5.761900000000000000e+04 nan 1.013364129833896273e-14 nan 1.301863604431868566e+02 5.067251666666666097e+03
5.762300000000000000e+04 nan 9.241489039933889108e-15 nan 2.408506035851939941e+02 4.839323333333333721e+03
5.762300000000000000e+04 nan 9.397528567930145483e-15 nan 2.278181319358959058e+02 4.560859999999999673e+03
5.762300000000000000e+04 nan nan nan 2.380199878849440154e+02 4.799524999999999636e+03
5.762600000000000000e+04 nan 1.438345294116169956e-14 nan 2.348989579717963636e+02 4.608773333333333539e+03
5.762600000000000000e+04 nan 1.490176827055180532e-14 nan 2.267653938486032814e+02 4.446536666666666861e+03
5.762600000000000000e+04 nan 1.446965698521568549e-14 nan 2.390137729688781576e+02 4.642721666666666351e+03
5.762900000000000000e+04 nan nan nan 2.663597999574031974e+02 5.189823333333333721e+03
5.762900000000000000e+04 nan nan nan 2.620817582724700401e+02 5.121046666666666169e+03
5.762900000000000000e+04 nan nan nan 2.613298208059515559e+02 5.198199999999999818e+03
5.763200000000000000e+04 nan 9.383464488657681790e-15 nan 2.498850323304525887e+02 5.139179999999999382e+03
5.763200000000000000e+04 nan 9.386857525225783134e-15 nan 2.507901147035875624e+02 5.145899999999999636e+03
5.763200000000000000e+04 nan 9.390851930310528378e-15 nan 2.531843088548018841e+02 5.118524999999999636e+03
5.769000000000000000e+04 nan 1.506444075161184612e-14 nan 2.494142010354494801e+02 4.847633333333333212e+03
5.769000000000000000e+04 nan 1.514871268617354527e-14 nan 2.471049588151097964e+02 4.817951666666665915e+03
5.769000000000000000e+04 nan 1.614789548913436516e-14 nan 2.389503452966230270e+02 4.641176666666666279e+03
5.769400000000000000e+04 nan nan nan 1.919873142024835602e+02 4.364914999999999964e+03
5.769400000000000000e+04 nan nan nan 1.946062610207449666e+02 4.367883333333333212e+03
5.769400000000000000e+04 nan nan nan 1.955748153285021544e+02 4.289029999999999745e+03
5.770000000000000000e+04 nan 1.217107431032339747e-14 nan 1.889534689593361065e+02 4.579163333333332957e+03
5.770000000000000000e+04 nan 1.217107239040501967e-14 nan 1.859567672633342568e+02 4.543234999999999673e+03
5.770000000000000000e+04 nan 1.220895297788338677e-14 nan 1.842209525924874356e+02 4.529759999999999309e+03
5.770300000000000000e+04 nan nan nan 1.463789957966118038e+02 4.307986666666666679e+03
5.770300000000000000e+04 nan nan nan 1.511276182088266467e+02 4.335060000000000400e+03
5.770300000000000000e+04 nan nan nan 1.457787072235526580e+02 4.341368333333333794e+03
5.770700000000000000e+04 nan nan nan 1.174906020674269911e+02 3.834268333333333430e+03
5.770700000000000000e+04 nan nan nan 1.219512610775347810e+02 3.837851666666666915e+03
5.770700000000000000e+04 nan nan nan 1.166960153563215243e+02 3.831133333333333212e+03
5.771100000000000000e+04 nan nan nan 1.796158653862063375e+02 4.156871666666666897e+03
5.771100000000000000e+04 nan nan nan 1.691124596863822944e+02 4.098833333333333030e+03
5.771100000000000000e+04 nan nan nan 1.755634844886705821e+02 4.101399999999999636e+03
5.771400000000000000e+04 nan nan nan 1.685402501204514749e+02 3.489029999999999745e+03
5.771400000000000000e+04 nan nan nan 1.706890793365935792e+02 3.534941666666666606e+03
5.771400000000000000e+04 nan nan nan 1.685196377886766754e+02 3.516758333333333212e+03
5.772000000000000000e+04 nan nan nan 1.894681450440394883e+02 4.034076666666666824e+03
5.772000000000000000e+04 nan nan nan 1.924239822907731252e+02 3.988173333333333176e+03
5.772000000000000000e+04 nan nan nan 1.901608133183430027e+02 4.042610000000000127e+03
5.772400000000000000e+04 nan nan nan 1.587592720389625640e+02 3.404449999999999818e+03
5.772400000000000000e+04 nan nan nan 1.592621648664254792e+02 3.356320000000000164e+03
5.772800000000000000e+04 nan nan nan 1.729611394178176624e+02 3.829690000000000055e+03
5.772800000000000000e+04 nan nan nan 1.751564547347865641e+02 3.855481666666666570e+03
5.772800000000000000e+04 nan nan nan 1.720272157614402886e+02 3.837731666666666570e+03
5.773300000000000000e+04 nan nan nan 1.198351432435419497e+02 3.311231666666666570e+03
5.773300000000000000e+04 nan nan nan 1.390555021153680002e+02 3.728243333333333339e+03
5.773300000000000000e+04 nan nan nan 1.449952102224654027e+02 3.858513333333333321e+03
5.773600000000000000e+04 nan 1.519754403191623119e-14 nan 1.270110791398248153e+02 3.901126666666666551e+03
5.773600000000000000e+04 nan 1.562491611913099299e-14 nan 1.265274672066632888e+02 3.866738333333333230e+03
5.773600000000000000e+04 nan 1.520228915723293993e-14 nan 1.259173224472960726e+02 3.890078333333333376e+03
5.773900000000000000e+04 nan 9.637702364800517554e-15 nan 1.578554440923851985e+02 4.008379999999999654e+03
5.773900000000000000e+04 nan 9.734796429547724931e-15 nan 1.583554520222996018e+02 4.006371666666666442e+03
5.773900000000000000e+04 nan 9.753942800290907820e-15 nan 1.620440440930030661e+02 3.979956666666666479e+03
5.774200000000000000e+04 nan 1.265807991204344162e-14 nan 1.878192172747741608e+02 3.686886666666666770e+03
5.774200000000000000e+04 nan 1.265448403037351829e-14 nan 1.880346278575503050e+02 3.715763333333333321e+03
5.774200000000000000e+04 nan 1.287518048929900342e-14 nan 1.898560325267980602e+02 3.680764999999999873e+03
5.774600000000000000e+04 nan 1.260470761993906296e-14 nan 1.658210445045001222e+02 4.037858333333333121e+03
5.774600000000000000e+04 nan 1.308729013200198509e-14 nan 1.311456228499471592e+02 3.898168333333333521e+03
5.774600000000000000e+04 nan 1.316254730801296012e-14 nan 1.509934485454484161e+02 3.920835000000000036e+03
5.774900000000000000e+04 nan nan nan 1.780301023287296402e+02 3.688815000000000055e+03
5.774900000000000000e+04 nan nan nan 1.858652981817069190e+02 3.756894999999999982e+03
5.774900000000000000e+04 nan nan nan 1.819319829938754651e+02 3.624648333333333085e+03
5.775200000000000000e+04 nan 1.002559992515614423e-14 nan 1.802975486506497305e+02 3.693993333333333339e+03
5.775200000000000000e+04 nan 9.853247666797678463e-15 nan 1.860393082967337648e+02 3.769210000000000036e+03
5.775200000000000000e+04 nan 1.002560561473411525e-14 nan 1.835057786674578892e+02 3.749323333333333267e+03
5.785700000000000000e+04 nan 1.047576521644150870e-14 nan 1.246069008980585409e+02 2.850846666666666351e+03
5.785700000000000000e+04 nan 1.056794327214379943e-14 nan 1.249405546475878879e+02 2.883291666666666515e+03
5.785700000000000000e+04 nan 1.045714594643042952e-14 nan 1.289062582752201536e+02 2.949574999999999818e+03
5.787300000000000000e+04 nan nan nan nan nan
5.787300000000000000e+04 nan 8.067189578428933139e-15 nan 8.985443560152319264e+01 1.714585000000000036e+03
5.787300000000000000e+04 nan 1.115357535014689550e-14 nan 5.693902971459500151e+01 1.027293833333333396e+03
5.787600000000000000e+04 nan 1.094014394015140725e-14 nan 2.734828259559496928e+02 5.729043333333333067e+03
5.787600000000000000e+04 nan 1.090885991028875262e-14 nan 2.746181865266747764e+02 5.766143333333332521e+03
5.787600000000000000e+04 nan 1.075128071986089829e-14 nan 2.729212651920810799e+02 5.744663333333332957e+03
5.790300000000000000e+04 nan 9.335896763505150291e-15 nan 2.221419316572857383e+02 4.422203333333333831e+03
5.790300000000000000e+04 nan 9.373256318962882454e-15 nan 2.190336327727691241e+02 4.232388333333333321e+03
5.790300000000000000e+04 nan 9.409950312219085190e-15 nan 2.118323567745001128e+02 4.226085000000000036e+03
5.790600000000000000e+04 nan 9.882755633374562830e-15 nan 2.605164830529695337e+02 5.439170000000000073e+03
5.790600000000000000e+04 nan 9.885661295691305979e-15 nan 2.618901780108170669e+02 5.428034999999999854e+03
5.790600000000000000e+04 nan 9.863351524188453179e-15 nan 2.540014413642109616e+02 5.316244999999999891e+03
5.790900000000000000e+04 nan 1.399568775912083547e-14 nan 1.626369258155433073e+01 2.999141666666666310e+02
5.790900000000000000e+04 nan 1.244596661892462520e-14 nan 4.504140654343346739e+01 8.299163333333333412e+02
5.790900000000000000e+04 nan 1.280034375270426347e-14 nan 5.068164630321196285e+01 9.472863333333333458e+02
5.791300000000000000e+04 nan nan nan 1.770019582076429572e+02 4.827378333333333103e+03
5.791300000000000000e+04 nan nan nan 1.854301706592219148e+02 5.030554999999999382e+03
5.791300000000000000e+04 nan nan nan 1.805766820351790614e+02 4.879571666666666715e+03
5.791600000000000000e+04 nan nan nan 1.988888592474810650e+02 5.237333333333333030e+03
5.791600000000000000e+04 nan nan nan 2.041881616977908038e+02 5.412259999999999309e+03
5.791600000000000000e+04 nan nan nan 2.079430907165521205e+02 5.329675000000000182e+03
5.792200000000000000e+04 nan nan nan 3.787361138998856092e+01 7.187416666666666742e+02
5.792200000000000000e+04 nan nan nan 3.470513825688306753e+01 6.471193333333334294e+02
5.792200000000000000e+04 nan nan nan 1.926074904000259735e+01 3.546608333333333576e+02
5.792500000000000000e+04 nan 1.209987529942700670e-14 nan 2.323139372944091576e+02 4.507183333333333394e+03
5.792500000000000000e+04 nan 1.153933675713295925e-14 nan 2.255789271775539362e+02 4.523670000000000073e+03
5.792500000000000000e+04 nan 1.148892777267817243e-14 nan 2.166895956979398079e+02 4.262646666666666533e+03
5.793300000000000000e+04 nan 1.869760227567726424e-14 nan 2.014688371793853037e+02 3.823131666666666661e+03
5.793300000000000000e+04 nan 1.773353902699190850e-14 nan 2.091069126044624227e+02 3.945921666666666624e+03
5.793300000000000000e+04 nan 2.015145785868912840e-14 nan 1.958804449754649397e+02 3.669595000000000255e+03
5.793600000000000000e+04 nan nan nan 2.643770090432587381e+02 5.128524999999999636e+03
5.793600000000000000e+04 nan nan nan 2.576167895559640328e+02 4.898606666666667479e+03
5.793600000000000000e+04 nan nan nan 2.691360505984344513e+02 5.225748333333333903e+03
5.794200000000000000e+04 nan nan nan nan nan
5.794200000000000000e+04 nan nan nan nan nan
5.794200000000000000e+04 nan nan nan nan nan
5.794500000000000000e+04 nan nan nan 1.079637500746405010e+02 3.343151666666666642e+03
5.794500000000000000e+04 nan nan nan 1.046604629354531113e+02 3.153220000000000255e+03
5.794500000000000000e+04 nan nan nan 1.026090795030251144e+02 3.170098333333333358e+03
5.794800000000000000e+04 nan 1.328919612994597464e-14 nan 2.235713591368464108e+02 4.853208333333333030e+03
5.794800000000000000e+04 nan 1.267360918753462647e-14 nan 2.335347730648041704e+02 5.009679999999999382e+03
5.794800000000000000e+04 nan 1.326258878233184704e-14 nan 2.277132399276794672e+02 4.831539999999999964e+03
5.795100000000000000e+04 nan 9.945049457811576245e-15 nan 2.457831515104424795e+02 4.919463333333333139e+03
5.795100000000000000e+04 nan 9.825548451147383165e-15 nan 2.443896689407893916e+02 4.835221666666666351e+03
5.795100000000000000e+04 nan 9.776819071422870336e-15 nan 2.287546071534774512e+02 4.578090000000000146e+03
5.795400000000000000e+04 nan nan nan 1.814511661656918875e+02 3.472901666666666642e+03
5.795400000000000000e+04 nan nan nan 2.106129133157902231e+02 4.085168333333333521e+03
5.795400000000000000e+04 nan nan nan 2.070196109129572335e+02 4.082143333333333430e+03
5.795800000000000000e+04 nan nan nan 2.551240443970988565e+02 4.879436666666666497e+03
5.795800000000000000e+04 nan nan nan 2.552645840952289973e+02 4.939066666666666606e+03
5.795800000000000000e+04 nan nan nan 2.531729169735176583e+02 4.903173333333334085e+03
5.796200000000000000e+04 nan 1.206737225646077622e-14 nan 2.205458214147581657e+02 4.263886666666667224e+03
5.796200000000000000e+04 nan 1.192627972414293995e-14 nan 2.287042328033934382e+02 4.420508333333333212e+03
5.796200000000000000e+04 nan 1.224965757780681521e-14 nan 1.792078172686115636e+02 3.405394999999999982e+03
5.796500000000000000e+04 nan nan nan 7.028475077294402240e+01 1.258395666666666784e+03
5.796500000000000000e+04 nan nan nan 4.299904089937137996e+01 7.763948333333333949e+02
5.796500000000000000e+04 nan nan nan 5.246768871391682154e+01 9.292778333333333194e+02
5.797000000000000000e+04 nan nan nan 2.049848025575247448e+02 4.798409999999999854e+03
5.797000000000000000e+04 nan nan nan 2.089907391603981637e+02 4.894953333333333831e+03
5.797000000000000000e+04 nan nan nan 2.109046576390520045e+02 4.914071666666666715e+03
5.797300000000000000e+04 nan nan nan 1.217275173231268894e+02 4.977795000000000073e+03
5.797300000000000000e+04 nan nan nan 1.174128422685607660e+02 4.905986666666666679e+03
5.797300000000000000e+04 nan nan nan 9.406783161255305004e+01 4.371600000000000364e+03
5.798000000000000000e+04 nan 9.822933093089802394e-15 nan 2.354402774579839672e+02 4.832125000000000000e+03
5.798000000000000000e+04 nan 9.808927565428466119e-15 nan 2.304810238159861058e+02 4.794793333333333067e+03
5.798000000000000000e+04 nan 9.816187807772068527e-15 nan 2.251271020960900842e+02 4.598449999999999818e+03
5.798300000000000000e+04 nan 1.768107352297767159e-14 nan 2.445100422316134825e+02 4.915816666666666606e+03
5.798300000000000000e+04 nan 1.709879353643443752e-14 nan 2.528019641103966819e+02 5.041853333333333467e+03
5.798300000000000000e+04 nan 1.961043218586219168e-14 nan 2.453257943229480418e+02 4.912411666666666861e+03
5.798600000000000000e+04 nan 1.144752694012954814e-14 nan 2.487175061116188033e+02 5.107006666666667115e+03
5.798600000000000000e+04 nan 1.146969408932752020e-14 nan 2.342579000462634156e+02 4.954041666666666970e+03
5.798600000000000000e+04 nan 1.112250795422083709e-14 nan 2.484600265904818173e+02 5.101465000000000146e+03
5.799000000000000000e+04 nan nan nan 2.472084053970627622e+02 4.755181666666667297e+03
5.799000000000000000e+04 nan nan nan 2.455258681479242000e+02 4.742011666666667224e+03
5.799000000000000000e+04 nan nan nan 2.412640896761849945e+02 4.721908333333333758e+03
5.799300000000000000e+04 nan nan nan 2.438553928267672006e+02 4.707313333333333503e+03
5.799300000000000000e+04 nan nan nan 2.352674676972055750e+02 4.537563333333333503e+03
5.799300000000000000e+04 nan nan nan 2.426623004821575194e+02 4.693808333333333394e+03
5.799600000000000000e+04 nan 9.372629000583729060e-15 nan 1.858282734524992108e+01 5.196634999999999991e+02
5.799600000000000000e+04 nan 9.732224745909691654e-15 nan 6.258374965135742940e+01 1.636888500000000022e+03
5.799600000000000000e+04 nan 9.895621458542863654e-15 nan 2.725418890787450010e+01 7.915321666666666260e+02
5.800000000000000000e+04 nan nan nan 1.460814191602771643e+02 4.446034999999999854e+03
5.800000000000000000e+04 nan nan nan 1.511704759075855975e+02 4.598386666666667224e+03
5.800000000000000000e+04 nan nan nan 1.554675853611344394e+02 4.774414999999999964e+03
5.800300000000000000e+04 nan 1.377205954604675223e-14 nan 1.665501332380743804e+02 4.600376666666666097e+03
5.800300000000000000e+04 nan 1.589751850140570191e-14 nan 1.577871565747127818e+02 4.191795000000000073e+03
5.800300000000000000e+04 nan 1.379554337003210932e-14 nan 1.689354535092537049e+02 4.628861666666666679e+03
5.800700000000000000e+04 nan nan nan 2.430671414295189265e+02 4.764513333333333321e+03
5.800700000000000000e+04 nan nan nan 2.325278970832308687e+02 4.547103333333333467e+03
5.800700000000000000e+04 nan nan nan 2.292441490021063260e+02 4.471131666666667115e+03
5.801000000000000000e+04 nan nan nan 2.315989355605530307e+02 4.509788333333332957e+03
5.801000000000000000e+04 nan nan nan 2.309005933183990749e+02 4.517073333333333721e+03
5.801000000000000000e+04 nan nan nan 2.469508732080365689e+02 4.737755000000000109e+03
5.801700000000000000e+04 nan nan nan 2.266623737887101129e+02 4.474191666666666606e+03
5.801700000000000000e+04 nan nan nan 2.349814048629761487e+02 4.730630000000000109e+03
5.801700000000000000e+04 nan nan nan 2.397620131876011271e+02 4.765895000000000437e+03
5.802100000000000000e+04 nan 9.156541741225627912e-15 nan 2.071635626182532803e+02 4.370179999999999382e+03
5.802100000000000000e+04 nan 9.144885855279566920e-15 nan 2.066791601754885619e+02 4.369140000000000327e+03
5.802100000000000000e+04 nan 9.055179177227863795e-15 nan 2.009849925076360080e+02 4.283916666666666970e+03
5.802400000000000000e+04 nan nan nan 1.286718346299116433e+02 2.910786666666666861e+03
5.802400000000000000e+04 nan 1.296765104203318546e-14 nan 1.349256518948498069e+02 2.950496666666666442e+03
5.802400000000000000e+04 nan 1.253357045084117084e-14 nan 1.214903574134043680e+02 2.786239999999999782e+03
5.802700000000000000e+04 nan 1.411358900348541943e-14 nan 1.502609137668261781e+02 4.065620000000000346e+03
5.802700000000000000e+04 nan 1.445958467658554309e-14 nan 1.514600961216899577e+02 4.057690000000000055e+03
5.802700000000000000e+04 nan 1.410821616080417291e-14 nan 1.491309915707454081e+02 4.095308333333333394e+03
5.804700000000000000e+04 nan nan nan 2.209517047895908775e+02 4.487354999999999563e+03
5.804700000000000000e+04 nan nan nan 2.186128617951183628e+02 4.455103333333333467e+03
5.804700000000000000e+04 nan nan nan 2.223850361755972358e+02 4.463843333333333248e+03
5.805000000000000000e+04 nan 1.001672036810828781e-14 nan 8.874415165255324212e+01 1.676571666666666715e+03
5.805000000000000000e+04 nan 1.028884382736382985e-14 nan 2.160463831540762385e+02 4.270385000000000218e+03
5.805000000000000000e+04 nan 1.034939409453331224e-14 nan 1.984069274345148415e+02 3.930896666666666533e+03
5.805300000000000000e+04 nan nan nan 1.387921184528078413e+02 2.774376666666666551e+03
5.805300000000000000e+04 nan nan nan 2.035644290967480003e+02 4.178195000000000618e+03
5.805300000000000000e+04 nan nan nan 2.073731722538248050e+02 4.239773333333333539e+03
5.805600000000000000e+04 nan 9.922127988097430528e-15 nan 1.844900783720272557e+02 4.310784999999999854e+03
5.805600000000000000e+04 nan 9.820586889671419973e-15 nan 1.916128125564022753e+02 4.344198333333332812e+03
5.805600000000000000e+04 nan 1.002341254546609654e-14 nan 1.827971647586297479e+02 4.236070000000000618e+03
5.806200000000000000e+04 nan nan nan 1.583155190018946996e+02 4.588528333333333649e+03
5.806200000000000000e+04 nan nan nan 1.579527133549128735e+02 4.598243333333332885e+03
5.806200000000000000e+04 nan nan nan 1.573643190267365242e+02 4.550948333333333721e+03
5.806500000000000000e+04 nan nan nan 1.567998892718453305e+02 3.728853333333333467e+03
5.806500000000000000e+04 nan nan nan 1.556028031414945474e+02 3.701786666666666861e+03
5.806500000000000000e+04 nan nan nan 1.478756504280967761e+02 3.579983333333333121e+03
5.806800000000000000e+04 nan nan nan 1.963097259736290994e+02 4.031714999999999691e+03
5.806800000000000000e+04 nan nan nan 1.944889610090694134e+02 4.003678333333333740e+03
5.806800000000000000e+04 nan nan nan 1.981540276127001903e+02 4.092388333333333321e+03
5.807100000000000000e+04 nan nan nan 1.971794901657870867e+02 3.983099999999999909e+03
5.807100000000000000e+04 nan nan nan 1.934432920778360199e+02 3.967313333333333048e+03
5.807100000000000000e+04 nan nan nan 1.986509985036655621e+02 3.997276666666666642e+03
5.807500000000000000e+04 nan 9.858701362516476140e-15 nan 2.081782407322749293e+02 4.198241666666666788e+03
5.807500000000000000e+04 nan 9.841285465051940423e-15 nan 2.096614582138524270e+02 4.206186666666666497e+03
5.807500000000000000e+04 nan 9.577927013160976258e-15 nan 2.095092017253974461e+02 4.159720000000000255e+03
5.807800000000000000e+04 nan nan nan 1.876261773022859813e+02 3.947271666666666533e+03
5.807800000000000000e+04 nan nan nan 1.940129825212807191e+02 4.040806666666666388e+03
5.807800000000000000e+04 nan nan nan 1.906812352153459926e+02 3.987523333333333085e+03
5.808200000000000000e+04 nan nan nan 1.802444577164484087e+02 3.821449999999999818e+03
5.808200000000000000e+04 nan nan nan 1.926132651727271252e+02 4.087135000000000218e+03
5.808200000000000000e+04 nan nan nan 1.183646968708397793e+02 2.512876666666666551e+03
5.808600000000000000e+04 nan nan nan 1.321090582207194188e+02 3.909193333333333612e+03
5.808600000000000000e+04 nan nan nan 1.354179855858789665e+02 3.980008333333333212e+03
5.809000000000000000e+04 nan 9.800051729284056710e-15 nan 1.117535148116004962e+02 3.791166666666666515e+03
5.809400000000000000e+04 nan 1.031511349477093753e-14 nan 1.711460526418621839e+02 4.210130000000000109e+03
5.809400000000000000e+04 nan 1.034669706926166368e-14 nan 1.712516902058457617e+02 4.204213333333333139e+03
5.809400000000000000e+04 nan 1.029522170558006261e-14 nan 1.764702947724587432e+02 4.280018333333333430e+03
5.811200000000000000e+04 nan 1.107926204274136947e-14 nan 1.880030718140010038e+02 4.086248333333333449e+03
5.811200000000000000e+04 nan 1.113676632067681307e-14 nan 1.857572072801195020e+02 4.117503333333333103e+03
5.811200000000000000e+04 nan 1.100377068983287509e-14 nan 1.854909601979028935e+02 4.098364999999999782e+03
5.811500000000000000e+04 nan nan nan 1.946022594520409257e+02 4.455449999999999818e+03
5.811500000000000000e+04 nan nan nan 2.012573027264060102e+02 4.465875000000000000e+03
5.811500000000000000e+04 nan nan nan 1.989275416372091456e+02 4.443858333333333576e+03
5.811800000000000000e+04 nan 9.869080707943956810e-15 nan 1.473788966207040403e+02 4.118146666666666533e+03
5.811800000000000000e+04 nan 9.800038416324492804e-15 nan 1.445268982362381394e+02 4.083789999999999964e+03
5.811800000000000000e+04 nan 9.842760691119018615e-15 nan 1.445074086349314086e+02 4.088513333333333321e+03
5.822300000000000000e+04 nan 9.819608256046616224e-15 nan 1.893686926181320302e+02 3.768476666666666915e+03
5.822300000000000000e+04 nan 9.849764158533009191e-15 nan 1.871485307521615766e+02 3.767361666666666679e+03
5.822300000000000000e+04 nan 9.489546743335413107e-15 nan 1.857511506894501565e+02 3.646773333333333085e+03
5.823500000000000000e+04 nan 1.198067962295278735e-14 nan 8.821456900371029519e+01 1.759773333333333312e+03
5.823500000000000000e+04 nan nan nan nan nan
5.823900000000000000e+04 nan nan nan nan nan
5.823900000000000000e+04 nan nan nan nan nan
5.823900000000000000e+04 nan nan nan nan nan
5.824400000000000000e+04 nan nan nan nan nan
5.824400000000000000e+04 nan nan nan 4.800172827321117097e+01 3.666894999999999982e+03
5.824400000000000000e+04 nan nan nan nan nan
5.825800000000000000e+04 nan nan nan 1.605404423993061584e+02 3.050864999999999782e+03
5.825800000000000000e+04 nan nan nan 1.804951750160090853e+02 3.539900000000000091e+03
5.825800000000000000e+04 nan nan nan 1.580210564230658861e+02 3.031789999999999964e+03
5.826200000000000000e+04 nan 1.246947462644189753e-14 nan 2.078455826518882077e+02 3.942663333333332957e+03
5.826200000000000000e+04 nan 1.247653806569186429e-14 nan 2.096728066776614412e+02 4.016271666666666533e+03
5.826200000000000000e+04 nan 1.233395437514749961e-14 nan 2.113152360072245983e+02 3.976191666666666606e+03
5.826500000000000000e+04 nan nan nan 1.701803611537304448e+02 3.908181666666666388e+03
5.826500000000000000e+04 nan nan nan 1.657760129378030456e+02 3.834968333333333248e+03
5.826500000000000000e+04 nan nan nan 1.705771268121108903e+02 3.922268333333333430e+03
5.827000000000000000e+04 nan nan nan nan nan
5.827100000000000000e+04 nan 1.255808499938104062e-14 nan 1.193880326657358211e+02 3.702309999999999945e+03
5.827100000000000000e+04 nan 1.343477199085581944e-14 nan 1.178265985827521121e+02 3.692438333333333048e+03
5.827100000000000000e+04 nan 1.299957747685007542e-14 nan 1.150887077909338672e+02 3.636879999999999654e+03
5.827400000000000000e+04 nan 9.793442967152032566e-15 nan 1.457109927609543547e+02 3.713586666666667043e+03
5.827400000000000000e+04 nan 9.907460511492209460e-15 nan 1.439541321348599752e+02 3.672406666666666752e+03
5.827400000000000000e+04 nan 9.849032161217988052e-15 nan 1.359760813395581351e+02 3.541596666666666351e+03
5.827700000000000000e+04 nan 9.666054426368204443e-15 nan 1.766257099569508000e+02 3.783553333333333740e+03
5.827700000000000000e+04 nan 9.647534166993893310e-15 nan 1.702309635152182352e+02 3.592370000000000346e+03
5.827700000000000000e+04 nan 9.643115301009721106e-15 nan 1.787410971063926581e+02 3.825266666666666879e+03
5.828400000000000000e+04 nan nan nan 1.967299088699178924e+02 3.745920000000000073e+03
5.828400000000000000e+04 nan nan nan 1.859561318354625996e+02 3.578485000000000127e+03
5.828400000000000000e+04 nan nan nan 1.911176495444929344e+02 3.730841666666666697e+03
5.828800000000000000e+04 nan nan nan 1.961628765977206115e+02 3.695029999999999745e+03
5.828800000000000000e+04 nan nan nan 1.887157310114742188e+02 3.586500000000000000e+03
5.828800000000000000e+04 nan nan nan 1.943751647107043823e+02 3.686556666666666388e+03
5.829100000000000000e+04 nan nan nan 1.787043418719552221e+02 3.469613333333333230e+03
5.829100000000000000e+04 nan nan nan 1.817502847270694133e+02 3.560853333333333467e+03
5.829100000000000000e+04 nan nan nan 1.808703398391307644e+02 3.533616666666666788e+03
5.829400000000000000e+04 nan nan nan nan nan
5.829400000000000000e+04 nan nan nan 1.385497556556232155e+02 3.200078333333333376e+03
5.829400000000000000e+04 nan nan nan 1.332273242111647846e+02 3.083468333333333248e+03
5.829700000000000000e+04 nan nan nan 1.421562954392718439e+02 3.596103333333333467e+03
5.829700000000000000e+04 nan nan nan 1.425295861302812455e+02 3.629326666666666824e+03
5.829700000000000000e+04 nan nan nan 1.351388947528454594e+02 3.440074999999999818e+03
5.830700000000000000e+04 nan nan nan 1.870744577788727270e+02 3.520358333333333121e+03
5.830700000000000000e+04 nan nan nan 1.870155500452385979e+02 3.526809999999999945e+03
5.830700000000000000e+04 nan nan nan 1.853130683555032761e+02 3.537411666666666861e+03
5.831000000000000000e+04 nan 9.514191324278216575e-15 nan 1.827543633444766158e+02 3.503775000000000091e+03
5.831000000000000000e+04 nan 9.778212017751753144e-15 nan 1.989145940129321843e+02 3.817093333333333248e+03
5.831000000000000000e+04 nan 9.428507656360528162e-15 nan 1.871378496238338016e+02 3.526831666666666479e+03
5.831300000000000000e+04 nan 9.851345018610455769e-15 nan 1.955435995611674400e+02 3.828023333333333085e+03
5.831300000000000000e+04 nan 9.895288934222212437e-15 nan 1.996913715792734649e+02 3.857136666666666770e+03
5.831300000000000000e+04 nan 9.795801356553316915e-15 nan 1.962891584534964124e+02 3.824796666666666624e+03
5.831800000000000000e+04 nan 1.470982409406191395e-14 nan 1.628446330613714395e+02 3.126596666666666351e+03
5.831800000000000000e+04 nan 1.452957858857447863e-14 nan 1.682308572094922852e+02 3.165858333333333121e+03
5.831800000000000000e+04 nan 1.497215461458244576e-14 nan 1.624961260752205590e+02 3.069576666666666824e+03
5.832100000000000000e+04 nan 9.308023005175397290e-15 nan 1.477662578016237092e+02 2.805214999999999691e+03
5.832100000000000000e+04 nan 9.128730334406003783e-15 nan 1.667119570193580671e+02 3.211795000000000073e+03
5.832100000000000000e+04 nan 9.343062153821230011e-15 nan 1.769352222854908518e+02 3.362466666666666697e+03
5.832400000000000000e+04 nan nan nan 1.266202064855807379e+02 3.659146666666666533e+03
5.832400000000000000e+04 nan nan nan 1.229044226796794703e+02 3.612684999999999945e+03
5.832400000000000000e+04 nan nan nan 1.327917160012527518e+02 3.693216666666666697e+03
5.832800000000000000e+04 nan nan nan 9.870758330545295678e+01 3.394296666666666624e+03
5.832800000000000000e+04 nan nan nan 9.700035186653632024e+01 3.423978333333333467e+03
5.832800000000000000e+04 nan nan nan 9.977423089893130737e+01 3.359761666666666770e+03
5.833100000000000000e+04 nan nan nan 1.670948274314414732e+02 3.566533333333333303e+03
5.833100000000000000e+04 nan nan nan 1.640774802030174726e+02 3.548881666666666661e+03
5.833100000000000000e+04 nan nan nan 1.632456732996752748e+02 3.479463333333333139e+03
5.833400000000000000e+04 nan 1.195931894816381406e-14 nan 1.790193847674678977e+02 3.417483333333333121e+03
5.833400000000000000e+04 nan 1.199480778631811652e-14 nan 1.776084849622068589e+02 3.451763333333333321e+03
5.833400000000000000e+04 nan 1.203905306911865314e-14 nan 1.750233264503570751e+02 3.413163333333332957e+03
5.833800000000000000e+04 nan nan nan 1.889415665826961401e+02 3.584954999999999927e+03
5.833800000000000000e+04 nan nan nan 1.850316987947619225e+02 3.540566666666666606e+03
5.833800000000000000e+04 nan nan nan 1.902981363470740348e+02 3.625293333333333521e+03
5.834100000000000000e+04 nan nan nan 1.892444579106354468e+02 3.602863333333333230e+03
5.834100000000000000e+04 nan nan nan 1.913217372939187726e+02 3.616620000000000346e+03
5.834100000000000000e+04 nan nan nan 1.905670043803482372e+02 3.613516666666666879e+03
5.834400000000000000e+04 nan nan nan 1.812587551943494191e+02 3.402276666666666642e+03
5.834400000000000000e+04 nan nan nan 1.791181805895823516e+02 3.410565000000000055e+03
5.834400000000000000e+04 nan nan nan 1.786420910086362426e+02 3.390224999999999909e+03
5.834700000000000000e+04 nan 9.775441646399787768e-15 nan 1.962470701771856625e+02 3.672888333333333321e+03
5.834800000000000000e+04 nan nan nan 1.310959843221522192e+02 2.403076666666666824e+03
5.834800000000000000e+04 nan nan nan 1.238463343970566939e+02 2.234586666666667043e+03
5.834800000000000000e+04 nan nan nan 1.400216455075802742e+02 2.595339999999999691e+03
5.835100000000000000e+04 nan nan nan 1.613428313964111283e+02 3.491508333333333212e+03
5.835100000000000000e+04 nan nan nan 1.669065523681144327e+02 3.502953333333333376e+03
5.835100000000000000e+04 nan nan nan 1.624780572111707784e+02 3.425501666666666551e+03
