5.751600000000000000e+04 3.880769951524596128e-15 nan nan 4.818100771905002375e+02 1.112476000000000113e+03
5.752300000000000000e+04 4.614386092245896798e-15 5.011990420661804149e-15 5.068324087728803526e-15 1.750247095558897001e+02 2.375454000000000292e+02
5.753000000000000000e+04 4.863596173011858596e-15 nan nan 4.779919869499657921e+02 1.096777000000000044e+03
5.754700000000000000e+04 4.721982749606754182e-15 3.746750457954403513e-15 nan 3.447935323021815179e+02 6.400451000000000477e+02
5.755400000000000000e+04 4.696132315359733615e-15 4.863713056027338038e-15 5.095865496283025202e-15 2.305404915483667310e+02 3.474728000000000065e+02
5.756200000000000000e+04 4.934334305938943140e-15 nan nan 4.896351810860159048e+02 1.144504999999999882e+03
5.756900000000000000e+04 4.490232746043372573e-15 4.681302397192527780e-15 nan nan 5.603552999999999429e+02
5.758300000000000000e+04 4.411329362867870642e-15 4.018927197051728332e-15 nan nan 8.397959999999999354e+02
5.759800000000000000e+04 4.547121774166792584e-15 nan nan nan 1.060869000000000142e+03
5.769300000000000000e+04 4.218068451296811410e-15 nan nan 3.870125402583413461e+02 7.694091999999999416e+02
5.770100000000000000e+04 4.413007890505628957e-15 4.162643202417582915e-15 nan 5.112579933574243114e+02 1.237510999999999967e+03
5.771100000000000000e+04 4.404073414202047442e-15 nan nan 3.561662520728007735e+02 6.727758999999999787e+02
5.771900000000000000e+04 4.510085642468313314e-15 nan nan nan 9.374660999999999831e+02
5.772600000000000000e+04 5.138154518877009224e-15 4.523515448084621880e-15 4.672169579612575842e-15 3.650628036991309955e+02 7.001742000000000417e+02
5.773300000000000000e+04 5.089064453300421162e-15 nan nan 4.410902567566358812e+02 9.566832000000000562e+02
5.774100000000000000e+04 5.235667859165933940e-15 4.905513800634081285e-15 nan 4.270124558479072334e+02 9.067638999999999214e+02
5.774900000000000000e+04 5.071052380524662514e-15 nan nan 4.890905616002193028e+02 1.143495000000000118e+03
5.775700000000000000e+04 nan nan nan nan nan
5.776400000000000000e+04 5.922370131631098514e-15 5.113507625013595399e-15 nan nan 9.484937999999999647e+02
5.777200000000000000e+04 5.818333585912700399e-15 5.372199034597192026e-15 nan nan 9.107673000000000911e+02
5.778600000000000000e+04 5.976402337460260952e-15 4.601640134325477719e-15 nan nan 1.007855999999999995e+03
5.779400000000000000e+04 5.909131839676931780e-15 5.334791761942131901e-15 nan nan 6.888752999999999247e+02
5.780100000000000000e+04 5.172828499300776135e-15 nan nan 4.030330507875393664e+02 8.232891999999999371e+02
5.780900000000000000e+04 nan nan nan nan nan
5.781700000000000000e+04 6.690727416594864773e-15 5.563943623167723407e-15 5.884819327883458744e-15 4.280171421648545902e+02 9.137839000000000169e+02
5.786400000000000000e+04 nan nan nan nan nan
5.787800000000000000e+04 6.709797970062194445e-15 7.614800816084703914e-15 8.086155371144493285e-15 6.730010820185819966e+02 2.008770999999999958e+03
5.788700000000000000e+04 7.132575321716942037e-15 7.208099906037310023e-15 7.202361700541407309e-15 2.695646357726487850e+02 4.373770999999999844e+02
5.789400000000000000e+04 6.001348882649420697e-15 nan nan 5.217392293596232093e+02 1.277405999999999949e+03
5.790300000000000000e+04 7.569697311417372037e-15 6.220206686947115357e-15 nan 3.150152303284451136e+02 5.540208999999999833e+02
5.791000000000000000e+04 9.204375058670781199e-15 4.979233229277343126e-15 4.498620083392218353e-15 2.764415449830918305e+02 4.541364999999999554e+02
5.791800000000000000e+04 7.983687547503439646e-15 7.766892462710780701e-15 7.126421776905816968e-15 4.231351463333286915e+02 8.939239999999999782e+02
5.792500000000000000e+04 7.469741721249787061e-15 7.027106923168818437e-15 nan 6.162946436928243656e+02 1.715565000000000055e+03
5.793300000000000000e+04 8.725899284026476404e-15 8.107166546893726261e-15 nan 3.445734827858832432e+02 6.381024999999999636e+02
5.794200000000000000e+04 nan nan nan nan nan
5.794900000000000000e+04 9.580891209384982686e-15 7.513160564530633174e-15 nan 2.626178599544866756e+02 4.201256000000000199e+02
5.795600000000000000e+04 8.221498100037348154e-15 6.114571513129583975e-15 nan 3.536867726640745104e+02 6.669873000000000047e+02
5.805500000000000000e+04 6.181205080126152478e-15 nan nan 4.886184153155691092e+02 1.141912000000000035e+03
5.806200000000000000e+04 7.095280814563798026e-15 6.231334171064418959e-15 5.932702394556956691e-15 5.427569592080317307e+02 1.367039999999999964e+03
5.807000000000000000e+04 8.695740991480117816e-15 7.723943302872872890e-15 nan 3.723313772940283002e+02 7.253828999999999496e+02
5.807900000000000000e+04 6.188649508768914894e-15 nan 3.686162438393865276e-15 4.318836684555482179e+02 9.251892000000000280e+02
5.808600000000000000e+04 5.661981352119701111e-15 nan nan 3.160331507087114460e+02 5.571195000000000164e+02
5.809400000000000000e+04 6.380398519531158242e-15 5.331256237014052279e-15 nan 4.146891273590506444e+02 8.657904000000000906e+02
5.810900000000000000e+04 7.116624543265239680e-15 4.802845688782224694e-15 3.690635316332575010e-15 2.893659201792185627e+02 4.860193000000000438e+02
5.811700000000000000e+04 6.330803353943778782e-15 5.227105170877752841e-15 nan 3.019696313910053505e+02 5.193376000000000658e+02
5.812500000000000000e+04 7.041165325216413775e-15 5.721014683574533269e-15 nan 3.147511045358962747e+02 5.596396999999999480e+02
5.813200000000000000e+04 nan nan nan nan nan
5.814000000000000000e+04 7.038077379698793036e-15 5.080263740253193149e-15 4.045874688380953270e-15 nan 6.197430000000000518e+02
5.814700000000000000e+04 6.692275985738738937e-15 nan nan nan 6.457709999999999582e+02
5.815400000000000000e+04 nan nan nan nan nan
5.816100000000000000e+04 7.398900903735741753e-15 4.999058908193794708e-15 4.059856869138730575e-15 3.415310810848682763e+02 6.314728000000000065e+02
5.816800000000000000e+04 nan nan nan nan nan
5.817500000000000000e+04 7.241670253378683316e-15 6.209967726016913322e-15 nan 3.311530220997897800e+02 6.021761999999999944e+02
5.818200000000000000e+04 5.575590246965567937e-15 nan nan nan 5.892468999999999824e+02
5.819000000000000000e+04 6.753617458912454212e-15 4.449794100406612166e-15 nan 2.370220495049101430e+02 3.626175000000000068e+02
5.819800000000000000e+04 nan nan nan nan nan
5.820500000000000000e+04 6.488770913158229640e-15 5.212602362852781265e-15 nan nan 5.895787000000000262e+02
5.822200000000000000e+04 6.692996022260070341e-15 6.642749533656196944e-15 nan 4.764253935711047347e+02 1.093654999999999973e+03
5.822900000000000000e+04 5.927374524022803176e-15 6.115286903745251042e-15 nan 4.639984389735155901e+02 1.043704000000000178e+03
5.824400000000000000e+04 6.246864341399374473e-15 5.482604063698567694e-15 nan 4.274208663729577324e+02 9.096838000000000193e+02
5.825300000000000000e+04 6.173546256590951981e-15 5.621147551285477133e-15 nan 4.310553695422235592e+02 9.206680000000000064e+02
5.827800000000000000e+04 nan nan nan nan nan
5.829500000000000000e+04 5.982220541826016085e-15 5.977545618996496622e-15 nan nan 8.268935999999999922e+02
5.830700000000000000e+04 5.733732599678323538e-15 4.977184343833615664e-15 nan 4.018379708675348070e+02 8.184795000000000300e+02
5.831400000000000000e+04 5.989695913384271886e-15 6.116194558192675944e-15 nan 4.810139845949458959e+02 1.109480000000000018e+03
