5.769300000000000000e+04 8.306400773647304015e-15 nan nan 6.662491453487632498e+02 4.484305000000000291e+03
5.770100000000000000e+04 8.427504656390707074e-15 8.351080253575437863e-15 nan 6.829466865265412707e+02 4.605823999999999614e+03
5.771100000000000000e+04 nan nan nan nan nan
5.771900000000000000e+04 8.616239458525283564e-15 nan nan 6.543771836791240730e+02 4.367115999999999985e+03
5.772600000000000000e+04 8.768660753138718038e-15 8.670387707162882740e-15 9.420117248312790826e-15 6.867792388719220753e+02 4.686764000000000124e+03
5.773300000000000000e+04 9.067912513356001846e-15 nan nan 6.754177638275822346e+02 4.516820999999999913e+03
5.774100000000000000e+04 9.205876832125382373e-15 9.070342135751588997e-15 nan 6.927771401653876637e+02 4.549537999999999556e+03
5.774900000000000000e+04 9.388139278007025431e-15 nan nan 6.984831013727042546e+02 4.694417999999999665e+03
5.775700000000000000e+04 9.445512557030423306e-15 nan nan 7.377719018615646291e+02 4.945149999999999636e+03
5.776400000000000000e+04 9.759744450540692652e-15 9.594412521873468109e-15 nan 7.269506683972274459e+02 4.784176000000000386e+03
5.777200000000000000e+04 9.607138932640828972e-15 9.356200963944339121e-15 nan 6.607367825728017579e+02 4.190033000000000357e+03
5.778600000000000000e+04 9.838562746661769980e-15 9.670325413994870052e-15 nan 6.892477494120856818e+02 4.564979000000000269e+03
5.779400000000000000e+04 9.689026868088330646e-15 9.686557861756372534e-15 nan 6.796882301480529804e+02 4.485984999999999673e+03
5.780100000000000000e+04 9.810310476351963792e-15 nan nan 6.645963057116781556e+02 4.272636000000000422e+03
5.780900000000000000e+04 9.612357895404138420e-15 9.516046788841938257e-15 nan 6.155951186699312530e+02 3.825268000000000029e+03
5.781700000000000000e+04 1.002811157938552161e-14 9.890462041562921019e-15 1.076047053104993935e-14 6.764623379935718503e+02 4.427319999999999709e+03
5.786400000000000000e+04 1.043377610995325962e-14 1.048234614689088808e-14 nan 6.418433797819486699e+02 4.168631999999999607e+03
5.787800000000000000e+04 1.051035033123655922e-14 1.063953441143357281e-14 1.180185348920612828e-14 9.971773549017217420e+02 7.260088999999999942e+03
5.788700000000000000e+04 1.068332538841927818e-14 1.060162595941201089e-14 1.159301633468225142e-14 6.086428800365988536e+02 3.971872000000000298e+03
5.789400000000000000e+04 1.073363607676537262e-14 nan nan 9.211838508426330918e+02 6.806122999999999593e+03
5.790300000000000000e+04 nan nan nan nan nan
5.791000000000000000e+04 1.077839196235623448e-14 1.063550793784042731e-14 1.145010166280091387e-14 8.970148833757357352e+02 6.548648000000000138e+03
5.791800000000000000e+04 1.095145308014027873e-14 1.087775249073192176e-14 1.190112216715210170e-14 5.774128504679542857e+02 3.706614000000000033e+03
5.792500000000000000e+04 1.103006448267922327e-14 1.073186906648881636e-14 nan 9.270505919790390408e+02 6.881275999999999840e+03
5.793300000000000000e+04 1.092622583925213148e-14 1.074217412117356473e-14 nan 8.903282244990373329e+02 6.439666000000000167e+03
5.794900000000000000e+04 1.093484250167765585e-14 1.061113986283638086e-14 nan 7.212760966220877208e+02 4.855876999999999498e+03
5.795600000000000000e+04 1.083311807670774734e-14 1.061623018233049244e-14 nan 9.267762587049383001e+02 6.424014000000000124e+03
5.796400000000000000e+04 1.052806206705231765e-14 1.024578120216677173e-14 nan 3.467328279308243850e+02 1.982986999999999853e+03
5.805500000000000000e+04 1.021866069120107795e-14 nan nan 7.969127918090201774e+02 5.598545000000000073e+03
5.806200000000000000e+04 1.011121758832534364e-14 9.848963679346814425e-15 1.087633923278906949e-14 7.638239866335283068e+02 5.290954999999999927e+03
5.807000000000000000e+04 1.014170292945523728e-14 1.014055768107574168e-14 nan 8.006795113222583495e+02 5.668881999999999607e+03
5.807900000000000000e+04 9.977052621055959151e-15 nan 1.038035469063566085e-14 7.410443950263547777e+02 5.229558999999999287e+03
5.808600000000000000e+04 9.890273543037738308e-15 nan nan 7.874342152587507826e+02 5.474451999999999316e+03
5.809400000000000000e+04 9.923461570730941401e-15 9.557232160099327547e-15 nan 7.995181627164453175e+02 5.467569000000000415e+03
5.810900000000000000e+04 1.622599357155069954e-14 9.627470772053668501e-15 1.035006039741246358e-14 7.543474500049098879e+02 5.017734999999999673e+03
5.811700000000000000e+04 9.786394260088821869e-15 9.704602418642649953e-15 nan 7.326609482852993551e+02 4.945467999999999847e+03
5.812500000000000000e+04 9.995192325150192993e-15 9.780314046429366877e-15 nan 7.424860350018212785e+02 4.999662999999999556e+03
5.813200000000000000e+04 9.719994330908118934e-15 nan nan 7.274823067068629143e+02 4.835643000000000029e+03
5.814000000000000000e+04 9.823099239762570175e-15 9.609568524206903643e-15 1.043816490979729104e-14 7.713578334133162571e+02 5.063033999999999651e+03
5.814700000000000000e+04 9.713390525101327364e-15 nan nan 7.210886447671125552e+02 4.841591999999999643e+03
5.815400000000000000e+04 1.497722610031207704e-14 8.962204883590553535e-15 9.237975824821082644e-15 4.496158187872752023e+02 2.568041000000000167e+03
5.816100000000000000e+04 1.416756359324268489e-14 9.518385530965416312e-15 1.021873105659894700e-14 7.079761359725869170e+02 4.663248999999999796e+03
5.816800000000000000e+04 1.849297707737589751e-14 9.460321152208157804e-15 nan 6.913046933929384750e+02 4.585073000000000320e+03
5.817500000000000000e+04 9.573696043094213092e-15 9.408714309814722420e-15 nan 6.705687272102611587e+02 4.378086000000000240e+03
5.818200000000000000e+04 9.791664817670768427e-15 nan nan 7.144375453874747564e+02 4.643688000000000102e+03
5.819000000000000000e+04 9.372827548014316546e-15 9.154544245770373828e-15 nan 6.823002880402507344e+02 4.474144000000000233e+03
5.819800000000000000e+04 9.555974846469234961e-15 9.439212873018009927e-15 nan 6.885641464221947672e+02 4.552083999999999833e+03
5.820500000000000000e+04 9.396303376206870650e-15 9.072976802683991894e-15 nan 6.748822929413121301e+02 4.351233999999999469e+03
5.822200000000000000e+04 9.337175784045942911e-15 9.273904875267530533e-15 nan 6.622287093667836189e+02 4.271153000000000247e+03
5.822900000000000000e+04 9.378253850020228553e-15 9.203254251494174176e-15 nan 6.284549539396867885e+02 4.009558999999999742e+03
5.824400000000000000e+04 9.162705450026561908e-15 8.972338189949133164e-15 nan 5.544280953831394072e+02 3.560192000000000007e+03
5.825300000000000000e+04 9.194216699178787456e-15 9.099933488329878617e-15 nan 6.406353368259699437e+02 4.229957000000000335e+03
5.827800000000000000e+04 9.332763058363041893e-15 nan nan 4.721638715415451770e+02 2.913181000000000040e+03
5.829500000000000000e+04 8.824480578460282415e-15 8.665073488902867607e-15 nan 5.517218670094259778e+02 3.721878999999999905e+03
5.830700000000000000e+04 9.024078574097715844e-15 8.918002983485960182e-15 nan 6.071250289355423320e+02 3.889590000000000146e+03
5.831400000000000000e+04 8.749658164025510463e-15 8.719038441112968412e-15 nan 6.143250525733063796e+02 3.844255000000000109e+03
