5.769000000000000000e+04 nan nan nan nan nan
5.769000000000000000e+04 nan nan nan nan nan
5.769000000000000000e+04 nan nan nan nan nan
5.771000000000000000e+04 9.170073178752921102e-15 nan nan 2.611868783021258196e+02 1.334731500000000096e+03
5.771000000000000000e+04 9.455491050267845838e-15 nan nan 2.560109875691578054e+02 1.369184333333333370e+03
5.771000000000000000e+04 9.212647312195886641e-15 nan nan 2.728675387922563687e+02 1.331307833333333292e+03
5.773000000000000000e+04 9.098438827583942099e-15 nan nan 2.387243324519349699e+02 1.367381166666666559e+03
5.773000000000000000e+04 9.070384743279196585e-15 nan nan 2.660323738742559385e+02 1.387819500000000062e+03
5.773000000000000000e+04 9.098312081248944843e-15 nan nan 2.613535705179523347e+02 1.385194166666666661e+03
5.775100000000000000e+04 7.980026359425337991e-15 nan nan 2.259215576712264522e+02 1.012787500000000023e+03
5.775100000000000000e+04 7.953656548942646914e-15 nan nan 2.322810391209640386e+02 1.001847166666666681e+03
5.775100000000000000e+04 7.897568250780269204e-15 nan nan 2.147786716681675614e+02 9.888036666666666861e+02
5.777200000000000000e+04 7.686094716091602215e-15 nan 7.706130272782792435e-15 2.037306274435042894e+02 7.871838333333332685e+02
5.777200000000000000e+04 7.836847505709673457e-15 nan 7.813345728167741790e-15 1.829731299073256992e+02 7.986586666666665906e+02
5.777200000000000000e+04 7.773943933616961510e-15 nan 7.839256416599631791e-15 1.862828023477383965e+02 7.990553333333333512e+02
5.779200000000000000e+04 8.340427861751843245e-15 nan nan 1.396666573997266028e+02 8.305746666666667579e+02
5.779200000000000000e+04 7.967035031039673206e-15 nan nan 1.128405767191200226e+02 7.980323333333333267e+02
5.779200000000000000e+04 7.791759043057659182e-15 nan nan 1.230750207311243827e+02 8.072525000000000546e+02
5.781400000000000000e+04 9.904996553416443431e-15 nan 1.049840687598849784e-14 2.286517699597379760e+02 9.681409999999999627e+02
5.781400000000000000e+04 9.992373507586521534e-15 nan 1.036976432364218097e-14 2.285409648308715873e+02 9.689001666666666779e+02
5.781400000000000000e+04 1.016392512643722288e-14 nan 1.044227661619135072e-14 2.063917595338135982e+02 9.786971666666667033e+02
5.784000000000000000e+04 1.022821917175568541e-14 nan 1.034237282674704563e-14 1.944393593984845552e+02 9.400086666666666133e+02
5.784000000000000000e+04 1.025783758157534724e-14 nan 1.053142010444699690e-14 2.194374390792468432e+02 9.530541666666666742e+02
5.784000000000000000e+04 1.044392884108641795e-14 nan 1.070744800259633494e-14 2.164511094911500209e+02 9.806281666666667434e+02
5.787500000000000000e+04 nan nan nan nan nan
5.787500000000000000e+04 nan nan nan nan nan
5.787500000000000000e+04 nan nan nan nan nan
5.790400000000000000e+04 1.041450869049226728e-14 9.838044984653251362e-15 nan 2.633280508322411038e+02 1.482452166666666699e+03
5.790400000000000000e+04 1.050562065641210795e-14 9.918527739722979148e-15 nan 2.878667627071525885e+02 1.495416500000000042e+03
5.790400000000000000e+04 1.037401335507024344e-14 1.023055152019866622e-14 nan 2.784215197866543008e+02 1.469859500000000025e+03
5.792400000000000000e+04 1.032606806815687514e-14 nan 1.039431201028559793e-14 2.691289321649261979e+02 1.311000833333333276e+03
5.792400000000000000e+04 1.030281762576802322e-14 1.035205752313190252e-14 1.038811449588704399e-14 2.855914232714174545e+02 1.434650000000000091e+03
5.792400000000000000e+04 1.028987180290419988e-14 nan 1.047310106588826638e-14 2.339822219033163435e+02 1.032523333333333312e+03
5.794500000000000000e+04 nan nan nan nan nan
5.794500000000000000e+04 nan nan nan nan nan
5.794500000000000000e+04 nan nan nan nan nan
5.796500000000000000e+04 1.042407616172211281e-14 nan nan 7.840740168642832941e+01 1.996476666666666802e+02
5.796500000000000000e+04 1.009557258537636910e-14 nan nan 8.367189245007236309e+01 2.514131666666666831e+02
5.796500000000000000e+04 nan nan nan nan nan
5.798500000000000000e+04 9.514924171801219162e-15 9.355696039103184341e-15 nan 2.963781624774032366e+02 1.612225833333333412e+03
5.798500000000000000e+04 9.466569090079601274e-15 9.563848524738342391e-15 nan 2.893526090907937487e+02 1.608625666666666575e+03
5.798500000000000000e+04 9.513116624497538270e-15 9.007210788013583296e-15 nan 2.996544463945999155e+02 1.602783999999999878e+03
5.800700000000000000e+04 8.565798895615268785e-15 nan 8.855745472316891193e-15 2.451356750804804392e+02 1.422718166666666548e+03
5.800700000000000000e+04 8.579742940443445855e-15 nan 8.820148446291197905e-15 2.549713202124140423e+02 1.430942333333333181e+03
5.800700000000000000e+04 8.626371300420830820e-15 nan 8.807246849081006488e-15 2.834433413172204155e+02 1.422912166666666508e+03
5.802700000000000000e+04 9.178352162863615715e-15 nan 9.370150780848934316e-15 2.416801709693257862e+02 1.398862333333333481e+03
5.802700000000000000e+04 9.045379907116846202e-15 nan 9.334233895408251599e-15 2.414259985384332765e+02 1.375926999999999907e+03
5.802700000000000000e+04 9.234179972368563255e-15 nan 9.472925600657889374e-15 2.843850621793386040e+02 1.411482999999999947e+03
5.804700000000000000e+04 9.380862406547213710e-15 9.351643313990165779e-15 9.707125834809742117e-15 2.767881368836917773e+02 1.451913333333333412e+03
5.804700000000000000e+04 9.317496806572335690e-15 9.379491308967860949e-15 9.573150914554330268e-15 2.881975405383012117e+02 1.438425999999999931e+03
5.804700000000000000e+04 9.346673325794975635e-15 9.170007809935324928e-15 9.743808505252636978e-15 2.823505101826214059e+02 1.443202166666666699e+03
5.806700000000000000e+04 9.537834912661925649e-15 9.154406602242469068e-15 nan 2.877544600662593552e+02 1.499464166666666870e+03
5.806700000000000000e+04 9.075394423654627042e-15 9.088288951746378104e-15 nan 2.821894656737952118e+02 1.444344166666666524e+03
5.806700000000000000e+04 9.189497650959725378e-15 9.579997887295780727e-15 nan 2.729489089635366668e+02 1.462151166666666768e+03
5.808700000000000000e+04 8.461179967954605125e-15 nan nan 2.616157675191648195e+02 1.199085666666666611e+03
5.808700000000000000e+04 8.356140370224543801e-15 nan nan 2.427630563103886914e+02 1.193105500000000120e+03
5.808700000000000000e+04 8.466903418468080795e-15 nan nan 2.398068856027828701e+02 1.213963666666666768e+03
