5.753000000000000000e+04 8.835199589160976759e-15 8.546506540973795088e-15 nan 1.128143506321558107e+03 7.035172000000000480e+03
5.754700000000000000e+04 8.738748875138536261e-15 8.729430085162784916e-15 nan 1.047950047854821833e+03 6.273942000000000007e+03
5.755800000000000000e+04 8.601808846629405859e-15 8.379967165309162564e-15 1.028306630461190641e-14 1.071547759553569222e+03 6.498005000000000109e+03
5.756800000000000000e+04 8.725363266747622384e-15 8.734148182363460868e-15 nan 1.027442223469636019e+03 6.094938000000000102e+03
5.758300000000000000e+04 8.553474616432999446e-15 8.568371248045996080e-15 8.908911539724468597e-15 9.321193008381911795e+02 5.254746000000000095e+03
5.759900000000000000e+04 8.398596540161534526e-15 8.506440205057737710e-15 nan 1.050857797237975092e+03 6.309158999999999651e+03
5.761200000000000000e+04 nan nan nan nan nan
5.762000000000000000e+04 8.461054706671487039e-15 8.560858528371946009e-15 nan 9.309556319511867741e+02 5.246042999999999665e+03
5.763300000000000000e+04 8.492245566390273374e-15 8.366766508283555332e-15 9.214741594048813641e-15 9.972333905918108030e+02 5.814666999999999462e+03
5.772400000000000000e+04 7.785380638251721126e-15 7.636380842494869936e-15 8.242604906297116268e-15 8.890624482601715499e+02 4.901824999999999818e+03
5.773600000000000000e+04 7.706827903778865628e-15 8.233734913222949296e-15 8.050955066655885576e-15 8.257082653384408104e+02 4.404826000000000022e+03
5.774600000000000000e+04 7.823996951509141287e-15 7.787588479717388484e-15 nan 8.894716257934296664e+02 4.902926999999999680e+03
5.775700000000000000e+04 7.632497532332850753e-15 7.891144408424949931e-15 8.221196007973065571e-15 7.871419281848628771e+02 4.117439000000000306e+03
5.776900000000000000e+04 7.607459415928862488e-15 7.543845266914150248e-15 8.265162433179362613e-15 7.907432654133508549e+02 4.137201999999999316e+03
5.779100000000000000e+04 7.483116596615369233e-15 7.653875558786490980e-15 nan 8.238186142761377369e+02 4.393962000000000444e+03
5.780100000000000000e+04 7.519001914937782298e-15 7.273540614167323534e-15 nan 7.903901060657667585e+02 4.134126999999999498e+03
5.781400000000000000e+04 7.664604076291145209e-15 7.301218943590712749e-15 nan 7.641106741111439078e+02 3.939058999999999742e+03
5.782400000000000000e+04 7.506669375429088537e-15 7.386306785684922662e-15 7.787466219916004651e-15 7.940609271238635074e+02 4.162167999999999665e+03
5.785700000000000000e+04 7.508249150316620992e-15 7.129384782171674733e-15 7.699405836020839823e-15 6.627256212902778998e+02 3.230652000000000044e+03
5.786700000000000000e+04 7.479058267833334365e-15 7.273426875363818814e-15 nan 7.348415300087762034e+02 3.727916999999999916e+03
5.787700000000000000e+04 7.521505407990286379e-15 8.628788156314169570e-15 nan 1.043201102534884740e+03 6.236630999999999403e+03
5.788800000000000000e+04 7.483603344708096764e-15 7.255835885029039483e-15 nan 9.647474414133934033e+02 5.540846999999999753e+03
5.790100000000000000e+04 7.296826740212146470e-15 7.053347506922435662e-15 nan 8.430332076456335244e+02 4.531180999999999585e+03
5.791100000000000000e+04 1.027791842873645848e-14 1.040834272784201591e-14 nan 8.895301930767618614e+02 4.902353000000000065e+03
5.792200000000000000e+04 7.233461953017341930e-15 7.188454358498664667e-15 nan 9.002412035963268409e+02 4.991681999999999789e+03
5.793300000000000000e+04 7.319094470065766899e-15 7.089053152713295479e-15 nan 8.611740004737595200e+02 4.675744999999999891e+03
5.808900000000000000e+04 8.113729050130211333e-15 8.094163918354937720e-15 8.639697702394542285e-15 8.504865977576207570e+02 4.591487999999999374e+03
5.811000000000000000e+04 8.642802842311495202e-15 8.349946321112677854e-15 8.547215292102229249e-15 9.524371568123489169e+02 5.432149999999999636e+03
5.812100000000000000e+04 8.579780943888801638e-15 8.559925054446354088e-15 8.144573682068270881e-15 9.219566516662608819e+02 5.170014000000000124e+03
5.813300000000000000e+04 8.702714472309867312e-15 8.349128383085965033e-15 8.876887600255393131e-15 9.731721376831308135e+02 5.610024999999999636e+03
5.814300000000000000e+04 8.499093814543577627e-15 8.380285060945336638e-15 nan 9.331543709367700785e+02 5.266387000000000626e+03
5.815600000000000000e+04 8.649733558495279762e-15 8.458244675391119509e-15 8.860350489119113351e-15 8.659834999236089743e+02 4.724216000000000349e+03
5.816400000000000000e+04 8.752754855196774251e-15 8.451945050036104302e-15 nan 8.746540573579094371e+02 4.789509000000000015e+03
5.817600000000000000e+04 8.742575541848800621e-15 8.664712470083623878e-15 nan 8.784728609414524954e+02 4.816001000000000204e+03
5.818600000000000000e+04 8.567143859066463491e-15 8.427122020265758550e-15 nan 9.092565724961286833e+02 5.073389000000000124e+03
5.820900000000000000e+04 8.727669868924052992e-15 8.526573682830922962e-15 nan 8.278051048012678166e+02 4.414048000000000684e+03
5.822200000000000000e+04 1.443108993142922268e-14 8.733414689882238838e-15 nan 8.333070417946984207e+02 4.462061999999999898e+03
5.823300000000000000e+04 8.614354261206296974e-15 8.762008886193552037e-15 8.891740358406456337e-15 8.547054710198269731e+02 4.633601000000000568e+03
5.824300000000000000e+04 8.512817380722685560e-15 8.639910650526482899e-15 9.469796870605908227e-15 9.126314175817269643e+02 5.097375000000000000e+03
5.825400000000000000e+04 8.816838530635558583e-15 8.400631254826455300e-15 9.173423258172314280e-15 8.168744421890484091e+02 4.333498000000000502e+03
5.826400000000000000e+04 8.789831029591550010e-15 8.697492519516012131e-15 9.579102877357993664e-15 7.029277154256242284e+02 3.505444999999999709e+03
5.827400000000000000e+04 8.835133986076455656e-15 8.763993260241922391e-15 nan 8.630567792404250440e+02 4.692953999999999724e+03
5.828400000000000000e+04 9.139700685122994919e-15 8.868809207278443273e-15 nan 8.312094635913024376e+02 4.439402000000000044e+03
5.829300000000000000e+04 8.885127746247128832e-15 8.606058923612992667e-15 8.573643024715236662e-15 7.940762329098881764e+02 4.156323000000000320e+03
5.830800000000000000e+04 9.089235509231344362e-15 8.971685278928157048e-15 nan 8.456902075917470256e+02 4.553938000000000102e+03
5.831800000000000000e+04 9.332341957248719151e-15 8.986444001953226910e-15 9.494359540819905741e-15 7.886718405670574157e+02 4.117326999999999316e+03
5.833900000000000000e+04 9.314559222572765495e-15 9.148876417598415061e-15 nan 8.484082100255329806e+02 4.577170000000000073e+03
5.834900000000000000e+04 9.074980696859209144e-15 9.144771581939217522e-15 9.690407994455697795e-15 8.665948652502615914e+02 4.718462000000000444e+03
