5.769000000000000000e+04 1.830150937449799611e-14 nan nan 1.076007311484658118e+02 3.648758333333333326e+02
5.769000000000000000e+04 1.864295754758578188e-14 nan nan 1.209240356697808210e+02 3.662646666666666988e+02
5.769000000000000000e+04 1.862909661805046629e-14 nan nan 1.221824381121204510e+02 3.670676666666666961e+02
5.771000000000000000e+04 1.807757569646283425e-14 nan nan 9.468528304501458592e+01 3.278211666666666702e+02
5.771000000000000000e+04 1.831705763387985057e-14 nan nan 8.180109837440065235e+01 3.293656666666666410e+02
5.771000000000000000e+04 1.806018808868113192e-14 nan nan 9.211249183799220930e+01 3.180258333333333098e+02
5.773000000000000000e+04 nan nan nan nan nan
5.773000000000000000e+04 2.089670985660807830e-14 nan nan 1.062396605026260517e+02 3.526943333333333044e+02
5.773000000000000000e+04 nan nan nan nan nan
5.775100000000000000e+04 1.726529614209429932e-14 nan nan 1.128162650564383682e+02 2.947578333333333376e+02
5.775100000000000000e+04 1.754024514818050048e-14 nan nan 8.248996019439263705e+01 2.981991666666666561e+02
5.775100000000000000e+04 1.735863644739383927e-14 nan nan 9.421941158407638284e+01 2.913890000000000100e+02
5.777200000000000000e+04 nan nan nan nan nan
5.777200000000000000e+04 nan nan nan nan nan
5.777200000000000000e+04 nan nan nan nan nan
5.779200000000000000e+04 nan nan nan nan nan
5.779200000000000000e+04 nan nan nan nan nan
5.779200000000000000e+04 nan nan nan nan nan
5.781400000000000000e+04 nan nan nan nan nan
5.781400000000000000e+04 1.764620425775938051e-14 nan 8.539934340906385321e-15 8.844212209073580766e+01 2.524218333333333248e+02
5.781400000000000000e+04 1.775057521394594129e-14 nan 8.391430023358643895e-15 7.003891747226060716e+01 2.474409999999999741e+02
5.784000000000000000e+04 nan nan nan nan nan
5.784000000000000000e+04 nan nan nan nan nan
5.784000000000000000e+04 nan nan nan nan nan
5.787500000000000000e+04 nan nan nan nan nan
5.787500000000000000e+04 nan nan nan nan nan
5.787500000000000000e+04 nan nan nan nan nan
5.790400000000000000e+04 1.756576217504327503e-14 nan nan 1.116081123657731240e+02 4.058196666666666488e+02
5.790400000000000000e+04 1.716089933583825245e-14 nan nan 9.847702970120428745e+01 3.957053333333333285e+02
5.790400000000000000e+04 1.737727736252631631e-14 nan nan 1.400445779128585002e+02 4.012231666666666570e+02
5.792400000000000000e+04 1.633274902496070326e-14 nan 7.766013123157885519e-15 8.554360053892666826e+01 3.167941666666666833e+02
5.792400000000000000e+04 1.691547575263631405e-14 nan 8.254229502313098058e-15 1.259999181871319109e+02 3.633055000000000518e+02
5.792400000000000000e+04 nan nan nan nan nan
5.794500000000000000e+04 nan nan nan nan nan
5.794500000000000000e+04 nan nan nan nan nan
5.794500000000000000e+04 nan nan nan nan nan
5.796500000000000000e+04 nan nan nan nan nan
5.796500000000000000e+04 nan nan nan nan nan
5.796500000000000000e+04 nan nan nan nan nan
5.798500000000000000e+04 1.671665561250984119e-14 nan nan 1.237806046717839337e+02 3.774430000000000405e+02
5.798500000000000000e+04 1.686453703722844828e-14 nan nan 1.366972560895680431e+02 3.802136666666666542e+02
5.798500000000000000e+04 1.725676395987852101e-14 nan nan 1.339133071139373214e+02 3.895071666666666488e+02
5.800700000000000000e+04 1.610299595702551071e-14 nan 8.007164973510058316e-15 1.260815882404492356e+02 3.828343333333333476e+02
5.800700000000000000e+04 1.646659984988258892e-14 1.449422906379050093e-14 8.032135975245191706e-15 1.340759848434873902e+02 3.891270000000000095e+02
5.800700000000000000e+04 1.667787211046477888e-14 1.495631138751617678e-14 8.245997522463483961e-15 1.093045013819058511e+02 3.932959999999999923e+02
5.802700000000000000e+04 1.676654827782431273e-14 nan 8.066805814163607651e-15 1.077114052062217411e+02 3.792010000000000218e+02
5.802700000000000000e+04 1.635276591251028164e-14 nan 8.125189108260374706e-15 1.185919125505894556e+02 3.741531666666666638e+02
5.802700000000000000e+04 1.619509558434660389e-14 nan 7.891192709584342729e-15 1.249873588051334821e+02 3.715146666666666988e+02
5.804700000000000000e+04 1.658928999964647378e-14 nan 8.196216044811266226e-15 1.124745157223069896e+02 3.604523333333333426e+02
5.804700000000000000e+04 1.584622159765107698e-14 nan 7.619535657191710348e-15 1.186801470641174348e+02 3.391766666666666197e+02
5.804700000000000000e+04 1.670351750145274589e-14 nan 8.140910385594618024e-15 1.242557205295773599e+02 3.626895000000000095e+02
5.806700000000000000e+04 1.807711795890812988e-14 nan nan 1.046292937689822082e+02 3.731121666666666670e+02
5.806700000000000000e+04 1.815903019411991554e-14 nan nan 1.192643379565100616e+02 3.802133333333333098e+02
5.806700000000000000e+04 1.857796745243411521e-14 nan nan 5.228661896567970757e+01 3.825430000000000064e+02
5.808700000000000000e+04 1.880200695952010531e-14 nan nan 1.173279798753760730e+02 3.571754999999999995e+02
5.808700000000000000e+04 1.818333454950947559e-14 nan nan 9.954588402500104394e+01 3.541143333333333203e+02
5.808700000000000000e+04 1.821228188155548051e-14 nan nan 1.155659598435459685e+02 3.532805000000000177e+02
