5.751600000000000000e+04 4.398461039249927282e-15 nan nan 4.065774722625228605e+02 8.365101000000000795e+02
5.752300000000000000e+04 5.173181903294860422e-15 5.163384124159536493e-15 5.792439566037657368e-15 2.081244698284628498e+02 3.008503999999999792e+02
5.753000000000000000e+04 5.354044007924218030e-15 nan nan 4.230134141043620275e+02 8.932760000000000673e+02
5.754700000000000000e+04 5.519968987832972888e-15 4.338979648682937768e-15 nan 3.082380028871553463e+02 5.356689999999999827e+02
5.755400000000000000e+04 4.912701744371636018e-15 4.957323177213446748e-15 5.563885062451766948e-15 nan 3.475277999999999565e+02
5.756200000000000000e+04 5.151778414862532070e-15 nan nan 4.169720411390666754e+02 8.714736000000000331e+02
5.756900000000000000e+04 5.176792850119488498e-15 5.030286131728761700e-15 nan nan 5.616151999999999589e+02
5.758300000000000000e+04 4.458457227800103574e-15 3.984122821659123605e-15 nan 3.242335748733832474e+02 5.808849000000000160e+02
5.759100000000000000e+04 1.044913509714599287e-14 9.825647694593242260e-15 nan 3.106141463486293901e+02 5.428722000000000207e+02
5.759800000000000000e+04 4.298563145048603697e-15 nan nan 3.781139870700523602e+02 7.420996999999999844e+02
5.769300000000000000e+04 5.177128832938950989e-15 nan nan nan 6.521922999999999320e+02
5.770100000000000000e+04 4.477535035912931259e-15 4.035521932139596861e-15 nan 4.452710828878502980e+02 9.728605999999999767e+02
5.771100000000000000e+04 nan nan nan nan nan
5.771900000000000000e+04 5.023805632840687211e-15 nan nan 3.973509494429399638e+02 8.052934999999999945e+02
5.772600000000000000e+04 6.174000337743829883e-15 5.495777515918275104e-15 5.662166279666026410e-15 nan 6.104963000000000193e+02
5.773300000000000000e+04 5.839064098299891071e-15 nan nan 3.915673433704108106e+02 7.864827000000000226e+02
5.774100000000000000e+04 6.065374393953630624e-15 5.258357384500904462e-15 nan 3.743864560411090565e+02 7.294991999999999734e+02
5.774900000000000000e+04 5.115460204664369329e-15 nan nan 4.273746730679027905e+02 9.071680000000000064e+02
5.775700000000000000e+04 5.218798636523493706e-15 nan nan 4.877763666382947463e+02 1.137512000000000171e+03
5.776400000000000000e+04 6.830676919044796488e-15 6.010482009981992111e-15 nan nan 7.957767000000000053e+02
5.777200000000000000e+04 5.559185853427092087e-15 4.685787563886632096e-15 nan 3.573881483772783554e+02 6.762214999999999918e+02
5.778600000000000000e+04 6.319883798531332453e-15 4.846216761409766894e-15 nan 3.851604210544042530e+02 7.636002999999999474e+02
5.779400000000000000e+04 7.339215426538361009e-15 6.333299811736117014e-15 nan 3.192388891068919747e+02 5.659040999999999713e+02
5.780100000000000000e+04 5.681857782186737417e-15 nan nan 3.234895766623502027e+02 5.783644000000000460e+02
5.780900000000000000e+04 6.180214861646619550e-15 5.709320280881946689e-15 nan nan 5.757318000000000211e+02
5.781700000000000000e+04 7.345794763516094780e-15 6.170444652198837053e-15 6.811431567433120806e-15 nan 6.901724000000000387e+02
5.786400000000000000e+04 7.710091682674824111e-15 7.462202850932116397e-15 nan 2.960884252218151005e+02 5.034015999999999735e+02
5.787800000000000000e+04 7.206978880790192127e-15 7.833976461573080343e-15 8.539782108741843092e-15 nan 1.671133000000000266e+03
5.788700000000000000e+04 8.041122994614234641e-15 7.466807599651896958e-15 7.979634552714237489e-15 3.300002338085890869e+02 5.970060999999999467e+02
5.789400000000000000e+04 6.447702334495148549e-15 nan nan 3.857127415718276779e+02 7.660865000000000009e+02
5.790300000000000000e+04 nan nan nan nan nan
5.791000000000000000e+04 1.276694943434131359e-14 6.421963889435425680e-15 5.785004891733608453e-15 2.243900866182401330e+02 3.339092999999999734e+02
5.791800000000000000e+04 8.739570992455759452e-15 7.634909472423700332e-15 7.657303442901113460e-15 2.917927974898877324e+02 4.922007999999999583e+02
5.792500000000000000e+04 7.565279617012303517e-15 6.881476359084669521e-15 nan 5.237343308230543926e+02 1.286584000000000060e+03
5.793300000000000000e+04 1.046824072170132029e-14 9.151717183809141939e-15 nan nan 5.030015000000000214e+02
5.794900000000000000e+04 1.029057588378531752e-14 8.194546604343821186e-15 nan 2.468578669032287110e+02 3.844840000000000373e+02
5.795600000000000000e+04 1.001999605443254971e-14 7.287828483966289502e-15 nan 3.048184561105731518e+02 5.260827000000000453e+02
5.796400000000000000e+04 7.513402369991348305e-15 5.776379362245656962e-15 nan 1.846652727277510735e+02 2.553380999999999972e+02
5.805500000000000000e+04 6.402533493349903840e-15 nan nan 3.935331505554752312e+02 7.925483000000000402e+02
5.806200000000000000e+04 6.414515198875067022e-15 5.312608742848210293e-15 5.953380920682221454e-15 4.320089849920436791e+02 9.238646000000001095e+02
5.807000000000000000e+04 9.351416247259809499e-15 8.628694711557970446e-15 nan 3.006059142912742459e+02 5.180199000000000069e+02
5.807900000000000000e+04 6.288351960673580082e-15 nan 3.970947826760851101e-15 nan 7.334775999999999385e+02
5.808600000000000000e+04 6.368675788491894325e-15 nan nan nan 4.317639000000000351e+02
5.809400000000000000e+04 6.681623768569910357e-15 5.710546030258975539e-15 nan nan 6.498354000000000497e+02
5.810900000000000000e+04 5.370951575242547068e-15 4.924217554783899266e-15 3.869574267348003765e-15 2.348359186142180306e+02 3.562241000000000213e+02
5.811700000000000000e+04 8.813511909572200299e-15 6.638085120023855001e-15 nan 2.773588815303522779e+02 4.575198000000000320e+02
5.812500000000000000e+04 8.204054320558153479e-15 6.928022039202309119e-15 nan 2.694183213320990831e+02 4.362599000000000160e+02
5.813200000000000000e+04 7.619617631059808774e-15 nan nan 2.203578850622194807e+02 3.256490000000000009e+02
5.814000000000000000e+04 7.879682721103516007e-15 5.473127947626836830e-15 4.266708855139746387e-15 2.774358485437342097e+02 4.562127000000000407e+02
5.814700000000000000e+04 6.977898867782800969e-15 nan nan nan 4.272396999999999707e+02
5.815400000000000000e+04 4.770289852305546656e-15 4.929602105079652754e-15 4.091398731563637106e-15 1.317838981746575655e+02 1.634430000000000121e+02
5.816100000000000000e+04 5.769226088969438410e-15 4.950522957533563356e-15 4.478428631027707409e-15 nan 4.290774000000000115e+02
5.816800000000000000e+04 6.004307857427738693e-15 6.100271992670864964e-15 nan nan 3.501166999999999803e+02
5.817500000000000000e+04 7.727519847037654359e-15 5.709497789333437571e-15 nan 2.452509763187750309e+02 3.808282000000000380e+02
5.818200000000000000e+04 6.151903486284930366e-15 nan nan 2.818517874330111113e+02 4.671261000000000649e+02
5.819000000000000000e+04 7.791305746383508952e-15 5.294378004877707056e-15 nan 1.950766095610917432e+02 2.743500000000000227e+02
5.819800000000000000e+04 8.042029444584822058e-15 7.189780451283216930e-15 nan nan 3.809507999999999583e+02
5.820500000000000000e+04 6.109367554004088902e-15 5.039545164877603200e-15 nan 2.511881652294122205e+02 3.941634000000000242e+02
5.822200000000000000e+04 6.950011953694375983e-15 6.883057723030424042e-15 nan 3.903522531031475751e+02 7.814413999999999305e+02
5.822900000000000000e+04 6.309121879503269189e-15 6.249094002648131130e-15 nan 4.000458103080575256e+02 8.150824000000000069e+02
5.824400000000000000e+04 5.857315326432722415e-15 4.982685850264947290e-15 nan 3.316329838273493920e+02 6.014770000000000891e+02
5.825300000000000000e+04 6.092609187510737936e-15 4.900892330924553877e-15 nan 3.494953525431291723e+02 6.542712000000000216e+02
5.827800000000000000e+04 5.166673992859355004e-15 nan nan nan 4.182274000000000456e+02
5.829500000000000000e+04 6.046647175220178442e-15 5.580937375892103868e-15 nan 3.390686548307558041e+02 6.228702000000000680e+02
5.830700000000000000e+04 5.793549601813271450e-15 4.803604706157955649e-15 nan 3.280546933419781794e+02 5.933484000000000833e+02
5.831400000000000000e+04 5.380506419383946365e-15 5.604044912078119305e-15 nan nan 7.623994000000000142e+02
