5.769000000000000000e+04 6.268205269025516387e-15 nan 6.011635795094863648e-15 2.155924303853484787e+02 9.103581000000000358e+02
5.771100000000000000e+04 6.150977470827423655e-15 5.944697127166019826e-15 5.981802687307201805e-15 9.083737572403920524e+01 3.600366999999999962e+02
5.773200000000000000e+04 5.809511897953603758e-15 nan 5.645763684030655398e-15 1.551951745410869137e+02 6.477115000000000009e+02
5.775300000000000000e+04 5.720733434730321141e-15 5.550820901508957175e-15 5.575408107820905023e-15 1.781409845883463561e+02 7.426551000000000613e+02
5.777400000000000000e+04 5.650436152548188230e-15 5.617562380134359657e-15 6.350669807769539517e-15 1.346589763904892720e+02 5.427377999999999929e+02
5.779600000000000000e+04 5.410302745303507798e-15 5.356198324603388396e-15 nan 1.491504291330907961e+02 6.091091999999999871e+02
5.781800000000000000e+04 5.186754756155906104e-15 5.108683905572142773e-15 nan 1.344345631779767700e+02 5.542346999999999753e+02
5.781800000000000000e+04 5.208135534708993428e-15 5.122668918700305383e-15 nan 1.431795973181545492e+02 5.785013999999999896e+02
5.797200000000000000e+04 5.100253572884686979e-15 nan 4.948055235701987847e-15 1.792081723991385900e+02 7.607038000000000011e+02
5.799300000000000000e+04 5.365431180280742858e-15 5.325489438430090068e-15 6.274864988435897336e-15 2.027893915978893631e+02 8.541757999999999811e+02
5.801700000000000000e+04 5.418963923334380236e-15 nan 5.166756979900180812e-15 1.944143926214171358e+02 8.199325000000001182e+02
5.804700000000000000e+04 5.263709518614127368e-15 5.131780156018032008e-15 5.161105485212089186e-15 1.813478733231018509e+02 7.582939000000000078e+02
5.806800000000000000e+04 5.458985059082059447e-15 5.413397739403672805e-15 6.246347029625859015e-15 1.772090991994579099e+02 7.358043000000000120e+02
5.808900000000000000e+04 5.443838933811745838e-15 5.398540492475339289e-15 6.104828471416638506e-15 1.728134578233888874e+02 7.139814999999999827e+02
5.811000000000000000e+04 5.389168366224045750e-15 nan 5.029873829911510243e-15 1.625634143328643120e+02 6.794622000000000526e+02
5.813200000000000000e+04 5.251842793716806557e-15 5.170571408127850515e-15 5.109996493654911344e-15 1.495902542942047546e+02 6.165460000000000491e+02
5.815300000000000000e+04 5.263121936016862873e-15 nan 4.960258101469063528e-15 1.544538113539254311e+02 6.296281000000000176e+02
5.817400000000000000e+04 5.286719359092489843e-15 5.205437094545267606e-15 5.019784780715367092e-15 1.548647633555543166e+02 6.301967999999999392e+02
5.819500000000000000e+04 5.222988444826249026e-15 5.197760358804668466e-15 5.056550729472409395e-15 1.545879256107393473e+02 6.348412999999999329e+02
5.821500000000000000e+04 5.279461887378379794e-15 5.302364298448340236e-15 nan 1.545018411947375512e+02 6.396979000000000042e+02
5.822400000000000000e+04 5.277816411819282158e-15 5.107917495412953733e-15 nan 1.517705797283832112e+02 6.284627000000000407e+02
5.833500000000000000e+04 5.448102431015749011e-15 5.402357267354428921e-15 5.470768042613280729e-15 1.359982036539339276e+02 5.586634000000000242e+02
