5.769015644400000019e+04 4.766160797655635531e-15 4.491189337109181777e-15 nan 2.266282793795442956e+02 0.000000000000000000e+00 0.000000000000000000e+00
5.770204215200000181e+04 4.730575410703278652e-15 4.956614288177955256e-15 nan 2.261944791223386630e+02 0.000000000000000000e+00 0.000000000000000000e+00
5.771409287999999651e+04 4.738573338548891345e-15 4.649874251256918888e-15 nan 1.340802734839685115e+02 0.000000000000000000e+00 0.000000000000000000e+00
5.772705840599999647e+04 4.714693617888271656e-15 nan nan 2.135314407827798675e+02 0.000000000000000000e+00 0.000000000000000000e+00
5.778533735000000161e+04 4.999636391334234353e-15 nan nan 1.949614001965801720e+02 0.000000000000000000e+00 0.000000000000000000e+00
5.779933720400000311e+04 5.119830706831244431e-15 nan nan 1.855800885530883022e+02 0.000000000000000000e+00 0.000000000000000000e+00
5.783534524799999781e+04 4.723341779264624284e-15 nan nan 1.773207968604734504e+02 0.000000000000000000e+00 0.000000000000000000e+00
5.784721859799999947e+04 4.868490748031527986e-15 4.451919790131923584e-15 nan 1.791107529368805444e+02 0.000000000000000000e+00 0.000000000000000000e+00
5.787038100999999733e+04 4.684039049444077549e-15 nan nan 2.494446770353926013e+02 0.000000000000000000e+00 0.000000000000000000e+00
5.787234735999999975e+04 4.750527297944357852e-15 nan nan 2.916217726788885329e+02 0.000000000000000000e+00 0.000000000000000000e+00
5.788733472400000028e+04 4.791068977390536631e-15 nan nan 2.483628216433533566e+02 0.000000000000000000e+00 0.000000000000000000e+00
5.790129479800000263e+04 4.640695675801044707e-15 nan nan 2.151392404122396442e+02 0.000000000000000000e+00 0.000000000000000000e+00
5.791326190599999973e+04 4.850137460881175799e-15 nan nan 2.699118211386544317e+02 0.000000000000000000e+00 0.000000000000000000e+00
5.792512367400000221e+04 4.705419843413093360e-15 nan nan 2.182946657453426837e+02 0.000000000000000000e+00 0.000000000000000000e+00
5.792512367400000221e+04 4.705419843413093360e-15 nan nan 2.182946657453426837e+02 0.000000000000000000e+00 0.000000000000000000e+00
5.793718743199999881e+04 4.953549022915760440e-15 4.800885509023733964e-15 nan 2.704581904019925105e+02 0.000000000000000000e+00 0.000000000000000000e+00
5.794916307000000234e+04 4.729305976008076143e-15 nan nan 1.974894628293054666e+02 0.000000000000000000e+00 0.000000000000000000e+00
5.796212728400000196e+04 4.658158203285915173e-15 4.420669114572175751e-15 nan 1.589305049258724125e+02 0.000000000000000000e+00 0.000000000000000000e+00
5.797409441199999856e+04 4.755501945147736006e-15 nan nan 2.566864298896292667e+02 0.000000000000000000e+00 0.000000000000000000e+00
5.798704838600000221e+04 4.568232993571754644e-15 4.336294581830928083e-15 nan 2.432380165241274312e+02 0.000000000000000000e+00 0.000000000000000000e+00
5.800030396599999949e+04 4.680511493651120950e-15 4.482554869862089905e-15 nan 2.472806589555057428e+02 0.000000000000000000e+00 0.000000000000000000e+00
5.801823316000000341e+04 4.322303235943344577e-15 4.146624631128652755e-15 nan 2.302554943341451974e+02 0.000000000000000000e+00 0.000000000000000000e+00
5.804720856600000116e+04 4.349661057359742866e-15 nan nan 2.021762395494587849e+02 0.000000000000000000e+00 0.000000000000000000e+00
5.807205036400000245e+04 4.277613016676586546e-15 4.039154993777263288e-15 nan 2.073155718359617481e+02 0.000000000000000000e+00 0.000000000000000000e+00
