5.750800000000000000e+04 nan nan nan nan
5.750800000000000000e+04 nan nan nan nan
5.750800000000000000e+04 nan nan nan nan
5.751100000000000000e+04 1.835240604454125402e+00 nan nan 6.493206666666666933e+03
5.751100000000000000e+04 1.832071617343772774e+00 nan nan 6.564868333333332885e+03
5.751100000000000000e+04 1.823080171260664795e+00 nan nan 6.605615000000000691e+03
5.751600000000000000e+04 nan nan nan nan
5.751600000000000000e+04 nan nan nan nan
5.751600000000000000e+04 nan nan nan nan
5.752000000000000000e+04 nan nan nan nan
5.752000000000000000e+04 nan nan nan nan
5.752000000000000000e+04 nan nan nan nan
5.752300000000000000e+04 nan nan nan nan
5.752300000000000000e+04 nan nan nan nan
5.752300000000000000e+04 nan nan nan nan
5.752900000000000000e+04 1.658523495522046032e+00 2.808362956216888140e+00 nan 7.169539999999999964e+03
5.752900000000000000e+04 1.658694200409972508e+00 2.642326678513072569e+00 nan 7.144996666666666897e+03
5.752900000000000000e+04 1.662642415212709723e+00 2.562384027886086102e+00 nan 7.201533333333333758e+03
5.753400000000000000e+04 1.857084361810119155e+00 nan nan 7.241468333333333248e+03
5.753400000000000000e+04 1.859787944829778938e+00 nan nan 7.291921666666666169e+03
5.753400000000000000e+04 1.856504261257140298e+00 nan nan 7.346131666666667115e+03
5.754600000000000000e+04 nan nan nan 7.102054999999999382e+03
5.754600000000000000e+04 nan nan nan 7.119488333333332776e+03
5.754600000000000000e+04 nan nan nan 7.122093333333333248e+03
5.755000000000000000e+04 1.808636146318742144e+00 nan nan 7.345278333333333649e+03
5.755000000000000000e+04 1.823817674496085228e+00 nan nan 7.298918333333333067e+03
5.755000000000000000e+04 1.804287426555159612e+00 nan nan 7.328513333333333321e+03
5.755400000000000000e+04 1.432743543483897986e+00 1.584529403724808105e+00 nan 6.492154999999999745e+03
5.755400000000000000e+04 nan nan nan nan
5.755400000000000000e+04 nan nan nan nan
5.755700000000000000e+04 1.450051473659409229e+00 1.573983751060787251e+00 nan 7.221101666666666461e+03
5.755700000000000000e+04 1.448623283554410168e+00 1.580602722342525190e+00 nan 7.290643333333332521e+03
5.755700000000000000e+04 1.449315618487493795e+00 1.583975331625199656e+00 nan 7.291774999999999636e+03
5.756100000000000000e+04 1.488970847228738847e+00 1.638770800570529707e+00 nan 7.468151666666666642e+03
5.756100000000000000e+04 1.496791478773122908e+00 1.651480450952787393e+00 nan 7.448920000000000073e+03
5.756100000000000000e+04 1.495419784262532081e+00 1.635310474845588891e+00 nan 7.511845000000000255e+03
5.756600000000000000e+04 1.464655601238856963e+00 1.548981042426756938e+00 nan 7.267770000000000437e+03
5.756600000000000000e+04 1.444882701658205759e+00 1.535606911819016984e+00 nan 7.193309999999999491e+03
5.756600000000000000e+04 1.470180507028368888e+00 1.552143715673761859e+00 nan 7.238083333333333030e+03
5.756900000000000000e+04 nan nan nan 5.922518333333332521e+03
5.756900000000000000e+04 nan nan nan 5.898625000000000000e+03
5.756900000000000000e+04 nan nan nan 4.985213333333333139e+03
5.757300000000000000e+04 nan nan nan nan
5.757300000000000000e+04 nan nan nan nan
5.757300000000000000e+04 nan nan nan nan
5.757600000000000000e+04 1.464631598615185881e+00 1.556420031919680369e+00 nan 7.211679999999999382e+03
5.757600000000000000e+04 1.463596415053710631e+00 1.550106754703273193e+00 nan 7.261343333333333248e+03
5.757600000000000000e+04 1.453805469849283272e+00 1.549150787842198174e+00 nan 7.253103333333333467e+03
5.758100000000000000e+04 1.449929791230395670e+00 1.561020694782931928e+00 nan 7.054273333333333539e+03
5.758100000000000000e+04 1.450902416121164329e+00 1.575509765584620858e+00 nan 7.112628333333333103e+03
5.758100000000000000e+04 1.459253248780600032e+00 1.608357312788195159e+00 nan 7.205615000000000691e+03
5.758400000000000000e+04 1.454963581596707023e+00 1.576522841566070587e+00 nan 7.143963333333333139e+03
5.758400000000000000e+04 1.440092717061354222e+00 1.570494496854190736e+00 nan 7.124066666666666606e+03
5.758400000000000000e+04 1.439296586307535097e+00 1.558781525676268265e+00 nan 7.140141666666666424e+03
5.758700000000000000e+04 nan nan nan nan
5.758700000000000000e+04 nan nan nan nan
5.758700000000000000e+04 nan nan nan nan
5.759000000000000000e+04 nan nan nan nan
5.759000000000000000e+04 1.415383374750383449e+00 1.559586449375029993e+00 nan 5.558009999999999309e+03
5.759000000000000000e+04 nan nan nan nan
5.759300000000000000e+04 1.923319983601904593e+00 nan nan 7.115546666666666169e+03
5.759300000000000000e+04 1.900330012327918094e+00 nan nan 7.077984999999999673e+03
5.759300000000000000e+04 1.910987023207993518e+00 nan nan 7.106368333333332885e+03
5.759700000000000000e+04 nan nan nan nan
5.759700000000000000e+04 nan nan nan nan
5.759700000000000000e+04 nan nan nan nan
5.760000000000000000e+04 1.935471996239547687e+00 nan nan 6.835100000000000364e+03
5.760000000000000000e+04 1.955191531779560288e+00 nan nan 6.865003333333333103e+03
5.760000000000000000e+04 1.962680195544255435e+00 nan nan 6.746880000000000109e+03
5.760300000000000000e+04 2.006367153960236127e+00 nan nan 6.597396666666666533e+03
5.760300000000000000e+04 2.037426667076204900e+00 nan nan 6.633250000000000000e+03
5.760300000000000000e+04 2.043301958854982558e+00 nan nan 6.575941666666666606e+03
5.760600000000000000e+04 1.455177481928444427e+00 1.531397893300495916e+00 nan 6.135188333333333503e+03
5.760600000000000000e+04 1.445579349425503146e+00 1.533854880368072493e+00 nan 6.156433333333333394e+03
5.760600000000000000e+04 1.471915924927920782e+00 1.551134157517875645e+00 nan 6.245388333333333321e+03
5.760900000000000000e+04 1.437674901085701507e+00 1.534620253402299683e+00 nan 6.128130000000000109e+03
5.760900000000000000e+04 1.463277494884119401e+00 1.537067794428427225e+00 nan 6.149570000000000618e+03
5.760900000000000000e+04 1.457584411089084098e+00 1.541740602534504179e+00 nan 6.176076666666665915e+03
5.761300000000000000e+04 1.924256638032671773e+00 nan nan 7.189475000000000364e+03
5.761300000000000000e+04 1.921299828567652135e+00 nan nan 7.122261666666667224e+03
5.761300000000000000e+04 1.877316159050743893e+00 nan nan 6.966673333333334085e+03
5.761600000000000000e+04 1.472335947596461247e+00 1.583799098008163986e+00 nan 7.053998333333333903e+03
5.761600000000000000e+04 1.462403072259392811e+00 1.580980451064333270e+00 nan 6.990255000000000109e+03
5.761600000000000000e+04 1.476705608698558381e+00 1.591305879670113832e+00 nan 7.106111666666666679e+03
5.761900000000000000e+04 1.439964664141375916e+00 1.552470912067959397e+00 nan 6.501111666666666679e+03
5.761900000000000000e+04 1.439516251854526363e+00 1.556731001758683952e+00 nan 6.458778333333333649e+03
5.761900000000000000e+04 1.442319524676122233e+00 1.547242639150684385e+00 nan 6.473776666666666642e+03
5.762300000000000000e+04 1.491998689646591103e+00 1.675686483656993131e+00 nan 7.074645000000000437e+03
5.762300000000000000e+04 1.477130667380800233e+00 1.650619535576052899e+00 nan 7.096990000000000691e+03
5.762300000000000000e+04 1.466285545422895131e+00 1.627700444881139852e+00 nan 6.963175000000000182e+03
5.762600000000000000e+04 1.825462174699556739e+00 nan nan 6.809816666666666606e+03
5.762600000000000000e+04 1.811656181896787343e+00 nan nan 6.844376666666666097e+03
5.762600000000000000e+04 1.811166291117774829e+00 nan nan 6.876391666666666424e+03
5.762900000000000000e+04 nan nan nan 6.923013333333333321e+03
5.762900000000000000e+04 nan nan nan 6.945536666666666861e+03
5.762900000000000000e+04 nan nan nan 6.910895000000000437e+03
5.763200000000000000e+04 1.496895899527046714e+00 1.607766958071795482e+00 nan 6.782590000000000146e+03
5.763200000000000000e+04 1.488828247619089495e+00 1.601454490584640178e+00 nan 6.757091666666666242e+03
5.763200000000000000e+04 1.478473182505046113e+00 1.600076838816382407e+00 nan 6.760796666666666169e+03
5.769000000000000000e+04 1.925341096652454898e+00 nan nan 6.650940000000000509e+03
5.769000000000000000e+04 1.899153365879209909e+00 nan nan 6.550461666666667043e+03
5.769000000000000000e+04 1.922549969130758152e+00 nan nan 6.606916666666666970e+03
5.769400000000000000e+04 nan nan nan nan
5.769400000000000000e+04 nan nan nan nan
5.769400000000000000e+04 nan nan nan nan
5.770000000000000000e+04 1.888593872086093750e+00 nan nan 6.111203333333333831e+03
5.770000000000000000e+04 1.877850421923443758e+00 nan nan 6.080013333333333321e+03
5.770000000000000000e+04 1.886150128348283328e+00 nan nan 6.103556666666667297e+03
5.770300000000000000e+04 1.520327576436403705e+00 nan nan 5.329883333333333212e+03
5.770300000000000000e+04 1.519527723028960331e+00 nan nan 5.382579999999999927e+03
5.770300000000000000e+04 1.526367631316132512e+00 nan nan 5.384928333333333285e+03
5.770700000000000000e+04 nan nan nan nan
5.770700000000000000e+04 nan nan nan nan
5.770700000000000000e+04 nan nan nan nan
5.771100000000000000e+04 nan nan nan nan
5.771100000000000000e+04 nan nan nan nan
5.771100000000000000e+04 nan nan nan nan
5.771400000000000000e+04 nan nan nan nan
5.771400000000000000e+04 nan nan nan nan
5.771400000000000000e+04 nan nan nan nan
5.772000000000000000e+04 nan nan nan nan
5.772000000000000000e+04 nan nan nan nan
5.772000000000000000e+04 nan nan nan nan
5.772400000000000000e+04 nan nan nan nan
5.772400000000000000e+04 nan nan nan nan
5.772800000000000000e+04 1.486633900997837987e+00 nan nan 5.249505000000000109e+03
5.772800000000000000e+04 1.482681525651575294e+00 nan nan 5.222446666666666715e+03
5.772800000000000000e+04 1.480539418519589479e+00 nan nan 5.231755000000000109e+03
5.773300000000000000e+04 nan nan nan nan
5.773300000000000000e+04 nan nan nan nan
5.773300000000000000e+04 nan nan nan nan
5.773600000000000000e+04 nan nan nan nan
5.773600000000000000e+04 nan nan nan nan
5.773600000000000000e+04 nan nan nan nan
5.773900000000000000e+04 nan nan nan nan
5.773900000000000000e+04 nan nan nan nan
5.773900000000000000e+04 nan nan nan nan
5.774200000000000000e+04 nan nan nan nan
5.774200000000000000e+04 nan nan nan nan
5.774200000000000000e+04 nan nan nan nan
5.774600000000000000e+04 nan nan nan nan
5.774600000000000000e+04 1.973516433772047218e+00 nan nan 5.442336666666667043e+03
5.774600000000000000e+04 1.933292411192401028e+00 nan nan 5.490708333333333030e+03
5.774900000000000000e+04 nan nan nan nan
5.774900000000000000e+04 nan nan nan nan
5.774900000000000000e+04 nan nan nan nan
5.775200000000000000e+04 nan nan nan nan
5.775200000000000000e+04 nan nan nan nan
5.775200000000000000e+04 nan nan nan nan
5.785700000000000000e+04 nan nan nan nan
5.785700000000000000e+04 nan nan nan nan
5.785700000000000000e+04 nan nan nan nan
5.787300000000000000e+04 nan nan nan nan
5.787300000000000000e+04 nan nan nan nan
5.787300000000000000e+04 nan nan nan nan
5.787600000000000000e+04 1.806463395501167302e+00 2.263084243219616098e+00 nan 7.369070000000000618e+03
5.787600000000000000e+04 1.842193655836476429e+00 5.586997838274575301e+00 nan 7.458891666666666424e+03
5.787600000000000000e+04 1.844890459037629604e+00 2.018090407389318131e+01 nan 7.458065000000000509e+03
5.790300000000000000e+04 1.442901193954721384e+00 1.525930147868756137e+00 nan 6.487863333333332776e+03
5.790300000000000000e+04 1.452353970592567656e+00 1.534706805337847424e+00 nan 6.491303333333333285e+03
5.790300000000000000e+04 1.443441279089585860e+00 1.533150355347142391e+00 nan 6.563454999999999927e+03
5.790600000000000000e+04 1.500773640637105277e+00 1.586093019632284218e+00 nan 6.786363333333332776e+03
5.790600000000000000e+04 1.512104066499684762e+00 1.596680123839794074e+00 nan 6.718170000000000073e+03
5.790600000000000000e+04 1.508620182903799734e+00 1.599884438601870684e+00 nan 6.843774999999999636e+03
5.790900000000000000e+04 nan nan nan nan
5.790900000000000000e+04 nan nan nan nan
5.790900000000000000e+04 nan nan nan nan
5.791300000000000000e+04 nan nan nan 6.518684999999999491e+03
5.791300000000000000e+04 nan nan nan 6.556078333333333831e+03
5.791300000000000000e+04 nan nan nan 6.484196666666666715e+03
5.791600000000000000e+04 nan nan nan 6.574031666666666752e+03
5.791600000000000000e+04 nan nan nan 6.499596666666666351e+03
5.791600000000000000e+04 nan nan nan 6.489248333333333903e+03
5.792200000000000000e+04 nan nan nan nan
5.792200000000000000e+04 nan nan nan nan
5.792200000000000000e+04 nan nan nan nan
5.792500000000000000e+04 1.864098933118741419e+00 2.612520463544995231e+00 nan 5.061466666666666242e+03
5.792500000000000000e+04 1.861587401084835447e+00 2.287761218367730720e+00 nan 5.424876666666666097e+03
5.792500000000000000e+04 1.815195790182088986e+00 2.210874862456302381e+00 nan 5.448409999999999854e+03
5.793300000000000000e+04 1.764399903827023053e+00 2.178129129143770992e+00 nan 5.956369999999999891e+03
5.793300000000000000e+04 1.760297014231641644e+00 2.155778248272516517e+00 nan 5.895428333333333285e+03
5.793300000000000000e+04 1.717728661430576231e+00 2.129875991943116720e+00 nan 5.851053333333333285e+03
5.793600000000000000e+04 nan nan nan 6.649536666666666861e+03
5.793600000000000000e+04 nan nan nan 6.576331666666666933e+03
5.793600000000000000e+04 nan nan nan 6.494348333333333358e+03
5.794200000000000000e+04 nan nan nan nan
5.794200000000000000e+04 nan nan nan 4.970556666666667297e+03
5.794200000000000000e+04 nan nan nan nan
5.794500000000000000e+04 nan nan nan 5.754093333333333248e+03
5.794500000000000000e+04 nan nan nan 5.745109999999999673e+03
5.794500000000000000e+04 nan nan nan 5.701996666666666897e+03
5.794800000000000000e+04 1.809363367516588994e+00 2.395703485986531156e+00 nan 6.558773333333333539e+03
5.794800000000000000e+04 1.792239981673126259e+00 2.414911135014919719e+00 nan 6.428259999999999309e+03
5.794800000000000000e+04 1.805684317500224179e+00 2.462933934973639882e+00 nan 6.473501666666666097e+03
5.795100000000000000e+04 1.467438516650590108e+00 1.547159868809365957e+00 nan 6.356545000000000073e+03
5.795100000000000000e+04 1.469204928946367783e+00 1.550471985165888800e+00 nan 6.322806666666667297e+03
5.795100000000000000e+04 1.448240957272301621e+00 1.542584373480506477e+00 nan 6.202215000000000146e+03
5.795400000000000000e+04 nan nan nan nan
5.795400000000000000e+04 1.483982849076387112e+00 1.599517602737208666e+00 nan 5.149388333333333321e+03
5.795400000000000000e+04 1.482171193558348365e+00 1.588144271521295003e+00 nan 5.071836666666667043e+03
5.795800000000000000e+04 nan nan nan 6.571538333333332957e+03
5.795800000000000000e+04 nan nan nan 6.581791666666666970e+03
5.795800000000000000e+04 nan nan nan 6.553528333333333649e+03
5.796200000000000000e+04 1.876732295707676634e+00 4.145984878529302975e+00 nan 5.401320000000000618e+03
5.796200000000000000e+04 nan nan nan nan
5.796200000000000000e+04 1.853621769058730218e+00 3.918865508692990218e+00 nan 5.504623333333333903e+03
5.796500000000000000e+04 nan nan nan nan
5.796500000000000000e+04 nan nan nan nan
5.796500000000000000e+04 nan nan nan nan
5.797000000000000000e+04 nan nan nan 6.616013333333333321e+03
5.797000000000000000e+04 nan nan nan 6.620638333333333321e+03
5.797000000000000000e+04 nan nan nan 6.645673333333334085e+03
5.797300000000000000e+04 nan nan nan nan
5.797300000000000000e+04 nan nan nan nan
5.797300000000000000e+04 nan nan nan nan
5.798000000000000000e+04 1.467138311427913733e+00 1.587215264773117029e+00 nan 6.183005000000000109e+03
5.798000000000000000e+04 1.485872003251032636e+00 1.591407264145591194e+00 nan 6.264579999999999927e+03
5.798000000000000000e+04 1.487814468816119673e+00 1.594678896757927733e+00 nan 6.293479999999999563e+03
5.798300000000000000e+04 2.509207052589465192e+00 nan nan 6.198490000000000691e+03
5.798300000000000000e+04 2.127159551238784196e+00 nan nan 6.166515000000000327e+03
5.798300000000000000e+04 2.109804650638723356e+00 nan nan 6.241593333333333248e+03
5.798600000000000000e+04 2.021706867378952222e+00 nan nan 5.996143333333332521e+03
5.798600000000000000e+04 1.982383100754263827e+00 9.508845570978946782e+00 nan 5.947258333333333212e+03
5.798600000000000000e+04 1.964379563645540117e+00 4.961486346708650075e+00 nan 5.967883333333333212e+03
5.799000000000000000e+04 nan nan nan 6.434776666666666642e+03
5.799000000000000000e+04 nan nan nan 6.453115000000000691e+03
5.799000000000000000e+04 nan nan nan 6.492845000000000255e+03
5.799300000000000000e+04 1.472463481248156292e+00 1.609931262267163099e+00 nan 6.447119999999999891e+03
5.799300000000000000e+04 1.463933768916756639e+00 1.603545887774902035e+00 nan 6.389363333333332776e+03
5.799300000000000000e+04 1.467829650441191847e+00 1.592395826824730021e+00 nan 6.413833333333333030e+03
5.799600000000000000e+04 nan nan nan nan
5.799600000000000000e+04 nan nan nan nan
5.799600000000000000e+04 nan nan nan nan
5.800000000000000000e+04 1.413139237915536306e+00 1.542127641536811256e+00 nan 6.306006666666667115e+03
5.800000000000000000e+04 1.424766662146865093e+00 1.552873455290693094e+00 nan 6.339579999999999927e+03
5.800000000000000000e+04 1.435063361936180337e+00 nan nan 6.397493333333332885e+03
5.800300000000000000e+04 nan nan nan nan
5.800300000000000000e+04 nan nan nan nan
5.800300000000000000e+04 nan nan nan nan
5.800700000000000000e+04 nan nan nan 6.279566666666666606e+03
5.800700000000000000e+04 nan nan nan 6.328161666666666861e+03
5.800700000000000000e+04 nan nan nan 6.396896666666666533e+03
5.801000000000000000e+04 1.461565024940945978e+00 1.611370056859695588e+00 nan 6.278123333333333903e+03
5.801000000000000000e+04 1.457873621442358880e+00 1.607978088796647720e+00 nan 6.305335000000000036e+03
5.801000000000000000e+04 1.465089307317726242e+00 1.628332242412685815e+00 nan 6.347789999999999964e+03
5.801700000000000000e+04 1.482043481370347804e+00 1.635854624820757719e+00 nan 6.285875000000000000e+03
5.801700000000000000e+04 1.483432465844512160e+00 1.615069360004665278e+00 nan 6.231731666666667479e+03
5.801700000000000000e+04 1.497825212764732905e+00 1.638267950245403615e+00 nan 6.288611666666666679e+03
5.802100000000000000e+04 1.449435442778738592e+00 1.533311754868641241e+00 nan 5.921458333333333030e+03
5.802100000000000000e+04 1.434861988877080385e+00 1.529504609519183100e+00 nan 5.877261666666667224e+03
5.802100000000000000e+04 1.433304580837823972e+00 1.513858224559679222e+00 nan 5.873961666666667043e+03
5.802400000000000000e+04 nan nan nan nan
5.802400000000000000e+04 nan nan nan nan
5.802400000000000000e+04 nan nan nan nan
5.802700000000000000e+04 nan nan nan nan
5.802700000000000000e+04 nan nan nan nan
5.802700000000000000e+04 nan nan nan nan
5.804700000000000000e+04 nan nan nan 5.436318333333332703e+03
5.804700000000000000e+04 nan nan nan 5.438536666666666861e+03
5.804700000000000000e+04 nan nan nan 5.416250000000000000e+03
5.805000000000000000e+04 nan nan nan nan
5.805000000000000000e+04 nan nan nan nan
5.805000000000000000e+04 nan nan nan nan
5.805300000000000000e+04 nan nan nan nan
5.805300000000000000e+04 nan nan nan nan
5.805300000000000000e+04 nan nan nan nan
5.805600000000000000e+04 nan nan nan nan
5.805600000000000000e+04 nan nan nan nan
5.805600000000000000e+04 nan nan nan nan
5.806200000000000000e+04 nan nan nan 4.883345000000000255e+03
5.806200000000000000e+04 nan nan nan 4.914953333333333831e+03
5.806200000000000000e+04 nan nan nan 4.919646666666666533e+03
5.806500000000000000e+04 nan nan nan nan
5.806500000000000000e+04 nan nan nan nan
5.806500000000000000e+04 nan nan nan nan
5.806800000000000000e+04 nan nan nan nan
5.806800000000000000e+04 nan nan nan nan
5.806800000000000000e+04 nan nan nan nan
5.807100000000000000e+04 nan nan nan nan
5.807100000000000000e+04 nan nan nan nan
5.807100000000000000e+04 nan nan nan nan
