5.750800000000000000e+04 nan nan nan nan
5.750800000000000000e+04 nan nan nan nan
5.750800000000000000e+04 nan nan nan nan
5.751100000000000000e+04 2.840854725301224182e+00 nan nan 2.953178333333333740e+03
5.751100000000000000e+04 2.841814737836939830e+00 nan nan 2.956801666666666733e+03
5.751100000000000000e+04 2.816481258593440895e+00 nan nan 2.969531666666666752e+03
5.751600000000000000e+04 nan nan nan nan
5.751600000000000000e+04 nan nan nan nan
5.751600000000000000e+04 nan nan nan nan
5.752000000000000000e+04 nan nan nan nan
5.752000000000000000e+04 nan nan nan nan
5.752000000000000000e+04 nan nan nan nan
5.752300000000000000e+04 nan nan nan nan
5.752300000000000000e+04 nan nan nan nan
5.752300000000000000e+04 nan nan nan nan
5.752900000000000000e+04 nan nan nan nan
5.752900000000000000e+04 nan nan nan nan
5.752900000000000000e+04 nan nan nan nan
5.753400000000000000e+04 2.754857558146185159e+00 nan nan 3.010386666666666770e+03
5.753400000000000000e+04 2.760521225673127077e+00 nan nan 3.025866666666666788e+03
5.753400000000000000e+04 2.760615269002627770e+00 nan nan 3.012316666666666606e+03
5.754600000000000000e+04 nan nan nan 3.004588333333333139e+03
5.754600000000000000e+04 nan nan nan 3.011804999999999836e+03
5.754600000000000000e+04 nan nan nan 3.020360000000000127e+03
5.755000000000000000e+04 2.649181483927246727e+00 nan nan 3.032878333333333558e+03
5.755000000000000000e+04 2.577787819012952841e+00 nan nan 3.025495000000000346e+03
5.755000000000000000e+04 2.609087717686348729e+00 nan nan 3.038508333333333212e+03
5.755400000000000000e+04 nan nan nan nan
5.755400000000000000e+04 nan nan nan nan
5.755400000000000000e+04 1.396867364396921385e+00 3.177767135934906673e+00 nan 2.669800000000000182e+03
5.755700000000000000e+04 1.539726981545434636e+00 3.066509086162914954e+00 nan 2.991643333333333430e+03
5.755700000000000000e+04 1.565350154307615149e+00 3.113938093689810227e+00 nan 3.040768333333333430e+03
5.755700000000000000e+04 1.547845439532702816e+00 3.122481309343016598e+00 nan 3.050883333333333212e+03
5.756100000000000000e+04 1.526346079570694014e+00 3.186169825569071357e+00 nan 2.983673333333333176e+03
5.756100000000000000e+04 1.555712000165952347e+00 3.230613572383965515e+00 nan 2.999824999999999818e+03
5.756100000000000000e+04 1.552344903113182184e+00 3.146870381649442550e+00 nan 3.002703333333333376e+03
5.756600000000000000e+04 1.404558841502136390e+00 3.092281321218360191e+00 nan 2.930605000000000018e+03
5.756600000000000000e+04 1.397894621750644273e+00 3.083705409397172748e+00 nan 2.897980000000000018e+03
5.756600000000000000e+04 1.391213851007596203e+00 3.067120113742698440e+00 nan 2.898603333333333467e+03
5.756900000000000000e+04 nan nan nan nan
5.756900000000000000e+04 nan nan nan 2.452421666666666624e+03
5.756900000000000000e+04 nan nan nan nan
5.757300000000000000e+04 nan nan nan nan
5.757300000000000000e+04 nan nan nan nan
5.757300000000000000e+04 nan nan nan nan
5.757600000000000000e+04 1.378666398512695679e+00 2.958454761950071177e+00 nan 2.901991666666666788e+03
5.757600000000000000e+04 1.380111648491392007e+00 2.990259631759247583e+00 nan 2.923016666666666879e+03
5.757600000000000000e+04 1.371584463096669815e+00 2.944197792625653953e+00 nan 2.906796666666666624e+03
5.758100000000000000e+04 1.535702314263088564e+00 3.122745788751406959e+00 nan 2.970301666666666733e+03
5.758100000000000000e+04 1.499685409273497694e+00 3.048022080983665560e+00 nan 2.903958333333333485e+03
5.758100000000000000e+04 1.482684482897405287e+00 2.998578449675175950e+00 nan 2.855035000000000309e+03
5.758400000000000000e+04 1.512096543929823511e+00 3.039945359339281339e+00 nan 2.956826666666666824e+03
5.758400000000000000e+04 1.519058037770612435e+00 3.037397743096843072e+00 nan 2.946101666666666915e+03
5.758400000000000000e+04 1.535770415757953700e+00 3.060409805234640235e+00 nan 2.957586666666667043e+03
5.758700000000000000e+04 nan nan nan nan
5.758700000000000000e+04 nan nan nan nan
5.758700000000000000e+04 nan nan nan nan
5.759000000000000000e+04 nan nan nan nan
5.759000000000000000e+04 nan nan nan nan
5.759000000000000000e+04 nan nan nan nan
5.759300000000000000e+04 3.082116051757339825e+00 nan nan 2.976713333333333139e+03
5.759300000000000000e+04 3.087881459223126956e+00 nan nan 2.981476666666666915e+03
5.759300000000000000e+04 3.124621991940685461e+00 nan nan 3.001598333333333358e+03
5.759700000000000000e+04 nan nan nan nan
5.759700000000000000e+04 nan nan nan nan
5.759700000000000000e+04 nan nan nan nan
5.760000000000000000e+04 3.413855527299943127e+00 nan nan 2.859193333333333612e+03
5.760000000000000000e+04 3.173548414841144361e+00 nan nan 2.927279999999999745e+03
5.760000000000000000e+04 3.044587891384316958e+00 nan nan 2.926306666666666388e+03
5.760300000000000000e+04 3.414504057995942254e+00 nan nan 2.984328333333333376e+03
5.760300000000000000e+04 3.231370449275359213e+00 nan nan 3.001426666666666733e+03
5.760300000000000000e+04 3.331189195924331603e+00 nan nan 2.989868333333333339e+03
5.760600000000000000e+04 1.438948488112224977e+00 3.089663621689537898e+00 nan 2.879141666666666879e+03
5.760600000000000000e+04 1.428963237895288785e+00 3.101303383269990555e+00 nan 2.888146666666666533e+03
5.760600000000000000e+04 1.437618451635973349e+00 3.056384008486375148e+00 nan 2.881214999999999691e+03
5.760900000000000000e+04 1.415641937223742319e+00 3.058119406728213807e+00 nan 2.869638333333333321e+03
5.760900000000000000e+04 1.434665171323875610e+00 3.115765883988211193e+00 nan 2.886795000000000073e+03
5.760900000000000000e+04 1.444731624386371260e+00 3.092883903529778156e+00 nan 2.896410000000000309e+03
5.761300000000000000e+04 nan nan nan nan
5.761300000000000000e+04 3.090840165397158668e+00 nan nan 2.879476666666666915e+03
5.761300000000000000e+04 3.092393432788973939e+00 nan nan 2.883410000000000309e+03
5.761600000000000000e+04 1.551197696809278215e+00 3.103937326092331972e+00 nan 2.885271666666666533e+03
5.761600000000000000e+04 1.553149641512944212e+00 3.192073378656078653e+00 nan 2.894118333333333339e+03
5.761600000000000000e+04 1.542133532244136074e+00 3.140531880179410429e+00 nan 2.884074999999999818e+03
5.761900000000000000e+04 1.431773019912654377e+00 3.111866870284427655e+00 nan 2.823258333333333212e+03
5.761900000000000000e+04 1.407148602495236878e+00 3.116253147567431991e+00 nan 2.807826666666666824e+03
5.761900000000000000e+04 1.434660692685163053e+00 3.103560911247853049e+00 nan 2.858336666666667043e+03
5.762300000000000000e+04 1.586693339180352380e+00 nan nan 2.930773333333333085e+03
5.762300000000000000e+04 1.583719738141177835e+00 nan nan 2.924808333333333394e+03
5.762300000000000000e+04 1.565550557452184410e+00 nan nan 2.887506666666666661e+03
5.762600000000000000e+04 2.621656763221955622e+00 nan nan 2.816418333333333521e+03
5.762600000000000000e+04 2.613594491938828757e+00 nan nan 2.819500000000000000e+03
5.762600000000000000e+04 nan nan nan nan
5.762900000000000000e+04 nan nan nan 2.917345000000000255e+03
5.762900000000000000e+04 nan nan nan 2.920921666666666624e+03
5.762900000000000000e+04 nan nan nan 2.910220000000000255e+03
5.763200000000000000e+04 1.596072584866174759e+00 nan nan 2.983328333333333376e+03
5.763200000000000000e+04 1.576257303603362692e+00 nan nan 2.957171666666666624e+03
5.763200000000000000e+04 1.594008085050671708e+00 nan nan 2.982954999999999927e+03
5.769000000000000000e+04 2.695043332700615135e+00 1.959275233397962523e+01 nan 2.820714999999999691e+03
5.769000000000000000e+04 2.648457357350725072e+00 1.599705949971759189e+01 nan 2.818050000000000182e+03
5.769000000000000000e+04 2.625098943186570999e+00 1.279613883585091827e+01 nan 2.794638333333333321e+03
5.769400000000000000e+04 1.591657263353916107e+00 nan nan 2.572131666666666661e+03
5.769400000000000000e+04 1.615069153527777246e+00 nan nan 2.600346666666666351e+03
5.769400000000000000e+04 1.614360316988206812e+00 nan nan 2.601678333333333740e+03
5.770000000000000000e+04 nan nan nan nan
5.770000000000000000e+04 2.918137694817518835e+00 nan nan 2.659864999999999782e+03
5.770000000000000000e+04 nan nan nan nan
5.770300000000000000e+04 1.575085213634060510e+00 nan nan 2.604466666666666697e+03
5.770300000000000000e+04 1.570745717678459163e+00 nan nan 2.606311666666666952e+03
5.770300000000000000e+04 1.561823924452359069e+00 nan nan 2.571105000000000018e+03
5.770700000000000000e+04 nan nan nan nan
5.770700000000000000e+04 nan nan nan nan
5.770700000000000000e+04 nan nan nan nan
5.771100000000000000e+04 nan nan nan 2.459251666666666551e+03
5.771100000000000000e+04 nan nan nan 2.481059999999999945e+03
5.771100000000000000e+04 nan nan nan 2.475108333333333121e+03
5.771400000000000000e+04 nan nan nan nan
5.771400000000000000e+04 nan nan nan nan
5.771400000000000000e+04 nan nan nan nan
5.772000000000000000e+04 nan nan nan nan
5.772000000000000000e+04 nan nan nan nan
5.772000000000000000e+04 nan nan nan nan
5.772400000000000000e+04 nan nan nan nan
5.772400000000000000e+04 nan nan nan nan
5.772800000000000000e+04 nan nan nan nan
5.772800000000000000e+04 nan nan nan nan
5.772800000000000000e+04 nan nan nan nan
5.773300000000000000e+04 nan nan nan nan
5.773300000000000000e+04 nan nan nan nan
5.773300000000000000e+04 nan nan nan nan
5.773600000000000000e+04 nan nan nan nan
5.773600000000000000e+04 nan nan nan nan
5.773600000000000000e+04 nan nan nan nan
5.773900000000000000e+04 nan nan nan nan
5.773900000000000000e+04 nan nan nan nan
5.773900000000000000e+04 nan nan nan nan
5.774200000000000000e+04 nan nan nan nan
5.774200000000000000e+04 nan nan nan nan
5.774200000000000000e+04 nan nan nan nan
5.774600000000000000e+04 nan nan nan nan
5.774600000000000000e+04 nan nan nan nan
5.774600000000000000e+04 nan nan nan nan
5.774900000000000000e+04 nan nan nan nan
5.774900000000000000e+04 nan nan nan nan
5.774900000000000000e+04 nan nan nan nan
5.775200000000000000e+04 nan nan nan nan
5.775200000000000000e+04 nan nan nan nan
5.775200000000000000e+04 nan nan nan nan
5.785700000000000000e+04 nan nan nan nan
5.785700000000000000e+04 nan nan nan nan
5.785700000000000000e+04 nan nan nan nan
5.787300000000000000e+04 nan nan nan nan
5.787300000000000000e+04 nan nan nan nan
5.787300000000000000e+04 nan nan nan nan
5.787600000000000000e+04 2.531272377272101970e+00 nan nan 3.307523333333333085e+03
5.787600000000000000e+04 2.400380666012926767e+00 nan nan 3.303366666666666788e+03
5.787600000000000000e+04 2.583680818246330446e+00 nan nan 3.304095000000000255e+03
5.790300000000000000e+04 1.331201184386595848e+00 2.994561456255926846e+00 nan 2.805400000000000091e+03
5.790300000000000000e+04 1.342145474017120810e+00 3.005814894684703642e+00 nan 2.853206666666666479e+03
5.790300000000000000e+04 1.334612754296748305e+00 2.993132125952242095e+00 nan 2.819949999999999818e+03
5.790600000000000000e+04 1.427047337663203352e+00 3.122097295008749995e+00 nan 3.033253333333333558e+03
5.790600000000000000e+04 1.422627245312912736e+00 3.160684975885887038e+00 nan 2.987021666666666533e+03
5.790600000000000000e+04 1.420907834000705305e+00 3.123252054829761093e+00 nan 3.035163333333332957e+03
5.790900000000000000e+04 nan nan nan nan
5.790900000000000000e+04 nan nan nan nan
5.790900000000000000e+04 nan nan nan nan
5.791300000000000000e+04 nan nan nan 3.017750000000000000e+03
5.791300000000000000e+04 nan nan nan 3.033449999999999818e+03
5.791300000000000000e+04 nan nan nan 2.990348333333333358e+03
5.791600000000000000e+04 nan nan nan 3.091025000000000091e+03
5.791600000000000000e+04 nan nan nan 3.059193333333333612e+03
5.791600000000000000e+04 nan nan nan 3.079388333333333321e+03
5.792200000000000000e+04 nan nan nan nan
5.792200000000000000e+04 nan nan nan nan
5.792200000000000000e+04 nan nan nan nan
5.792500000000000000e+04 nan nan nan nan
5.792500000000000000e+04 2.432821923697487954e+00 1.453008182347825716e+01 nan 2.531379999999999654e+03
5.792500000000000000e+04 2.334588979416154952e+00 1.266359341701977748e+01 nan 2.549269999999999982e+03
5.793300000000000000e+04 2.129508289314003378e+00 9.876822043572826004e+00 nan 2.739731666666666570e+03
5.793300000000000000e+04 2.093536347815592613e+00 8.754401919068309113e+00 nan 2.729171666666666624e+03
5.793300000000000000e+04 2.045573478212216134e+00 7.894526653419417173e+00 nan 2.711513333333333321e+03
5.793600000000000000e+04 nan nan nan 3.011453333333333376e+03
5.793600000000000000e+04 nan nan nan 2.999203333333333376e+03
5.793600000000000000e+04 nan nan nan 2.972638333333333321e+03
5.794200000000000000e+04 nan nan nan nan
5.794200000000000000e+04 nan nan nan nan
5.794200000000000000e+04 nan nan nan nan
5.794500000000000000e+04 nan nan nan 2.602704999999999927e+03
5.794500000000000000e+04 nan nan nan nan
5.794500000000000000e+04 nan nan nan nan
5.794800000000000000e+04 2.388075104333824861e+00 1.534941134070158419e+01 nan 2.981264999999999873e+03
5.794800000000000000e+04 2.379391638185143432e+00 1.725375676886440246e+01 nan 2.927088333333333139e+03
5.794800000000000000e+04 2.402218467965389959e+00 1.708955346804707176e+01 nan 2.939588333333333139e+03
5.795100000000000000e+04 1.428506302644195092e+00 3.077628497262650420e+00 nan 2.882823333333333267e+03
5.795100000000000000e+04 1.447191394797788799e+00 3.102563095309204932e+00 nan 2.882766666666666879e+03
5.795100000000000000e+04 1.427855201827517018e+00 3.119505522461591518e+00 nan 2.835629999999999654e+03
5.795400000000000000e+04 nan nan nan nan
5.795400000000000000e+04 nan nan nan nan
5.795400000000000000e+04 nan nan nan nan
5.795800000000000000e+04 nan nan nan 2.925636666666666770e+03
5.795800000000000000e+04 nan nan nan 2.928633333333333212e+03
5.795800000000000000e+04 nan nan nan 2.926203333333333376e+03
5.796200000000000000e+04 nan nan nan nan
5.796200000000000000e+04 nan nan nan nan
5.796200000000000000e+04 nan nan nan nan
5.796500000000000000e+04 nan nan nan nan
5.796500000000000000e+04 nan nan nan nan
5.796500000000000000e+04 nan nan nan nan
5.797000000000000000e+04 nan nan nan 2.951146666666666533e+03
5.797000000000000000e+04 nan nan nan 2.962491666666666788e+03
5.797000000000000000e+04 nan nan nan 2.952091666666666697e+03
5.797300000000000000e+04 nan nan nan nan
5.797300000000000000e+04 nan nan nan nan
5.797300000000000000e+04 nan nan nan nan
5.798000000000000000e+04 1.392336712514620434e+00 3.053673173283738329e+00 nan 2.815335000000000036e+03
5.798000000000000000e+04 1.398795674933353883e+00 3.084485278343278569e+00 nan 2.858781666666666752e+03
5.798000000000000000e+04 1.407422656541724493e+00 3.103129170992139585e+00 nan 2.877105000000000018e+03
5.798300000000000000e+04 6.022069412315634196e+00 nan nan 2.850576666666666824e+03
5.798300000000000000e+04 4.841002142183774559e+00 nan nan 2.881678333333333740e+03
5.798300000000000000e+04 4.616006676198510128e+00 nan nan 2.887338333333333139e+03
5.798600000000000000e+04 3.166537844104881039e+00 nan nan 2.973571666666666260e+03
5.798600000000000000e+04 2.945791586262952677e+00 nan nan 2.954916666666666515e+03
5.798600000000000000e+04 2.852879256486980708e+00 nan nan 2.950519999999999982e+03
5.799000000000000000e+04 nan nan nan 2.897154999999999745e+03
5.799000000000000000e+04 nan nan nan 2.900945000000000164e+03
5.799000000000000000e+04 nan nan nan 2.880488333333333230e+03
5.799300000000000000e+04 1.571362947105521268e+00 3.120452139681927584e+00 nan 2.936091666666666697e+03
5.799300000000000000e+04 1.558042577958854480e+00 3.098231640305324497e+00 nan 2.899971666666666351e+03
5.799300000000000000e+04 1.566405008126596332e+00 3.109547144670973484e+00 nan 2.923381666666666661e+03
5.799600000000000000e+04 nan nan nan nan
5.799600000000000000e+04 nan nan nan nan
5.799600000000000000e+04 nan nan nan nan
5.800000000000000000e+04 1.549440440960535126e+00 3.126483948829087200e+00 nan 2.857878333333333558e+03
5.800000000000000000e+04 1.550989499911016312e+00 3.113838073460054812e+00 nan 2.905003333333333558e+03
5.800000000000000000e+04 1.593761131520147423e+00 nan nan 2.952995000000000346e+03
5.800300000000000000e+04 nan nan nan nan
5.800300000000000000e+04 nan nan nan nan
5.800300000000000000e+04 2.346356321491503749e+00 nan nan 2.845089999999999691e+03
5.800700000000000000e+04 nan nan nan 2.811483333333333121e+03
5.800700000000000000e+04 nan nan nan 2.826714999999999691e+03
5.800700000000000000e+04 nan nan nan 2.855175000000000182e+03
5.801000000000000000e+04 1.519818167886424432e+00 3.071966108086662040e+00 nan 2.842956666666666479e+03
5.801000000000000000e+04 1.530876351014225145e+00 3.069768521542628026e+00 nan 2.843214999999999691e+03
5.801000000000000000e+04 1.555398533527480698e+00 3.181754516590759252e+00 nan 2.900141666666666879e+03
5.801700000000000000e+04 1.581189938968673658e+00 3.188809864431933150e+00 nan 2.912904999999999745e+03
5.801700000000000000e+04 1.517794274088276607e+00 3.039779599516194253e+00 nan 2.827375000000000000e+03
5.801700000000000000e+04 1.567745263857868609e+00 3.156398809469670663e+00 nan 2.891988333333333230e+03
5.802100000000000000e+04 1.544279971033102772e+00 3.041220383589034348e+00 nan 2.758001666666666551e+03
5.802100000000000000e+04 1.545406134654130126e+00 3.027448746190378071e+00 nan 2.747291666666666515e+03
5.802100000000000000e+04 1.530137218268973198e+00 2.996403369244981185e+00 nan 2.740945000000000164e+03
5.802400000000000000e+04 nan nan nan nan
5.802400000000000000e+04 nan nan nan nan
5.802400000000000000e+04 nan nan nan nan
5.802700000000000000e+04 nan nan nan nan
5.802700000000000000e+04 nan nan nan nan
5.802700000000000000e+04 nan nan nan nan
5.804700000000000000e+04 nan nan nan 2.673521666666666533e+03
5.804700000000000000e+04 nan nan nan 2.649153333333333649e+03
5.804700000000000000e+04 nan nan nan 2.664858333333333121e+03
5.805000000000000000e+04 nan nan nan nan
5.805000000000000000e+04 1.489917270663587923e+00 3.345709523275327779e+00 nan 2.460493333333333339e+03
5.805000000000000000e+04 nan nan nan nan
5.805300000000000000e+04 nan nan nan 2.597679999999999836e+03
5.805300000000000000e+04 nan nan nan 2.579318333333333612e+03
5.805300000000000000e+04 nan nan nan nan
5.805600000000000000e+04 1.414891880901739007e+00 3.088089961402269878e+00 nan 2.615429999999999836e+03
5.805600000000000000e+04 1.423943060135079097e+00 3.112975708316552126e+00 nan 2.604816666666666606e+03
5.805600000000000000e+04 1.434674411612300471e+00 3.164046501878456485e+00 nan 2.616413333333332957e+03
5.806200000000000000e+04 nan nan nan 2.674264999999999873e+03
5.806200000000000000e+04 nan nan nan 2.674440000000000055e+03
5.806200000000000000e+04 nan nan nan 2.685363333333333230e+03
5.806500000000000000e+04 nan nan nan nan
5.806500000000000000e+04 nan nan nan nan
5.806500000000000000e+04 nan nan nan nan
5.806800000000000000e+04 nan nan nan nan
5.806800000000000000e+04 nan nan nan nan
5.806800000000000000e+04 nan nan nan nan
5.807100000000000000e+04 nan nan nan nan
5.807100000000000000e+04 nan nan nan nan
5.807100000000000000e+04 nan nan nan nan
