3.427885121503902344e+00 5.083996715207756978e-01 1.480840169966737676e+03 9.208598965733079400e-02
3.615563285402943805e+00 3.891761165793818922e-01 1.470318376001963088e+03 9.221554016821412181e-02
3.963613012455953655e+00 2.928438273492047772e-01 1.539998016433993598e+03 9.229183966074425149e-02
4.048313956211344156e+00 3.166820460941126569e-01 1.478893221471418201e+03 9.313969866809579390e-02
4.508874666070489035e+00 3.271453209091732539e-01 1.412212992909975355e+03 9.221906631179231650e-02
4.423136061708850875e+00 2.187681776552833357e-01 1.382415305229305659e+03 9.036679190484710189e-02
4.455061325362315472e+00 6.086243740845455330e-02 1.443811937771846488e+03 8.536526011811752801e-02
4.467908309793135579e+00 2.709809658380933628e-02 1.484538053597790622e+03 8.714548049756035142e-02
4.481455118549320105e+00 3.728305378334358794e-02 1.542897445355543823e+03 8.745081527505860208e-02
4.469967597048707830e+00 2.685358961844078185e-02 1.580185985720116605e+03 8.648500264212255484e-02
4.470783090387316250e+00 2.629677054281282997e-02 1.458126177294447871e+03 8.523320731547054385e-02
4.524188782632246664e+00 2.565311295015340956e-02 1.497394495105791066e+03 8.560536779406234531e-02
4.777561765831682017e+00 4.465840803570488016e-02 1.475628120974231479e+03 8.632826823322772847e-02
4.851018465034212745e+00 1.052922742406527667e-01 1.431494788077748808e+03 8.633233498638627490e-02
4.836095529798444481e+00 1.132633144992363922e-01 1.537792907577688311e+03 8.694995992205652169e-02
4.915589725064415383e+00 2.031622595239151452e-01 1.550556581151393402e+03 8.713019197711012465e-02
4.763408777739380540e+00 1.937579217290399253e-02 1.541427847661032274e+03 8.756345738051034278e-02
4.733250727025543725e+00 2.472583769843667845e-01 1.535473962143508061e+03 8.801198267810876608e-02
4.819182868434239708e+00 8.288882799339844509e-02 1.561027545077053219e+03 8.501905144934489289e-02
