3.774708635234738985e+00 5.902150084760451332e-01 1.134495937601637024e+03 9.830239832635499775e-02
3.893189933708402606e+00 4.891767056345379672e-01 1.182481322470628811e+03 9.950852215077554686e-02
3.861733727565933361e+00 3.284704276671354117e-01 1.066785018183635430e+03 9.789981949908684034e-02
4.208603571797771004e+00 3.365179332121769062e-02 1.061525618931194458e+03 9.427326196791160906e-02
4.341462396821867742e+00 5.868272183916790896e-02 1.117200410792986304e+03 8.871736744998197366e-02
4.347241825671193105e+00 2.942596914562206623e-02 1.101100397991911223e+03 8.769849024639873869e-02
4.527115895029306891e+00 2.466447689051777872e-02 9.524957900062107683e+02 8.688200235665474724e-02
4.412675164889471091e+00 2.815698653439602239e-02 1.045023888397133987e+03 8.924583691379843475e-02
4.258783402265831519e+00 3.326499151373735752e-01 9.201162566858271248e+02 8.622780365615805021e-02
4.400153190394833658e+00 7.683456004713720700e-02 9.395265171773306747e+02 8.303030944382919221e-02
4.349003809136145371e+00 2.876697010295057796e-02 9.543854418104707520e+02 7.533344543706939345e-02
4.212756728733728195e+00 3.294517103376141259e-02 1.079584921272461770e+03 7.122995276694356337e-02
4.213966020256516565e+00 3.222143723026717199e-02 1.032396273931410633e+03 6.828135476405076953e-02
4.212902432594391122e+00 3.236902335643251916e-02 9.413795353404458410e+02 6.458589207136708477e-02
4.272265346349224835e+00 1.590116357168126493e-01 9.032205756435954527e+02 6.623676751346252445e-02
4.318070711259056615e+00 1.493439622284551960e-01 8.844849521278168822e+02 6.842949409409854189e-02
4.276749115215533692e+00 1.546564163453088558e-01 8.690454018791241424e+02 6.750043852819057055e-02
4.326473769099450806e+00 1.346699333773201668e-01 8.453106684792712713e+02 6.723679851673035335e-02
4.359404574497610874e+00 1.668399179033343838e-01 9.454355617043443090e+02 6.871596491957292219e-02
4.447962917139871131e+00 1.072226204796372928e-01 9.449757870975963669e+02 6.780056077631629874e-02
4.579957916059066214e+00 2.421141131141478151e-02 9.611084866667371216e+02 6.608096452547128352e-02
4.579118134415486985e+00 2.323049699412308572e-02 9.185314226717207475e+02 6.501929394313377131e-02
4.527803010398130823e+00 2.440774619801457448e-02 9.442841388797517084e+02 5.867854868707596955e-02
4.679753987426975570e+00 2.072625301981029927e-02 9.413373459666512417e+02 6.129929898314859932e-02
4.726230410622274114e+00 2.058729793921895701e-02 9.409937735038679421e+02 5.476766628410532911e-02
4.723284182566312772e+00 1.995824826362161200e-02 9.539336482300416264e+02 5.427786843237085435e-02
4.722455460195121191e+00 2.002754676673914810e-02 9.528527479870692787e+02 5.560769874840555682e-02
4.722757181717491370e+00 1.979026085729918005e-02 9.445995420930960336e+02 5.431622814888741740e-02
4.681596839219439588e+00 1.407927990129271556e-01 9.278491539546644162e+02 5.578528080436145203e-02
4.695692921955121335e+00 2.475552644504445676e-01 9.725082236398133091e+02 5.077561776413554162e-02
4.723030457065740428e+00 1.938410225629726494e-02 9.058257906810799795e+02 5.333430945914366395e-02
4.676760951884648243e+00 2.017484444959767934e-02 8.752442294270620096e+02 5.419812138985791172e-02
4.534797180448812526e+00 4.578436605123330227e-02 8.596633049280081877e+02 5.046902231111321385e-02
4.656866825259408316e+00 7.561360850578700832e-02 8.177519146615327372e+02 4.876827308487397677e-02
4.580568719012232393e+00 2.296372341121321464e-02 9.110725963844030275e+02 4.745695064075253905e-02
4.471138987301948475e+00 2.481577666484617584e-02 9.116771313956443237e+02 4.883863381059200953e-02
4.473309902967561591e+00 9.163555790353371255e-02 9.032705047257873048e+02 4.853920665889524533e-02
4.419655077970223722e+00 8.577460378855379652e-02 8.889495980063784373e+02 4.709717268195703216e-02
4.432409168946957578e+00 6.532966972041731601e-02 8.573096577703495313e+02 4.832695880554789547e-02
4.549046471090316679e+00 7.444867007491492994e-02 7.848444454761047382e+02 5.001180071880680783e-02
4.579465405379767873e+00 2.277256908134039567e-02 8.181872934267074697e+02 4.750118997989798836e-02
4.329569901108721197e+00 6.972752537105049442e-02 7.956442668895232373e+02 4.584304408881574588e-02
4.475844147800701833e+00 5.549283345463308648e-02 8.139196451373596801e+02 4.680250426167233135e-02
4.524686286404486779e+00 2.448131395204860769e-02 8.368243664375333992e+02 4.506179807336126164e-02
4.722533040485498823e+00 2.005577561516201646e-02 8.300572099529216530e+02 4.346949274135952779e-02
4.764951117839586026e+00 1.870430737713334526e-02 7.784325845322874784e+02 4.455220084647039391e-02
4.765430733043026557e+00 1.948944881924183012e-02 7.335230215438454024e+02 4.313552893335285271e-02
4.766750822687076727e+00 1.872656620246127349e-02 7.030077304666494911e+02 4.149725156036101342e-02
4.765677889398246769e+00 1.864325074337927837e-02 5.421644788108355897e+02 3.985195319458600255e-02
3.700384222028474834e+00 1.075982359383798742e-01 6.341704776650585700e+02 3.750818344273855465e-02
3.636199064192997543e+00 2.580299841002594019e-01 6.399901400889766592e+02 3.833386739269428745e-02
3.785808575143819965e+00 2.903270850920270929e-01 6.426113287588957519e+02 3.756624086191778095e-02
3.936926220537543486e+00 1.402026214781534608e-01 6.697635704893868933e+02 3.935163912828749250e-02
4.035810325002727517e+00 5.830969401445208755e-02 6.295953531165553159e+02 3.484809204821508188e-02
4.046953871102615174e+00 3.773557085792560856e-02 6.035285819783684929e+02 3.472592203054748750e-02
4.068844671005736657e+00 1.078344489256478633e-01 5.930319303666539099e+02 3.602755685295223192e-02
4.116642906422492310e+00 8.652116225956948958e-02 6.180627343211707512e+02 3.377054286633347779e-02
4.047666906428866618e+00 3.686449838234014814e-02 5.932706128617203376e+02 3.137938438487223453e-02
4.051564819892966796e+00 3.572875168350627545e-02 6.227072873489934182e+02 2.851566623371357481e-02
4.239510568817257408e+00 1.644943003457035591e-01 4.811772561078780654e+02 2.965777799045911725e-02
4.083517960053153928e+00 1.195220910576203222e-01 4.633989786588522293e+02 2.975746595186820609e-02
4.068808392726709577e+00 2.907677172458089654e-01 3.796019514950521625e+02 2.593845074291081104e-02
4.206865580378583935e+00 2.649132130087962778e-01 3.555914167145448346e+02 2.762333798165427651e-02
4.477887567425617554e+00 1.562592327083698329e-01 3.961581745638041525e+02 2.869511934645964726e-02
4.608599368745709413e+00 1.218219972274707241e-01 4.838640265538983840e+02 2.950727088913775165e-02
4.581054869435718047e+00 9.666715266812382634e-02 5.349220303109110546e+02 2.809708438938536210e-02
4.488855230342320368e+00 9.428767672585185167e-02 5.017444394025118299e+02 2.911246198103342037e-02
4.501205711226023531e+00 9.750965714611087298e-02 5.505930061775428612e+02 2.910334648312016409e-02
4.516771391224790655e+00 1.049325479061507110e-01 4.857906556359490651e+02 3.048422406399334608e-02
4.527292073211120815e+00 2.557593085758122844e-02 4.325146599988303251e+02 3.247719654881576351e-02
4.523376706671917269e+00 2.622497757915249680e-02 4.318373226440168082e+02 3.511759887975309663e-02
4.481720430160675228e+00 7.056654842833023911e-02 4.461683488498071029e+02 3.673211743660819567e-02
4.466981066982508963e+00 2.663918709914253960e-02 4.884666160065351619e+02 3.799377409843832099e-02
4.471857463409100397e+00 2.509083738751503867e-02 5.232156474353187150e+02 3.280064500768615360e-02
4.678298034773013647e+00 1.818721775018984632e-02 4.476304776760741788e+02 3.045686302074382401e-02
4.678065482113489715e+00 1.768051594166947238e-02 4.133636008629887897e+02 2.722708913194939531e-02
4.631081864209050991e+00 1.817463454463085284e-02 4.497760484588264376e+02 2.240351114666572566e-02
4.630061693051224836e+00 1.866337649397136617e-02 4.110786554407675339e+02 2.231110750045830343e-02
4.632544385446722757e+00 6.581672177210534658e-02 4.495651732331731409e+02 2.139098602714621655e-02
4.676641291869391814e+00 1.087984452620098658e-01 4.893702223400495086e+02 2.190252486899233950e-02
4.699025407830412782e+00 8.232263479584453481e-02 3.822227342982361051e+02 2.642511470606722160e-02
4.629793202398786889e+00 1.806481271316810050e-02 4.455068236096536793e+02 2.027263203376760206e-02
4.633075943226662829e+00 1.126541840930623123e-01 5.225432068147169957e+02 2.234041948576998352e-02
4.611455937831015817e+00 9.927067375536478833e-02 5.584560192618653218e+02 2.329793623563640101e-02
4.628279169039637431e+00 1.299707440225223165e-01 5.364439527284141604e+02 2.405641332590611331e-02
4.564739237639948932e+00 1.445146518387666612e-01 6.199284512334894544e+02 1.991212035722215654e-02
4.150791636914758165e+00 2.261981085412423931e-01 6.915793214377251843e+02 1.878634540491021590e-02
4.009470538013412799e+00 2.671286885005856315e-01 6.480946780733593187e+02 1.935178756614999718e-02
3.958017760208620839e+00 2.380313199725387907e-01 5.964262442109719586e+02 2.051352637635170742e-02
3.950627549631269275e+00 2.698958593221655877e-01 5.059304043804091293e+02 1.916532817763194965e-02
3.977719205293538174e+00 2.383719819249643102e-01 5.050764693514648798e+02 1.998944246524800294e-02
4.017578532265107860e+00 2.485009383712265263e-01 4.788791246656776934e+02 1.990787214991287385e-02
4.119872307226271069e+00 1.405724419602608632e-01 4.501160441735994482e+02 2.023345819973534909e-02
4.144381646955142884e+00 1.246934904320089604e-01 3.951683583390575336e+02 1.902877753716697429e-02
5.745690857832252085e+00 5.043819939513011219e-01 4.553192993802063597e+02 1.213145911684873970e-02
5.558219524197459016e+00 5.995901702865914507e-01 4.761808601950317552e+02 8.010716816157682427e-03
5.364972202891164166e+00 6.342428051837376568e-01 4.785912276726684809e+02 6.701321279946069465e-03
5.424392377727477843e+00 5.844965245602758985e-01 5.520707866956588532e+02 5.466021914354557941e-03
5.497245771723908270e+00 6.126046076476975299e-01 6.026292973426652679e+02 2.086142445644336135e-03
5.505259668387500582e+00 6.123367484686328410e-01 6.610910167937555570e+02 1.696032559007579687e-03
5.558683359175045524e+00 5.993798266770973271e-01 6.799429851728041285e+02 8.720734651767446822e-04
5.360230022391791138e+00 5.961183789572546132e-01 6.384057341643161863e+02 1.636854087296300050e-04
5.230752280234014506e+00 4.301211108288165441e-01 5.869139911825119498e+02 1.110048523184172615e-03
5.170468453598874525e+00 4.237198984170362226e-01 6.116670172134571430e+02 1.112820013887384340e-03
5.086710870947811713e+00 5.009331278912370067e-01 5.664052740565053909e+02 1.229552364909045547e-03
5.031911397337499814e+00 3.724253842775944734e-01 5.097085692576358724e+02 2.841947212856469045e-03
4.946887633679816432e+00 3.178459350566918973e-01 5.011087112415153229e+02 4.148518253158575177e-03
4.974521649377411592e+00 2.924598323589738813e-01 4.357768780008096883e+02 3.281101722438987782e-03
4.967395390405239475e+00 2.874303446007516194e-01 4.276595248009032844e+02 1.644851405029755520e-03
4.845852690651745398e+00 5.127543056396962617e-01 4.131959906521236690e+02 9.483462255873137793e-04
