3.462619686640191929e+00 6.886997632846031392e-01 1.033496787175916779e+03 8.514376263922907029e-02
3.640461833101410694e+00 5.552436632580949327e-01 9.863355171983153014e+02 8.196270122041469930e-02
3.757374278724686434e+00 5.980929331358675327e-01 9.868466407930260402e+02 8.299782863989449422e-02
3.810713574885316923e+00 6.397228810602392235e-01 9.474295779492268821e+02 8.050632405443637618e-02
3.885102236373886964e+00 5.234496036637161787e-01 9.447431784754778619e+02 7.675273591992388955e-02
3.989550679189469040e+00 5.001076907267506533e-01 9.756458948158275462e+02 7.503941098362114370e-02
4.031246996240143154e+00 4.947039571631968169e-01 1.027293708739706517e+03 7.495417148234187477e-02
4.200936068598601913e+00 3.205507211178108551e-01 1.123250165830704418e+03 7.268216213413496163e-02
4.267844066103668510e+00 3.266511613224405974e-01 1.014781622267528633e+03 6.422375324856965939e-02
4.383042522163479227e+00 3.435392350381820670e-01 9.847973244260931551e+02 6.727950552763213576e-02
4.447304257533125416e+00 3.048289836646089213e-01 8.779302913024584996e+02 6.636813490937835958e-02
4.614668936101351981e+00 7.202638287861845567e-02 8.723637195075079944e+02 6.935825309690349383e-02
4.585917277200760367e+00 5.500285135656306917e-02 8.702141307254652247e+02 7.189886590805014133e-02
4.622453227784101948e+00 6.419454398082820312e-02 9.767762081707346624e+02 7.179965823880898879e-02
4.630483095583945996e+00 2.295885782150387799e-02 9.865139852319591682e+02 7.024031135885026866e-02
4.676547059382135885e+00 2.205639274577742351e-02 8.989944202468519734e+02 7.054247318869837080e-02
4.676958678745939402e+00 2.269429632119262033e-02 9.134339533891928795e+02 7.025262819042625562e-02
4.747483736628747231e+00 7.701102224389995421e-02 8.956247890755188337e+02 6.764658636601553199e-02
4.791375941517361348e+00 1.494951725911032037e-01 7.808841282381309838e+02 6.650302464920022916e-02
4.851199501203182329e+00 1.964127514199801375e-02 7.162926847309945515e+02 6.831527434549772293e-02
4.888701708653998779e+00 4.497583798214582068e-02 7.485812070398593505e+02 6.751546785325947264e-02
4.920066267633497858e+00 1.835364591870489864e-02 7.674246438621431707e+02 6.792078151185657053e-02
4.959857889269658315e+00 1.694918927891257351e-02 8.404874404523673093e+02 5.773426654507398531e-02
4.848374771173823206e+00 1.822669485336365566e-02 9.855528055998432819e+02 5.927937436024770246e-02
4.846860285221128883e+00 1.821859624950871240e-02 1.010094579868655501e+03 6.015298217161380717e-02
4.848388461957913620e+00 1.877486138072803623e-02 9.497595284663352686e+02 5.983868050195949306e-02
4.871678777619751877e+00 1.563768956488236217e-01 8.885010873992771394e+02 5.749345955180081708e-02
4.897836217149220239e+00 1.776631757462551198e-01 1.071588244817768555e+03 6.327622889936936057e-02
4.934287117314146265e+00 4.325465689057148705e-02 1.000200163222836409e+03 6.595074328955806420e-02
4.886048868279846857e+00 1.771724918329532772e-02 1.015935586889551132e+03 6.657864654275089111e-02
4.825474993979359084e+00 9.538793617915954093e-02 1.087664920003380757e+03 6.447985868656712360e-02
4.867561353034139948e+00 5.592655320432520644e-02 1.095580307465316082e+03 6.758583157334434321e-02
4.894928780299449222e+00 3.259704237403372035e-02 1.037143293129763379e+03 6.993798472528656163e-02
4.921233771363734633e+00 1.826767457028017141e-02 1.067251561630644119e+03 7.190924353647629164e-02
4.995381053934885962e+00 4.489333476760741515e-02 1.077992274495262336e+03 7.531453200557247651e-02
4.930804707563789080e+00 3.129153814461194116e-02 9.948369200638132952e+02 7.820822322555619210e-02
4.941085799899756381e+00 7.689706526555935284e-02 1.053831672321342239e+03 7.772682793754970287e-02
4.974162132695949090e+00 1.076369980655738912e-01 1.066385643784106378e+03 7.559678115674847709e-02
5.072871319694606029e+00 2.444252574977111570e-01 1.020841693170241797e+03 7.639732382396297039e-02
5.066234612596986153e+00 5.579264372091712054e-02 1.010085153757244370e+03 7.651045901091739487e-02
5.091275855303683429e+00 1.460055414222038127e-02 8.963241565997395810e+02 6.958283266028879310e-02
5.090256999797461823e+00 1.428236995182333505e-02 1.001792166631445411e+03 6.911468235725197473e-02
4.985631523065149118e+00 5.864027435211818101e-02 1.095753151326917987e+03 6.749552020884579118e-02
4.857659443476198824e+00 5.000259337633752854e-02 1.072282070431517468e+03 6.464018953103695120e-02
4.933870092429515353e+00 7.322805197866803784e-02 1.109957425176900870e+03 6.460740335584208571e-02
4.782877870644771434e+00 2.673254676270763741e-01 1.052341296199366298e+03 6.389841615163915911e-02
4.732319292309778547e+00 2.750594385186789226e-01 1.151580911811478927e+03 6.266187859872715538e-02
4.835605374669131429e+00 2.152807117771149970e-01 9.397311433607643494e+02 6.368591418782124092e-02
4.944737001019148259e+00 8.273663753709924185e-02 9.866266830878125802e+02 6.519042113968645524e-02
4.988951115279329329e+00 6.790399315716444395e-02 1.003952712812585332e+03 6.903977685302654932e-02
4.739988102292571170e+00 2.935374834130498600e-01 9.790675583744992991e+02 7.128224762458892916e-02
4.733397647679193021e+00 1.507239362874560062e-01 9.738891081329825283e+02 6.848816240981525638e-02
4.746382713777300033e+00 1.118914491538274963e-01 8.508146095446879826e+02 6.799283238543549213e-02
4.785600261117925136e+00 4.680705337570146424e-02 9.601543744382137220e+02 7.203944141673034041e-02
4.842349674710480834e+00 3.794906872769915340e-02 1.040272436324157752e+03 7.361360747501753676e-02
4.822503321066943904e+00 6.560747352465456927e-02 1.056167526728831263e+03 7.856604480447494654e-02
4.881345304684674424e+00 1.741585525239969234e-02 1.087817791546158787e+03 6.852521769268289653e-02
4.882759953230880079e+00 1.783506659695003119e-02 1.003362593511347427e+03 6.827024949230302286e-02
4.891977716554240629e+00 2.479989245485916816e-02 8.698344280679835947e+02 6.879812178824640245e-02
4.600105565898270576e+00 2.016993884307557716e-01 9.394561713381784784e+02 7.091906285845921143e-02
4.813910872171297761e+00 1.597891443634885666e-01 9.319752177090088026e+02 7.019993121951287329e-02
4.825999389941299178e+00 1.138836591795839154e-01 8.321148849305806152e+02 6.965147934169753363e-02
4.806938356365013654e+00 1.039398073415713775e-01 8.866967117661369002e+02 7.276001072009445625e-02
4.814674196441310450e+00 3.200070415870686497e-02 8.238138124372549100e+02 7.291878980180228897e-02
4.779338192890665304e+00 4.464496131414895375e-02 8.069367924821767701e+02 7.267678158913443154e-02
4.762723822191559542e+00 1.978148705345695105e-02 8.816359535334948987e+02 7.186770505393920427e-02
4.762353153488667168e+00 1.957686781084429575e-02 8.107682922291797922e+02 7.004620529346919366e-02
