3.723540597805800711e+00 2.374064414777331267e-01 1.142758983634528704e+03 9.671592489686249572e-02
4.116082973328515138e+00 1.882593627650758772e-01 1.174922559791237063e+03 9.977521824959049990e-02
4.282759697891775907e+00 3.161442647066962930e-02 1.313454985522595280e+03 8.705294062259372190e-02
4.214282625014065253e+00 3.331225770090572719e-02 1.387145898262958781e+03 8.831763240783366276e-02
4.214223874507752932e+00 3.449565092193458693e-02 1.387451949428501848e+03 8.414318528892818227e-02
4.146271560137280154e+00 1.413183411924676947e-01 1.417187303482563038e+03 8.144359839453801930e-02
4.390250311465009325e+00 1.744161420029350651e-01 1.450472335912025983e+03 7.384605983585330879e-02
4.528445389200667748e+00 2.571951574006536151e-02 1.245101123740532785e+03 6.969228518736858558e-02
4.528700267546793334e+00 2.485382928819625248e-02 1.228959240481595543e+03 6.783798032665606936e-02
4.326680404975622452e+00 8.246893265479432467e-02 1.172349584931273284e+03 6.928760767618492855e-02
4.350875805241654959e+00 3.078158060336238719e-02 1.224824529911733407e+03 7.108406207303216706e-02
4.353261379950136956e+00 3.045739577317734328e-02 1.237459981402041421e+03 6.785688125614781907e-02
4.429414853160950294e+00 1.242510058449114163e-01 1.273620314357298639e+03 6.719168782613589574e-02
4.471946614094813199e+00 7.372231624174957476e-02 1.337804744440015611e+03 6.667737675636215000e-02
4.418821164728404582e+00 3.306856753334880272e-02 1.289429043309254439e+03 6.789547061903666858e-02
4.414940370966969674e+00 2.968496091374003484e-02 1.258023388992015271e+03 6.530325168751399678e-02
4.354537278242866627e+00 2.943521808944272664e-02 1.293540119201938523e+03 5.915069621020969948e-02
4.728015004206486793e+00 9.255532472490222984e-02 1.278278764903103593e+03 4.624813416796431237e-02
4.626806834810214930e+00 8.524650237517436557e-02 1.314565603489630348e+03 4.646078057398721206e-02
4.576111099637507174e+00 2.546371636322496829e-02 1.456170011832701675e+03 4.892786086762075659e-02
4.580631664857300223e+00 2.418452375790850969e-02 1.428138015432062957e+03 4.841020128240070691e-02
4.471693385283340483e+00 2.615621825356753000e-02 1.374065766023474907e+03 4.711722557943679585e-02
4.413591050707166730e+00 2.714028100279838179e-02 1.346292538041047237e+03 4.676454470856903495e-02
4.412999654622087320e+00 2.669147772531985791e-02 1.332808431671520111e+03 4.308315680199936021e-02
4.416562629516920246e+00 2.621972186613610867e-02 1.424361543636135593e+03 4.220704008049377953e-02
4.415565599309744016e+00 2.680638715785586823e-02 1.378391740922294730e+03 4.087731556376069525e-02
4.350347187530371862e+00 2.810412266358125813e-02 1.545369447370377202e+03 3.827665678774935104e-02
4.443875681200087691e+00 6.043115261368679769e-02 1.520940754393584257e+03 3.668015801085685451e-02
4.412408839827343776e+00 2.675143211781526309e-02 1.510003669691310961e+03 3.550768789775390899e-02
4.410993911978699167e+00 2.665760604228140443e-02 1.507853876252373539e+03 3.731071183998307950e-02
4.409837521818721129e+00 2.808157796213677643e-02 1.482674774362393919e+03 3.757513880252939115e-02
4.383818759951823907e+00 3.907377478178827857e-02 1.504153940745283307e+03 3.871520356628191384e-02
4.417028842347431095e+00 2.898800431048107265e-02 1.495250997558311383e+03 3.949146607267208647e-02
4.414041860184489074e+00 2.797596929272752261e-02 1.542057616815088750e+03 4.166920219292181982e-02
4.413314912629727971e+00 2.727218464717189039e-02 1.598117506674582046e+03 4.307485660459622195e-02
4.413847298427777233e+00 2.730712362921204617e-02 1.627398224972200751e+03 4.167426432850015322e-02
4.414765554309390438e+00 2.587445906919401406e-02 1.658539827410213547e+03 4.091401044088192190e-02
4.412815721859760565e+00 2.596638215279114051e-02 1.681071759736399372e+03 4.004865499094054093e-02
4.414924267656561874e+00 2.713330838015483304e-02 1.619752094782498034e+03 4.081106570263134947e-02
4.412939000373000908e+00 2.549138965567180823e-02 1.638915980147565961e+03 3.931977797279222198e-02
4.413803784545950570e+00 2.530983344044602373e-02 1.540817449865789513e+03 3.908242251286428437e-02
4.331811522012532834e+00 3.213937791356119567e-02 1.588374574151808247e+03 3.493778122912411660e-02
4.454503312987636576e+00 1.817969060519608604e-01 1.583008535164720797e+03 3.759928569021572103e-02
4.470850709517618427e+00 2.603078282617730596e-02 1.575652296479961024e+03 3.800181111427507891e-02
4.470601599118972480e+00 2.399112308378822597e-02 1.576141946662228975e+03 3.613410592015534051e-02
4.472562236859323193e+00 2.465926267025933191e-02 1.669924865314571434e+03 3.241832121770977376e-02
4.472421522726604870e+00 2.435554916760849023e-02 1.659140784011237429e+03 3.311465823021216698e-02
4.410927237721625538e+00 2.794082007851687866e-02 1.679354869170271058e+03 3.357874553519163419e-02
4.461539822558997948e+00 4.010887723325180787e-02 1.640338685233117076e+03 2.879079450157495668e-02
4.419432467698509726e+00 5.707986231825691592e-02 1.592673391039546232e+03 1.949566272456048147e-02
4.334224233051930497e+00 4.752556189965784911e-02 1.606758120760985094e+03 1.940233343297789737e-02
4.356298593376557449e+00 3.371880894128733569e-02 1.578554497612504520e+03 1.849659830034140404e-02
4.410757481306641914e+00 2.409712166756768081e-02 1.568496347627257364e+03 1.809372331736005396e-02
4.516946960425621604e+00 6.695867698165089421e-02 1.579360523315294358e+03 1.477119164057738923e-02
4.527392311769990130e+00 2.075251069661726566e-02 1.579645824838182989e+03 1.565325819551908679e-02
4.565529708807131826e+00 7.603694902161672875e-02 1.581062370667924142e+03 1.302242729563019528e-02
4.627250577274584664e+00 1.261828579894033742e-01 1.490663861246747501e+03 1.634502309949761173e-02
4.756976027099185877e+00 9.577110279804509907e-02 1.432501265515726345e+03 1.695241908192640992e-02
4.764142063315460973e+00 6.167921129410994241e-02 1.450632956061453115e+03 1.731290503706082659e-02
4.781298529296436506e+00 6.096828190450807872e-02 1.447611511025902018e+03 1.733521552877059779e-02
4.809723654582140462e+00 7.426325886700362033e-02 1.482252240145312044e+03 1.974518296385321947e-02
4.787266391052541259e+00 1.532068149098989862e-01 1.489617242941044651e+03 1.469842126214665999e-02
4.748094858511063165e+00 1.257569277739806479e-01 1.453124922911692465e+03 1.659835091080092903e-02
4.651355564128027531e+00 1.054142281601078701e-01 1.495395538633364367e+03 1.387248433958114362e-02
4.674242592297687793e+00 8.192223815111493446e-02 1.605662612644812953e+03 1.181075252442706502e-02
4.626513252602728166e+00 6.679629245406237814e-02 1.700841719489985735e+03 1.300256331790782503e-02
4.466770292709662193e+00 2.171097787708187177e-02 1.709126950155002532e+03 9.431731649344641047e-03
4.464748858211232907e+00 1.956242786606821049e-02 1.696317417949685932e+03 8.077814085158573770e-03
4.467076853184000385e+00 1.930640444462341024e-02 1.658704026534948753e+03 5.700883524515077544e-03
4.466466287797222989e+00 1.825835643084402701e-02 1.640820556523163077e+03 6.042841208038126841e-03
4.501930524978118520e+00 1.198457208132541335e-01 1.614593047296106306e+03 9.203760846401443790e-03
4.552209684909018783e+00 1.794197117566761757e-01 1.512493233624021514e+03 9.229321465696362081e-03
4.563340448528031779e+00 1.919820729323210851e-01 1.388690053227124963e+03 9.045780708003147222e-03
4.566188782816679392e+00 1.626392249114649302e-01 1.368668885690001616e+03 1.033018629563755945e-02
4.486653126559255966e+00 1.681835042244284595e-01 1.303703400066416862e+03 1.082329592807957340e-02
4.446570256160702783e+00 3.038823367651066754e-01 1.331444015786198634e+03 1.078777713801515326e-02
4.308788358042407118e+00 3.817091763028057638e-01 1.347013396109410223e+03 3.940495868984504602e-03
4.316000735636806418e+00 3.019149318385808689e-01 1.283102705902888829e+03 3.329172140004735703e-03
4.467079429654083000e+00 3.105740474446094801e-01 1.278724615938945362e+03 6.436714746103197951e-03
4.458348140457959907e+00 3.165165688821952039e-01 1.313014875243379038e+03 7.546538421284076405e-03
4.406832857433778727e+00 2.530825983739289353e-01 1.356116693545339331e+03 8.422623755145592500e-03
4.439415643316011462e+00 2.489178255080206348e-01 1.276466616710682274e+03 9.286783956767604223e-03
4.415961772998014290e+00 2.642787443356889310e-01 1.147709691206009211e+03 8.458320567312818325e-03
4.364379213647704425e+00 3.702929433288470462e-01 1.076007321093867859e+03 6.524205383398077110e-03
4.351620256488319960e+00 3.848947551805662615e-01 1.124346771193349014e+03 7.015816414337565365e-03
4.353836825072401773e+00 3.614053099938716040e-01 1.087492335099709862e+03 5.970396610214005403e-03
4.416386397340331449e+00 4.367412173270901476e-01 1.070087884145410726e+03 4.514976220092298959e-03
4.353249732189074628e+00 3.665096800384706199e-01 1.031821663371682689e+03 5.694581570851320849e-03
4.394187879722275980e+00 4.512298612870809800e-01 9.585269922137739513e+02 7.310739591863000576e-03
4.529809354607068350e+00 3.519544390561341052e-01 9.771456134239732592e+02 7.946547914960026132e-03
4.439683707752088537e+00 3.621162278704073700e-01 1.118588916570459787e+03 7.593919880479185411e-03
4.473676241929767095e+00 3.775691206664539834e-01 1.200285657479500060e+03 9.221560253424672046e-03
4.464897043312693548e+00 3.888196626817502222e-01 1.255593519200800756e+03 1.095024550042475280e-02
4.418910188440227316e+00 3.499576389459371772e-01 1.257273234998952148e+03 1.121971743769549675e-02
4.468691606139812755e+00 3.835714413537599232e-01 1.353926718815283039e+03 9.486146974652184469e-03
4.480222422002981375e+00 3.922670327159319403e-01 1.308591984248781728e+03 1.119191103646170575e-02
4.390061768056479075e+00 4.335087926662123947e-01 1.243532407322703648e+03 6.735245349725765655e-03
4.351293499999291825e+00 4.701880324646300346e-01 1.170894980188201544e+03 7.047754504855219086e-03
4.390410204054322030e+00 3.856129896186820671e-01 1.114069422340226083e+03 7.150144039607347554e-03
4.395327146113809924e+00 2.716954130986756200e-01 1.088484360468909244e+03 7.938514341989043668e-03
4.198186823553894165e+00 1.666375703801343255e-01 1.040965021911180656e+03 8.158283161904342912e-03
4.175630773655881534e+00 2.511055305491919354e-01 1.125588942101335533e+03 5.822559949103254043e-03
4.155479407609274922e+00 2.343365671472597278e-01 1.145080642077863331e+03 6.476692352148954133e-03
4.174502236031155000e+00 2.246712453813636545e-01 1.231268802564802400e+03 7.556407305252741714e-03
4.162209794019364750e+00 2.322872075279040216e-01 1.244989335899490243e+03 8.215914112147936280e-03
3.799749195141322478e+00 3.628074051097968655e-01 1.279135910338273106e+03 9.467096958803145751e-03
3.809759401577239579e+00 3.957365057927142438e-01 1.348381646819287425e+03 1.069502923335508872e-02
3.814401682028483620e+00 3.902261151720226584e-01 1.391872963283435411e+03 1.063445621145214445e-02
3.902317137968760896e+00 3.647763158515403559e-01 1.323654271464258954e+03 1.149808101313864843e-02
3.894853516049063824e+00 3.478522095919591717e-01 1.282824123900844825e+03 1.044563939044375507e-02
3.934580845879872335e+00 3.379801877921712605e-01 1.255500996524026277e+03 1.187502332265867773e-02
