3.479051611085762996e+00 6.158614793952195132e-01 1.039543197849458920e+03 9.817506159672538535e-02
3.787620846274333264e+00 2.502021104650224981e-01 1.110527324026192446e+03 9.625651585601821547e-02
3.816003833873410134e+00 2.565330101911574845e-01 1.068522793343543526e+03 9.680659014768432102e-02
3.859063116522986281e+00 2.052483944223285062e-01 1.174528180488820681e+03 9.644057920002947759e-02
3.862864975074506102e+00 2.004800760618887789e-01 1.181678325947864550e+03 9.584743093520764479e-02
4.165016252877816072e+00 5.920881020188070720e-02 1.187064776372538972e+03 1.034341342353717330e-01
4.322904085722552914e+00 1.039575917316209186e-01 1.269515695893958082e+03 1.006910222005180378e-01
4.331941985328513489e+00 1.047357860700063453e-01 1.166560103617532377e+03 1.026622354369146478e-01
4.503871661993624542e+00 1.138681605559858506e-01 1.153182814781253228e+03 1.004390567149850144e-01
4.576673481504177410e+00 2.452216051084646006e-02 1.131737036331253876e+03 9.641953174820901140e-02
4.577949773776199827e+00 2.418413745995015574e-02 1.138210619597807181e+03 9.711042939737639379e-02
4.524688719743364729e+00 2.581334259980911164e-02 1.224650611529270009e+03 9.234466105980039530e-02
4.470685054668481762e+00 2.702703566544083918e-02 1.288974825367954054e+03 9.158549439808513770e-02
4.414200068493365769e+00 2.948105929991927388e-02 1.360020079260116518e+03 7.929128631297162333e-02
4.410420235579489479e+00 2.878149813331815077e-02 1.357628209943700313e+03 8.039302886422591832e-02
4.409949832603839326e+00 2.837284803808988454e-02 1.392109411998015958e+03 8.013936674776725444e-02
4.470995651159738848e+00 2.655823444806718059e-02 1.386684795430665645e+03 8.369417483169956651e-02
4.456592208288959078e+00 4.829160775755503288e-02 1.423639589705248909e+03 8.440580627303516381e-02
4.469807065215793074e+00 2.822667402108907861e-02 1.431480500993184023e+03 8.410567482811159845e-02
4.469121574471088820e+00 2.651900833294174725e-02 1.496242280692025815e+03 8.387089277963193090e-02
4.470578690036465908e+00 2.675977228470546865e-02 1.577968550808471036e+03 8.327064988238461196e-02
4.509044493001868048e+00 1.649199590065955900e-01 1.556984810431425331e+03 8.274429081709389067e-02
4.434162600550267008e+00 1.383532607124083880e-01 1.491610405351167856e+03 8.296927429441092183e-02
4.496839550697358412e+00 1.311830240059445318e-01 1.554739383159030467e+03 8.672030261390135941e-02
4.491321388320477226e+00 1.558400998965213113e-01 1.557562142770345872e+03 8.886786315129852065e-02
4.517746214043361519e+00 9.912197478473919188e-02 1.416506648735131421e+03 8.982625643752796540e-02
4.578000650592464638e+00 2.493098353161725747e-02 1.362364839645130587e+03 9.114642668936642766e-02
4.579091004537467313e+00 2.549883364278678760e-02 1.399412767030181612e+03 9.109447618990544615e-02
4.579237773590548066e+00 2.498006452662688767e-02 1.391178409487768931e+03 8.925169500037856418e-02
4.578173748669311927e+00 2.473685382177789882e-02 1.365275390177561576e+03 8.785567762710640161e-02
4.579176787399005910e+00 2.573514498084187446e-02 1.401600298047814476e+03 8.978347778573507465e-02
4.661676552105615379e+00 3.426984930612055058e-02 1.356186778109478155e+03 8.922867069690548769e-02
4.273930992144444829e+00 3.158535528673756670e-02 1.317152655266700776e+03 8.700618442298542476e-02
4.274613277677811851e+00 3.073070548838785152e-02 1.350085453844581025e+03 8.356606172433175828e-02
4.389414752516461959e+00 4.245867666716527378e-01 1.322072348917093905e+03 8.281415101439859594e-02
4.464222066447497639e+00 3.329354681432931673e-01 1.348584709535019783e+03 8.255964819192401771e-02
4.612017784019412758e+00 2.660143489703887254e-01 1.231233814484410914e+03 8.431234049230214300e-02
4.663947914437972742e+00 1.971020381455261816e-01 1.230489917752785686e+03 8.036710778319745840e-02
4.565098524573515171e+00 3.248078524391402877e-01 1.150799270929630438e+03 7.974605550942057142e-02
4.633023667298091119e+00 2.702784307968324473e-01 1.108321000641638193e+03 8.060193550961031184e-02
4.639932169371388859e+00 2.032992169538984095e-01 1.019954839565889984e+03 8.002280751625692745e-02
4.697521316246947798e+00 1.959908409754732572e-01 9.868780786456161422e+02 8.145938494072575697e-02
4.792037226102926262e+00 6.904102630495204118e-02 1.096149557464177178e+03 8.133253442921267728e-02
4.811513337416162273e+00 8.726158938213286753e-02 1.150646998003771387e+03 8.282472286141799589e-02
4.934307460519822719e+00 1.258292339726010400e-01 1.131515429381546483e+03 8.119545937558142468e-02
4.923339047650150846e+00 6.917632693428672763e-02 1.048932437385614776e+03 7.864782197999685420e-02
4.884428620841312352e+00 1.738697069648631466e-02 1.055618924806892210e+03 7.432382779484997259e-02
4.885219808924718521e+00 1.737684827012258779e-02 9.912540969608699015e+02 7.571820901909614987e-02
4.708203361242623508e+00 1.141570724286088689e-01 9.615849833402263585e+02 8.021760038875903887e-02
4.685855735430832780e+00 1.205989536078136276e-01 9.308905981738039372e+02 8.265408756204863094e-02
4.849052302215739907e+00 6.664841499198427555e-02 9.519519626917264077e+02 7.850634040108947498e-02
4.703775495504524784e+00 9.364470779765309005e-02 9.045440669186548348e+02 7.987876240114531734e-02
4.725772484685255570e+00 2.616332489288818522e-02 9.950690885898955003e+02 8.272766028092673474e-02
4.720349032112800103e+00 2.152986343908983718e-02 9.156709603680835698e+02 8.195666311611392307e-02
4.675270237367237236e+00 2.214128416518118189e-02 7.318811038318934834e+02 7.543407132273556581e-02
