1.285738954489397401e-01 1.735677530300346050e-01 2.096505442022210397e-01 1.524868692817986093e-01 2.319573953212780149e-01 1.960285493840850657e-01 9.663338214593543418e-02
1.291694637862466910e-01 1.732078667627705015e-01 2.070497980763864321e-01 1.527965835887949431e-01 2.302098720383044250e-01 1.931393515322546439e-01 9.969006452751778824e-02
1.304332061296313572e-01 1.756622369582016285e-01 2.101433299769408236e-01 1.546974717816616274e-01 2.340692327308775689e-01 1.959803179429399911e-01 8.697864480002923115e-02
1.321935811662672544e-01 1.753632450480801797e-01 2.078931590742602864e-01 1.556233814764121925e-01 2.309027139813143448e-01 1.948301076723644165e-01 8.824225722694090113e-02
1.317441566673708264e-01 1.752676006783030482e-01 2.081072199273889256e-01 1.553762995939490799e-01 2.311625630992619473e-01 1.949164573046958115e-01 8.407137281344470581e-02
1.330851593154147861e-01 1.758599357316087963e-01 2.082610366286931636e-01 1.562395527761243075e-01 2.311815711561123199e-01 1.951796886366003181e-01 8.137408989669699111e-02
1.344969721767090842e-01 1.768715697226387606e-01 2.094198641457777899e-01 1.573530127050383476e-01 2.321030231502725083e-01 1.963066713971848842e-01 7.378303550009396305e-02
1.365907371292937877e-01 1.778363302795376577e-01 2.092066445412882891e-01 1.589945182238204913e-01 2.313993777564580800e-01 1.964461328249535732e-01 6.963280591398206265e-02
1.374991196206586386e-01 1.782340675714492728e-01 2.091713238233771921e-01 1.599273099030497636e-01 2.310546373145896393e-01 1.967789806685187604e-01 6.778008362019866118e-02
1.373308881748055710e-01 1.776434108363992015e-01 2.081943248368639809e-01 1.595213129227063820e-01 2.299005639296952119e-01 1.959864024237896463e-01 6.922847377710009131e-02
1.367435020971425608e-01 1.770382677496833423e-01 2.078080757605214879e-01 1.587984017974687356e-01 2.293410421230946405e-01 1.952005557896801247e-01 7.102339497982250449e-02
1.366300749858387897e-01 1.775331638149520164e-01 2.087124030579629308e-01 1.591997569518743549e-01 2.305474581755522223e-01 1.961002179257973765e-01 6.779896841858581991e-02
1.366146669823752324e-01 1.768566087919570262e-01 2.075077070386531775e-01 1.587715398703679892e-01 2.291051581459093434e-01 1.951540566582825320e-01 6.713434270165392903e-02
1.369136160537714197e-01 1.769228000718688354e-01 2.074512383057725007e-01 1.587331377948176248e-01 2.290234699726614032e-01 1.950479223950287999e-01 6.662047057355995061e-02
1.365743687654477623e-01 1.763280480453077725e-01 2.069036161650249783e-01 1.584443894311174661e-01 2.281011587238837013e-01 1.945539600987462869e-01 6.783752484716559783e-02
1.366211022178775991e-01 1.767474352527529657e-01 2.074533805096830941e-01 1.587281254346412929e-01 2.287636557371563184e-01 1.949086435093334291e-01 6.524751825949257067e-02
1.378270658465548804e-01 1.778154677412464857e-01 2.084340035752361431e-01 1.598933665029499684e-01 2.297380100176943107e-01 1.960166781311429574e-01 5.910021371531916368e-02
1.406892830067755229e-01 1.802289377362207290e-01 2.104126099713456433e-01 1.624825882202974026e-01 2.314516388586662643e-01 1.982255890797518516e-01 4.620866343733191078e-02
1.433832660276986304e-01 1.805253743754615392e-01 2.090336232273622974e-01 1.635164919895187308e-01 2.287292409178817432e-01 1.971862649070579010e-01 4.642112835908170781e-02
1.429435295176858800e-01 1.799325076623822239e-01 2.083826308358119606e-01 1.630964895818544924e-01 2.278701773267692021e-01 1.964484202432799920e-01 4.888610310914106444e-02
1.422495282935351268e-01 1.796866741276003376e-01 2.083912346185126940e-01 1.626353139199286923e-01 2.282792283810863021e-01 1.963787343325664736e-01 4.836888532341014624e-02
1.421801782181131846e-01 1.795105582737432093e-01 2.083243462806811386e-01 1.626381306403698879e-01 2.280079604803456617e-01 1.963881793011284793e-01 4.707701311784361770e-02
1.424941750571596388e-01 1.796941657294059413e-01 2.083287278582135194e-01 1.628721733001936289e-01 2.277107405072628099e-01 1.964172964537800881e-01 4.672463324445173122e-02
1.430293035207947094e-01 1.803958262987609695e-01 2.091094984760774877e-01 1.634599119481672802e-01 2.285444357047649588e-01 1.971979170535768655e-01 4.304638723912904141e-02
1.436879561141003181e-01 1.804441217220752181e-01 2.088829343433995511e-01 1.638251080547471483e-01 2.279782986249291599e-01 1.971584963311401040e-01 4.217101824437481661e-02
1.436197513092905276e-01 1.801518523211777800e-01 2.084335190258980453e-01 1.636777569383437714e-01 2.274727148070029015e-01 1.967678016457569123e-01 4.084242858852119018e-02
1.442840628700056138e-01 1.806045223881652118e-01 2.087654620959766838e-01 1.642334382739256415e-01 2.276898223353996664e-01 1.970567194034568426e-01 3.824398935939234828e-02
1.449186890867759925e-01 1.809642696854133204e-01 2.088285368614812565e-01 1.646248659019222682e-01 2.276176136537259309e-01 1.972461503642263525e-01 3.664885312337447243e-02
1.454446674655939520e-01 1.811094024495716603e-01 2.087250034927425335e-01 1.647633209804917065e-01 2.274610595481929010e-01 1.971523358433503736e-01 3.547738366149433969e-02
1.452932413406040901e-01 1.807083565893681243e-01 2.082397877708299372e-01 1.647059787422258947e-01 2.267841616140106875e-01 1.967311323369574094e-01 3.727886880278315218e-02
1.444725661946104078e-01 1.802875779825176550e-01 2.078587780252488526e-01 1.640629168607024291e-01 2.265000450836608947e-01 1.963095160717817644e-01 3.754307008864868345e-02
1.441664263123733636e-01 1.799022946065253759e-01 2.074035457857515419e-01 1.636633465452198011e-01 2.260785364907466066e-01 1.958777525435118350e-01 3.868216185770631532e-02
1.438022573577296681e-01 1.795060209173865717e-01 2.071300622210907050e-01 1.631505603624556211e-01 2.258729637099655130e-01 1.955813351331947003e-01 3.945776185848758055e-02
1.434498856615551432e-01 1.791824229966563486e-01 2.069537235537493025e-01 1.630276672834681806e-01 2.256443225610724190e-01 1.952407452283690670e-01 4.163363937757776079e-02
1.427246916109805863e-01 1.786386021163041127e-01 2.067927094662790344e-01 1.624587220955683586e-01 2.256897521236426174e-01 1.950365933881821889e-01 4.303809412557613873e-02
1.424715651988636977e-01 1.787432203602630776e-01 2.070812099306141019e-01 1.624453254754282261e-01 2.260105964216429508e-01 1.952222218747131366e-01 4.163869719284796905e-02
1.426792599981677734e-01 1.788119192799892399e-01 2.069286006920297016e-01 1.625062160351414264e-01 2.258234960948608538e-01 1.951772524642473583e-01 4.087909214819282488e-02
1.426241733250366850e-01 1.786485428537958609e-01 2.066981854200971302e-01 1.624555227890720766e-01 2.254231565831109896e-01 1.950338402934926330e-01 4.001447524073493273e-02
1.426023944133789356e-01 1.784893920331290795e-01 2.063704591252527587e-01 1.623570407113242298e-01 2.250702279478655754e-01 1.946829001132691361e-01 4.077623526870902126e-02
1.424427032948638594e-01 1.784729441440100484e-01 2.063823501457481557e-01 1.622333025986234800e-01 2.251561258483673056e-01 1.947483664380043611e-01 3.928622028678369071e-02
1.427393526897421661e-01 1.786102970348594221e-01 2.063236692766514668e-01 1.625297238389333265e-01 2.249752744491109180e-01 1.947273048106588078e-01 3.904906739921011616e-02
1.433298543085477494e-01 1.792688359180577007e-01 2.071676726563393967e-01 1.631285290232548368e-01 2.258846842138974298e-01 1.956521245857843483e-01 3.490796338292129208e-02
1.453651386767065290e-01 1.804739937136358718e-01 2.079243197105903329e-01 1.644100932214460353e-01 2.263853462900261848e-01 1.963010384853184076e-01 3.756719636803768775e-02
1.447171789228025585e-01 1.803046068452242856e-01 2.080013438505108059e-01 1.640477939552777986e-01 2.266125846558717516e-01 1.962780545570898538e-01 3.796937825450647647e-02
1.446371789356431792e-01 1.803916842423432254e-01 2.082902102769394748e-01 1.641061553766405556e-01 2.269283531679041066e-01 1.965838913298827706e-01 3.610326706390588891e-02
1.454926643815497023e-01 1.811367524199550272e-01 2.089381961514170105e-01 1.650194013837586182e-01 2.275029328541699203e-01 1.972874348344626771e-01 3.239065361884650024e-02
1.459282192834778502e-01 1.808942607491282606e-01 2.081426133920177557e-01 1.650549770662054772e-01 2.264007590326937713e-01 1.966841601911223092e-01 3.308639633860294138e-02
1.455445070526154294e-01 1.806159157426610873e-01 2.079695802344145583e-01 1.646946311637362548e-01 2.262499469935758123e-01 1.965846291443623661e-01 3.355008756565756867e-02
1.456758127692378557e-01 1.807989590662453516e-01 2.082864100483837189e-01 1.647788900721206817e-01 2.265429134443309178e-01 1.967744425953285303e-01 2.876622283582224923e-02
1.479809212495556137e-01 1.823526971191933022e-01 2.095744256368703151e-01 1.667094761913678336e-01 2.276157012580447281e-01 1.981389533168027295e-01 1.947902404138451837e-02
1.493742758690934369e-01 1.822497725617808206e-01 2.084528656931942114e-01 1.671333069388863668e-01 2.259544562209587215e-01 1.977583052260292740e-01 1.938577440221155024e-02
1.498036176375941997e-01 1.827929107647856821e-01 2.087946483543833831e-01 1.676817303239613310e-01 2.260333618903008768e-01 1.977029854034260403e-01 1.848081227432624152e-02
1.499075205175955661e-01 1.828527499215955032e-01 2.088245930848827703e-01 1.677334590058957020e-01 2.259576555095003103e-01 1.978333245291546139e-01 1.807828112726861045e-02
1.504469867058699506e-01 1.835147096089375374e-01 2.095418215379691862e-01 1.685165574880463646e-01 2.266841167984302297e-01 1.984960737562891930e-01 1.475858508386210591e-02
1.509785025968162497e-01 1.831844488588574849e-01 2.088983047692095363e-01 1.684901165897158271e-01 2.258204506363266084e-01 1.980019870929769776e-01 1.563989883413355320e-02
1.509170049877973097e-01 1.836737675075922616e-01 2.093183967913336552e-01 1.687527994502752982e-01 2.263356541246780429e-01 1.984266519123509542e-01 1.301131323169630628e-02
1.506959475122654768e-01 1.828223538889654498e-01 2.078672014544523661e-01 1.679847917197465623e-01 2.245823062169280682e-01 1.971338114668199637e-01 1.633107334745794240e-02
1.502124455482156118e-01 1.826941367228046009e-01 2.080359656086222253e-01 1.678586281892762433e-01 2.250210483099438497e-01 1.971547596127667112e-01 1.693795094436392409e-02
1.499115848556389075e-01 1.824863201669510993e-01 2.079026066506107773e-01 1.676458844530748504e-01 2.250049325502471442e-01 1.971030282316130200e-01 1.729812924072923058e-02
1.497642497811439155e-01 1.824239297210288602e-01 2.078181497212074347e-01 1.675497309514950572e-01 2.249087934330751826e-01 1.969325126937317982e-01 1.732042069142416749e-02
1.494005459615963816e-01 1.820010490520440616e-01 2.073906432448301695e-01 1.671877875187820217e-01 2.243816697076921884e-01 1.964952240847041287e-01 1.972833132622339725e-02
1.497361752478751917e-01 1.828742609767345373e-01 2.085470818289408834e-01 1.678066875725465201e-01 2.258525948212060375e-01 1.974343776601679146e-01 1.468587681172077442e-02
1.501124367396394765e-01 1.823702782156253199e-01 2.074034821460923050e-01 1.676211229201068076e-01 2.243305040912195736e-01 1.965678175183319387e-01 1.658418495471364676e-02
1.502220998117368700e-01 1.829224506395966399e-01 2.082992135730087069e-01 1.679286493773027300e-01 2.253784196185298072e-01 1.973167014529720320e-01 1.386064478967452031e-02
1.509800497489462434e-01 1.834084178490798522e-01 2.085043868474860673e-01 1.684376435826202278e-01 2.253353752376456853e-01 1.976607758634853496e-01 1.180067257115231111e-02
1.512636765856768262e-01 1.833857576979314730e-01 2.080646694275131714e-01 1.685477568630951717e-01 2.246385445800669900e-01 1.972451145318636634e-01 1.299146620699761709e-02
1.514966506979518734e-01 1.838013396564669721e-01 2.087805733969929356e-01 1.689080063428080314e-01 2.254592052441413697e-01 1.977339451202024256e-01 9.423682084837358558e-03
1.522040302351739816e-01 1.841837703528581560e-01 2.087757157914426065e-01 1.694294429926708201e-01 2.253356657441247801e-01 1.981246558807628899e-01 8.070920029223386388e-03
1.527123482274584942e-01 1.845285174711176757e-01 2.090251752514511452e-01 1.699812544669358494e-01 2.254115062430789296e-01 1.983930992677092331e-01 5.696018073356673775e-03
1.527284072734718390e-01 1.839359042935061472e-01 2.082093901809840275e-01 1.696366843655775225e-01 2.245764734289980857e-01 1.977701370637811040e-01 6.037683911168395361e-03
1.522276055089901436e-01 1.834518548524050885e-01 2.077343715980484729e-01 1.692537681951409023e-01 2.238501867785557542e-01 1.973107549947728800e-01 9.195905844860107967e-03
1.516179411053372728e-01 1.832010307225377388e-01 2.076961701167544250e-01 1.687457432571195515e-01 2.240311850097354007e-01 1.970441588967694335e-01 9.221444649300501034e-03
1.516435647745008053e-01 1.831998040469770272e-01 2.077130832975613017e-01 1.687108830363746592e-01 2.241113099033711087e-01 1.971054386181184115e-01 9.038060535500866410e-03
1.512402740056688344e-01 1.827662806973900655e-01 2.071692457955489897e-01 1.682225217110062399e-01 2.234365757108118800e-01 1.965975735942917801e-01 1.032136993995115028e-02
1.508476317795564292e-01 1.825018632673056362e-01 2.070828651264031151e-01 1.679540011322018245e-01 2.233710578066266661e-01 1.964891084857644243e-01 1.081405872519955284e-02
1.506450597271683234e-01 1.823382095498957134e-01 2.068657404143792733e-01 1.678009652007869112e-01 2.232948632061232952e-01 1.962735826042131537e-01 1.077857024884659731e-02
1.515013056354591880e-01 1.833558654327263615e-01 2.080724784798622384e-01 1.687205814696686457e-01 2.246606192694650672e-01 1.975498541047109313e-01 3.937132830586171327e-03
1.527107300252389110e-01 1.834469157348227186e-01 2.074791884778728612e-01 1.693336235037154747e-01 2.234442671412026071e-01 1.973039300386728312e-01 3.326330839287829078e-03
1.522551756672092527e-01 1.828891882325400231e-01 2.066621935813466038e-01 1.686539978504062176e-01 2.224396386197846631e-01 1.965871424720538330e-01 6.431221295643588590e-03
1.516053494542578262e-01 1.825637598247364657e-01 2.066834406803342850e-01 1.683513363543041041e-01 2.227797687328304244e-01 1.964354536434048948e-01 7.540097785556983123e-03
1.510570644176539301e-01 1.821051408412409645e-01 2.063530426466109735e-01 1.678898234447287474e-01 2.224475737778183193e-01 1.960842762692114882e-01 8.415435419455118832e-03
1.506201996350192140e-01 1.817112708467903959e-01 2.060336820171368710e-01 1.675369420288729816e-01 2.221614522228803068e-01 1.957928874357995619e-01 9.278858098685036776e-03
1.505248486202061253e-01 1.817852118154597851e-01 2.062001811593273670e-01 1.674961572514900299e-01 2.223486872410777582e-01 1.958660079412675725e-01 8.451101765976912900e-03
1.506473798830456623e-01 1.819325935748391243e-01 2.061706218964032555e-01 1.676294329943981698e-01 2.223566012337458431e-01 1.959281784214576549e-01 6.518637263560046920e-03
1.508190369762960059e-01 1.818079426318877645e-01 2.057836458670761204e-01 1.675559863106711733e-01 2.218050556108480120e-01 1.956941087444881711e-01 7.009828726289633535e-03
1.509094134232594753e-01 1.819204497504397500e-01 2.060046439512310812e-01 1.677649161501449382e-01 2.219822695288404257e-01 1.957536287948847542e-01 5.965301141594128893e-03
1.512359971668973679e-01 1.820362309430226255e-01 2.061251053468914352e-01 1.679856900587549939e-01 2.221299351090060825e-01 1.960243981025505400e-01 4.511122884839027791e-03
1.512376605951925301e-01 1.818019512059738663e-01 2.056382924798206002e-01 1.678702838512919071e-01 2.213653151871548264e-01 1.954460430425521145e-01 5.689721498130278360e-03
1.505789799805101747e-01 1.813754614280051192e-01 2.052247724031573684e-01 1.672629772322869746e-01 2.209810987753183242e-01 1.949725870730800170e-01 7.304500186728231197e-03
1.501777857542258565e-01 1.811162542842509604e-01 2.052199571716128157e-01 1.669939472411026415e-01 2.210678819678322804e-01 1.948168488957822408e-01 7.939765888874426858e-03
1.501224072578081492e-01 1.810712674113787446e-01 2.054257429377053246e-01 1.669868619283434996e-01 2.212851129121267413e-01 1.949569604146506041e-01 7.587438806776955307e-03
1.499999122715307276e-01 1.807575770461054832e-01 2.051630497791032126e-01 1.667320893168545426e-01 2.209029995179001282e-01 1.946424389006238542e-01 9.213690060842901972e-03
1.493429648503312446e-01 1.802889310180031401e-01 2.048133900033674015e-01 1.661676075315516310e-01 2.206073540136162525e-01 1.941635403266970261e-01 1.094089995157286610e-02
1.487791403099157084e-01 1.799642447810528567e-01 2.046908650927430351e-01 1.656546806361409441e-01 2.206164075807859615e-01 1.942262576058913504e-01 1.121014190664468627e-02
1.489080168063690868e-01 1.802193275044388643e-01 2.047874138436489300e-01 1.657256920170353531e-01 2.208883309694376074e-01 1.942360732322308547e-01 9.478050969007363949e-03
1.488299720866713138e-01 1.796950739036485833e-01 2.041300627063128703e-01 1.654875141407971539e-01 2.199468729270400158e-01 1.936991801624648180e-01 1.118235923665568746e-02
1.491954811991088592e-01 1.805168296569377717e-01 2.051756937640694112e-01 1.660792924071739229e-01 2.211859708945268232e-01 1.946071186198211345e-01 6.729497114051314482e-03
1.491217438512048021e-01 1.796134945186871612e-01 2.037299012120416253e-01 1.654045354189763173e-01 2.194683150333266997e-01 1.934954313897278289e-01 7.041739528327435604e-03
1.491520709136593403e-01 1.796444516353931098e-01 2.037216507425972933e-01 1.655508522887247369e-01 2.193087245443254840e-01 1.933982663619222553e-01 7.144041708881470297e-03
1.491231873880352610e-01 1.796156382840146115e-01 2.036410625026529864e-01 1.655444450293322156e-01 2.192636991609717423e-01 1.932803932951097925e-01 7.931739172204330807e-03
1.498902912519949893e-01 1.807905968215006431e-01 2.050161828099918704e-01 1.664621178904648058e-01 2.209099358310746830e-01 1.945427361541271494e-01 8.151320429182261004e-03
1.500706110596229381e-01 1.810561783314219575e-01 2.055063492360634514e-01 1.668151657948507560e-01 2.213465571783446995e-01 1.950363583060406303e-01 5.817590652514823511e-03
1.503419554950978509e-01 1.809033385429754670e-01 2.050725744977647813e-01 1.668895392628222674e-01 2.206668784269074368e-01 1.947215178672530023e-01 6.471164782576261341e-03
1.500001800300951316e-01 1.806557281498918366e-01 2.048390485859018784e-01 1.665983368343706972e-01 2.204192876509387944e-01 1.944471952061024578e-01 7.549958246871029538e-03
1.496972456424272291e-01 1.804834099320141716e-01 2.047922924833156799e-01 1.663402907107127959e-01 2.204351376414935837e-01 1.942972026051051904e-01 8.208902193966721716e-03
1.492944379353966511e-01 1.801065589269544576e-01 2.044359299005976960e-01 1.659523888381991830e-01 2.201005959861219163e-01 1.939389450284943750e-01 9.459017211573241685e-03
1.490776231493609050e-01 1.799451929056318789e-01 2.048068126983207393e-01 1.656950723380845591e-01 2.201781556560780395e-01 1.940704308309713355e-01 1.068590150040822986e-02
1.489230759529754644e-01 1.799455166073328227e-01 2.049936729462275564e-01 1.656503795979210325e-01 2.204516506140868914e-01 1.941200362946989555e-01 1.062538017489205421e-02
1.486438661891728297e-01 1.796281218499973520e-01 2.046526888538280353e-01 1.652896757882893475e-01 2.201038655474790162e-01 1.937897617763135460e-01 1.148826791112655780e-02
1.486761407707152538e-01 1.798489178636341057e-01 2.049021923125576294e-01 1.654687021245447032e-01 2.204585399295496129e-01 1.939752365051067573e-01 1.043672450066320673e-02
1.484809314594330576e-01 1.793702945716462993e-01 2.042431837532459604e-01 1.650982108491458045e-01 2.197205535835277945e-01 1.934765145755164562e-01 1.186488851710912167e-02
