1.120345196968186713e-01 1.531731359973477202e-01 1.853092153191136515e-01 1.345340906608153142e-01 2.053400875370000045e-01 1.703506293895300783e-01 9.821850026171809189e-02
1.118816019208187240e-01 1.529705731340184893e-01 1.842876982420566245e-01 1.339130825791692569e-01 2.057186516694188283e-01 1.710291143975485040e-01 9.942359603701317328e-02
1.114441385812084961e-01 1.527058888885018950e-01 1.842146491913018158e-01 1.336571796841626025e-01 2.058723493354454315e-01 1.711662806742664245e-01 9.781626634664233877e-02
1.120875779023525615e-01 1.531919460957947010e-01 1.844817158444648220e-01 1.342186286476580170e-01 2.062799101680549141e-01 1.715358620860854555e-01 9.419280392142130587e-02
1.135058263093566555e-01 1.545523341527581529e-01 1.855509447169778614e-01 1.358874794614167159e-01 2.075022126658961352e-01 1.730362865520456150e-01 8.864165111296572197e-02
1.150440447861294513e-01 1.549074405876416649e-01 1.851765103614480545e-01 1.365760078637775488e-01 2.064551086775552879e-01 1.729364407828038741e-01 8.762364347587153768e-02
1.150229822972656385e-01 1.549396870892768563e-01 1.851817499508097986e-01 1.369608362146246261e-01 2.063506516030447768e-01 1.729788113700263530e-01 8.680785242231628396e-02
1.147925220374229061e-01 1.544367775877623361e-01 1.845268940271738156e-01 1.366343810782899015e-01 2.054923369113819398e-01 1.724171018087357621e-01 8.916966955154137509e-02
1.146720851745211683e-01 1.548821403909036165e-01 1.854051584878052550e-01 1.367674431364616638e-01 2.065186964440919315e-01 1.730234546028942555e-01 8.615421205138594496e-02
1.159619856407358013e-01 1.555012231260748945e-01 1.856240546831641192e-01 1.373306023811985965e-01 2.066214359592252747e-01 1.728809015081926859e-01 8.295944675850490391e-02
1.175295245544815681e-01 1.567029250524350492e-01 1.866658572614811329e-01 1.388543522501601291e-01 2.076212951975535681e-01 1.740653328546722944e-01 7.526915168368994435e-02
1.191064115676058327e-01 1.573826167130645548e-01 1.865658202784500896e-01 1.402324267529666268e-01 2.068815296316970087e-01 1.744358362502559656e-01 7.116916116249930035e-02
1.203362331105761324e-01 1.579950059788008121e-01 1.865828320829932274e-01 1.409353180780476278e-01 2.065257254830260569e-01 1.746709820339158725e-01 6.822307965718223122e-02
1.210702476352445156e-01 1.583887013079902095e-01 1.866389547416271166e-01 1.414391329582208312e-01 2.064375462625433755e-01 1.748841659901156642e-01 6.453077087795104638e-02
1.215282131732235843e-01 1.581045318649012821e-01 1.858396074862133374e-01 1.414969350777190993e-01 2.052130535966125435e-01 1.742639150525204239e-01 6.618023737110066695e-02
1.211603628943129923e-01 1.575619448838690151e-01 1.855070492807980032e-01 1.408224513064481320e-01 2.048837773764986270e-01 1.737780452263858466e-01 6.837109255688429699e-02
1.208837654848237270e-01 1.577255036207032557e-01 1.858690463263614479e-01 1.407985831499694029e-01 2.055184318421000855e-01 1.740799357826372240e-01 6.744282989868263800e-02
1.209786087149886114e-01 1.576996210401833409e-01 1.858018237845188991e-01 1.407781813008504856e-01 2.054168806381123091e-01 1.741070692403330067e-01 6.717941489227535756e-02
1.205956426900276629e-01 1.572072759741653947e-01 1.851204480903902161e-01 1.403098500294996942e-01 2.046350672516442371e-01 1.734434509682834247e-01 6.865731889221891870e-02
1.202028345693249983e-01 1.569809985335370583e-01 1.850338229020237757e-01 1.400888298598751691e-01 2.045777088032736668e-01 1.732233130301267243e-01 6.774269600578508577e-02
1.206673797795996539e-01 1.573524500293570771e-01 1.854567788140606133e-01 1.405207107894803908e-01 2.049460500758583936e-01 1.737207418449244478e-01 6.602456735404735322e-02
1.208510055305518499e-01 1.572752881637097810e-01 1.853195553314073152e-01 1.408058870892660575e-01 2.046541370996350362e-01 1.737108034704877013e-01 6.496380286044896313e-02
1.216967589965524538e-01 1.581959950609790333e-01 1.863396117960263998e-01 1.417920760796195778e-01 2.057283476797445998e-01 1.748138587667897315e-01 5.862846914914864038e-02
1.222706613385214636e-01 1.575820729642070928e-01 1.847714713643114626e-01 1.416128618415096185e-01 2.034834272062909233e-01 1.735158868955066769e-01 6.124698275111772894e-02
1.218675896539597459e-01 1.576977326872310847e-01 1.852474375220139469e-01 1.414178298118406174e-01 2.043748860217868557e-01 1.741173733162900417e-01 5.472092451079604847e-02
1.231556522935604858e-01 1.578229175618876268e-01 1.844467926707109018e-01 1.419548064952661781e-01 2.029544434518597840e-01 1.736084409803379247e-01 5.423154467979730831e-02
1.227796355681950446e-01 1.573613809920276219e-01 1.839198134875170421e-01 1.416271145998427017e-01 2.023346629572297661e-01 1.731653340233763050e-01 5.556024004465755922e-02
1.225860409080349045e-01 1.573811830592301286e-01 1.842253649893328127e-01 1.416429972024628725e-01 2.026844668651348880e-01 1.733002680679985030e-01 5.426987165799773000e-02
1.225397191297722399e-01 1.570979151259511708e-01 1.836935669772105650e-01 1.413920115905947794e-01 2.021363576006530716e-01 1.729662284261149208e-01 5.573767054220720579e-02
1.232052238887741541e-01 1.579436154757307420e-01 1.848161300480301583e-01 1.420770789703083570e-01 2.032566855713330845e-01 1.736646264299384901e-01 5.073228302712360499e-02
1.234499172894338581e-01 1.572510497262828433e-01 1.833472904480170362e-01 1.417579505648062510e-01 2.013364953594641293e-01 1.725193471034584258e-01 5.328879099229111294e-02
1.224029761087075535e-01 1.567811262594640542e-01 1.833603291756744080e-01 1.413453913578155419e-01 2.012338012023917322e-01 1.724245793407841176e-01 5.415186569784660731e-02
1.226804064748627104e-01 1.573156346267634009e-01 1.840122698029451331e-01 1.418165674796407205e-01 2.019466763164943501e-01 1.729064501312259916e-01 5.042594923971776416e-02
1.235804434792137779e-01 1.573166205792843331e-01 1.834999757483900540e-01 1.419306959484910313e-01 2.013354004926803942e-01 1.724970399520627529e-01 4.872665152748639761e-02
1.239063726272272153e-01 1.573888864241578256e-01 1.833219969825697626e-01 1.421750817313055804e-01 2.010172666031773692e-01 1.723468852029153842e-01 4.741644823889198945e-02
1.235904335176907093e-01 1.570154098863727754e-01 1.826519249982775928e-01 1.418194523840735355e-01 2.003736206883394155e-01 1.719684982633982173e-01 4.879695220344686807e-02
1.233148972930270815e-01 1.568529235108592212e-01 1.828776670314952724e-01 1.417280464259972339e-01 2.006386781251975338e-01 1.720791623725926867e-01 4.849778059953933212e-02
1.235435521899090616e-01 1.568259233265387464e-01 1.827761473708899298e-01 1.416349185033056735e-01 2.004306628293117121e-01 1.718323807760743782e-01 4.705697733462205906e-02
1.234138877511426341e-01 1.564068411066559527e-01 1.821161230377314755e-01 1.412548980901142670e-01 1.997006193883829051e-01 1.712764119170435140e-01 4.828571389031809102e-02
1.228992636149310175e-01 1.559761990629246753e-01 1.817475243845125821e-01 1.408465430129644258e-01 1.993321718537097165e-01 1.708627734570379864e-01 4.996911786575496811e-02
1.228542888647086023e-01 1.562998245074504189e-01 1.823471565935537997e-01 1.410526193211636969e-01 2.001122003066646005e-01 1.714178406697483004e-01 4.746064982172423785e-02
1.233201523979722686e-01 1.566241172986916341e-01 1.823691265521293903e-01 1.415217655049992307e-01 2.000300815294267787e-01 1.717310546554116357e-01 4.580391908459334471e-02
1.236180041131617335e-01 1.563211444692281515e-01 1.817149587131799970e-01 1.411678158111473180e-01 1.992043926959045641e-01 1.713576638173050781e-01 4.676256040076060688e-02
1.235050830246126885e-01 1.564705527340273239e-01 1.819719688992212925e-01 1.412162141799711279e-01 1.995021106963693613e-01 1.715125922456610386e-01 4.502333982795161949e-02
1.239898270364112043e-01 1.568420748264916231e-01 1.822855559807808890e-01 1.417987698681665021e-01 1.996968798735637152e-01 1.719022900369426843e-01 4.343239345790560202e-02
1.239772278321484705e-01 1.564941099763576260e-01 1.817394388359319379e-01 1.416721080441724345e-01 1.989163835284479542e-01 1.713297358174288854e-01 4.451417751968479719e-02
1.236354145280882111e-01 1.562443589179728642e-01 1.817559792532759122e-01 1.414686736175986836e-01 1.989617047519106618e-01 1.712494470655103185e-01 4.309871467319195681e-02
1.240196524818956980e-01 1.564279042084763538e-01 1.817598766506861308e-01 1.416554557701075467e-01 1.989041570724590091e-01 1.713273434401738904e-01 4.146183549725289408e-02
1.245524138542834780e-01 1.567739651553070601e-01 1.819437046541629577e-01 1.421139590136833997e-01 1.988849715009563257e-01 1.715313864060990789e-01 3.981794132063651293e-02
1.251552322442986698e-01 1.572071365897677320e-01 1.822338116292229748e-01 1.426342542249076362e-01 1.990609496017659574e-01 1.718756823217702234e-01 3.747617187228682173e-02
1.254248329690125507e-01 1.563793954450740376e-01 1.816097502033479916e-01 1.427363476925978258e-01 1.984127501359495838e-01 1.699880717178015865e-01 3.830115113762418838e-02
1.252590446791313483e-01 1.569404028639768134e-01 1.816508962957703588e-01 1.427531665110866044e-01 1.986201783811885058e-01 1.702422405302259079e-01 3.753417974203458740e-02
1.251010213579812902e-01 1.568550844884221696e-01 1.810512179907056152e-01 1.425741913829741414e-01 1.981400635420301759e-01 1.699047665167436882e-01 3.931805425019627848e-02
1.254393983189945327e-01 1.575618472545728121e-01 1.821939407390537613e-01 1.431136217483532092e-01 1.994152809369554302e-01 1.708000037538829063e-01 3.481835074774892319e-02
1.261713479006179306e-01 1.575033376116673767e-01 1.815743152164348839e-01 1.435246011872475524e-01 1.985262603761137334e-01 1.704543697067535668e-01 3.469628499677110400e-02
1.256362784965472934e-01 1.569873158866756935e-01 1.811335023318048632e-01 1.431219035876607482e-01 1.980558571262005241e-01 1.702180512380407351e-01 3.599680893160425721e-02
1.257503178603143201e-01 1.573345406648935518e-01 1.814146891922884530e-01 1.431015412799889475e-01 1.984283778020288769e-01 1.703501269560123710e-01 3.374172120628669835e-02
1.261647685155333487e-01 1.574783127689456108e-01 1.813570290235033688e-01 1.433910555651176644e-01 1.982052635985742384e-01 1.704490739469091964e-01 3.135260347250139884e-02
1.267893015223200415e-01 1.579271145523171438e-01 1.815990415932458302e-01 1.440895231309965441e-01 1.983159010208441764e-01 1.707772799457493718e-01 2.849132937773085975e-02
1.270976130289239725e-01 1.577620371729711313e-01 1.810650763208639380e-01 1.441740922313846096e-01 1.975147209307381024e-01 1.704836672492335004e-01 2.963246639276383154e-02
1.268598345024511409e-01 1.573532678605293056e-01 1.807118179914530276e-01 1.436620102970476986e-01 1.973822818277512492e-01 1.701784032449669137e-01 2.973206927492068677e-02
1.262080346962575483e-01 1.573987964169475395e-01 1.815867871385828947e-01 1.441705601001721238e-01 1.978275655700374169e-01 1.707991687460087837e-01 2.591631342600680260e-02
1.269140284473417035e-01 1.567615231288934652e-01 1.798123275961388268e-01 1.435143075546886360e-01 1.958599931948690476e-01 1.697604258912439046e-01 2.759976268824498868e-02
1.263264159961283162e-01 1.566108104297544712e-01 1.796197324601429834e-01 1.430981406438832648e-01 1.957420564109001448e-01 1.695819935228128905e-01 2.867062933520697979e-02
1.261562944079751281e-01 1.563182375365186894e-01 1.795595999939737508e-01 1.429247991797600037e-01 1.956836229566192853e-01 1.696531354470271480e-01 2.948208774257594228e-02
1.261980521571129943e-01 1.564956468256533395e-01 1.798480752395638371e-01 1.430785482380645679e-01 1.960645996577498607e-01 1.698438226017842112e-01 2.807310477443567681e-02
1.263629104623275046e-01 1.564940734000087597e-01 1.796732721372256980e-01 1.431008641013588878e-01 1.958720063619615037e-01 1.700286560079231346e-01 2.908761578635829168e-02
1.262112975787616220e-01 1.565926644294002024e-01 1.797280060319128847e-01 1.430546526777022320e-01 1.960012113092770292e-01 1.700956835827173164e-01 2.907850806811808006e-02
1.259392494930959561e-01 1.562361267224933181e-01 1.794186441439418467e-01 1.427751160345197556e-01 1.956895646234179387e-01 1.699237396115374776e-01 3.045820713124104684e-02
1.254678344449597915e-01 1.559463820897674657e-01 1.791617875133550419e-01 1.423674908226542357e-01 1.954733189586680964e-01 1.695699029103120703e-01 3.244947870246933652e-02
1.246393525308528982e-01 1.553660450785189773e-01 1.789153279172893130e-01 1.417774114372383765e-01 1.953742489062227639e-01 1.692241900553384526e-01 3.508762756716331949e-02
1.238308023135687441e-01 1.548447937068924418e-01 1.787286656907912386e-01 1.411363003496784729e-01 1.954025951880783707e-01 1.688827038462266117e-01 3.670076820406119322e-02
1.233273258024982361e-01 1.545065612547584510e-01 1.784970729384038612e-01 1.405400161329388997e-01 1.953020586414644100e-01 1.686286679458792181e-01 3.796134809790616821e-02
1.237537563662493983e-01 1.552915914692719890e-01 1.796818729027961359e-01 1.413178679246837877e-01 1.966940934824390474e-01 1.697620130817934780e-01 3.277265111243059942e-02
1.249288127277359134e-01 1.557476209503781961e-01 1.794730017724449345e-01 1.421342946441161992e-01 1.960364078085918005e-01 1.698218273489498220e-01 3.043086943942787531e-02
1.260141478949148297e-01 1.562002331956637013e-01 1.797164042979584042e-01 1.430361242205974159e-01 1.963821265798026128e-01 1.701856421111516693e-01 2.720385201935292610e-02
1.283864491597303814e-01 1.583492522014178228e-01 1.818033316948766132e-01 1.453220841320373158e-01 1.983741823769444301e-01 1.725118988828893141e-01 2.238439074387326214e-02
1.290010508866950290e-01 1.582863929898776778e-01 1.809179212599927589e-01 1.453300103708160818e-01 1.970913357076152506e-01 1.721418277901634319e-01 2.229206596007822852e-02
1.290627992178801642e-01 1.583068845445292916e-01 1.810605232461610925e-01 1.453620568657097434e-01 1.973243037120174792e-01 1.723107899855574610e-01 2.137272976962082544e-02
1.295036362167829580e-01 1.584374773641613610e-01 1.808650016974411301e-01 1.453819496148294754e-01 1.969554119990073737e-01 1.719780381819739357e-01 2.188383203576076130e-02
1.286306427523933038e-01 1.576151492404326560e-01 1.797732588350862970e-01 1.444694210801782119e-01 1.958255113087733201e-01 1.710805910498206517e-01 2.640256204306236712e-02
1.285728449623458336e-01 1.586006546894547509e-01 1.812849345992141037e-01 1.449422669493557470e-01 1.978062976038985621e-01 1.722453458979706920e-01 2.025533024175778934e-02
1.285590273323716504e-01 1.577328353399169991e-01 1.797821280659332166e-01 1.445857533590817201e-01 1.958248119205953652e-01 1.713250312313924772e-01 2.232135292891095080e-02
1.282527802178644871e-01 1.574911554234214861e-01 1.795946408273537687e-01 1.441057717906379376e-01 1.957967717103491767e-01 1.708378860151003875e-01 2.327805248071327868e-02
1.279237524283808602e-01 1.572294029640239066e-01 1.796277803248102489e-01 1.439693574052498259e-01 1.956754623450629449e-01 1.706991603295616999e-01 2.403588224443762092e-02
1.282153436366864907e-01 1.577854360887498697e-01 1.803273945623507513e-01 1.443383220356229124e-01 1.963989758064714208e-01 1.711094275717046642e-01 1.989512624593357468e-02
1.290625996036173784e-01 1.579289304197464272e-01 1.799559445297366223e-01 1.447592952543730049e-01 1.957754875113447979e-01 1.710974529297646096e-01 1.877031209259643132e-02
1.291842339596591116e-01 1.578695876301985657e-01 1.798481253802275137e-01 1.447455789826648798e-01 1.953083927850838286e-01 1.708903672548035824e-01 1.933527167403843727e-02
1.288296953407990220e-01 1.574509458250244742e-01 1.797642992061290468e-01 1.444220423031250811e-01 1.950421953974523226e-01 1.705753654133738972e-01 2.049601899170822375e-02
1.286221182579970757e-01 1.576040357605517361e-01 1.799238097419658955e-01 1.443286158679646103e-01 1.952881233505978364e-01 1.705440044069251038e-01 1.914897142033588837e-02
1.286673677100366731e-01 1.572711564408680596e-01 1.795478442490874571e-01 1.442649000384441105e-01 1.947330115605046541e-01 1.702394744795532600e-01 1.997238236297074754e-02
1.282354528071529554e-01 1.568924945535113968e-01 1.792885197614586534e-01 1.438953720778803347e-01 1.945659944071655156e-01 1.699377777741610529e-01 1.989088166428074067e-02
1.281035494611788006e-01 1.567408562085660650e-01 1.791933368494866008e-01 1.437653821878422944e-01 1.943914415585836775e-01 1.698666378079632666e-01 2.021618984085488818e-02
1.280757382784593890e-01 1.567441731446821140e-01 1.791417514931260557e-01 1.437973472845607836e-01 1.944449568134888340e-01 1.696922514057360165e-01 1.901253731978423678e-02
1.291766406282176816e-01 1.579346153539195330e-01 1.802812545414197443e-01 1.449202263476117580e-01 1.955954307592589481e-01 1.708674002914275514e-01 1.206445072470962651e-02
1.313818541654983574e-01 1.592397059403729276e-01 1.807319185710131171e-01 1.467348832205822018e-01 1.950680587807723798e-01 1.727476299225942091e-01 7.954040811254914703e-03
1.323825271992140895e-01 1.592228209456621746e-01 1.807095680070762711e-01 1.473321844350135301e-01 1.948044229936164995e-01 1.727864288683263472e-01 6.669993816338252134e-03
1.326341991078406057e-01 1.592268897437251751e-01 1.807609054174526553e-01 1.475727839428962185e-01 1.946971273523167012e-01 1.727671548925819867e-01 5.447075377918782213e-03
1.332834807107691200e-01 1.599352197762660965e-01 1.811758515422952076e-01 1.481116871857414974e-01 1.950479289293805818e-01 1.731682038004802027e-01 2.072988315639534476e-03
1.339316506981256538e-01 1.599527281826658154e-01 1.811139219814502099e-01 1.485127256412402952e-01 1.947663513198390761e-01 1.733426707220422358e-01 1.685016258162973322e-03
1.343338335621675206e-01 1.603337420604216967e-01 1.814436839039725857e-01 1.488786859086463354e-01 1.951253712165642029e-01 1.736872987749863428e-01 8.659051042963609741e-04
1.346008684754109452e-01 1.606865156045864940e-01 1.815071926750499443e-01 1.490665996677608962e-01 1.951013043836339333e-01 1.736839651942404528e-01 1.631833480187932400e-04
1.346539031517694773e-01 1.607043733187271395e-01 1.814398554395423302e-01 1.490260168667567331e-01 1.949891704562546069e-01 1.734975610818415004e-01 1.109089022718502595e-03
1.345865119998059523e-01 1.607025178986333513e-01 1.815031670278415554e-01 1.490333737546487292e-01 1.950969521951579078e-01 1.734986279657871333e-01 1.111865528138905731e-03
1.344462406920208242e-01 1.607043057723916424e-01 1.813511678616226419e-01 1.488855404086201206e-01 1.949710497362941719e-01 1.734533747424999162e-01 1.228451348154820490e-03
1.341066980100585060e-01 1.602507114356636342e-01 1.809225141648994062e-01 1.485268372350325439e-01 1.945288408161679750e-01 1.730531188726532610e-01 2.839521659858164002e-03
1.336908874683347681e-01 1.599448201437226325e-01 1.808645450914913022e-01 1.482420156841452175e-01 1.945769637342347758e-01 1.729544941443525163e-01 4.144977676819728077e-03
1.335859839118564985e-01 1.601355193463621374e-01 1.812061634988310910e-01 1.482732483442250337e-01 1.950221274302232077e-01 1.731981626937838525e-01 3.278301447688965718e-03
1.339139831642820744e-01 1.603035523157279596e-01 1.813690532480287942e-01 1.485328301954803865e-01 1.951020282148878404e-01 1.733624064671677178e-01 1.643447597331994551e-03
1.342425281832991812e-01 1.603503369804122058e-01 1.813012929794992067e-01 1.487264540947453861e-01 1.949689859016693338e-01 1.733693969824046111e-01 9.475291729162166245e-04
