1.200340852875792091e-01 1.619499446379478458e-01 1.927945663295881906e-01 1.431863498257797129e-01 2.116863532806001202e-01 1.742781761390089501e-01 8.507108897328152786e-02
1.206594502483921832e-01 1.611510608690809587e-01 1.920137419090351960e-01 1.423713758801138929e-01 2.128246928169741370e-01 1.788021013860736919e-01 8.189274965440816734e-02
1.211198553182997184e-01 1.608745590857044994e-01 1.913053514779751163e-01 1.424141701125652415e-01 2.121588686632212839e-01 1.786749081172530340e-01 8.292699223174553047e-02
1.212459634951429943e-01 1.611899894488490748e-01 1.917447615836608277e-01 1.427609229410023162e-01 2.127811713850837616e-01 1.790366360515436850e-01 8.043759983411384595e-02
1.220626439553122999e-01 1.617563026937146320e-01 1.921110555892331373e-01 1.433393398959018072e-01 2.132771526382538363e-01 1.796933233715002076e-01 7.668723081258828345e-02
1.226775372575256290e-01 1.617066758237446500e-01 1.916329868034215567e-01 1.436813020627387139e-01 2.122702194432850575e-01 1.793157008437798461e-01 7.497536814323155219e-02
1.228900437533059498e-01 1.615716451353868544e-01 1.912332901893072090e-01 1.437895916303251753e-01 2.115784105746739696e-01 1.789502281028052533e-01 7.489020138641110103e-02
1.230985222248944244e-01 1.618583782785163183e-01 1.914608054862057818e-01 1.440802782269234306e-01 2.119236305571293721e-01 1.791901259973795735e-01 7.262013113342563608e-02
1.247377387219921335e-01 1.634250325338964804e-01 1.930952084231156163e-01 1.457893759951785495e-01 2.135930672538703667e-01 1.808268255808609393e-01 6.416894112457197097e-02
1.262614029558985773e-01 1.635667523091230147e-01 1.921581198149501235e-01 1.464478840986912778e-01 2.122002747612902196e-01 1.805324552321377063e-01 6.722208545463785601e-02
1.258765036081955779e-01 1.635240745000952900e-01 1.926599485482644314e-01 1.464741182944720443e-01 2.126065520432967593e-01 1.806719137876664216e-01 6.631149265077244948e-02
1.255519253569768179e-01 1.630027538987482427e-01 1.918217634054710519e-01 1.460282606597751442e-01 2.115302039848437066e-01 1.798867215552094334e-01 6.929905890508637756e-02
1.245576082402314877e-01 1.623466777983264275e-01 1.914832504136174673e-01 1.452003678549765586e-01 2.114585713365482733e-01 1.795934883278845484e-01 7.183750341591746413e-02
1.240179308818650933e-01 1.622743747277828885e-01 1.916310318910102728e-01 1.448956013981021196e-01 2.119309682980987375e-01 1.796702012403544046e-01 7.173838041602047244e-02
1.242337027230882435e-01 1.624849725191146177e-01 1.919153570491726746e-01 1.451332206262987146e-01 2.122536747722580941e-01 1.800194723917246942e-01 7.018036436944055656e-02
1.241707632640929593e-01 1.622307239736948126e-01 1.915397933444817069e-01 1.451653220331650951e-01 2.117365356881198701e-01 1.798684956024059756e-01 7.048226831757270494e-02
1.240177850683499006e-01 1.622351577475875106e-01 1.914471874684230968e-01 1.449808714496512163e-01 2.116880847832507961e-01 1.797470184766545576e-01 7.019267068914716856e-02
1.244740301850098957e-01 1.626315036615736398e-01 1.918932958665142685e-01 1.454334275094473217e-01 2.121396203718900475e-01 1.801205987929564434e-01 6.758885300581211897e-02
1.250765795393713187e-01 1.626543617884514126e-01 1.917641334459410096e-01 1.455727283220945023e-01 2.115565334317129342e-01 1.798998196542734851e-01 6.644626726818599061e-02
1.248349572406646235e-01 1.621141633554652739e-01 1.909329545336069800e-01 1.451934777391052644e-01 2.105786550035146920e-01 1.791450617472044315e-01 6.825697028977120717e-02
1.246263825012608045e-01 1.623341482009843517e-01 1.913477935391788565e-01 1.453767923448914257e-01 2.111530269499099777e-01 1.794339819271713043e-01 6.745784639688946760e-02
1.245633120820740097e-01 1.619652438764090929e-01 1.908970992009571266e-01 1.450826938945654065e-01 2.105662676095990393e-01 1.790086643268669619e-01 6.786281413826147912e-02
1.256259134985382719e-01 1.634398653120412714e-01 1.928298716826526704e-01 1.465407453427077789e-01 2.128097446880228838e-01 1.808216482387381419e-01 5.768499291006014273e-02
1.271593058738368365e-01 1.634967042031233719e-01 1.914216927930138257e-01 1.470896050332370641e-01 2.104314787694544775e-01 1.801788281316049067e-01 5.922878204426495347e-02
1.267887183175490096e-01 1.633002610816250422e-01 1.915734295970465406e-01 1.469117764351499378e-01 2.106300648388500230e-01 1.801703500556018633e-01 6.010164427012317651e-02
1.266102126770775882e-01 1.632348152782437667e-01 1.916271850695009660e-01 1.469092530673254127e-01 2.106341049843508950e-01 1.800858747316166075e-01 5.978761084299939743e-02
1.268037653420307220e-01 1.633736959417269041e-01 1.917112723480046133e-01 1.470474777821919599e-01 2.106868427940558897e-01 1.801021273395625732e-01 5.744439143487199695e-02
1.262565622033145762e-01 1.622454481783019986e-01 1.898056140146811566e-01 1.459784343463624290e-01 2.087780512664014487e-01 1.786195782236441598e-01 6.322222544536514055e-02
1.248082375555320395e-01 1.615884609342519984e-01 1.898295746295688979e-01 1.450736287056133000e-01 2.091579932737498981e-01 1.782758687837472100e-01 6.589445725618135741e-02
1.242786161458342836e-01 1.612942749368146411e-01 1.900138934160676696e-01 1.448168670768252009e-01 2.096485025033403560e-01 1.783370719287300232e-01 6.652182462180591949e-02
1.242366236961241210e-01 1.615448708714144199e-01 1.905503685915525824e-01 1.451296885906145084e-01 2.102249286733243461e-01 1.788611099578726882e-01 6.442482798794066379e-02
1.243134497502869085e-01 1.609104887954965202e-01 1.894545304345890135e-01 1.444400826178736941e-01 2.088360759983191595e-01 1.778086171430675877e-01 6.752815006466099390e-02
1.233436626859291674e-01 1.604154275923575790e-01 1.891761368084479977e-01 1.437139688168750096e-01 2.087989649595111963e-01 1.774387439166067171e-01 6.987829575824561212e-02
1.224200042593207444e-01 1.598261820422598178e-01 1.887556209158275655e-01 1.430428933936210845e-01 2.085754874436291650e-01 1.770250281704559003e-01 7.184787218749830173e-02
1.215408036714659135e-01 1.590571567731235980e-01 1.882372415547181599e-01 1.424168438617851584e-01 2.082803146614410073e-01 1.764721788807974701e-01 7.525025439396768046e-02
1.203607677044075674e-01 1.582291836271912944e-01 1.877142250025362891e-01 1.414005294239423227e-01 2.079178417411726987e-01 1.759386348316765991e-01 7.814147597687880198e-02
1.195939297531039974e-01 1.576714943776110212e-01 1.875723135759792271e-01 1.406911319502339441e-01 2.079511747798605259e-01 1.756086503026321466e-01 7.766049153839270358e-02
1.198452195870430836e-01 1.580070140459700900e-01 1.879263273983887150e-01 1.409203326526063671e-01 2.082526118753551814e-01 1.760545331185958962e-01 7.553226265801560313e-02
1.201144182177538156e-01 1.578951431211384759e-01 1.873992818200350408e-01 1.408262538602403358e-01 2.075743543352882026e-01 1.755797295438245031e-01 7.633212209758107047e-02
1.208461024721752541e-01 1.586291361823440882e-01 1.886406160489969841e-01 1.417424305298972398e-01 2.090350397580198749e-01 1.769311772705274288e-01 7.644516072867296730e-02
1.215574778597526134e-01 1.600867163275453975e-01 1.900654393250152951e-01 1.426974984155358339e-01 2.102908558908794801e-01 1.777926452232235777e-01 6.952344679977789932e-02
1.228396026864100321e-01 1.603004697356941177e-01 1.895099788736919200e-01 1.434590547927645232e-01 2.091286772936401250e-01 1.777322924103756085e-01 6.905569604225444968e-02
1.229628731232515065e-01 1.604008692115293788e-01 1.895821520444730124e-01 1.436018158680686108e-01 2.091818809591791950e-01 1.778608472493914960e-01 6.743791577690526340e-02
1.232859328395509158e-01 1.602510773643492925e-01 1.894009198877474875e-01 1.433787405290310457e-01 2.090603171405281679e-01 1.777562550465534574e-01 6.458502199714810654e-02
1.236315883708586361e-01 1.604376856294089104e-01 1.888896423972094285e-01 1.435336507462194044e-01 2.081799235230103740e-01 1.771769869028004540e-01 6.455226380349918247e-02
1.235881770875940366e-01 1.603203171291808504e-01 1.887503867535659796e-01 1.436634820866057316e-01 2.079231239199622050e-01 1.770209635586381669e-01 6.384388168841956257e-02
1.235338541803786550e-01 1.599135830207824016e-01 1.884975145283252218e-01 1.434490204703157135e-01 2.075297129367249249e-01 1.766275551442774983e-01 6.260839946544778656e-02
1.232870239335602108e-01 1.594021015149643117e-01 1.879242989848572132e-01 1.429404763934096489e-01 2.068144702726694706e-01 1.761419320145413969e-01 6.363156108559973878e-02
1.229358789269154179e-01 1.590997591666489519e-01 1.876750940870290651e-01 1.428122075233154709e-01 2.064921391255079564e-01 1.757751393816526508e-01 6.513478400753165698e-02
1.220416464776073323e-01 1.584908191179132397e-01 1.867827892747733753e-01 1.420578639601734472e-01 2.058157629662095145e-01 1.748946162234419066e-01 6.898085446655387309e-02
1.210334434213929250e-01 1.580133194792497087e-01 1.868161134441679028e-01 1.414579979163639589e-01 2.061154499299926723e-01 1.749262222919828191e-01 7.122141138880375144e-02
1.209881214994208559e-01 1.584358304698418318e-01 1.874618298178645504e-01 1.415571626782031189e-01 2.071718513736629519e-01 1.752648468366636292e-01 6.842971080179648113e-02
1.215521546856574431e-01 1.584121370523058070e-01 1.873733462335482325e-01 1.418080021887338782e-01 2.067849834060756231e-01 1.752587228686400822e-01 6.793480351961632413e-02
1.211052210629427889e-01 1.577820214986425662e-01 1.864762792308669315e-01 1.411855567328876293e-01 2.057814359325637610e-01 1.744792171838170647e-01 7.197795894963783525e-02
1.200441636750007313e-01 1.572965312378163116e-01 1.864462953687921754e-01 1.405566196949712965e-01 2.060032870103643554e-01 1.742224961278719675e-01 7.355078152703491134e-02
1.190212064248630935e-01 1.562900633459765598e-01 1.854597558351985254e-01 1.396012119992387224e-01 2.050291564656686327e-01 1.732062746358862815e-01 7.849899217095526738e-02
1.191906441920595333e-01 1.578220170795866795e-01 1.877553687554504025e-01 1.403841361784680941e-01 2.080240158813629059e-01 1.751942554503888028e-01 6.846673445962450644e-02
1.209361357268536469e-01 1.581170880100303267e-01 1.866180446819278860e-01 1.413429052114327511e-01 2.061810933370533394e-01 1.745835524242251025e-01 6.821198386329153929e-02
1.208540827411224983e-01 1.579065101558412010e-01 1.864289929352810071e-01 1.411980236287999624e-01 2.058726300572946422e-01 1.743405385005624975e-01 6.873940564365027539e-02
1.205973712282566723e-01 1.574502854454746803e-01 1.858316666740723877e-01 1.407295447623433948e-01 2.051534491687778128e-01 1.735935611152371605e-01 7.085853658475871342e-02
1.200705112385992840e-01 1.573069460488634441e-01 1.862026139243172507e-01 1.404604861474164912e-01 2.057141459251305982e-01 1.741292834481214247e-01 7.014001869276066670e-02
1.202144125427320187e-01 1.573711477168502348e-01 1.860995612558587753e-01 1.405085409377790362e-01 2.055070451444195312e-01 1.742331063110031386e-01 6.959203489428998635e-02
1.198253270032714757e-01 1.566817909726143376e-01 1.853099975209226979e-01 1.399575381112738715e-01 2.044487225344593095e-01 1.734392247227985739e-01 7.269791327907092204e-02
1.191424320246220886e-01 1.563642801650922398e-01 1.855704790546224281e-01 1.396089599245645407e-01 2.049650712349612436e-01 1.735856019923021354e-01 7.285655684987685232e-02
1.189551959297825146e-01 1.561596062167752152e-01 1.854052848318792635e-01 1.393978854668395106e-01 2.049194730580272406e-01 1.734464050314472594e-01 7.261475518048150779e-02
1.188679228742893362e-01 1.562024451193793351e-01 1.852837612364610642e-01 1.393222857924217573e-01 2.046160115417429426e-01 1.732200790222403197e-01 7.180636915621300964e-02
1.189205368474289537e-01 1.563408882480637752e-01 1.854800861813860891e-01 1.395833385627177625e-01 2.048410349828396759e-01 1.734929736445848802e-01 6.998642396497452289e-02
