1.330806287724786985e-01 1.784376676281593244e-01 2.151668172641265919e-01 1.574933564796106300e-01 2.366150273990766384e-01 2.005736398515209629e-01 9.809127354031714485e-02
1.339475647768569588e-01 1.795745690692504004e-01 2.143347122794014847e-01 1.579958004960465012e-01 2.378522684113990315e-01 1.998573587787413619e-01 9.617436519032498965e-02
1.331835223380716249e-01 1.782375986979038429e-01 2.126158012904527939e-01 1.568511445668727966e-01 2.360698217256076703e-01 1.982367566308241846e-01 9.672397001798820060e-02
1.332072259125030300e-01 1.782928504358031463e-01 2.128884417065177448e-01 1.571514195648670287e-01 2.363209944148135788e-01 1.983940402756184662e-01 9.635827144443842585e-02
1.332066550023912332e-01 1.782897962145395809e-01 2.127249710640709834e-01 1.571565766044050183e-01 2.363164909071795994e-01 1.983201762430322479e-01 9.576562940534454060e-02
1.320912599200441961e-01 1.766680699921504560e-01 2.106593183496385246e-01 1.557678028995546082e-01 2.341896686129233685e-01 1.963412875712608474e-01 1.033458577908393933e-01
1.261012501311721823e-01 1.710869230537738483e-01 2.054702791644454629e-01 1.500183167672618501e-01 2.293589430489058889e-01 1.911277420592965015e-01 1.006050868804044957e-01
1.262945019677834402e-01 1.705300370333362736e-01 2.045501954103995379e-01 1.500669030169150819e-01 2.279979573029672080e-01 1.903234282008779699e-01 1.025746177737601877e-01
1.260192915426694982e-01 1.705903349855343587e-01 2.050552848451866750e-01 1.500821983418930694e-01 2.285833028774244546e-01 1.905928382081197303e-01 1.003533364362345359e-01
1.269351850177187213e-01 1.713039891171898588e-01 2.055845631259183570e-01 1.509476368777222244e-01 2.290926957273438092e-01 1.913163679838837394e-01 9.633724195568449389e-02
1.274557649645857715e-01 1.711385518432884112e-01 2.048777266192210456e-01 1.513722796828564643e-01 2.281295468928162262e-01 1.908090762150280173e-01 9.702754995436120578e-02
1.278144471784297409e-01 1.718817197190204427e-01 2.060320847912158471e-01 1.520229352365409792e-01 2.293339913594026891e-01 1.919272110022069988e-01 9.226584898861928119e-02
1.288995327639433641e-01 1.721868720385076601e-01 2.056088870045792161e-01 1.524987299442578659e-01 2.286609982516324413e-01 1.917436427647757069e-01 9.150733024196848475e-02
1.305779925618192894e-01 1.742587584257045685e-01 2.079862192619382766e-01 1.544281876069441006e-01 2.311621286843119905e-01 1.939249867400536231e-01 7.922361471800119792e-02
1.326444330584992393e-01 1.741498058645697400e-01 2.062249241928983123e-01 1.550363166517438884e-01 2.283526124219987796e-01 1.929394457009981079e-01 8.032441698086871529e-02
1.323935455565843078e-01 1.740146443197654325e-01 2.062265939328281616e-01 1.550032903445976717e-01 2.283389856156907149e-01 1.926970118693364931e-01 8.007097135377228003e-02
1.318934850521395752e-01 1.732857670409867490e-01 2.053168580848531155e-01 1.544412282503236644e-01 2.272302702368075022e-01 1.919114333417461238e-01 8.362274556672050219e-02
1.310908857996511412e-01 1.729308414049484377e-01 2.055475689187812038e-01 1.539716069997263126e-01 2.278156817889797348e-01 1.921720884218375558e-01 8.433376966219358062e-02
1.311192962395847095e-01 1.730577450825507846e-01 2.055129479366342438e-01 1.536490171414299777e-01 2.279600306948944555e-01 1.920486415667498059e-01 8.403389436614251695e-02
1.309153820895979092e-01 1.728490915231888081e-01 2.052742044654880249e-01 1.536783609311425935e-01 2.276066918009760076e-01 1.917106459126720619e-01 8.379931269372471736e-02
1.306544092945725044e-01 1.725815756916314614e-01 2.050295610328252416e-01 1.534565040779179435e-01 2.274207960632984027e-01 1.916952563545248900e-01 8.319958207715935639e-02
1.305848812540814918e-01 1.724024295414911534e-01 2.048081288432639924e-01 1.532997049290971137e-01 2.270394365937124792e-01 1.915045680228143754e-01 8.267367223597776871e-02
1.305416122543644197e-01 1.721335610492051027e-01 2.042001967669878071e-01 1.527389278364633673e-01 2.261327310440905680e-01 1.909818947680248791e-01 8.289846369987870223e-02
1.296233186986602559e-01 1.709885442949484746e-01 2.028351990656575010e-01 1.516269700029138634e-01 2.247033773526526945e-01 1.895916291327078285e-01 8.664629068311945070e-02
1.284806400774298196e-01 1.702167245578488919e-01 2.025544568838530124e-01 1.508926256231262197e-01 2.246167188041577056e-01 1.892441879904681878e-01 8.879201837287824250e-02
1.271963818448230699e-01 1.691212437842136707e-01 2.015109359600716910e-01 1.496366601592397372e-01 2.238995406733098881e-01 1.881626055139175024e-01 8.974959371295872235e-02
1.266586503359019289e-01 1.686840945086536814e-01 2.012287990648250480e-01 1.492992068392109961e-01 2.234069690392198881e-01 1.878150750565174276e-01 9.106863725805901255e-02
1.261703561230107518e-01 1.684378906940177112e-01 2.012186873145178356e-01 1.491563942228516237e-01 2.235302276536800525e-01 1.878016237385852216e-01 9.101673109604445366e-02
1.262381127729932107e-01 1.685955810474362160e-01 2.014447039586059751e-01 1.491804954338804834e-01 2.238202089992875343e-01 1.881034097947233141e-01 8.917552263850458960e-02
1.265978513059564659e-01 1.686540770880100570e-01 2.012735041084185716e-01 1.493075596677204964e-01 2.237463841523322783e-01 1.880624597279146326e-01 8.778069670412375070e-02
1.265459827742844989e-01 1.682890013775975024e-01 2.006520054610694548e-01 1.492018091627622667e-01 2.226868292733671928e-01 1.874523501516622559e-01 8.970685157084729022e-02
1.262504216473622487e-01 1.682628587362592909e-01 2.008742471107755612e-01 1.490844345053642939e-01 2.231059543921139199e-01 1.875266035661760644e-01 8.915251798525272720e-02
1.266437269335560778e-01 1.685318266841524526e-01 2.010895557728487326e-01 1.492022431062131615e-01 2.233681715661454403e-01 1.878151241755939560e-01 8.693192850476288980e-02
1.277222072402987296e-01 1.697156560336932352e-01 2.020043566466720730e-01 1.505225683559273664e-01 2.241513580371547465e-01 1.885356430900507474e-01 8.349474179820541575e-02
1.283691607412899560e-01 1.698311162802101648e-01 2.016649214485905783e-01 1.509069411088622414e-01 2.235749908972933242e-01 1.883147439735827489e-01 8.274347279686228296e-02
1.286534886371473174e-01 1.695648978031722431e-01 2.012355830126947853e-01 1.507310211101362540e-01 2.233113151177530398e-01 1.879322464134180748e-01 8.248918719509618080e-02
1.282704954464394254e-01 1.689954831776052935e-01 2.006647693333634963e-01 1.503358159433755004e-01 2.225825867975184391e-01 1.874000976106375282e-01 8.424038365035750597e-02
1.285843006984712100e-01 1.697404875357642340e-01 2.017226757121316216e-01 1.509682488541438938e-01 2.238792299203782865e-01 1.883016126929279721e-01 8.029851802233284319e-02
1.291371056526763872e-01 1.695949001538485379e-01 2.012229060482285670e-01 1.512449056254758784e-01 2.229603056265143379e-01 1.881093190300699158e-01 7.967799578911685665e-02
1.289778136252489327e-01 1.694346992179840972e-01 2.008364019333012396e-01 1.509348392836941111e-01 2.221930605338306441e-01 1.876576712424850579e-01 8.053314533369974881e-02
1.288930582503279576e-01 1.693945612856888883e-01 2.010914501711529023e-01 1.509501928589109254e-01 2.224923544440148560e-01 1.879079798655069466e-01 7.995451160039467042e-02
1.286421949310868063e-01 1.689713481477219670e-01 2.004237556803362685e-01 1.505534016086766680e-01 2.217692253528355528e-01 1.873713174190837216e-01 8.138986296976798152e-02
1.282329528983756350e-01 1.687396929065458351e-01 2.003342238850687740e-01 1.502677325983435286e-01 2.218123744893224225e-01 1.871309501854803159e-01 8.126312071953852023e-02
1.280299061072446010e-01 1.683843862420055515e-01 2.000016938928175225e-01 1.500577137565899388e-01 2.214105238560749034e-01 1.868688016421878872e-01 8.275403563512051530e-02
1.279078821706920166e-01 1.687584597544141696e-01 2.003503813275240297e-01 1.500747236573770349e-01 2.220276677508371543e-01 1.869675091409365442e-01 8.112616265338398747e-02
1.282012280535157200e-01 1.688619205989023153e-01 2.001055124540268848e-01 1.502197753854492279e-01 2.219446668398028510e-01 1.870227388328638274e-01 7.858069955328614298e-02
1.293131793688518105e-01 1.694220992559113959e-01 2.009056626987107963e-01 1.513499333918101319e-01 2.222165547699523069e-01 1.876069739741721421e-01 7.426039570533499168e-02
1.296484883261799503e-01 1.693094821640195313e-01 2.002111896617239650e-01 1.515395246139307206e-01 2.212680867550354535e-01 1.873919388738716496e-01 7.565358688707046753e-02
1.288602841835983503e-01 1.684341727430583580e-01 1.993508526168238371e-01 1.508305882171295798e-01 2.205039828212083386e-01 1.864650232974682798e-01 8.014913822582239722e-02
1.276371542109095980e-01 1.676300057299608959e-01 1.990899339342645236e-01 1.495832798552231835e-01 2.203547067691021821e-01 1.858952468720920792e-01 8.258354596540866399e-02
1.276665451051395284e-01 1.683022959801180884e-01 2.001410603237417374e-01 1.499169386340043486e-01 2.216730067516516078e-01 1.867380137994485434e-01 7.843933872262924545e-02
1.279783275090831951e-01 1.678880419106875965e-01 1.989750231763834643e-01 1.497581449818873311e-01 2.201111629246563783e-01 1.858869137640809244e-01 7.981058942139795942e-02
1.271562955543318607e-01 1.670704797066971115e-01 1.982944590696290310e-01 1.489577982537197698e-01 2.194577183015672395e-01 1.851275537128212467e-01 8.265705589323564528e-02
1.263580656697318727e-01 1.670126749532878374e-01 1.983615281916881190e-01 1.484164749630455526e-01 2.197746453911654518e-01 1.851081774097144417e-01 8.188671674029646130e-02
1.271841587670458074e-01 1.680441691780498736e-01 1.995429946364116469e-01 1.494486705281205530e-01 2.211413665005957652e-01 1.862893234728250635e-01 7.536969168962684429e-02
