1.321278447928785349e-01 1.771674071371329706e-01 2.098875693754928551e-01 1.546548056108804914e-01 2.342998779093906359e-01 1.941384746496105096e-01 9.200739835114964127e-02
1.323772103941650846e-01 1.761377525494555729e-01 2.098490943734800662e-01 1.556366581174797314e-01 2.326898489585994267e-01 1.956824222620556220e-01 9.213683829598541541e-02
1.322766180716227480e-01 1.759837907142016433e-01 2.096220126017278307e-01 1.557187549305844299e-01 2.325920474349928990e-01 1.957157062924010371e-01 9.221307267028386323e-02
1.319858566968701852e-01 1.758145784531164879e-01 2.093812526688804965e-01 1.556157199572477390e-01 2.322740654448146036e-01 1.955278370604943139e-01 9.306020806758938391e-02
1.320388635560374446e-01 1.761714324439099255e-01 2.098060841052706016e-01 1.558020390197758231e-01 2.329375077320406939e-01 1.958901027775856174e-01 9.214036143015624791e-02
1.323225349662646433e-01 1.761386675413197656e-01 2.098091311794627045e-01 1.559812195470347274e-01 2.329789038878964658e-01 1.960305730982889461e-01 9.028966785723827049e-02
1.332567076865157629e-01 1.769543675624233592e-01 2.105357821488052783e-01 1.568939351682765992e-01 2.336502059905408435e-01 1.967106562658295643e-01 8.529240465598698917e-02
1.336619295177773614e-01 1.764095831451837348e-01 2.091491797702582367e-01 1.567620221737081598e-01 2.317442628434741303e-01 1.955633007687671843e-01 8.707110569631876240e-02
1.331347168085293686e-01 1.763498911101868682e-01 2.094514831691260681e-01 1.567193566531935867e-01 2.322217369451422542e-01 1.958873667433100041e-01 8.737617988413097503e-02
1.333520565426374316e-01 1.764659360454137738e-01 2.095558070467742062e-01 1.567054798567089069e-01 2.322777160916980610e-01 1.959558720297955858e-01 8.641119152942729198e-02
1.334894098849689348e-01 1.766808722162798162e-01 2.098001654260894799e-01 1.570914527224450130e-01 2.325331701240275217e-01 1.963446452279020149e-01 8.516046455454848174e-02
1.336379221359829950e-01 1.766742596973011614e-01 2.095420354268026641e-01 1.571767782256064949e-01 2.320860152155756195e-01 1.961221327387042968e-01 8.553230741068292009e-02
1.335917939545843980e-01 1.766538310258453093e-01 2.095469824269680925e-01 1.570218154701481517e-01 2.323141384555645617e-01 1.961315107454672801e-01 8.625459088639633731e-02
1.334518111705240428e-01 1.762658018498731716e-01 2.092897553627615925e-01 1.567118165024641019e-01 2.320338562710268504e-01 1.957963814943953496e-01 8.625865416876152270e-02
1.331170740974195743e-01 1.753969487660883564e-01 2.085489203514570844e-01 1.562120465913151846e-01 2.312974722257197524e-01 1.951498038969386450e-01 8.687575198895122752e-02
1.328524954661638169e-01 1.751532554947578812e-01 2.084035537373280511e-01 1.560676114679435678e-01 2.310903749076618496e-01 1.947833680735804318e-01 8.705583022394214332e-02
1.327283544787144776e-01 1.752145735979727670e-01 2.082218563066719208e-01 1.560047441535636625e-01 2.309214557741745000e-01 1.947352783350944916e-01 8.748872585454312012e-02
1.320906214552763913e-01 1.748187673706125822e-01 2.082420447935226238e-01 1.559442081791658774e-01 2.307973316039993450e-01 1.945843510694922895e-01 8.793686835569969329e-02
1.328845691328737477e-01 1.755896549046340738e-01 2.087490446487772766e-01 1.563328726568846416e-01 2.317127574411858848e-01 1.950336436993023725e-01 8.494649146095287207e-02
