5.750800000000000000e+04 6.567642081044618163e-02 4.940211811303210632e-01 nan 4.361755000000000109e+03
5.750800000000000000e+04 6.346542551949983790e-02 4.913439642467758439e-01 nan 4.305296666666666169e+03
5.751600000000000000e+04 6.600431605578425953e-02 4.758652121814378466e-01 2.029637731102367781e-01 4.265145000000000437e+03
5.751600000000000000e+04 6.689865756530230523e-02 4.820530164456175992e-01 2.035723422191133558e-01 3.594181666666666388e+03
5.751600000000000000e+04 7.460142240011943815e-02 4.797355662725872882e-01 2.045135872019644419e-01 4.264336666666667043e+03
5.752300000000000000e+04 nan nan nan nan
5.752300000000000000e+04 nan nan nan nan
5.752300000000000000e+04 nan nan nan nan
5.753000000000000000e+04 5.566033401963690896e-02 4.700509750626607475e-01 1.987096635251747179e-01 3.998309999999999945e+03
5.753000000000000000e+04 5.554354567077823129e-02 4.688925681368418807e-01 1.991500852993799975e-01 3.988478333333333467e+03
5.753000000000000000e+04 5.592012146417820601e-02 4.669295874802653068e-01 1.979815232963877125e-01 3.966051666666666733e+03
5.754700000000000000e+04 5.021512609164058283e-02 4.366666877310999006e-01 nan 3.685341666666666697e+03
5.754700000000000000e+04 5.023252044425473295e-02 4.357076682844920335e-01 nan 3.636226666666666915e+03
5.754700000000000000e+04 4.988287458929940160e-02 4.336802334533900738e-01 nan 3.656644999999999982e+03
5.755400000000000000e+04 nan nan nan nan
5.755400000000000000e+04 nan nan nan nan
5.755400000000000000e+04 nan nan nan nan
5.756200000000000000e+04 5.254902932616795780e-02 4.288609708631868633e-01 1.819746612276456899e-01 3.640148333333333085e+03
5.756200000000000000e+04 5.230304209600752235e-02 4.301227237079279786e-01 1.819815080963587683e-01 3.574960000000000036e+03
5.756200000000000000e+04 5.172182567384091961e-02 4.298227469403038126e-01 1.823267111823763942e-01 3.632960000000000036e+03
5.756900000000000000e+04 nan nan nan nan
5.756900000000000000e+04 5.071587982564911001e-02 nan nan 3.252276666666666642e+03
5.756900000000000000e+04 5.351023407169997609e-02 nan nan 3.285718333333333248e+03
5.758300000000000000e+04 4.919718532464673749e-02 nan nan 3.429226666666666915e+03
5.758300000000000000e+04 4.726222706861572809e-02 nan nan 3.366260000000000218e+03
5.758300000000000000e+04 4.764788047899109341e-02 nan nan 3.375933333333333394e+03
5.759100000000000000e+04 5.170840134952389699e-02 nan nan 3.335538333333332957e+03
5.759100000000000000e+04 nan nan nan nan
5.759100000000000000e+04 nan nan nan nan
5.759800000000000000e+04 5.253843885927469981e-02 4.319903327422413564e-01 1.805585640589301988e-01 3.706548333333333176e+03
5.759800000000000000e+04 5.590298796551044364e-02 4.339415433189796611e-01 1.822294725657657988e-01 3.761708333333333485e+03
5.770100000000000000e+04 6.101871000415343832e-02 4.894624477167385801e-01 nan 3.751133333333333212e+03
5.770100000000000000e+04 6.042200479980489036e-02 4.866224053139869832e-01 nan 3.708131666666666661e+03
5.770100000000000000e+04 6.180788939540145938e-02 4.868452205182147718e-01 nan 3.715025000000000091e+03
5.771100000000000000e+04 nan nan nan nan
5.771100000000000000e+04 nan nan nan nan
5.771100000000000000e+04 nan nan nan nan
5.771900000000000000e+04 nan nan nan nan
5.771900000000000000e+04 6.126200209705352784e-02 4.883741843474064259e-01 2.060924328116268689e-01 3.466653333333333649e+03
5.771900000000000000e+04 6.135513874501333231e-02 4.945550123425088707e-01 2.088391914379260084e-01 3.479679999999999836e+03
5.772600000000000000e+04 5.872506917990177183e-02 5.048686337470833507e-01 nan 3.681286666666666861e+03
5.772600000000000000e+04 5.825405703473670455e-02 5.055260992611168014e-01 nan 3.690445000000000164e+03
5.772600000000000000e+04 6.113911506763340664e-02 5.052171428727405544e-01 nan 3.701789999999999964e+03
5.773300000000000000e+04 6.170923327132161323e-02 5.090162412063595765e-01 2.142472842722022430e-01 3.727285000000000309e+03
5.773300000000000000e+04 6.092208638311329139e-02 5.092689352758256183e-01 2.135733350321911417e-01 3.743538333333332957e+03
5.773300000000000000e+04 5.997571259854914821e-02 5.096638639265556048e-01 2.131923030592181023e-01 3.746105000000000018e+03
5.774100000000000000e+04 6.763622629892358795e-02 nan nan 3.632428333333333740e+03
5.774100000000000000e+04 6.377773505657530206e-02 nan nan 3.488921666666666624e+03
5.774100000000000000e+04 6.707134132334877097e-02 nan nan 3.586551666666666733e+03
5.774900000000000000e+04 6.899514489542864226e-02 5.269517077834511287e-01 2.211449096200830966e-01 3.786480000000000018e+03
5.774900000000000000e+04 6.751567759195049867e-02 5.254012265029720519e-01 2.205605883332862616e-01 3.773398333333333085e+03
5.774900000000000000e+04 6.360953137572789018e-02 5.284617613319169127e-01 2.222096322892163078e-01 3.739139999999999873e+03
5.775700000000000000e+04 7.882823911862467392e-02 5.299056960901868951e-01 2.232376183322603014e-01 3.900798333333333176e+03
5.775700000000000000e+04 6.996104050838823640e-02 5.239722308787947425e-01 2.194637015538429548e-01 3.836295000000000073e+03
5.775700000000000000e+04 7.818469137249429990e-02 5.337078626147134797e-01 2.237542690085227437e-01 3.913551666666666733e+03
5.776400000000000000e+04 6.275709325475144207e-02 5.304862971032902053e-01 nan 3.643483333333333121e+03
5.776400000000000000e+04 6.359357929725865943e-02 5.286703211224681453e-01 nan 3.649726666666666915e+03
5.776400000000000000e+04 6.279196051507490717e-02 5.274741238775553231e-01 nan 3.630920000000000073e+03
5.777200000000000000e+04 6.362428593544523781e-02 nan nan 3.143986666666666679e+03
5.777200000000000000e+04 6.294391901696004543e-02 nan nan 3.130548333333333176e+03
5.777200000000000000e+04 6.429251602306121360e-02 nan nan 3.141786666666666861e+03
5.777900000000000000e+04 nan nan nan nan
5.777900000000000000e+04 nan nan nan nan
5.777900000000000000e+04 nan nan nan nan
5.778600000000000000e+04 5.993083906527427174e-02 4.999871927672946414e-01 nan 3.253286666666666861e+03
5.778600000000000000e+04 6.020937435385590591e-02 5.050679886504109151e-01 nan 3.285656666666666752e+03
5.778600000000000000e+04 6.008112439633232077e-02 5.039994862810431853e-01 nan 3.283348333333333358e+03
5.779400000000000000e+04 5.918706224138579886e-02 5.189862872231282287e-01 nan 3.197875000000000000e+03
5.779400000000000000e+04 5.973179375589437318e-02 5.271801213424401888e-01 nan 3.242783333333333303e+03
5.779400000000000000e+04 5.945660996994763664e-02 5.176643130434031015e-01 nan 3.198468333333333248e+03
5.780100000000000000e+04 nan nan nan nan
5.780100000000000000e+04 6.041611858847668187e-02 5.078937783029522368e-01 2.147432373251534909e-01 3.046708333333333485e+03
5.780100000000000000e+04 5.963699562230492107e-02 5.073025899026516461e-01 2.145100542520561870e-01 3.031099999999999909e+03
5.780900000000000000e+04 nan nan nan nan
5.780900000000000000e+04 nan nan nan nan
5.780900000000000000e+04 nan nan nan nan
5.781700000000000000e+04 6.395834076165697601e-02 5.480583499906237499e-01 nan 3.258670000000000073e+03
5.781700000000000000e+04 6.423232633742358144e-02 5.472396428046160111e-01 nan 3.280518333333333430e+03
5.781700000000000000e+04 6.386254513969270852e-02 5.450089811745539858e-01 nan 3.255163333333332957e+03
5.785700000000000000e+04 nan nan nan nan
5.785700000000000000e+04 nan nan nan nan
5.786400000000000000e+04 6.804573831653966398e-02 5.775866535085336650e-01 nan 3.047343333333333248e+03
5.786400000000000000e+04 6.756884262231853400e-02 5.789231289312953832e-01 nan 3.048285000000000309e+03
5.786400000000000000e+04 6.867981247216572993e-02 5.778562635095148003e-01 nan 3.043193333333333612e+03
5.787800000000000000e+04 7.561096843089178121e-02 5.786010618833161701e-01 nan 5.346926666666666279e+03
5.787800000000000000e+04 7.827031102861403689e-02 5.823270301892748968e-01 nan 5.373521666666666533e+03
5.787800000000000000e+04 7.960373265410629340e-02 5.826386995117548429e-01 nan 5.373376666666666097e+03
5.788700000000000000e+04 6.549847233074336528e-02 5.672621806224714680e-01 nan 3.302786666666666861e+03
5.789400000000000000e+04 9.718148358876559090e-02 5.722560608650628655e-01 2.415016229532533643e-01 5.015928333333333285e+03
5.789400000000000000e+04 8.105006215663033975e-02 5.654569634194255290e-01 2.385259426951867878e-01 4.948546666666666169e+03
5.789400000000000000e+04 8.391568285541213534e-02 5.644185782427557641e-01 2.381424509381402932e-01 4.945539999999999964e+03
5.790300000000000000e+04 6.509320968067455748e-02 nan nan 3.945574999999999818e+03
5.790300000000000000e+04 6.451184215975580560e-02 nan nan 4.101983333333333576e+03
5.791000000000000000e+04 6.454168202044002767e-02 5.554419398843859490e-01 nan 4.799151666666666642e+03
5.791800000000000000e+04 6.421091205814852265e-02 5.560716805497070148e-01 nan 3.323371666666666442e+03
5.791800000000000000e+04 nan nan nan nan
5.791800000000000000e+04 nan nan nan nan
5.792500000000000000e+04 8.716490608910053284e-02 nan nan 4.807899999999999636e+03
5.792500000000000000e+04 8.774280277673311701e-02 nan nan 4.825633333333333212e+03
5.792500000000000000e+04 8.068529978353276844e-02 nan nan 4.785940000000000509e+03
5.793300000000000000e+04 6.321760989525691821e-02 5.444126265136993714e-01 nan 4.364063333333333503e+03
5.793300000000000000e+04 6.311400398853070359e-02 5.430763730494913011e-01 nan 4.400091666666666242e+03
5.793300000000000000e+04 6.254499188573896251e-02 5.389419910055492924e-01 nan 4.359534999999999854e+03
5.794200000000000000e+04 6.407587119010399457e-02 nan nan 3.549636666666666770e+03
5.794200000000000000e+04 6.407797376752601137e-02 nan nan 3.541910000000000309e+03
5.794900000000000000e+04 6.347996802469525746e-02 5.501066201498102659e-01 nan 3.213508333333333212e+03
5.794900000000000000e+04 6.353386348575215670e-02 5.508873170929314833e-01 nan 3.195753333333333558e+03
5.794900000000000000e+04 6.397332600075054942e-02 5.462352266790546640e-01 nan 3.082666666666666515e+03
5.795600000000000000e+04 6.663839004877089578e-02 5.462296624314165738e-01 nan 4.427903333333333649e+03
5.795600000000000000e+04 6.600522730074347144e-02 5.468610835222287303e-01 nan 4.408513333333333321e+03
5.795600000000000000e+04 6.689942608164152482e-02 5.443738134275956098e-01 nan 4.429123333333333903e+03
5.796400000000000000e+04 nan nan nan nan
5.796400000000000000e+04 nan nan nan nan
5.796400000000000000e+04 nan nan nan nan
