5.691603827940000338e+04 6.303270976876069981e-15 0.000000000000000000e+00
5.691703827940000338e+04 6.766035194862204015e-15 0.000000000000000000e+00
5.691803827940000338e+04 6.650687665492522573e-15 0.000000000000000000e+00
5.691903827940000338e+04 6.796288725204015280e-15 0.000000000000000000e+00
5.692003827940000338e+04 6.370662935265953735e-15 0.000000000000000000e+00
5.692103827940000338e+04 6.101091072626313304e-15 0.000000000000000000e+00
5.692203827940000338e+04 6.218703274193945140e-15 0.000000000000000000e+00
5.692303827940000338e+04 6.757302343817806681e-15 0.000000000000000000e+00
5.692403827940000338e+04 7.011609130244434582e-15 0.000000000000000000e+00
5.692503827940000338e+04 6.246783640325796642e-15 0.000000000000000000e+00
5.692603827940000338e+04 6.467182640310742390e-15 0.000000000000000000e+00
5.692703827940000338e+04 6.775272987168501716e-15 0.000000000000000000e+00
5.692803827940000338e+04 6.724937497604473614e-15 0.000000000000000000e+00
5.692903827940000338e+04 6.815582547350700323e-15 0.000000000000000000e+00
5.693003827940000338e+04 6.712794589673237175e-15 0.000000000000000000e+00
5.693103827940000338e+04 7.344995207391402757e-15 0.000000000000000000e+00
5.693203827940000338e+04 6.551194125357426475e-15 0.000000000000000000e+00
5.693303827940000338e+04 6.535190967989339710e-15 0.000000000000000000e+00
5.693403827940000338e+04 6.883801348261911554e-15 0.000000000000000000e+00
5.693503827940000338e+04 7.211563522684030736e-15 0.000000000000000000e+00
5.693603827940000338e+04 6.583589750182773748e-15 0.000000000000000000e+00
5.693703827940000338e+04 6.583324636364513817e-15 0.000000000000000000e+00
5.693803827940000338e+04 7.358218000675071119e-15 0.000000000000000000e+00
5.693903827940000338e+04 6.744182618289125756e-15 0.000000000000000000e+00
5.694003827940000338e+04 6.652329488890594003e-15 0.000000000000000000e+00
5.694103827940000338e+04 6.135035562195635379e-15 0.000000000000000000e+00
5.694203827940000338e+04 6.277425597469022547e-15 0.000000000000000000e+00
5.694303827940000338e+04 6.495823892862047319e-15 0.000000000000000000e+00
5.694403827940000338e+04 7.206284383145234206e-15 0.000000000000000000e+00
5.694503827940000338e+04 6.440626717109013808e-15 0.000000000000000000e+00
5.694603827940000338e+04 6.774375334140844782e-15 0.000000000000000000e+00
5.694703827940000338e+04 6.365793452498618129e-15 0.000000000000000000e+00
5.694803827940000338e+04 6.750354958613369116e-15 0.000000000000000000e+00
5.694903827940000338e+04 6.848581599405822330e-15 0.000000000000000000e+00
5.695003827940000338e+04 7.417935858357043288e-15 0.000000000000000000e+00
5.695103827940000338e+04 6.759013709448673275e-15 0.000000000000000000e+00
5.695203827940000338e+04 6.741085928176989774e-15 0.000000000000000000e+00
5.695303827940000338e+04 7.279267043003016162e-15 0.000000000000000000e+00
5.695403827940000338e+04 6.873155932367593827e-15 0.000000000000000000e+00
5.695503827940000338e+04 7.436569701463359184e-15 0.000000000000000000e+00
5.695603827940000338e+04 7.452858133793181377e-15 0.000000000000000000e+00
5.695703827940000338e+04 7.624694974019746789e-15 0.000000000000000000e+00
5.695803827940000338e+04 5.928111519999599776e-15 0.000000000000000000e+00
5.695903827940000338e+04 6.462643496700006092e-15 0.000000000000000000e+00
5.696003827940000338e+04 7.256891313377487487e-15 0.000000000000000000e+00
5.696103827940000338e+04 7.303324766514778252e-15 0.000000000000000000e+00
5.696203827940000338e+04 6.953964910237264709e-15 0.000000000000000000e+00
5.696303827940000338e+04 7.691357905454769625e-15 0.000000000000000000e+00
5.696403827940000338e+04 6.788900757473181682e-15 0.000000000000000000e+00
5.696503827940000338e+04 6.134034722883501910e-15 0.000000000000000000e+00
5.696603827940000338e+04 6.259937708296207301e-15 0.000000000000000000e+00
5.696703827940000338e+04 7.288889406862749983e-15 0.000000000000000000e+00
5.696803827940000338e+04 6.678458382526544334e-15 0.000000000000000000e+00
5.696903827940000338e+04 6.740262714962963670e-15 0.000000000000000000e+00
5.697003827940000338e+04 6.821995864888084277e-15 0.000000000000000000e+00
5.697103827940000338e+04 7.164053939991436329e-15 0.000000000000000000e+00
5.697203827940000338e+04 7.113145761815543652e-15 0.000000000000000000e+00
5.697303827940000338e+04 6.215505972862300378e-15 0.000000000000000000e+00
5.697403827940000338e+04 7.383845446506626805e-15 0.000000000000000000e+00
5.697503827940000338e+04 6.073576439949433451e-15 0.000000000000000000e+00
5.697603827940000338e+04 5.996870326355468829e-15 0.000000000000000000e+00
5.697703827940000338e+04 6.879248039216304033e-15 0.000000000000000000e+00
5.697803827940000338e+04 6.904617487474533821e-15 0.000000000000000000e+00
5.697903827940000338e+04 7.220310513807505675e-15 0.000000000000000000e+00
5.698003827940000338e+04 6.574898447732850726e-15 0.000000000000000000e+00
5.698103827940000338e+04 6.264530252486866657e-15 0.000000000000000000e+00
5.698203827940000338e+04 6.570525632597817464e-15 0.000000000000000000e+00
5.698303827940000338e+04 6.566495002711293455e-15 0.000000000000000000e+00
5.698403827940000338e+04 5.969518723193440144e-15 0.000000000000000000e+00
5.698503827940000338e+04 6.122537602101500924e-15 0.000000000000000000e+00
5.698603827940000338e+04 6.677697105456891028e-15 0.000000000000000000e+00
5.698703827940000338e+04 6.638498037159303649e-15 0.000000000000000000e+00
5.698803827940000338e+04 6.757186537433718219e-15 0.000000000000000000e+00
5.698903827940000338e+04 6.509642530661758202e-15 0.000000000000000000e+00
5.699003827940000338e+04 6.554306995620899353e-15 0.000000000000000000e+00
5.699103827940000338e+04 6.439568142687978231e-15 0.000000000000000000e+00
5.699203827940000338e+04 6.642582261657426286e-15 0.000000000000000000e+00
5.699303827940000338e+04 6.169957694104866316e-15 0.000000000000000000e+00
5.699403827940000338e+04 7.523963066145660652e-15 0.000000000000000000e+00
5.699503827940000338e+04 6.652635359826896318e-15 0.000000000000000000e+00
5.699603827940000338e+04 6.867221825300393557e-15 0.000000000000000000e+00
5.699703827940000338e+04 6.675673642618378440e-15 0.000000000000000000e+00
5.699803827940000338e+04 7.156433003702374754e-15 0.000000000000000000e+00
5.699903827940000338e+04 7.428422036249246981e-15 0.000000000000000000e+00
5.700003827940000338e+04 6.881547396332093841e-15 0.000000000000000000e+00
5.700103827940000338e+04 6.964722322630342772e-15 0.000000000000000000e+00
5.700203827940000338e+04 6.299032744384581624e-15 0.000000000000000000e+00
5.700303827940000338e+04 6.284148918943775559e-15 0.000000000000000000e+00
5.700403827940000338e+04 6.941720555752972682e-15 0.000000000000000000e+00
5.700503827940000338e+04 6.700877579057778792e-15 0.000000000000000000e+00
5.700603827940000338e+04 6.927982679979922432e-15 0.000000000000000000e+00
5.700703827940000338e+04 7.026382052979145065e-15 0.000000000000000000e+00
5.700803827940000338e+04 6.715202246558980377e-15 0.000000000000000000e+00
5.700903827940000338e+04 7.358515000950850751e-15 0.000000000000000000e+00
5.701003827940000338e+04 6.238117434705599628e-15 0.000000000000000000e+00
5.701103827940000338e+04 7.243177373563858971e-15 0.000000000000000000e+00
5.701203827940000338e+04 6.646262409277172675e-15 0.000000000000000000e+00
5.701303827940000338e+04 6.584005303152062887e-15 0.000000000000000000e+00
5.701403827940000338e+04 6.402317154100327794e-15 0.000000000000000000e+00
5.701503827940000338e+04 6.692335503415603853e-15 0.000000000000000000e+00
5.701603827940000338e+04 6.768874345260403663e-15 0.000000000000000000e+00
5.701703827940000338e+04 6.986606710942987706e-15 0.000000000000000000e+00
5.701803827940000338e+04 7.050568231896673289e-15 0.000000000000000000e+00
5.701903827940000338e+04 6.635501030903974306e-15 0.000000000000000000e+00
5.702003827940000338e+04 7.479120758198456851e-15 0.000000000000000000e+00
5.702103827940000338e+04 6.978560462562073747e-15 0.000000000000000000e+00
5.702203827940000338e+04 6.506459798480597551e-15 0.000000000000000000e+00
5.702303827940000338e+04 7.395174762585270492e-15 0.000000000000000000e+00
5.702403827940000338e+04 6.600059573463612413e-15 0.000000000000000000e+00
5.702503827940000338e+04 7.242981625490227858e-15 0.000000000000000000e+00
5.702603827940000338e+04 7.108425537219199276e-15 0.000000000000000000e+00
5.702703827940000338e+04 7.033457160434642071e-15 0.000000000000000000e+00
5.702803827940000338e+04 6.541777324175955170e-15 0.000000000000000000e+00
5.702903827940000338e+04 7.177317581806826821e-15 0.000000000000000000e+00
5.703003827940000338e+04 6.753768268185518557e-15 0.000000000000000000e+00
5.703103827940000338e+04 6.671796500002308111e-15 0.000000000000000000e+00
5.703203827940000338e+04 6.844781468254839009e-15 0.000000000000000000e+00
5.703303827940000338e+04 6.421913640774840081e-15 0.000000000000000000e+00
5.703403827940000338e+04 7.405685837455125847e-15 0.000000000000000000e+00
5.703503827940000338e+04 6.362612761165078688e-15 0.000000000000000000e+00
5.703603827940000338e+04 6.664893313126927395e-15 0.000000000000000000e+00
5.703703827940000338e+04 6.602469286170011978e-15 0.000000000000000000e+00
5.703803827940000338e+04 6.661053996811780496e-15 0.000000000000000000e+00
5.703903827940000338e+04 6.442843886594518707e-15 0.000000000000000000e+00
5.704003827940000338e+04 6.610979979281030590e-15 0.000000000000000000e+00
5.704103827940000338e+04 6.999785627144371734e-15 0.000000000000000000e+00
5.704203827940000338e+04 7.454512300359074590e-15 0.000000000000000000e+00
5.704303827940000338e+04 6.236030888913014677e-15 0.000000000000000000e+00
5.704403827940000338e+04 7.475464046319706167e-15 0.000000000000000000e+00
5.704503827940000338e+04 6.709748046831687075e-15 0.000000000000000000e+00
5.704603827940000338e+04 6.018799993865720475e-15 0.000000000000000000e+00
5.704703827940000338e+04 5.988983503095150887e-15 0.000000000000000000e+00
5.704803827940000338e+04 6.213594338677324085e-15 0.000000000000000000e+00
5.704903827940000338e+04 6.826803322924103663e-15 0.000000000000000000e+00
5.705003827940000338e+04 6.926565676050060688e-15 0.000000000000000000e+00
5.705103827940000338e+04 6.260616089056408238e-15 0.000000000000000000e+00
5.705203827940000338e+04 7.025046162173688806e-15 0.000000000000000000e+00
5.705303827940000338e+04 7.107448539670123040e-15 0.000000000000000000e+00
5.705403827940000338e+04 6.500567355274613843e-15 0.000000000000000000e+00
5.705503827940000338e+04 5.974247209954379491e-15 0.000000000000000000e+00
5.705603827940000338e+04 6.172745334853721543e-15 0.000000000000000000e+00
5.705703827940000338e+04 6.808031567222397899e-15 0.000000000000000000e+00
5.705803827940000338e+04 6.779084360001755716e-15 0.000000000000000000e+00
5.705903827940000338e+04 7.462180993968882985e-15 0.000000000000000000e+00
5.706003827940000338e+04 6.701443027649318881e-15 0.000000000000000000e+00
5.706103827940000338e+04 6.548102530668044080e-15 0.000000000000000000e+00
5.706203827940000338e+04 6.671894147036678397e-15 0.000000000000000000e+00
5.706303827940000338e+04 6.382372518331215983e-15 0.000000000000000000e+00
5.706403827940000338e+04 6.138468538504542971e-15 0.000000000000000000e+00
5.706503827940000338e+04 6.706577709995913529e-15 0.000000000000000000e+00
5.706603827940000338e+04 5.673759834810714552e-15 0.000000000000000000e+00
5.706703827940000338e+04 6.020568010450331792e-15 0.000000000000000000e+00
5.706803827940000338e+04 6.660265419298470422e-15 0.000000000000000000e+00
5.706903827940000338e+04 6.877382084691652576e-15 0.000000000000000000e+00
5.707003827940000338e+04 6.737179638667302744e-15 0.000000000000000000e+00
5.707103827940000338e+04 6.968874282851858385e-15 0.000000000000000000e+00
5.707203827940000338e+04 6.701034055162043080e-15 0.000000000000000000e+00
5.707303827940000338e+04 7.246770941976432469e-15 0.000000000000000000e+00
5.707403827940000338e+04 6.645163932123620036e-15 0.000000000000000000e+00
5.707503827940000338e+04 6.493968882694163020e-15 0.000000000000000000e+00
5.707603827940000338e+04 6.750362137528685656e-15 0.000000000000000000e+00
5.707703827940000338e+04 6.922509087074226837e-15 0.000000000000000000e+00
5.707803827940000338e+04 6.814359617603718866e-15 0.000000000000000000e+00
5.707903827940000338e+04 6.545911001369575063e-15 0.000000000000000000e+00
5.708003827940000338e+04 7.275040469331661159e-15 0.000000000000000000e+00
5.708103827940000338e+04 6.731547433012390763e-15 0.000000000000000000e+00
5.708203827940000338e+04 7.443449472545111391e-15 0.000000000000000000e+00
5.708303827940000338e+04 6.394679086307589977e-15 0.000000000000000000e+00
5.708403827940000338e+04 6.882886270868349674e-15 0.000000000000000000e+00
5.708503827940000338e+04 6.856106641020644714e-15 0.000000000000000000e+00
5.708603827940000338e+04 7.119913056748585536e-15 0.000000000000000000e+00
5.708703827940000338e+04 6.272266124208312177e-15 0.000000000000000000e+00
5.708803827940000338e+04 7.288663349156163951e-15 0.000000000000000000e+00
5.708903827940000338e+04 7.170019820065998208e-15 0.000000000000000000e+00
5.709003827940000338e+04 6.090358060981926112e-15 0.000000000000000000e+00
5.709103827940000338e+04 7.118502524568156580e-15 0.000000000000000000e+00
5.709203827940000338e+04 6.056079135808754150e-15 0.000000000000000000e+00
5.709303827940000338e+04 6.677317995947561347e-15 0.000000000000000000e+00
5.709403827940000338e+04 6.730489723386371890e-15 0.000000000000000000e+00
5.709503827940000338e+04 6.959793812431368252e-15 0.000000000000000000e+00
5.709603827940000338e+04 6.632674526499513874e-15 0.000000000000000000e+00
5.709703827940000338e+04 6.864310657599097485e-15 0.000000000000000000e+00
5.709803827940000338e+04 7.118043409793500837e-15 0.000000000000000000e+00
5.709903827940000338e+04 5.995807449485243374e-15 0.000000000000000000e+00
5.710003827940000338e+04 6.277409080432786986e-15 0.000000000000000000e+00
5.710103827940000338e+04 6.847640886114724372e-15 0.000000000000000000e+00
5.710203827940000338e+04 6.801416317730997662e-15 0.000000000000000000e+00
5.710303827940000338e+04 7.353127346520336240e-15 0.000000000000000000e+00
5.710403827940000338e+04 6.927375657950506393e-15 0.000000000000000000e+00
5.710503827940000338e+04 6.652195068814661943e-15 0.000000000000000000e+00
5.710603827940000338e+04 6.677662019097796502e-15 0.000000000000000000e+00
5.710703827940000338e+04 7.210961882681706209e-15 0.000000000000000000e+00
5.710803827940000338e+04 6.676026093222841184e-15 0.000000000000000000e+00
5.710903827940000338e+04 6.694911289216244921e-15 0.000000000000000000e+00
5.711003827940000338e+04 6.504118131007166337e-15 0.000000000000000000e+00
5.711103827940000338e+04 6.821529181128874532e-15 0.000000000000000000e+00
5.711203827940000338e+04 7.013186131389626390e-15 0.000000000000000000e+00
5.711303827940000338e+04 6.818607514921684483e-15 0.000000000000000000e+00
5.711403827940000338e+04 6.156028207694977912e-15 0.000000000000000000e+00
5.711503827940000338e+04 7.134716575248797978e-15 0.000000000000000000e+00
5.711603827940000338e+04 5.888458620776738175e-15 0.000000000000000000e+00
5.711703827940000338e+04 6.372089077721951083e-15 0.000000000000000000e+00
5.711803827940000338e+04 6.683093695849777159e-15 0.000000000000000000e+00
5.711903827940000338e+04 6.812756479588182001e-15 0.000000000000000000e+00
5.712003827940000338e+04 6.367789730535811020e-15 0.000000000000000000e+00
5.712103827940000338e+04 6.653259699441480579e-15 0.000000000000000000e+00
5.712203827940000338e+04 7.107842807170102937e-15 0.000000000000000000e+00
5.712303827940000338e+04 5.877154884049620975e-15 0.000000000000000000e+00
5.712403827940000338e+04 6.727443116774227602e-15 0.000000000000000000e+00
5.712503827940000338e+04 5.954240506583865659e-15 0.000000000000000000e+00
5.712603827940000338e+04 6.291486858178431596e-15 0.000000000000000000e+00
5.712703827940000338e+04 7.596991698053305171e-15 0.000000000000000000e+00
5.712803827940000338e+04 7.003055114222755010e-15 0.000000000000000000e+00
5.712903827940000338e+04 6.592599500390682544e-15 0.000000000000000000e+00
5.713003827940000338e+04 7.042269707236294449e-15 0.000000000000000000e+00
5.713103827940000338e+04 6.312438634075398938e-15 0.000000000000000000e+00
5.713203827940000338e+04 6.355922857464061099e-15 0.000000000000000000e+00
5.713303827940000338e+04 6.283730235576298397e-15 0.000000000000000000e+00
5.713403827940000338e+04 6.306923720522592404e-15 0.000000000000000000e+00
5.713503827940000338e+04 6.427621284753674113e-15 0.000000000000000000e+00
5.713603827940000338e+04 6.578134643378183442e-15 0.000000000000000000e+00
5.713703827940000338e+04 6.406858148334161321e-15 0.000000000000000000e+00
5.713803827940000338e+04 7.011141799928542852e-15 0.000000000000000000e+00
5.713903827940000338e+04 6.454417766799689201e-15 0.000000000000000000e+00
5.714003827940000338e+04 6.232667690494891876e-15 0.000000000000000000e+00
5.714103827940000338e+04 6.817489948303073693e-15 0.000000000000000000e+00
5.714203827940000338e+04 6.728602623548948780e-15 0.000000000000000000e+00
5.714303827940000338e+04 6.317741090484205768e-15 0.000000000000000000e+00
5.714403827940000338e+04 7.192280145099498400e-15 0.000000000000000000e+00
5.714503827940000338e+04 6.275420422759893422e-15 0.000000000000000000e+00
5.714603827940000338e+04 6.495469137649750622e-15 0.000000000000000000e+00
5.714703827940000338e+04 5.871026178495786780e-15 0.000000000000000000e+00
5.714803827940000338e+04 6.446688477084824594e-15 0.000000000000000000e+00
5.714903827940000338e+04 7.242736199513956489e-15 0.000000000000000000e+00
5.715003827940000338e+04 6.017800297633053650e-15 0.000000000000000000e+00
5.715103827940000338e+04 6.161058634662460835e-15 0.000000000000000000e+00
5.715203827940000338e+04 6.644309169089018137e-15 0.000000000000000000e+00
5.715303827940000338e+04 6.103404444719180235e-15 0.000000000000000000e+00
5.715403827940000338e+04 6.554381186517442192e-15 0.000000000000000000e+00
5.715503827940000338e+04 7.305701739206320783e-15 0.000000000000000000e+00
5.715603827940000338e+04 6.422207100364686860e-15 0.000000000000000000e+00
5.715703827940000338e+04 6.604200876323924894e-15 0.000000000000000000e+00
5.715803827940000338e+04 6.710803482954397164e-15 0.000000000000000000e+00
5.715903827940000338e+04 7.072287636100026321e-15 0.000000000000000000e+00
5.716003827940000338e+04 7.249906746646785891e-15 0.000000000000000000e+00
5.716103827940000338e+04 6.635549725181865143e-15 0.000000000000000000e+00
5.716203827940000338e+04 6.896632109207028957e-15 0.000000000000000000e+00
5.716303827940000338e+04 6.647138544470447573e-15 0.000000000000000000e+00
5.716403827940000338e+04 6.801403079624118701e-15 0.000000000000000000e+00
5.716503827940000338e+04 6.148152242698635486e-15 0.000000000000000000e+00
5.716603827940000338e+04 6.734436694961740675e-15 0.000000000000000000e+00
5.716703827940000338e+04 6.587509812671249142e-15 0.000000000000000000e+00
5.716803827940000338e+04 6.964308171492512301e-15 0.000000000000000000e+00
5.716903827940000338e+04 6.433767175402066759e-15 0.000000000000000000e+00
5.717003827940000338e+04 6.854410537644311441e-15 0.000000000000000000e+00
5.717103827940000338e+04 6.747385955457912568e-15 0.000000000000000000e+00
5.717203827940000338e+04 6.087049532489413351e-15 0.000000000000000000e+00
5.717303827940000338e+04 6.541644176830350938e-15 0.000000000000000000e+00
5.717403827940000338e+04 6.265072732854565919e-15 0.000000000000000000e+00
5.717503827940000338e+04 6.934439462096167534e-15 0.000000000000000000e+00
5.717603827940000338e+04 7.109949522594810018e-15 0.000000000000000000e+00
5.717703827940000338e+04 6.555499900615157032e-15 0.000000000000000000e+00
5.717803827940000338e+04 6.576968592780018717e-15 0.000000000000000000e+00
5.717903827940000338e+04 6.706770560048087201e-15 0.000000000000000000e+00
5.718003827940000338e+04 6.803052144548625213e-15 0.000000000000000000e+00
5.718103827940000338e+04 7.183770108684642635e-15 0.000000000000000000e+00
5.718203827940000338e+04 6.730720288437155898e-15 0.000000000000000000e+00
5.718303827940000338e+04 6.090098752367322988e-15 0.000000000000000000e+00
5.718403827940000338e+04 7.040168675756835927e-15 0.000000000000000000e+00
5.718503827940000338e+04 6.774759005322533517e-15 0.000000000000000000e+00
5.718603827940000338e+04 6.261252524024220936e-15 0.000000000000000000e+00
5.718703827940000338e+04 6.616047690162077307e-15 0.000000000000000000e+00
5.718803827940000338e+04 7.121730888084855260e-15 0.000000000000000000e+00
5.718903827940000338e+04 7.183200687488447058e-15 0.000000000000000000e+00
5.719003827940000338e+04 6.875870852323316938e-15 0.000000000000000000e+00
5.719103827940000338e+04 6.100216352415972724e-15 0.000000000000000000e+00
5.719203827940000338e+04 6.456531399066023164e-15 0.000000000000000000e+00
5.719303827940000338e+04 6.956417111415659083e-15 0.000000000000000000e+00
5.719403827940000338e+04 6.926821637722312949e-15 0.000000000000000000e+00
5.719503827940000338e+04 6.218318004480434122e-15 0.000000000000000000e+00
5.719603827940000338e+04 6.294668740208650176e-15 0.000000000000000000e+00
5.719703827940000338e+04 6.367135708001851952e-15 0.000000000000000000e+00
5.719803827940000338e+04 6.464301796178284671e-15 0.000000000000000000e+00
5.719903827940000338e+04 6.611679730930354383e-15 0.000000000000000000e+00
5.720003827940000338e+04 6.151405283988321745e-15 0.000000000000000000e+00
5.720103827940000338e+04 7.428670551454455168e-15 0.000000000000000000e+00
5.720203827940000338e+04 6.456286132406893256e-15 0.000000000000000000e+00
5.720303827940000338e+04 6.200476611141510866e-15 0.000000000000000000e+00
5.720403827940000338e+04 6.726177533195316223e-15 0.000000000000000000e+00
5.720503827940000338e+04 6.071643766000937780e-15 0.000000000000000000e+00
5.720603827940000338e+04 6.303898017847240500e-15 0.000000000000000000e+00
5.720703827940000338e+04 7.056322445057276628e-15 0.000000000000000000e+00
5.720803827940000338e+04 6.158708115057764129e-15 0.000000000000000000e+00
5.720903827940000338e+04 6.493086952322400708e-15 0.000000000000000000e+00
5.721003827940000338e+04 6.294463741614956288e-15 0.000000000000000000e+00
5.721103827940000338e+04 7.107840957036724246e-15 0.000000000000000000e+00
5.721203827940000338e+04 7.012578392383049738e-15 0.000000000000000000e+00
5.721303827940000338e+04 6.836356308854597230e-15 0.000000000000000000e+00
5.721403827940000338e+04 5.770876649887382435e-15 0.000000000000000000e+00
5.721503827940000338e+04 6.941548708260173973e-15 0.000000000000000000e+00
5.721603827940000338e+04 5.826481074062955290e-15 0.000000000000000000e+00
5.721703827940000338e+04 7.238758434238146138e-15 0.000000000000000000e+00
5.721803827940000338e+04 6.894791446577837674e-15 0.000000000000000000e+00
5.721903827940000338e+04 6.417288346343773372e-15 0.000000000000000000e+00
5.722003827940000338e+04 6.985402237924424781e-15 0.000000000000000000e+00
5.722103827940000338e+04 6.426097596663750715e-15 0.000000000000000000e+00
5.722203827940000338e+04 6.646680706420780332e-15 0.000000000000000000e+00
5.722303827940000338e+04 6.903032099662506463e-15 0.000000000000000000e+00
5.722403827940000338e+04 6.809494688825608652e-15 0.000000000000000000e+00
5.722503827940000338e+04 6.450623557737158840e-15 0.000000000000000000e+00
5.722603827940000338e+04 7.622177753335008032e-15 0.000000000000000000e+00
5.722703827940000338e+04 6.992706793205161354e-15 0.000000000000000000e+00
5.722803827940000338e+04 6.190467273135734215e-15 0.000000000000000000e+00
5.722903827940000338e+04 6.641367820313509572e-15 0.000000000000000000e+00
5.723003827940000338e+04 6.594254787234035291e-15 0.000000000000000000e+00
5.723103827940000338e+04 6.163664985645480252e-15 0.000000000000000000e+00
5.723203827940000338e+04 7.051495892136812236e-15 0.000000000000000000e+00
5.723303827940000338e+04 6.456431312054374088e-15 0.000000000000000000e+00
5.723403827940000338e+04 6.295964238836920718e-15 0.000000000000000000e+00
5.723503827940000338e+04 7.103954538433093241e-15 0.000000000000000000e+00
5.723603827940000338e+04 6.668114456271015238e-15 0.000000000000000000e+00
5.723703827940000338e+04 6.633763216271979196e-15 0.000000000000000000e+00
5.723803827940000338e+04 5.994820675889616323e-15 0.000000000000000000e+00
5.723903827940000338e+04 6.775867893636788975e-15 0.000000000000000000e+00
5.724003827940000338e+04 6.048845010258097715e-15 0.000000000000000000e+00
5.724103827940000338e+04 6.994883735834744899e-15 0.000000000000000000e+00
5.724203827940000338e+04 6.725849934975998351e-15 0.000000000000000000e+00
5.724303827940000338e+04 6.116218497161807136e-15 0.000000000000000000e+00
5.724403827940000338e+04 7.238788398553859917e-15 0.000000000000000000e+00
5.724503827940000338e+04 6.703987827818300145e-15 0.000000000000000000e+00
5.724603827940000338e+04 6.954831875404169638e-15 0.000000000000000000e+00
5.724703827940000338e+04 6.202882783747474087e-15 0.000000000000000000e+00
5.724803827940000338e+04 7.193728645465707677e-15 0.000000000000000000e+00
5.724903827940000338e+04 6.258267302893665967e-15 0.000000000000000000e+00
5.725003827940000338e+04 6.446572860657131022e-15 0.000000000000000000e+00
5.725103827940000338e+04 7.593636434260441246e-15 0.000000000000000000e+00
5.725203827940000338e+04 6.640461929442650324e-15 0.000000000000000000e+00
5.725303827940000338e+04 6.718155369657102218e-15 0.000000000000000000e+00
5.725403827940000338e+04 6.588344283959551731e-15 0.000000000000000000e+00
5.725503827940000338e+04 6.642377457623301064e-15 0.000000000000000000e+00
5.725603827940000338e+04 6.856482357985889120e-15 0.000000000000000000e+00
5.725703827940000338e+04 6.223531798105483532e-15 0.000000000000000000e+00
5.725803827940000338e+04 6.238290846507126344e-15 0.000000000000000000e+00
5.725903827940000338e+04 6.952914654762006542e-15 0.000000000000000000e+00
5.726003827940000338e+04 6.400740353764386543e-15 0.000000000000000000e+00
5.726103827940000338e+04 6.028253394558405396e-15 0.000000000000000000e+00
5.726203827940000338e+04 6.502558480286560800e-15 0.000000000000000000e+00
5.726303827940000338e+04 7.110572173962852515e-15 0.000000000000000000e+00
5.726403827940000338e+04 7.747915349236985268e-15 0.000000000000000000e+00
5.726503827940000338e+04 7.180606584148018750e-15 0.000000000000000000e+00
5.726603827940000338e+04 6.636124972734222797e-15 0.000000000000000000e+00
5.726703827940000338e+04 6.299323002074520599e-15 0.000000000000000000e+00
5.726803827940000338e+04 7.025897763703304016e-15 0.000000000000000000e+00
5.726903827940000338e+04 6.146215397743904305e-15 0.000000000000000000e+00
5.727003827940000338e+04 6.543572032824067193e-15 0.000000000000000000e+00
5.727103827940000338e+04 6.904522446063031860e-15 0.000000000000000000e+00
5.727203827940000338e+04 7.292127633159283855e-15 0.000000000000000000e+00
5.727303827940000338e+04 7.549367345467816139e-15 0.000000000000000000e+00
5.727403827940000338e+04 6.864029625094061902e-15 0.000000000000000000e+00
5.727503827940000338e+04 6.761960988930288591e-15 0.000000000000000000e+00
5.727603827940000338e+04 6.666541203944916124e-15 0.000000000000000000e+00
5.727703827940000338e+04 6.427407221704250916e-15 0.000000000000000000e+00
5.727803827940000338e+04 6.753244803258409676e-15 0.000000000000000000e+00
5.727903827940000338e+04 7.004529260775903454e-15 0.000000000000000000e+00
5.728003827940000338e+04 6.474302379873859439e-15 0.000000000000000000e+00
5.728103827940000338e+04 6.520760000709647317e-15 0.000000000000000000e+00
5.728203827940000338e+04 6.461854425664804507e-15 0.000000000000000000e+00
5.728303827940000338e+04 6.841679808690963829e-15 0.000000000000000000e+00
5.728403827940000338e+04 6.608192479669599956e-15 0.000000000000000000e+00
5.728503827940000338e+04 6.781416289319332487e-15 0.000000000000000000e+00
5.728603827940000338e+04 6.181193420182875254e-15 0.000000000000000000e+00
5.728703827940000338e+04 6.820499033738098327e-15 0.000000000000000000e+00
5.728803827940000338e+04 7.422137815478342320e-15 0.000000000000000000e+00
5.728903827940000338e+04 7.481447377862882519e-15 0.000000000000000000e+00
5.729003827940000338e+04 7.326225136670606255e-15 0.000000000000000000e+00
5.729103827940000338e+04 6.787058378536071161e-15 0.000000000000000000e+00
5.729203827940000338e+04 6.541839507787775184e-15 0.000000000000000000e+00
5.729303827940000338e+04 6.757626109433261056e-15 0.000000000000000000e+00
5.729403827940000338e+04 6.606221632973178880e-15 0.000000000000000000e+00
5.729503827940000338e+04 6.471825867541970205e-15 0.000000000000000000e+00
5.729603827940000338e+04 6.398353756806802720e-15 0.000000000000000000e+00
5.729703827940000338e+04 5.927292408229767415e-15 0.000000000000000000e+00
5.729803827940000338e+04 6.300675830469877525e-15 0.000000000000000000e+00
5.729903827940000338e+04 7.419983717157568148e-15 0.000000000000000000e+00
5.730003827940000338e+04 6.491994818095172209e-15 0.000000000000000000e+00
5.730103827940000338e+04 7.026816109570226973e-15 0.000000000000000000e+00
5.730203827940000338e+04 7.171124483197223707e-15 0.000000000000000000e+00
5.730303827940000338e+04 6.753514771422140585e-15 0.000000000000000000e+00
5.730403827940000338e+04 7.033550043940008456e-15 0.000000000000000000e+00
5.730503827940000338e+04 6.043224682035578611e-15 0.000000000000000000e+00
5.730603827940000338e+04 7.048102232495560564e-15 0.000000000000000000e+00
5.730703827940000338e+04 6.882611370556285562e-15 0.000000000000000000e+00
5.730803827940000338e+04 6.340079898520800100e-15 0.000000000000000000e+00
5.730903827940000338e+04 6.427483185559796492e-15 0.000000000000000000e+00
5.731003827940000338e+04 6.728483154407683250e-15 0.000000000000000000e+00
5.731103827940000338e+04 6.860878756290813689e-15 0.000000000000000000e+00
5.731203827940000338e+04 6.642958078166606519e-15 0.000000000000000000e+00
5.731303827940000338e+04 6.511893280031182484e-15 0.000000000000000000e+00
5.731403827940000338e+04 6.776476643817123418e-15 0.000000000000000000e+00
5.731503827940000338e+04 6.958098142379326311e-15 0.000000000000000000e+00
5.731603827940000338e+04 5.769527716602918929e-15 0.000000000000000000e+00
5.731703827940000338e+04 6.359130155326192825e-15 0.000000000000000000e+00
5.731803827940000338e+04 6.801468909612701498e-15 0.000000000000000000e+00
5.731903827940000338e+04 6.072611016583900660e-15 0.000000000000000000e+00
5.732003827940000338e+04 6.501113406742139181e-15 0.000000000000000000e+00
5.732103827940000338e+04 6.629909262179371648e-15 0.000000000000000000e+00
5.732203827940000338e+04 6.937520510078072654e-15 0.000000000000000000e+00
5.732303827940000338e+04 6.849823473292823660e-15 0.000000000000000000e+00
5.732403827940000338e+04 7.550014934966733428e-15 0.000000000000000000e+00
5.732503827940000338e+04 6.189240644353203724e-15 0.000000000000000000e+00
5.732603827940000338e+04 6.997178281143536073e-15 0.000000000000000000e+00
5.732703827940000338e+04 6.539054604151768225e-15 0.000000000000000000e+00
5.732803827940000338e+04 6.684759058259994861e-15 0.000000000000000000e+00
5.732903827940000338e+04 6.646579504243861154e-15 0.000000000000000000e+00
5.733003827940000338e+04 6.753151984103817065e-15 0.000000000000000000e+00
5.733103827940000338e+04 6.490826924568912329e-15 0.000000000000000000e+00
5.733203827940000338e+04 7.278921092269857479e-15 0.000000000000000000e+00
5.733303827940000338e+04 6.484414408736747319e-15 0.000000000000000000e+00
5.733403827940000338e+04 7.032570950975966517e-15 0.000000000000000000e+00
5.733503827940000338e+04 7.226488915106988282e-15 0.000000000000000000e+00
5.733603827940000338e+04 6.829657133350870058e-15 0.000000000000000000e+00
5.733703827940000338e+04 7.161307300012699967e-15 0.000000000000000000e+00
5.733803827940000338e+04 7.139150323250703305e-15 0.000000000000000000e+00
5.733903827940000338e+04 6.883794083243860569e-15 0.000000000000000000e+00
5.734003827940000338e+04 6.388203600182425753e-15 0.000000000000000000e+00
5.734103827940000338e+04 6.688987778087668891e-15 0.000000000000000000e+00
5.734203827940000338e+04 7.153815398898927664e-15 0.000000000000000000e+00
5.734303827940000338e+04 6.154732041382845707e-15 0.000000000000000000e+00
5.734403827940000338e+04 5.691609528361164633e-15 0.000000000000000000e+00
5.734503827940000338e+04 7.002960789233178646e-15 0.000000000000000000e+00
5.734603827940000338e+04 7.170429436093485998e-15 0.000000000000000000e+00
5.734703827940000338e+04 6.855073877468811668e-15 0.000000000000000000e+00
5.734803827940000338e+04 6.514643602049292439e-15 0.000000000000000000e+00
5.734903827940000338e+04 6.531223632669871918e-15 0.000000000000000000e+00
5.735003827940000338e+04 6.812767185037265965e-15 0.000000000000000000e+00
5.735103827940000338e+04 7.199665401923158222e-15 0.000000000000000000e+00
5.735203827940000338e+04 6.966004713046948357e-15 0.000000000000000000e+00
5.735303827940000338e+04 7.021591302591933786e-15 0.000000000000000000e+00
5.735403827940000338e+04 6.111312220473571242e-15 0.000000000000000000e+00
5.735503827940000338e+04 6.618276945578294692e-15 0.000000000000000000e+00
5.735603827940000338e+04 6.539534275443077143e-15 0.000000000000000000e+00
5.735703827940000338e+04 6.952367921654616998e-15 0.000000000000000000e+00
5.735803827940000338e+04 6.996039641025385907e-15 0.000000000000000000e+00
5.735903827940000338e+04 6.680937191495927745e-15 0.000000000000000000e+00
5.736003827940000338e+04 6.696957519127795462e-15 0.000000000000000000e+00
5.736103827940000338e+04 6.689651055064230588e-15 0.000000000000000000e+00
5.736203827940000338e+04 6.481275097204289939e-15 0.000000000000000000e+00
5.736303827940000338e+04 6.535789644654129964e-15 0.000000000000000000e+00
5.736403827940000338e+04 6.196516379097146150e-15 0.000000000000000000e+00
5.736503827940000338e+04 6.845661709498794640e-15 0.000000000000000000e+00
5.736603827940000338e+04 6.482840506065243208e-15 0.000000000000000000e+00
5.736703827940000338e+04 6.748653099502483525e-15 0.000000000000000000e+00
5.736803827940000338e+04 7.181647095599709401e-15 0.000000000000000000e+00
5.736903827940000338e+04 7.010687337426107813e-15 0.000000000000000000e+00
5.737003827940000338e+04 6.419211236146224568e-15 0.000000000000000000e+00
5.737103827940000338e+04 6.435523025411650838e-15 0.000000000000000000e+00
5.737203827940000338e+04 6.713940456901996014e-15 0.000000000000000000e+00
5.737303827940000338e+04 6.809293100939261269e-15 0.000000000000000000e+00
5.737403827940000338e+04 6.376779313619162468e-15 0.000000000000000000e+00
5.737503827940000338e+04 6.065542611562530590e-15 0.000000000000000000e+00
5.737603827940000338e+04 6.307611356011743011e-15 0.000000000000000000e+00
5.737703827940000338e+04 6.498800079769635850e-15 0.000000000000000000e+00
5.737803827940000338e+04 6.994367915059260491e-15 0.000000000000000000e+00
5.737903827940000338e+04 6.634479640473498520e-15 0.000000000000000000e+00
5.738003827940000338e+04 7.156970312704025028e-15 0.000000000000000000e+00
5.738103827940000338e+04 6.919163860029997519e-15 0.000000000000000000e+00
5.738203827940000338e+04 6.525660294882399343e-15 0.000000000000000000e+00
5.738303827940000338e+04 6.357462501264452633e-15 0.000000000000000000e+00
5.738403827940000338e+04 7.436285459644863514e-15 0.000000000000000000e+00
5.738503827940000338e+04 6.339635740870891971e-15 0.000000000000000000e+00
5.738603827940000338e+04 5.955743131223578729e-15 0.000000000000000000e+00
5.738703827940000338e+04 5.945227196340851616e-15 0.000000000000000000e+00
5.738803827940000338e+04 6.880680251742600417e-15 0.000000000000000000e+00
5.738903827940000338e+04 7.189617659164357958e-15 0.000000000000000000e+00
5.739003827940000338e+04 6.550236113033662061e-15 0.000000000000000000e+00
5.739103827940000338e+04 6.762787565236803455e-15 0.000000000000000000e+00
5.739203827940000338e+04 7.083804437321763231e-15 0.000000000000000000e+00
5.739303827940000338e+04 7.067575580280108301e-15 0.000000000000000000e+00
5.739403827940000338e+04 7.327179525649230318e-15 0.000000000000000000e+00
5.739503827940000338e+04 7.150362974209973109e-15 0.000000000000000000e+00
5.739603827940000338e+04 7.352716795604140326e-15 0.000000000000000000e+00
5.739703827940000338e+04 7.067791317661511948e-15 0.000000000000000000e+00
5.739803827940000338e+04 6.380395504183315302e-15 0.000000000000000000e+00
5.739903827940000338e+04 6.834795259010342257e-15 0.000000000000000000e+00
5.740003827940000338e+04 6.329830826886391644e-15 0.000000000000000000e+00
5.740103827940000338e+04 6.376578479894075946e-15 0.000000000000000000e+00
5.740203827940000338e+04 7.300177210167095669e-15 0.000000000000000000e+00
5.740303827940000338e+04 6.443448067955505803e-15 0.000000000000000000e+00
5.740403827940000338e+04 7.093262374277922460e-15 0.000000000000000000e+00
5.740503827940000338e+04 6.342145079964313529e-15 0.000000000000000000e+00
5.740603827940000338e+04 6.766736128032669147e-15 0.000000000000000000e+00
5.740703827940000338e+04 6.357656007605602028e-15 0.000000000000000000e+00
5.740803827940000338e+04 6.141167453430651181e-15 0.000000000000000000e+00
5.740903827940000338e+04 7.508240418655934674e-15 0.000000000000000000e+00
5.741003827940000338e+04 6.624759463797548877e-15 0.000000000000000000e+00
5.741103827940000338e+04 5.807991614875704354e-15 0.000000000000000000e+00
5.741203827940000338e+04 6.605823561930488450e-15 0.000000000000000000e+00
5.741303827940000338e+04 6.715688363108233818e-15 0.000000000000000000e+00
5.741403827940000338e+04 7.008464800195030297e-15 0.000000000000000000e+00
5.741503827940000338e+04 6.591318732973924574e-15 0.000000000000000000e+00
5.741603827940000338e+04 6.230692785971663418e-15 0.000000000000000000e+00
5.741703827940000338e+04 7.121983871823866832e-15 0.000000000000000000e+00
5.741803827940000338e+04 7.145122911652760527e-15 0.000000000000000000e+00
5.741903827940000338e+04 6.822930565871324197e-15 0.000000000000000000e+00
5.742003827940000338e+04 6.563633506003485387e-15 0.000000000000000000e+00
5.742103827940000338e+04 6.682147136794935101e-15 0.000000000000000000e+00
5.742203827940000338e+04 6.737320671415938537e-15 0.000000000000000000e+00
5.742303827940000338e+04 6.742355266423069806e-15 0.000000000000000000e+00
5.742403827940000338e+04 7.065160347364079410e-15 0.000000000000000000e+00
5.742503827940000338e+04 6.569293965068297187e-15 0.000000000000000000e+00
5.742603827940000338e+04 6.940594651980645327e-15 0.000000000000000000e+00
5.742703827940000338e+04 6.518112914961634531e-15 0.000000000000000000e+00
5.742803827940000338e+04 6.803136963049838909e-15 0.000000000000000000e+00
5.742903827940000338e+04 6.536326696489215617e-15 0.000000000000000000e+00
5.743003827940000338e+04 7.320397226939842984e-15 0.000000000000000000e+00
5.743103827940000338e+04 6.322931487393748034e-15 0.000000000000000000e+00
5.743203827940000338e+04 6.282590101327739853e-15 0.000000000000000000e+00
5.743303827940000338e+04 7.080778884183242664e-15 0.000000000000000000e+00
5.743403827940000338e+04 6.927123342770695478e-15 0.000000000000000000e+00
5.743503827940000338e+04 7.373815096281788210e-15 0.000000000000000000e+00
5.743603827940000338e+04 6.730750383447822979e-15 0.000000000000000000e+00
5.743703827940000338e+04 6.318835223342916430e-15 0.000000000000000000e+00
5.743803827940000338e+04 7.272086027633360611e-15 0.000000000000000000e+00
5.743903827940000338e+04 6.859488180989913244e-15 0.000000000000000000e+00
5.744003827940000338e+04 6.844911060354106286e-15 0.000000000000000000e+00
5.744103827940000338e+04 6.644630302949120209e-15 0.000000000000000000e+00
5.744203827940000338e+04 6.569058307052121266e-15 0.000000000000000000e+00
5.744303827940000338e+04 6.443899298779143653e-15 0.000000000000000000e+00
5.744403827940000338e+04 7.106743594875398760e-15 0.000000000000000000e+00
5.744503827940000338e+04 6.537343947987095106e-15 0.000000000000000000e+00
5.744603827940000338e+04 6.646771525280713245e-15 0.000000000000000000e+00
5.744703827940000338e+04 7.230106376965697921e-15 0.000000000000000000e+00
5.744803827940000338e+04 6.916783797864288135e-15 0.000000000000000000e+00
5.744903827940000338e+04 5.912463574578422459e-15 0.000000000000000000e+00
5.745003827940000338e+04 6.170143735936862877e-15 0.000000000000000000e+00
5.745103827940000338e+04 7.449841800774206287e-15 0.000000000000000000e+00
5.745203827940000338e+04 6.423250546738248988e-15 0.000000000000000000e+00
5.745303827940000338e+04 7.102571871483804980e-15 0.000000000000000000e+00
5.745403827940000338e+04 6.855906002461277324e-15 0.000000000000000000e+00
5.745503827940000338e+04 7.256492828457364344e-15 0.000000000000000000e+00
5.745603827940000338e+04 6.328233817579351111e-15 0.000000000000000000e+00
5.745703827940000338e+04 6.354649057840963629e-15 0.000000000000000000e+00
5.745803827940000338e+04 6.210918694393383905e-15 0.000000000000000000e+00
5.745903827940000338e+04 6.440507425189518977e-15 0.000000000000000000e+00
5.746003827940000338e+04 6.571215628547056571e-15 0.000000000000000000e+00
5.746103827940000338e+04 6.708062801412814258e-15 0.000000000000000000e+00
5.746203827940000338e+04 7.428955310110446819e-15 0.000000000000000000e+00
5.746303827940000338e+04 6.998384928799241523e-15 0.000000000000000000e+00
5.746403827940000338e+04 6.112599492959552953e-15 0.000000000000000000e+00
5.746503827940000338e+04 7.089854119728048752e-15 0.000000000000000000e+00
5.746603827940000338e+04 7.407761410874481538e-15 0.000000000000000000e+00
5.746703827940000338e+04 6.229127590354869030e-15 0.000000000000000000e+00
5.746803827940000338e+04 7.199764533145027541e-15 0.000000000000000000e+00
5.746903827940000338e+04 7.243067668629973434e-15 0.000000000000000000e+00
5.747003827940000338e+04 7.320609015416590175e-15 0.000000000000000000e+00
5.747103827940000338e+04 6.592169889777710839e-15 0.000000000000000000e+00
5.747203827940000338e+04 6.372385804402260530e-15 0.000000000000000000e+00
5.747303827940000338e+04 6.383491099315894811e-15 0.000000000000000000e+00
5.747403827940000338e+04 6.795161127338885370e-15 0.000000000000000000e+00
5.747503827940000338e+04 6.341716953045938475e-15 0.000000000000000000e+00
5.747603827940000338e+04 7.410041982862913924e-15 0.000000000000000000e+00
5.747703827940000338e+04 7.316862748504007961e-15 0.000000000000000000e+00
5.747803827940000338e+04 6.574182696651527020e-15 0.000000000000000000e+00
5.747903827940000338e+04 7.071776161493844407e-15 0.000000000000000000e+00
5.748003827940000338e+04 7.110421528782392207e-15 0.000000000000000000e+00
5.748103827940000338e+04 6.513668203100342795e-15 0.000000000000000000e+00
5.748203827940000338e+04 6.404644771974253597e-15 0.000000000000000000e+00
5.748303827940000338e+04 7.273188690647830323e-15 0.000000000000000000e+00
5.748403827940000338e+04 5.872644345117731886e-15 0.000000000000000000e+00
5.748503827940000338e+04 6.413789910382263510e-15 0.000000000000000000e+00
5.748603827940000338e+04 6.556530459350479523e-15 0.000000000000000000e+00
5.748703827940000338e+04 7.414570082068741267e-15 0.000000000000000000e+00
5.748803827940000338e+04 6.984844347661486655e-15 0.000000000000000000e+00
5.748903827940000338e+04 7.022394452802244654e-15 0.000000000000000000e+00
5.749003827940000338e+04 6.830355121278542477e-15 0.000000000000000000e+00
5.749103827940000338e+04 6.686013765508974697e-15 0.000000000000000000e+00
5.749203827940000338e+04 6.762884209281096056e-15 0.000000000000000000e+00
5.749303827940000338e+04 6.303165588509578499e-15 0.000000000000000000e+00
5.749403827940000338e+04 7.062484019427314987e-15 0.000000000000000000e+00
5.749503827940000338e+04 6.620318596195639910e-15 0.000000000000000000e+00
5.749603827940000338e+04 6.653816258508380383e-15 0.000000000000000000e+00
5.749703827940000338e+04 6.517734860148775438e-15 0.000000000000000000e+00
5.749803827940000338e+04 7.428712353474720420e-15 0.000000000000000000e+00
5.749903827940000338e+04 6.991563966022960539e-15 0.000000000000000000e+00
5.750003827940000338e+04 6.861107156325345975e-15 0.000000000000000000e+00
5.750103827940000338e+04 6.546425185152685841e-15 0.000000000000000000e+00
5.750203827940000338e+04 6.292018365086671686e-15 0.000000000000000000e+00
5.750303827940000338e+04 6.810080548683934984e-15 0.000000000000000000e+00
5.750403827940000338e+04 6.916944419663720362e-15 0.000000000000000000e+00
5.750503827940000338e+04 6.233204011113872844e-15 0.000000000000000000e+00
5.750603827940000338e+04 6.950350002374243959e-15 0.000000000000000000e+00
5.750703827940000338e+04 6.777845876003178867e-15 0.000000000000000000e+00
5.750803827940000338e+04 6.909873906104863291e-15 0.000000000000000000e+00
5.750903827940000338e+04 6.791197231083241013e-15 0.000000000000000000e+00
5.751003827940000338e+04 6.557108544546015315e-15 0.000000000000000000e+00
5.751103827940000338e+04 7.152437069809109520e-15 0.000000000000000000e+00
5.751203827940000338e+04 6.336741880072322131e-15 0.000000000000000000e+00
5.751303827940000338e+04 7.092297860501761372e-15 0.000000000000000000e+00
5.751403827940000338e+04 7.242047022557941394e-15 0.000000000000000000e+00
5.751503827940000338e+04 7.526760796299537024e-15 0.000000000000000000e+00
5.751603827940000338e+04 7.988887357568548478e-15 0.000000000000000000e+00
5.751703827940000338e+04 7.988887357568545323e-15 0.000000000000000000e+00
5.751803827940000338e+04 7.988887357568548478e-15 0.000000000000000000e+00
5.751903827940000338e+04 7.988887357568545323e-15 0.000000000000000000e+00
5.752003827940000338e+04 7.988887357568545323e-15 0.000000000000000000e+00
5.752103827940000338e+04 7.988887357568545323e-15 0.000000000000000000e+00
5.752203827940000338e+04 7.988887357568545323e-15 0.000000000000000000e+00
5.752303827940000338e+04 7.988887357568545323e-15 0.000000000000000000e+00
5.752403827940000338e+04 7.988887357568548478e-15 0.000000000000000000e+00
5.752503827940000338e+04 7.988887357568548478e-15 0.000000000000000000e+00
5.752603827940000338e+04 7.988887357568548478e-15 0.000000000000000000e+00
5.752703827940000338e+04 7.988887357568545323e-15 0.000000000000000000e+00
5.752803827940000338e+04 7.988887357568546901e-15 0.000000000000000000e+00
5.752903827940000338e+04 7.988887357568545323e-15 0.000000000000000000e+00
5.753003827940000338e+04 7.988887357568545323e-15 0.000000000000000000e+00
5.753103827940000338e+04 7.988887357568545323e-15 0.000000000000000000e+00
5.753203827940000338e+04 7.988887357568548478e-15 0.000000000000000000e+00
5.753303827940000338e+04 7.988887357568545323e-15 0.000000000000000000e+00
5.753403827940000338e+04 7.988887357568546901e-15 0.000000000000000000e+00
5.753503827940000338e+04 7.988887357568548478e-15 0.000000000000000000e+00
5.753603827940000338e+04 7.988887357568545323e-15 0.000000000000000000e+00
5.753703827940000338e+04 7.988887357568545323e-15 0.000000000000000000e+00
5.753803827940000338e+04 7.988887357568548478e-15 0.000000000000000000e+00
5.753903827940000338e+04 7.988887357568545323e-15 0.000000000000000000e+00
5.754003827940000338e+04 7.988887357568548478e-15 0.000000000000000000e+00
5.754103827940000338e+04 7.988887357568548478e-15 0.000000000000000000e+00
5.754203827940000338e+04 7.988887357568548478e-15 0.000000000000000000e+00
5.754303827940000338e+04 7.988887357568546901e-15 0.000000000000000000e+00
5.754403827940000338e+04 7.988887357568545323e-15 0.000000000000000000e+00
5.754503827940000338e+04 7.988887357568545323e-15 0.000000000000000000e+00
5.754603827940000338e+04 7.988887357568545323e-15 0.000000000000000000e+00
5.754703827940000338e+04 7.988887357568545323e-15 0.000000000000000000e+00
5.754803827940000338e+04 7.988887357568548478e-15 0.000000000000000000e+00
5.754903827940000338e+04 7.988887357568545323e-15 0.000000000000000000e+00
5.755003827940000338e+04 7.988887357568545323e-15 0.000000000000000000e+00
5.755103827940000338e+04 7.988887357568548478e-15 0.000000000000000000e+00
5.755203827940000338e+04 7.988887357568545323e-15 0.000000000000000000e+00
5.755303827940000338e+04 7.988887357568545323e-15 0.000000000000000000e+00
5.755403827940000338e+04 7.988887357568545323e-15 0.000000000000000000e+00
5.755503827940000338e+04 7.988887357568548478e-15 0.000000000000000000e+00
5.755603827940000338e+04 7.988887357568548478e-15 0.000000000000000000e+00
5.755703827940000338e+04 7.988887357568545323e-15 0.000000000000000000e+00
5.755803827940000338e+04 7.988887357568546901e-15 0.000000000000000000e+00
5.755903827940000338e+04 7.988887357568548478e-15 0.000000000000000000e+00
5.756003827940000338e+04 7.988887357568546901e-15 0.000000000000000000e+00
5.756103827940000338e+04 7.988887357568546901e-15 0.000000000000000000e+00
5.756203827940000338e+04 7.988887357568548478e-15 0.000000000000000000e+00
5.756303827940000338e+04 7.988887357568548478e-15 0.000000000000000000e+00
5.756403827940000338e+04 7.988887357568545323e-15 0.000000000000000000e+00
5.756503827940000338e+04 7.988887357568545323e-15 0.000000000000000000e+00
5.756603827940000338e+04 7.988887357568545323e-15 0.000000000000000000e+00
5.756703827940000338e+04 7.988887357568545323e-15 0.000000000000000000e+00
5.756803827940000338e+04 7.988887357568545323e-15 0.000000000000000000e+00
5.756903827940000338e+04 7.988887357568548478e-15 0.000000000000000000e+00
5.757003827940000338e+04 7.988887357568548478e-15 0.000000000000000000e+00
5.757103827940000338e+04 7.988887357568545323e-15 0.000000000000000000e+00
5.757203827940000338e+04 7.988887357568545323e-15 0.000000000000000000e+00
5.757303827940000338e+04 7.988887357568545323e-15 0.000000000000000000e+00
5.757403827940000338e+04 7.988887357568546901e-15 0.000000000000000000e+00
5.757503827940000338e+04 7.988887357568548478e-15 0.000000000000000000e+00
5.757603827940000338e+04 7.988887357568545323e-15 0.000000000000000000e+00
5.757703827940000338e+04 7.988887357568545323e-15 0.000000000000000000e+00
5.757803827940000338e+04 7.988887357568548478e-15 0.000000000000000000e+00
5.757903827940000338e+04 7.988887357568545323e-15 0.000000000000000000e+00
5.758003827940000338e+04 7.988887357568548478e-15 0.000000000000000000e+00
5.758103827940000338e+04 7.988887357568545323e-15 0.000000000000000000e+00
5.758203827940000338e+04 7.988887357568545323e-15 0.000000000000000000e+00
5.758303827940000338e+04 7.988887357568548478e-15 0.000000000000000000e+00
5.758403827940000338e+04 7.988887357568548478e-15 0.000000000000000000e+00
5.758503827940000338e+04 7.988887357568545323e-15 0.000000000000000000e+00
5.758603827940000338e+04 7.988887357568545323e-15 0.000000000000000000e+00
5.758703827940000338e+04 7.988887357568548478e-15 0.000000000000000000e+00
5.758803827940000338e+04 7.988887357568546901e-15 0.000000000000000000e+00
5.758903827940000338e+04 7.988887357568548478e-15 0.000000000000000000e+00
5.759003827940000338e+04 7.988887357568548478e-15 0.000000000000000000e+00
5.759103827940000338e+04 7.988887357568545323e-15 0.000000000000000000e+00
5.759203827940000338e+04 7.988887357568545323e-15 0.000000000000000000e+00
5.759303827940000338e+04 7.988887357568545323e-15 0.000000000000000000e+00
5.759403827940000338e+04 7.988887357568548478e-15 0.000000000000000000e+00
5.759503827940000338e+04 7.988887357568545323e-15 0.000000000000000000e+00
5.759603827940000338e+04 7.988887357568548478e-15 0.000000000000000000e+00
5.759703827940000338e+04 7.988887357568548478e-15 0.000000000000000000e+00
5.759803827940000338e+04 7.988887357568548478e-15 0.000000000000000000e+00
5.759903827940000338e+04 7.988887357568545323e-15 0.000000000000000000e+00
5.760003827940000338e+04 7.988887357568548478e-15 0.000000000000000000e+00
5.760103827940000338e+04 7.988887357568545323e-15 0.000000000000000000e+00
5.760203827940000338e+04 7.988887357568548478e-15 0.000000000000000000e+00
5.760303827940000338e+04 7.988887357568545323e-15 0.000000000000000000e+00
5.760403827940000338e+04 7.988887357568545323e-15 0.000000000000000000e+00
5.760503827940000338e+04 7.988887357568545323e-15 0.000000000000000000e+00
5.760603827940000338e+04 7.988887357568548478e-15 0.000000000000000000e+00
5.760703827940000338e+04 7.988887357568545323e-15 0.000000000000000000e+00
5.760803827940000338e+04 7.988887357568545323e-15 0.000000000000000000e+00
5.760903827940000338e+04 7.988887357568546901e-15 0.000000000000000000e+00
5.761003827940000338e+04 7.988887357568546901e-15 0.000000000000000000e+00
5.761103827940000338e+04 7.988887357568548478e-15 0.000000000000000000e+00
5.761203827940000338e+04 7.988887357568548478e-15 0.000000000000000000e+00
5.761303827940000338e+04 7.988887357568548478e-15 0.000000000000000000e+00
5.761403827940000338e+04 7.988887357568545323e-15 0.000000000000000000e+00
5.761503827940000338e+04 7.988887357568548478e-15 0.000000000000000000e+00
5.761603827940000338e+04 7.988887357568545323e-15 0.000000000000000000e+00
5.761703827940000338e+04 7.988887357568548478e-15 0.000000000000000000e+00
5.761803827940000338e+04 7.988887357568545323e-15 0.000000000000000000e+00
5.761903827940000338e+04 7.988887357568545323e-15 0.000000000000000000e+00
5.762003827940000338e+04 7.988887357568548478e-15 0.000000000000000000e+00
5.762103827940000338e+04 7.988887357568545323e-15 0.000000000000000000e+00
5.762203827940000338e+04 7.988887357568545323e-15 0.000000000000000000e+00
5.762303827940000338e+04 7.988887357568548478e-15 0.000000000000000000e+00
5.762403827940000338e+04 7.988887357568545323e-15 0.000000000000000000e+00
5.762503827940000338e+04 7.988887357568545323e-15 0.000000000000000000e+00
5.762603827940000338e+04 7.988887357568545323e-15 0.000000000000000000e+00
5.762703827940000338e+04 7.988887357568548478e-15 0.000000000000000000e+00
5.762803827940000338e+04 7.988887357568548478e-15 0.000000000000000000e+00
5.762903827940000338e+04 7.988887357568548478e-15 0.000000000000000000e+00
5.763003827940000338e+04 7.988887357568545323e-15 0.000000000000000000e+00
5.763103827940000338e+04 7.988887357568548478e-15 0.000000000000000000e+00
5.763203827940000338e+04 7.988887357568545323e-15 0.000000000000000000e+00
5.763303827940000338e+04 7.988887357568545323e-15 0.000000000000000000e+00
5.763403827940000338e+04 7.988887357568545323e-15 0.000000000000000000e+00
5.763503827940000338e+04 7.988887357568545323e-15 0.000000000000000000e+00
5.763603827940000338e+04 7.988887357568548478e-15 0.000000000000000000e+00
5.763703827940000338e+04 7.988887357568548478e-15 0.000000000000000000e+00
5.763803827940000338e+04 7.988887357568545323e-15 0.000000000000000000e+00
5.763903827940000338e+04 7.988887357568545323e-15 0.000000000000000000e+00
5.764003827940000338e+04 7.988887357568545323e-15 0.000000000000000000e+00
5.764103827940000338e+04 7.988887357568545323e-15 0.000000000000000000e+00
5.764203827940000338e+04 7.988887357568548478e-15 0.000000000000000000e+00
5.764303827940000338e+04 7.988887357568548478e-15 0.000000000000000000e+00
5.764403827940000338e+04 7.988887357568545323e-15 0.000000000000000000e+00
5.764503827940000338e+04 7.988887357568545323e-15 0.000000000000000000e+00
5.764603827940000338e+04 7.988887357568545323e-15 0.000000000000000000e+00
5.764703827940000338e+04 7.988887357568546901e-15 0.000000000000000000e+00
5.764803827940000338e+04 7.988887357568546901e-15 0.000000000000000000e+00
5.764903827940000338e+04 7.988887357568548478e-15 0.000000000000000000e+00
5.765003827940000338e+04 7.988887357568545323e-15 0.000000000000000000e+00
5.765103827940000338e+04 7.988887357568548478e-15 0.000000000000000000e+00
5.765203827940000338e+04 7.988887357568548478e-15 0.000000000000000000e+00
5.765303827940000338e+04 7.988887357568545323e-15 0.000000000000000000e+00
5.765403827940000338e+04 7.988887357568548478e-15 0.000000000000000000e+00
5.765503827940000338e+04 7.988887357568548478e-15 0.000000000000000000e+00
5.765603827940000338e+04 7.988887357568548478e-15 0.000000000000000000e+00
5.765703827940000338e+04 7.988887357568545323e-15 0.000000000000000000e+00
5.765803827940000338e+04 7.988887357568545323e-15 0.000000000000000000e+00
5.765903827940000338e+04 7.988887357568546901e-15 0.000000000000000000e+00
5.766003827940000338e+04 7.988887357568548478e-15 0.000000000000000000e+00
5.766103827940000338e+04 7.988887357568548478e-15 0.000000000000000000e+00
5.766203827940000338e+04 7.988887357568548478e-15 0.000000000000000000e+00
5.766303827940000338e+04 7.988887357568545323e-15 0.000000000000000000e+00
5.766403827940000338e+04 7.988887357568545323e-15 0.000000000000000000e+00
5.766503827940000338e+04 7.988887357568545323e-15 0.000000000000000000e+00
5.766603827940000338e+04 7.988887357568545323e-15 0.000000000000000000e+00
5.766703827940000338e+04 7.988887357568546901e-15 0.000000000000000000e+00
5.766803827940000338e+04 7.988887357568546901e-15 0.000000000000000000e+00
5.766903827940000338e+04 7.988887357568548478e-15 0.000000000000000000e+00
5.767003827940000338e+04 7.988887357568545323e-15 0.000000000000000000e+00
5.767103827940000338e+04 7.988887357568548478e-15 0.000000000000000000e+00
5.767203827940000338e+04 7.988887357568548478e-15 0.000000000000000000e+00
5.767303827940000338e+04 7.988887357568545323e-15 0.000000000000000000e+00
5.767403827940000338e+04 7.988887357568548478e-15 0.000000000000000000e+00
5.767503827940000338e+04 7.988887357568548478e-15 0.000000000000000000e+00
5.767603827940000338e+04 7.988887357568548478e-15 0.000000000000000000e+00
5.767703827940000338e+04 7.988887357568545323e-15 0.000000000000000000e+00
5.767803827940000338e+04 7.988887357568548478e-15 0.000000000000000000e+00
5.767903827940000338e+04 7.988887357568545323e-15 0.000000000000000000e+00
5.768003827940000338e+04 7.988887357568548478e-15 0.000000000000000000e+00
5.768103827940000338e+04 7.988887357568548478e-15 0.000000000000000000e+00
5.768203827940000338e+04 7.988887357568545323e-15 0.000000000000000000e+00
5.768303827940000338e+04 7.988887357568548478e-15 0.000000000000000000e+00
5.768403827940000338e+04 7.988887357568548478e-15 0.000000000000000000e+00
5.768503827940000338e+04 7.988887357568545323e-15 0.000000000000000000e+00
5.768603827940000338e+04 7.988887357568545323e-15 0.000000000000000000e+00
5.768703827940000338e+04 7.988887357568548478e-15 0.000000000000000000e+00
5.768803827940000338e+04 7.988887357568545323e-15 0.000000000000000000e+00
5.768903827940000338e+04 7.988887357568545323e-15 0.000000000000000000e+00
5.769003827940000338e+04 7.988887357568548478e-15 0.000000000000000000e+00
5.769103827940000338e+04 7.988887357568545323e-15 0.000000000000000000e+00
5.769203827940000338e+04 7.988887357568548478e-15 0.000000000000000000e+00
5.769303827940000338e+04 7.988887357568545323e-15 0.000000000000000000e+00
5.769403827940000338e+04 7.988887357568548478e-15 0.000000000000000000e+00
5.769503827940000338e+04 7.988887357568548478e-15 0.000000000000000000e+00
5.769603827940000338e+04 7.988887357568548478e-15 0.000000000000000000e+00
5.769703827940000338e+04 7.988887357568545323e-15 0.000000000000000000e+00
5.769803827940000338e+04 7.988887357568545323e-15 0.000000000000000000e+00
5.769903827940000338e+04 7.988887357568548478e-15 0.000000000000000000e+00
5.770003827940000338e+04 7.988887357568548478e-15 0.000000000000000000e+00
5.770103827940000338e+04 7.988887357568545323e-15 0.000000000000000000e+00
5.770203827940000338e+04 7.988887357568548478e-15 0.000000000000000000e+00
5.770303827940000338e+04 7.988887357568548478e-15 0.000000000000000000e+00
5.770403827940000338e+04 7.988887357568548478e-15 0.000000000000000000e+00
5.770503827940000338e+04 7.988887357568545323e-15 0.000000000000000000e+00
5.770603827940000338e+04 7.988887357568545323e-15 0.000000000000000000e+00
5.770703827940000338e+04 7.988887357568545323e-15 0.000000000000000000e+00
5.770803827940000338e+04 7.988887357568548478e-15 0.000000000000000000e+00
5.770903827940000338e+04 7.988887357568545323e-15 0.000000000000000000e+00
5.771003827940000338e+04 7.988887357568546901e-15 0.000000000000000000e+00
5.771103827940000338e+04 7.988887357568545323e-15 0.000000000000000000e+00
5.771203827940000338e+04 7.988887357568545323e-15 0.000000000000000000e+00
5.771303827940000338e+04 7.988887357568545323e-15 0.000000000000000000e+00
5.771403827940000338e+04 7.988887357568548478e-15 0.000000000000000000e+00
5.771503827940000338e+04 7.988887357568548478e-15 0.000000000000000000e+00
5.771603827940000338e+04 7.988887357568545323e-15 0.000000000000000000e+00
5.771703827940000338e+04 7.988887357568545323e-15 0.000000000000000000e+00
5.771803827940000338e+04 7.988887357568545323e-15 0.000000000000000000e+00
5.771903827940000338e+04 7.988887357568545323e-15 0.000000000000000000e+00
5.772003827940000338e+04 7.988887357568548478e-15 0.000000000000000000e+00
5.772103827940000338e+04 7.988887357568548478e-15 0.000000000000000000e+00
5.772203827940000338e+04 7.988887357568545323e-15 0.000000000000000000e+00
5.772303827940000338e+04 7.988887357568545323e-15 0.000000000000000000e+00
5.772403827940000338e+04 7.988887357568548478e-15 0.000000000000000000e+00
5.772503827940000338e+04 7.988887357568548478e-15 0.000000000000000000e+00
5.772603827940000338e+04 7.988887357568548478e-15 0.000000000000000000e+00
5.772703827940000338e+04 7.988887357568548478e-15 0.000000000000000000e+00
5.772803827940000338e+04 7.988887357568548478e-15 0.000000000000000000e+00
5.772903827940000338e+04 7.988887357568545323e-15 0.000000000000000000e+00
5.773003827940000338e+04 7.988887357568545323e-15 0.000000000000000000e+00
5.773103827940000338e+04 7.988887357568545323e-15 0.000000000000000000e+00
5.773203827940000338e+04 7.988887357568545323e-15 0.000000000000000000e+00
5.773303827940000338e+04 7.988887357568548478e-15 0.000000000000000000e+00
5.773403827940000338e+04 7.988887357568545323e-15 0.000000000000000000e+00
5.773503827940000338e+04 7.988887357568548478e-15 0.000000000000000000e+00
5.773603827940000338e+04 7.988887357568545323e-15 0.000000000000000000e+00
5.773703827940000338e+04 7.988887357568548478e-15 0.000000000000000000e+00
5.773803827940000338e+04 7.988887357568545323e-15 0.000000000000000000e+00
5.773903827940000338e+04 7.988887357568548478e-15 0.000000000000000000e+00
5.774003827940000338e+04 7.988887357568548478e-15 0.000000000000000000e+00
5.774103827940000338e+04 7.988887357568545323e-15 0.000000000000000000e+00
5.774203827940000338e+04 7.988887357568548478e-15 0.000000000000000000e+00
5.774303827940000338e+04 7.988887357568548478e-15 0.000000000000000000e+00
5.774403827940000338e+04 7.988887357568545323e-15 0.000000000000000000e+00
5.774503827940000338e+04 7.988887357568548478e-15 0.000000000000000000e+00
5.774603827940000338e+04 7.988887357568548478e-15 0.000000000000000000e+00
5.774703827940000338e+04 7.988887357568546901e-15 0.000000000000000000e+00
5.774803827940000338e+04 7.988887357568545323e-15 0.000000000000000000e+00
5.774903827940000338e+04 7.988887357568545323e-15 0.000000000000000000e+00
5.775003827940000338e+04 7.988887357568545323e-15 0.000000000000000000e+00
5.775103827940000338e+04 7.988887357568545323e-15 0.000000000000000000e+00
5.775203827940000338e+04 7.988887357568545323e-15 0.000000000000000000e+00
5.775303827940000338e+04 7.988887357568545323e-15 0.000000000000000000e+00
5.775403827940000338e+04 7.988887357568545323e-15 0.000000000000000000e+00
5.775503827940000338e+04 7.988887357568545323e-15 0.000000000000000000e+00
5.775603827940000338e+04 7.988887357568548478e-15 0.000000000000000000e+00
5.775703827940000338e+04 7.988887357568548478e-15 0.000000000000000000e+00
5.775803827940000338e+04 7.988887357568548478e-15 0.000000000000000000e+00
5.775903827940000338e+04 7.988887357568545323e-15 0.000000000000000000e+00
5.776003827940000338e+04 7.988887357568548478e-15 0.000000000000000000e+00
5.776103827940000338e+04 7.988887357568545323e-15 0.000000000000000000e+00
5.776203827940000338e+04 7.988887357568548478e-15 0.000000000000000000e+00
5.776303827940000338e+04 7.988887357568545323e-15 0.000000000000000000e+00
5.776403827940000338e+04 7.988887357568548478e-15 0.000000000000000000e+00
5.776503827940000338e+04 7.988887357568545323e-15 0.000000000000000000e+00
5.776603827940000338e+04 7.988887357568545323e-15 0.000000000000000000e+00
5.776703827940000338e+04 7.988887357568546901e-15 0.000000000000000000e+00
5.776803827940000338e+04 7.988887357568545323e-15 0.000000000000000000e+00
5.776903827940000338e+04 7.988887357568546901e-15 0.000000000000000000e+00
5.777003827940000338e+04 7.988887357568548478e-15 0.000000000000000000e+00
5.777103827940000338e+04 7.988887357568545323e-15 0.000000000000000000e+00
5.777203827940000338e+04 7.988887357568545323e-15 0.000000000000000000e+00
5.777303827940000338e+04 7.988887357568545323e-15 0.000000000000000000e+00
5.777403827940000338e+04 7.988887357568548478e-15 0.000000000000000000e+00
5.777503827940000338e+04 7.988887357568548478e-15 0.000000000000000000e+00
5.777603827940000338e+04 7.988887357568545323e-15 0.000000000000000000e+00
5.777703827940000338e+04 7.988887357568548478e-15 0.000000000000000000e+00
5.777803827940000338e+04 7.988887357568545323e-15 0.000000000000000000e+00
5.777903827940000338e+04 7.988887357568545323e-15 0.000000000000000000e+00
5.778003827940000338e+04 7.988887357568545323e-15 0.000000000000000000e+00
5.778103827940000338e+04 7.988887357568545323e-15 0.000000000000000000e+00
5.778203827940000338e+04 7.988887357568548478e-15 0.000000000000000000e+00
5.778303827940000338e+04 7.988887357568548478e-15 0.000000000000000000e+00
5.778403827940000338e+04 7.988887357568545323e-15 0.000000000000000000e+00
5.778503827940000338e+04 7.988887357568548478e-15 0.000000000000000000e+00
5.778603827940000338e+04 7.988887357568545323e-15 0.000000000000000000e+00
5.778703827940000338e+04 7.988887357568548478e-15 0.000000000000000000e+00
5.778803827940000338e+04 7.988887357568548478e-15 0.000000000000000000e+00
5.778903827940000338e+04 7.988887357568546901e-15 0.000000000000000000e+00
5.779003827940000338e+04 7.988887357568545323e-15 0.000000000000000000e+00
5.779103827940000338e+04 7.988887357568546901e-15 0.000000000000000000e+00
5.779203827940000338e+04 7.988887357568545323e-15 0.000000000000000000e+00
5.779303827940000338e+04 7.988887357568545323e-15 0.000000000000000000e+00
5.779403827940000338e+04 7.988887357568548478e-15 0.000000000000000000e+00
5.779503827940000338e+04 7.988887357568545323e-15 0.000000000000000000e+00
5.779603827940000338e+04 7.988887357568545323e-15 0.000000000000000000e+00
5.779703827940000338e+04 7.988887357568548478e-15 0.000000000000000000e+00
5.779803827940000338e+04 7.988887357568548478e-15 0.000000000000000000e+00
5.779903827940000338e+04 7.988887357568548478e-15 0.000000000000000000e+00
5.780003827940000338e+04 7.988887357568548478e-15 0.000000000000000000e+00
5.780103827940000338e+04 7.988887357568548478e-15 0.000000000000000000e+00
5.780203827940000338e+04 7.988887357568548478e-15 0.000000000000000000e+00
5.780303827940000338e+04 7.988887357568545323e-15 0.000000000000000000e+00
5.780403827940000338e+04 7.988887357568545323e-15 0.000000000000000000e+00
5.780503827940000338e+04 7.988887357568545323e-15 0.000000000000000000e+00
5.780603827940000338e+04 7.988887357568545323e-15 0.000000000000000000e+00
5.780703827940000338e+04 7.988887357568548478e-15 0.000000000000000000e+00
5.780803827940000338e+04 7.988887357568545323e-15 0.000000000000000000e+00
5.780903827940000338e+04 7.988887357568548478e-15 0.000000000000000000e+00
5.781003827940000338e+04 7.988887357568545323e-15 0.000000000000000000e+00
5.781103827940000338e+04 7.988887357568548478e-15 0.000000000000000000e+00
5.781203827940000338e+04 7.988887357568545323e-15 0.000000000000000000e+00
5.781303827940000338e+04 7.988887357568548478e-15 0.000000000000000000e+00
5.781403827940000338e+04 7.988887357568548478e-15 0.000000000000000000e+00
5.781503827940000338e+04 7.988887357568545323e-15 0.000000000000000000e+00
5.781603827940000338e+04 7.988887357568545323e-15 0.000000000000000000e+00
5.781703827940000338e+04 7.988887357568545323e-15 0.000000000000000000e+00
5.781803827940000338e+04 7.988887357568548478e-15 0.000000000000000000e+00
5.781903827940000338e+04 7.988887357568545323e-15 0.000000000000000000e+00
5.782003827940000338e+04 7.988887357568548478e-15 0.000000000000000000e+00
5.782103827940000338e+04 7.988887357568548478e-15 0.000000000000000000e+00
5.782203827940000338e+04 7.988887357568545323e-15 0.000000000000000000e+00
5.782303827940000338e+04 7.988887357568545323e-15 0.000000000000000000e+00
5.782403827940000338e+04 7.988887357568545323e-15 0.000000000000000000e+00
5.782503827940000338e+04 7.988887357568545323e-15 0.000000000000000000e+00
5.782603827940000338e+04 7.988887357568546901e-15 0.000000000000000000e+00
5.782703827940000338e+04 7.988887357568545323e-15 0.000000000000000000e+00
5.782803827940000338e+04 7.988887357568546901e-15 0.000000000000000000e+00
5.782903827940000338e+04 7.988887357568545323e-15 0.000000000000000000e+00
5.783003827940000338e+04 7.988887357568548478e-15 0.000000000000000000e+00
5.783103827940000338e+04 7.988887357568545323e-15 0.000000000000000000e+00
5.783203827940000338e+04 7.988887357568545323e-15 0.000000000000000000e+00
5.783303827940000338e+04 7.988887357568548478e-15 0.000000000000000000e+00
5.783403827940000338e+04 7.988887357568548478e-15 0.000000000000000000e+00
5.783503827940000338e+04 7.988887357568548478e-15 0.000000000000000000e+00
5.783603827940000338e+04 7.988887357568546901e-15 0.000000000000000000e+00
5.783703827940000338e+04 7.988887357568548478e-15 0.000000000000000000e+00
5.783803827940000338e+04 7.988887357568545323e-15 0.000000000000000000e+00
5.783903827940000338e+04 7.988887357568548478e-15 0.000000000000000000e+00
5.784003827940000338e+04 7.988887357568548478e-15 0.000000000000000000e+00
5.784103827940000338e+04 7.988887357568548478e-15 0.000000000000000000e+00
5.784203827940000338e+04 7.988887357568545323e-15 0.000000000000000000e+00
5.784303827940000338e+04 7.988887357568545323e-15 0.000000000000000000e+00
5.784403827940000338e+04 7.988887357568548478e-15 0.000000000000000000e+00
5.784503827940000338e+04 7.988887357568545323e-15 0.000000000000000000e+00
5.784603827940000338e+04 7.988887357568548478e-15 0.000000000000000000e+00
5.784703827940000338e+04 7.988887357568545323e-15 0.000000000000000000e+00
5.784803827940000338e+04 7.988887357568545323e-15 0.000000000000000000e+00
5.784903827940000338e+04 7.988887357568546901e-15 0.000000000000000000e+00
5.785003827940000338e+04 7.988887357568545323e-15 0.000000000000000000e+00
5.785103827940000338e+04 7.988887357568548478e-15 0.000000000000000000e+00
5.785203827940000338e+04 7.988887357568545323e-15 0.000000000000000000e+00
5.785303827940000338e+04 7.988887357568545323e-15 0.000000000000000000e+00
5.785403827940000338e+04 7.988887357568545323e-15 0.000000000000000000e+00
5.785503827940000338e+04 7.988887357568545323e-15 0.000000000000000000e+00
5.785603827940000338e+04 7.988887357568545323e-15 0.000000000000000000e+00
5.785703827940000338e+04 7.988887357568545323e-15 0.000000000000000000e+00
5.785803827940000338e+04 7.988887357568548478e-15 0.000000000000000000e+00
5.785903827940000338e+04 7.988887357568548478e-15 0.000000000000000000e+00
5.786003827940000338e+04 7.988887357568548478e-15 0.000000000000000000e+00
5.786103827940000338e+04 7.988887357568545323e-15 0.000000000000000000e+00
5.786203827940000338e+04 7.988887357568548478e-15 0.000000000000000000e+00
5.786303827940000338e+04 7.988887357568548478e-15 0.000000000000000000e+00
5.786403827940000338e+04 7.988887357568548478e-15 0.000000000000000000e+00
5.786503827940000338e+04 7.988887357568545323e-15 0.000000000000000000e+00
5.786603827940000338e+04 7.988887357568548478e-15 0.000000000000000000e+00
5.786703827940000338e+04 7.988887357568548478e-15 0.000000000000000000e+00
5.786803827940000338e+04 7.988887357568545323e-15 0.000000000000000000e+00
5.786903827940000338e+04 7.988887357568545323e-15 0.000000000000000000e+00
5.787003827940000338e+04 7.988887357568545323e-15 0.000000000000000000e+00
5.787103827940000338e+04 7.988887357568545323e-15 0.000000000000000000e+00
5.787203827940000338e+04 7.988887357568545323e-15 0.000000000000000000e+00
5.787303827940000338e+04 7.988887357568545323e-15 0.000000000000000000e+00
5.787403827940000338e+04 7.988887357568548478e-15 0.000000000000000000e+00
5.787503827940000338e+04 7.988887357568548478e-15 0.000000000000000000e+00
5.787603827940000338e+04 7.988887357568548478e-15 0.000000000000000000e+00
5.787703827940000338e+04 7.988887357568546901e-15 0.000000000000000000e+00
5.787803827940000338e+04 7.988887357568545323e-15 0.000000000000000000e+00
5.787903827940000338e+04 7.988887357568548478e-15 0.000000000000000000e+00
5.788003827940000338e+04 7.988887357568545323e-15 0.000000000000000000e+00
5.788103827940000338e+04 7.988887357568545323e-15 0.000000000000000000e+00
5.788203827940000338e+04 7.988887357568548478e-15 0.000000000000000000e+00
5.788303827940000338e+04 7.988887357568545323e-15 0.000000000000000000e+00
5.788403827940000338e+04 7.988887357568548478e-15 0.000000000000000000e+00
5.788503827940000338e+04 7.988887357568548478e-15 0.000000000000000000e+00
5.788603827940000338e+04 7.988887357568548478e-15 0.000000000000000000e+00
5.788703827940000338e+04 7.988887357568545323e-15 0.000000000000000000e+00
5.788803827940000338e+04 7.988887357568545323e-15 0.000000000000000000e+00
5.788903827940000338e+04 7.988887357568545323e-15 0.000000000000000000e+00
5.789003827940000338e+04 7.988887357568548478e-15 0.000000000000000000e+00
5.789103827940000338e+04 7.988887357568545323e-15 0.000000000000000000e+00
5.789203827940000338e+04 7.988887357568548478e-15 0.000000000000000000e+00
5.789303827940000338e+04 7.988887357568548478e-15 0.000000000000000000e+00
5.789403827940000338e+04 7.988887357568545323e-15 0.000000000000000000e+00
5.789503827940000338e+04 7.988887357568545323e-15 0.000000000000000000e+00
5.789603827940000338e+04 7.988887357568548478e-15 0.000000000000000000e+00
5.789703827940000338e+04 7.988887357568548478e-15 0.000000000000000000e+00
5.789803827940000338e+04 7.988887357568548478e-15 0.000000000000000000e+00
5.789903827940000338e+04 7.988887357568548478e-15 0.000000000000000000e+00
5.790003827940000338e+04 7.988887357568545323e-15 0.000000000000000000e+00
5.790103827940000338e+04 7.988887357568545323e-15 0.000000000000000000e+00
5.790203827940000338e+04 7.988887357568545323e-15 0.000000000000000000e+00
5.790303827940000338e+04 7.988887357568548478e-15 0.000000000000000000e+00
5.790403827940000338e+04 7.988887357568548478e-15 0.000000000000000000e+00
5.790503827940000338e+04 7.988887357568548478e-15 0.000000000000000000e+00
5.790603827940000338e+04 7.988887357568548478e-15 0.000000000000000000e+00
5.790703827940000338e+04 7.988887357568548478e-15 0.000000000000000000e+00
5.790803827940000338e+04 7.988887357568545323e-15 0.000000000000000000e+00
5.790903827940000338e+04 7.988887357568548478e-15 0.000000000000000000e+00
5.791003827940000338e+04 7.988887357568545323e-15 0.000000000000000000e+00
5.791103827940000338e+04 7.988887357568548478e-15 0.000000000000000000e+00
5.791203827940000338e+04 7.988887357568548478e-15 0.000000000000000000e+00
5.791303827940000338e+04 7.988887357568548478e-15 0.000000000000000000e+00
5.791403827940000338e+04 7.988887357568548478e-15 0.000000000000000000e+00
5.791503827940000338e+04 7.988887357568545323e-15 0.000000000000000000e+00
5.791603827940000338e+04 7.988887357568548478e-15 0.000000000000000000e+00
5.791703827940000338e+04 7.988887357568545323e-15 0.000000000000000000e+00
5.791803827940000338e+04 7.988887357568548478e-15 0.000000000000000000e+00
5.791903827940000338e+04 7.988887357568548478e-15 0.000000000000000000e+00
5.792003827940000338e+04 7.988887357568548478e-15 0.000000000000000000e+00
5.792103827940000338e+04 7.988887357568545323e-15 0.000000000000000000e+00
5.792203827940000338e+04 7.988887357568545323e-15 0.000000000000000000e+00
5.792303827940000338e+04 7.988887357568545323e-15 0.000000000000000000e+00
5.792403827940000338e+04 7.988887357568545323e-15 0.000000000000000000e+00
5.792503827940000338e+04 7.988887357568545323e-15 0.000000000000000000e+00
5.792603827940000338e+04 7.988887357568548478e-15 0.000000000000000000e+00
5.792703827940000338e+04 7.988887357568548478e-15 0.000000000000000000e+00
5.792803827940000338e+04 7.988887357568548478e-15 0.000000000000000000e+00
5.792903827940000338e+04 7.988887357568548478e-15 0.000000000000000000e+00
5.793003827940000338e+04 7.988887357568548478e-15 0.000000000000000000e+00
5.793103827940000338e+04 7.988887357568545323e-15 0.000000000000000000e+00
5.793203827940000338e+04 7.988887357568545323e-15 0.000000000000000000e+00
5.793303827940000338e+04 7.988887357568545323e-15 0.000000000000000000e+00
5.793403827940000338e+04 7.988887357568548478e-15 0.000000000000000000e+00
5.793503827940000338e+04 7.988887357568548478e-15 0.000000000000000000e+00
5.793603827940000338e+04 7.988887357568545323e-15 0.000000000000000000e+00
5.793703827940000338e+04 7.988887357568548478e-15 0.000000000000000000e+00
5.793803827940000338e+04 7.988887357568548478e-15 0.000000000000000000e+00
5.793903827940000338e+04 7.988887357568545323e-15 0.000000000000000000e+00
5.794003827940000338e+04 7.988887357568548478e-15 0.000000000000000000e+00
5.794103827940000338e+04 7.988887357568548478e-15 0.000000000000000000e+00
5.794203827940000338e+04 7.988887357568548478e-15 0.000000000000000000e+00
5.794303827940000338e+04 7.988887357568548478e-15 0.000000000000000000e+00
5.794403827940000338e+04 7.988887357568548478e-15 0.000000000000000000e+00
5.794503827940000338e+04 7.988887357568548478e-15 0.000000000000000000e+00
5.794603827940000338e+04 7.988887357568548478e-15 0.000000000000000000e+00
5.794703827940000338e+04 7.988887357568546901e-15 0.000000000000000000e+00
5.794803827940000338e+04 7.988887357568548478e-15 0.000000000000000000e+00
5.794903827940000338e+04 7.988887357568548478e-15 0.000000000000000000e+00
5.795003827940000338e+04 7.988887357568548478e-15 0.000000000000000000e+00
5.795103827940000338e+04 7.988887357568548478e-15 0.000000000000000000e+00
5.795203827940000338e+04 7.988887357568545323e-15 0.000000000000000000e+00
5.795303827940000338e+04 7.988887357568548478e-15 0.000000000000000000e+00
5.795403827940000338e+04 7.988887357568548478e-15 0.000000000000000000e+00
5.795503827940000338e+04 7.988887357568548478e-15 0.000000000000000000e+00
5.795603827940000338e+04 7.988887357568545323e-15 0.000000000000000000e+00
5.795703827940000338e+04 7.988887357568548478e-15 0.000000000000000000e+00
5.795803827940000338e+04 7.988887357568545323e-15 0.000000000000000000e+00
5.795903827940000338e+04 7.988887357568545323e-15 0.000000000000000000e+00
5.796003827940000338e+04 7.988887357568545323e-15 0.000000000000000000e+00
5.796103827940000338e+04 7.988887357568548478e-15 0.000000000000000000e+00
5.796203827940000338e+04 7.988887357568548478e-15 0.000000000000000000e+00
5.796303827940000338e+04 7.988887357568548478e-15 0.000000000000000000e+00
5.796403827940000338e+04 7.988887357568548478e-15 0.000000000000000000e+00
5.796503827940000338e+04 7.988887357568545323e-15 0.000000000000000000e+00
5.796603827940000338e+04 7.988887357568548478e-15 0.000000000000000000e+00
5.796703827940000338e+04 7.988887357568548478e-15 0.000000000000000000e+00
5.796803827940000338e+04 7.988887357568548478e-15 0.000000000000000000e+00
5.796903827940000338e+04 7.988887357568545323e-15 0.000000000000000000e+00
5.797003827940000338e+04 7.988887357568548478e-15 0.000000000000000000e+00
5.797103827940000338e+04 7.988887357568545323e-15 0.000000000000000000e+00
5.797203827940000338e+04 7.988887357568545323e-15 0.000000000000000000e+00
5.797303827940000338e+04 7.988887357568545323e-15 0.000000000000000000e+00
5.797403827940000338e+04 7.988887357568546901e-15 0.000000000000000000e+00
5.797503827940000338e+04 7.988887357568545323e-15 0.000000000000000000e+00
5.797603827940000338e+04 7.988887357568545323e-15 0.000000000000000000e+00
5.797703827940000338e+04 7.988887357568548478e-15 0.000000000000000000e+00
5.797803827940000338e+04 7.988887357568548478e-15 0.000000000000000000e+00
5.797903827940000338e+04 7.988887357568548478e-15 0.000000000000000000e+00
5.798003827940000338e+04 7.988887357568545323e-15 0.000000000000000000e+00
5.798103827940000338e+04 7.988887357568548478e-15 0.000000000000000000e+00
5.798203827940000338e+04 7.988887357568548478e-15 0.000000000000000000e+00
5.798303827940000338e+04 7.988887357568545323e-15 0.000000000000000000e+00
5.798403827940000338e+04 7.988887357568545323e-15 0.000000000000000000e+00
5.798503827940000338e+04 7.988887357568545323e-15 0.000000000000000000e+00
5.798603827940000338e+04 7.988887357568545323e-15 0.000000000000000000e+00
5.798703827940000338e+04 7.988887357568545323e-15 0.000000000000000000e+00
5.798803827940000338e+04 7.988887357568545323e-15 0.000000000000000000e+00
5.798903827940000338e+04 7.988887357568545323e-15 0.000000000000000000e+00
5.799003827940000338e+04 7.988887357568546901e-15 0.000000000000000000e+00
5.799103827940000338e+04 7.988887357568548478e-15 0.000000000000000000e+00
5.799203827940000338e+04 7.988887357568548478e-15 0.000000000000000000e+00
5.799303827940000338e+04 7.988887357568548478e-15 0.000000000000000000e+00
5.799403827940000338e+04 7.988887357568548478e-15 0.000000000000000000e+00
5.799503827940000338e+04 7.988887357568545323e-15 0.000000000000000000e+00
5.799603827940000338e+04 7.988887357568545323e-15 0.000000000000000000e+00
5.799703827940000338e+04 7.988887357568545323e-15 0.000000000000000000e+00
5.799803827940000338e+04 7.988887357568546901e-15 0.000000000000000000e+00
5.799903827940000338e+04 7.988887357568545323e-15 0.000000000000000000e+00
5.800003827940000338e+04 7.988887357568545323e-15 0.000000000000000000e+00
5.800103827940000338e+04 7.988887357568545323e-15 0.000000000000000000e+00
5.800203827940000338e+04 7.988887357568545323e-15 0.000000000000000000e+00
5.800303827940000338e+04 7.988887357568548478e-15 0.000000000000000000e+00
5.800403827940000338e+04 7.988887357568548478e-15 0.000000000000000000e+00
5.800503827940000338e+04 7.988887357568545323e-15 0.000000000000000000e+00
5.800603827940000338e+04 7.988887357568545323e-15 0.000000000000000000e+00
5.800703827940000338e+04 7.988887357568545323e-15 0.000000000000000000e+00
5.800803827940000338e+04 7.988887357568548478e-15 0.000000000000000000e+00
5.800903827940000338e+04 7.988887357568548478e-15 0.000000000000000000e+00
5.801003827940000338e+04 7.988887357568545323e-15 0.000000000000000000e+00
5.801103827940000338e+04 7.988887357568545323e-15 0.000000000000000000e+00
5.801203827940000338e+04 7.988887357568548478e-15 0.000000000000000000e+00
5.801303827940000338e+04 7.988887357568548478e-15 0.000000000000000000e+00
5.801403827940000338e+04 7.988887357568548478e-15 0.000000000000000000e+00
5.801503827940000338e+04 7.988887357568548478e-15 0.000000000000000000e+00
5.801603827940000338e+04 7.988887357568546901e-15 0.000000000000000000e+00
5.801703827940000338e+04 7.988887357568545323e-15 0.000000000000000000e+00
5.801803827940000338e+04 7.988887357568545323e-15 0.000000000000000000e+00
5.801903827940000338e+04 7.988887357568548478e-15 0.000000000000000000e+00
5.802003827940000338e+04 7.988887357568548478e-15 0.000000000000000000e+00
5.802103827940000338e+04 7.988887357568545323e-15 0.000000000000000000e+00
5.802203827940000338e+04 7.988887357568545323e-15 0.000000000000000000e+00
5.802303827940000338e+04 7.988887357568548478e-15 0.000000000000000000e+00
5.802403827940000338e+04 7.988887357568545323e-15 0.000000000000000000e+00
5.802503827940000338e+04 7.988887357568545323e-15 0.000000000000000000e+00
5.802603827940000338e+04 7.988887357568548478e-15 0.000000000000000000e+00
5.802703827940000338e+04 7.988887357568545323e-15 0.000000000000000000e+00
5.802803827940000338e+04 7.988887357568545323e-15 0.000000000000000000e+00
5.802903827940000338e+04 7.988887357568545323e-15 0.000000000000000000e+00
5.803003827940000338e+04 7.988887357568545323e-15 0.000000000000000000e+00
5.803103827940000338e+04 7.988887357568546901e-15 0.000000000000000000e+00
5.803203827940000338e+04 7.988887357568545323e-15 0.000000000000000000e+00
5.803303827940000338e+04 7.988887357568548478e-15 0.000000000000000000e+00
5.803403827940000338e+04 7.988887357568545323e-15 0.000000000000000000e+00
5.803503827940000338e+04 7.988887357568548478e-15 0.000000000000000000e+00
5.803603827940000338e+04 7.988887357568548478e-15 0.000000000000000000e+00
5.803703827940000338e+04 7.988887357568548478e-15 0.000000000000000000e+00
5.803803827940000338e+04 7.988887357568545323e-15 0.000000000000000000e+00
5.803903827940000338e+04 7.988887357568546901e-15 0.000000000000000000e+00
5.804003827940000338e+04 7.988887357568545323e-15 0.000000000000000000e+00
5.804103827940000338e+04 7.988887357568545323e-15 0.000000000000000000e+00
5.804203827940000338e+04 7.988887357568548478e-15 0.000000000000000000e+00
5.804303827940000338e+04 7.988887357568548478e-15 0.000000000000000000e+00
5.804403827940000338e+04 7.988887357568545323e-15 0.000000000000000000e+00
5.804503827940000338e+04 7.988887357568546901e-15 0.000000000000000000e+00
5.804603827940000338e+04 7.988887357568548478e-15 0.000000000000000000e+00
5.804703827940000338e+04 7.988887357568548478e-15 0.000000000000000000e+00
5.804803827940000338e+04 7.988887357568545323e-15 0.000000000000000000e+00
5.804903827940000338e+04 7.988887357568548478e-15 0.000000000000000000e+00
5.805003827940000338e+04 7.988887357568545323e-15 0.000000000000000000e+00
5.805103827940000338e+04 7.988887357568545323e-15 0.000000000000000000e+00
5.805203827940000338e+04 7.988887357568545323e-15 0.000000000000000000e+00
5.805303827940000338e+04 7.988887357568548478e-15 0.000000000000000000e+00
5.805403827940000338e+04 7.988887357568548478e-15 0.000000000000000000e+00
5.805503827940000338e+04 7.988887357568548478e-15 0.000000000000000000e+00
5.805603827940000338e+04 7.988887357568548478e-15 0.000000000000000000e+00
5.805703827940000338e+04 7.988887357568545323e-15 0.000000000000000000e+00
5.805803827940000338e+04 7.988887357568545323e-15 0.000000000000000000e+00
5.805903827940000338e+04 7.988887357568546901e-15 0.000000000000000000e+00
5.806003827940000338e+04 7.988887357568548478e-15 0.000000000000000000e+00
5.806103827940000338e+04 7.988887357568548478e-15 0.000000000000000000e+00
5.806203827940000338e+04 7.988887357568545323e-15 0.000000000000000000e+00
5.806303827940000338e+04 7.988887357568548478e-15 0.000000000000000000e+00
5.806403827940000338e+04 7.988887357568545323e-15 0.000000000000000000e+00
5.806503827940000338e+04 7.988887357568545323e-15 0.000000000000000000e+00
5.806603827940000338e+04 7.988887357568545323e-15 0.000000000000000000e+00
5.806703827940000338e+04 7.988887357568545323e-15 0.000000000000000000e+00
5.806803827940000338e+04 7.988887357568548478e-15 0.000000000000000000e+00
5.806903827940000338e+04 7.988887357568548478e-15 0.000000000000000000e+00
5.807003827940000338e+04 7.988887357568545323e-15 0.000000000000000000e+00
5.807103827940000338e+04 7.988887357568548478e-15 0.000000000000000000e+00
5.807203827940000338e+04 7.988887357568548478e-15 0.000000000000000000e+00
5.807303827940000338e+04 7.988887357568545323e-15 0.000000000000000000e+00
5.807403827940000338e+04 7.988887357568545323e-15 0.000000000000000000e+00
5.807503827940000338e+04 7.988887357568548478e-15 0.000000000000000000e+00
5.807603827940000338e+04 7.988887357568545323e-15 0.000000000000000000e+00
5.807703827940000338e+04 7.988887357568545323e-15 0.000000000000000000e+00
5.807803827940000338e+04 7.988887357568545323e-15 0.000000000000000000e+00
5.807903827940000338e+04 7.988887357568548478e-15 0.000000000000000000e+00
5.808003827940000338e+04 7.988887357568548478e-15 0.000000000000000000e+00
5.808103827940000338e+04 7.988887357568545323e-15 0.000000000000000000e+00
5.808203827940000338e+04 7.988887357568545323e-15 0.000000000000000000e+00
5.808303827940000338e+04 7.988887357568546901e-15 0.000000000000000000e+00
5.808403827940000338e+04 7.988887357568545323e-15 0.000000000000000000e+00
