5.751600000000000000e+04 6.537246619267509609e-15 6.662371034681640230e-15
5.752300000000000000e+04 6.686576406508708842e-15 6.655478794657258126e-15
5.753000000000000000e+04 6.715273444943189520e-15 6.644099005622936052e-15
5.754700000000000000e+04 6.600998938466156970e-15 6.601667410703092317e-15
5.755400000000000000e+04 6.377139001512819370e-15 6.579821785686078019e-15
5.756200000000000000e+04 6.668558034339390516e-15 6.553082871275475922e-15
5.756900000000000000e+04 6.671810773089752508e-15 6.528995317986919508e-15
5.758300000000000000e+04 6.409724811548842672e-15 6.482189767349040587e-15
5.759800000000000000e+04 6.568643766816831361e-15 6.440323175850609700e-15
5.769300000000000000e+04 6.575943501144002417e-15 6.801043955173406464e-15
5.770100000000000000e+04 6.742487846370730258e-15 6.893864268234112368e-15
5.771100000000000000e+04 6.989127366612550528e-15 7.020754130517178382e-15
5.771900000000000000e+04 7.069414354384117984e-15 7.129544572577701071e-15
5.772600000000000000e+04 7.165082738274620353e-15 7.228964038893447346e-15
5.773300000000000000e+04 7.454619533676807036e-15 7.331407072568838252e-15
5.774100000000000000e+04 7.600926344404520559e-15 7.451058333222008822e-15
5.774900000000000000e+04 7.600394173877535802e-15 7.572240259295575719e-15
5.775700000000000000e+04 nan 7.693777293446204982e-15
5.776400000000000000e+04 8.050995839203362534e-15 7.799591369703224161e-15
5.777200000000000000e+04 7.986108602681138804e-15 7.919119805847033896e-15
5.778600000000000000e+04 8.213014059382702707e-15 8.122755681964896583e-15
5.779400000000000000e+04 8.221938112352632488e-15 8.235194159164606214e-15
5.780100000000000000e+04 8.251537611880771018e-15 8.331010967414533905e-15
5.780900000000000000e+04 nan 8.437545907094786172e-15
5.781700000000000000e+04 8.381155633233223623e-15 8.540989800779953884e-15
5.786400000000000000e+04 nan 9.095531567631817690e-15
5.787800000000000000e+04 9.199886613374453011e-15 9.244631600174377122e-15
5.788700000000000000e+04 9.206157620999026195e-15 9.335796988799803858e-15
5.789400000000000000e+04 9.295484477994921582e-15 9.403659925183284987e-15
5.790300000000000000e+04 9.445183797009386778e-15 9.486297802729316682e-15
5.791000000000000000e+04 9.508575897096626952e-15 9.546410107428255495e-15
5.791800000000000000e+04 9.737229133649977385e-15 9.609959465903349632e-15
5.792500000000000000e+04 9.809403832227908569e-15 9.660483869381679422e-15
5.793300000000000000e+04 9.784478271555861197e-15 9.711735456577473658e-15
5.794200000000000000e+04 nan 9.760250293858034633e-15
5.794200000000000000e+04 nan 9.760250293858034633e-15
5.794900000000000000e+04 9.850139748948933169e-15 9.790710015094053608e-15
5.795600000000000000e+04 9.763203844044563881e-15 9.814381422151884440e-15
5.805500000000000000e+04 9.458862105518506095e-15 9.395442705078580592e-15
5.806200000000000000e+04 9.262907083617610610e-15 9.324199527630405036e-15
5.807000000000000000e+04 9.168315401900839918e-15 9.239597977789573944e-15
5.807900000000000000e+04 9.115231129078075816e-15 9.141514808969221918e-15
5.808600000000000000e+04 9.000526675198365531e-15 9.063927857033148700e-15
5.809400000000000000e+04 9.084409713636303732e-15 8.974722004740947204e-15
