5.751570147749999887e+04 6.526625109299999746e-15 6.090728181456729285e-15
5.752880217969999649e+04 6.622129483340000274e-15 6.388982996664404399e-15
5.754654374590000225e+04 6.832593382100000033e-15 6.661318669803632978e-15
5.755510716469999898e+04 6.592511418269999687e-15 6.810096353927453499e-15
5.756081761169999663e+04 6.429259285670000078e-15 6.818711549009639205e-15
5.756913784109999688e+04 6.707170709190000339e-15 6.900139680009101286e-15
5.758320904899999732e+04 6.735497768889999638e-15 6.916304962310168794e-15
5.759646287049999955e+04 6.504858158289999717e-15 6.957239855880690083e-15
5.763483500279999862e+04 6.772216363489999620e-15 6.846517939890848715e-15
5.766756874419999804e+04 7.049347179120000190e-15 6.780308003657589372e-15
5.769097572229999787e+04 7.192483646639999825e-15 6.898147067774164287e-15
5.770063124160000007e+04 6.626227674800000113e-15 6.919836234365037115e-15
5.771930278199999884e+04 6.855846490450000386e-15 7.108528510586543952e-15
5.772482858529999794e+04 7.085885633440000393e-15 7.160815788638816799e-15
5.774072821709999698e+04 7.219669817870000676e-15 7.366387411337005489e-15
5.774992888210000092e+04 7.622253329780000644e-15 7.546721093922062090e-15
5.776306561230000079e+04 7.641017942719999539e-15 7.694093068354226112e-15
5.777606273389999842e+04 7.957149129880000543e-15 7.943834092168485148e-15
5.779095583189999888e+04 8.234850389740000142e-15 8.117749296399495994e-15
5.779939765590000025e+04 8.253765119590000688e-15 8.158301909369949131e-15
5.781721127829999750e+04 8.310749496170000327e-15 8.309369671322524940e-15
5.784534018369999831e+04 8.396181025970000432e-15 8.485098855227445928e-15
5.787628152920000139e+04 8.491114955769999963e-15 8.914697443581570456e-15
5.788721604449999722e+04 9.200597465279999984e-15 9.042151237247505925e-15
5.789190644710000197e+04 9.210039818509999620e-15 9.171650428092764451e-15
5.790315170439999929e+04 9.257641888619999811e-15 9.276352875531863066e-15
5.790776104389999819e+04 9.439748704300000176e-15 9.396647072072431364e-15
5.791712833870000031e+04 9.487410821180000157e-15 9.553912063683540534e-15
5.792359762670000055e+04 9.707827470639999970e-15 9.574927869703990944e-15
5.793108245549999992e+04 9.765142104410000249e-15 9.725696860723000507e-15
5.794516717390000122e+04 9.764691753699999231e-15 9.774426241612591473e-15
5.795359548750000249e+04 9.812383893959999306e-15 9.877721350447176507e-15
5.798551184230000217e+04 9.830548039289999866e-15 9.907492668876871023e-15
5.802587002129999746e+04 9.867626914459999794e-15 9.830611121166060670e-15
5.805309597349999967e+04 9.876348706560000718e-15 9.628514995184299037e-15
5.806173595190000196e+04 9.473194750409999752e-15 9.462609713587807436e-15
5.806746891640000104e+04 9.261980267129999218e-15 9.415463820976196696e-15
5.807878172630000336e+04 9.165695285199999788e-15 9.250397341861793266e-15
5.808632059719999961e+04 9.107900277339999974e-15 9.140618128707617221e-15
