5.761600000000000000e+04
5.773900000000000000e+04
5.800700000000000000e+04
5.782300000000000000e+04
5.765400000000000000e+04
5.773700000000000000e+04
5.794100000000000000e+04
5.795900000000000000e+04
5.802100000000000000e+04
5.805100000000000000e+04
5.800200000000000000e+04
5.778200000000000000e+04
5.792400000000000000e+04
5.756100000000000000e+04
5.784800000000000000e+04
5.796900000000000000e+04
5.756500000000000000e+04
5.799600000000000000e+04
5.779700000000000000e+04
5.773200000000000000e+04
5.790600000000000000e+04
5.763200000000000000e+04
5.746000000000000000e+04
5.804400000000000000e+04
5.745600000000000000e+04
5.775900000000000000e+04
5.765900000000000000e+04
5.785300000000000000e+04
5.762000000000000000e+04
5.754900000000000000e+04
5.790500000000000000e+04
5.784700000000000000e+04
5.742800000000000000e+04
5.745500000000000000e+04
5.776500000000000000e+04
5.779800000000000000e+04
5.760200000000000000e+04
5.762100000000000000e+04
5.784900000000000000e+04
5.741900000000000000e+04
5.781700000000000000e+04
5.743100000000000000e+04
5.803800000000000000e+04
5.799700000000000000e+04
5.768000000000000000e+04
5.799800000000000000e+04
5.743400000000000000e+04
5.795100000000000000e+04
5.785100000000000000e+04
5.796800000000000000e+04
5.780500000000000000e+04
5.785600000000000000e+04
5.764300000000000000e+04
5.769400000000000000e+04
5.777900000000000000e+04
5.798600000000000000e+04
5.764600000000000000e+04
5.766200000000000000e+04
5.772800000000000000e+04
5.799100000000000000e+04
5.768200000000000000e+04
5.781600000000000000e+04
5.775100000000000000e+04
5.764900000000000000e+04
5.763400000000000000e+04
5.743600000000000000e+04
5.797000000000000000e+04
5.781400000000000000e+04
5.743800000000000000e+04
5.803000000000000000e+04
5.778800000000000000e+04
5.796100000000000000e+04
5.766000000000000000e+04
5.777100000000000000e+04
5.801700000000000000e+04
5.780700000000000000e+04
5.776700000000000000e+04
5.774200000000000000e+04
5.782100000000000000e+04
5.804600000000000000e+04
5.763100000000000000e+04
5.747600000000000000e+04
5.769500000000000000e+04
5.802200000000000000e+04
5.754600000000000000e+04
5.758800000000000000e+04
5.799500000000000000e+04
5.782200000000000000e+04
5.774900000000000000e+04
5.749000000000000000e+04
5.742000000000000000e+04
5.784600000000000000e+04
5.761700000000000000e+04
5.774700000000000000e+04
5.781300000000000000e+04
5.785000000000000000e+04
5.762200000000000000e+04
5.791300000000000000e+04
5.755800000000000000e+04
5.756000000000000000e+04
5.775300000000000000e+04
5.756900000000000000e+04
5.778300000000000000e+04
5.743300000000000000e+04
5.779100000000000000e+04
5.780800000000000000e+04
5.795800000000000000e+04
5.768600000000000000e+04
5.769000000000000000e+04
5.803300000000000000e+04
5.773300000000000000e+04
5.798100000000000000e+04
5.774500000000000000e+04
5.775400000000000000e+04
5.790300000000000000e+04
5.767000000000000000e+04
5.742100000000000000e+04
5.788600000000000000e+04
5.799200000000000000e+04
5.802600000000000000e+04
5.775500000000000000e+04
5.745000000000000000e+04
5.760400000000000000e+04
5.774800000000000000e+04
5.779300000000000000e+04
5.779500000000000000e+04
5.765100000000000000e+04
5.770000000000000000e+04
5.804000000000000000e+04
5.791600000000000000e+04
5.779600000000000000e+04
5.761800000000000000e+04
5.742200000000000000e+04
5.761300000000000000e+04
5.750000000000000000e+04
5.772400000000000000e+04
5.760300000000000000e+04
5.759400000000000000e+04
5.787200000000000000e+04
5.746300000000000000e+04
5.780000000000000000e+04
5.771700000000000000e+04
5.748800000000000000e+04
5.763600000000000000e+04
5.764100000000000000e+04
5.787700000000000000e+04
5.780400000000000000e+04
5.800000000000000000e+04
5.791000000000000000e+04
5.749100000000000000e+04
5.781900000000000000e+04
5.765000000000000000e+04
5.780600000000000000e+04
5.759200000000000000e+04
5.755400000000000000e+04
5.767400000000000000e+04
5.801600000000000000e+04
5.761400000000000000e+04
5.792200000000000000e+04
5.786400000000000000e+04
5.765500000000000000e+04
5.796700000000000000e+04
5.798000000000000000e+04
5.762400000000000000e+04
5.759000000000000000e+04
5.787000000000000000e+04
5.744800000000000000e+04
5.744400000000000000e+04
5.781800000000000000e+04
5.793300000000000000e+04
5.777000000000000000e+04
5.797100000000000000e+04
5.762900000000000000e+04
5.773500000000000000e+04
5.744900000000000000e+04
5.763900000000000000e+04
5.773800000000000000e+04
5.786800000000000000e+04
5.795300000000000000e+04
5.771100000000000000e+04
5.803900000000000000e+04
5.766100000000000000e+04
5.770400000000000000e+04
5.747100000000000000e+04
5.779400000000000000e+04
5.761100000000000000e+04
5.758300000000000000e+04
5.795200000000000000e+04
5.760900000000000000e+04
5.766700000000000000e+04
5.779000000000000000e+04
5.752800000000000000e+04
5.771000000000000000e+04
5.763800000000000000e+04
5.743500000000000000e+04
5.756600000000000000e+04
5.771900000000000000e+04
5.772600000000000000e+04
5.777300000000000000e+04
5.799900000000000000e+04
5.776600000000000000e+04
5.797900000000000000e+04
5.766300000000000000e+04
5.779200000000000000e+04
5.772100000000000000e+04
5.774100000000000000e+04
5.749400000000000000e+04
5.775800000000000000e+04
5.800300000000000000e+04
5.771500000000000000e+04
5.753500000000000000e+04
5.766500000000000000e+04
5.797400000000000000e+04
5.784200000000000000e+04
5.746600000000000000e+04
5.743700000000000000e+04
5.758400000000000000e+04
5.803100000000000000e+04
5.770500000000000000e+04
5.760600000000000000e+04
5.798400000000000000e+04
5.787500000000000000e+04
5.805700000000000000e+04
5.794200000000000000e+04
5.794700000000000000e+04
5.784000000000000000e+04
5.788200000000000000e+04
5.770800000000000000e+04
5.775600000000000000e+04
5.788100000000000000e+04
5.753200000000000000e+04
5.746500000000000000e+04
5.791200000000000000e+04
5.745200000000000000e+04
5.761200000000000000e+04
5.793500000000000000e+04
5.786300000000000000e+04
5.783900000000000000e+04
5.774400000000000000e+04
5.747200000000000000e+04
5.801900000000000000e+04
5.803700000000000000e+04
5.744100000000000000e+04
5.746400000000000000e+04
5.765700000000000000e+04
5.766900000000000000e+04
5.776400000000000000e+04
5.760100000000000000e+04
5.764200000000000000e+04
5.768100000000000000e+04
5.775200000000000000e+04
5.790900000000000000e+04
5.789400000000000000e+04
5.768500000000000000e+04
5.772200000000000000e+04
5.767100000000000000e+04
5.771400000000000000e+04
5.801800000000000000e+04
5.766400000000000000e+04
5.747800000000000000e+04
5.772300000000000000e+04
5.804800000000000000e+04
5.776900000000000000e+04
5.770300000000000000e+04
5.772000000000000000e+04
5.743900000000000000e+04
5.768900000000000000e+04
5.766800000000000000e+04
5.750700000000000000e+04
5.803400000000000000e+04
5.754800000000000000e+04
5.771600000000000000e+04
5.783700000000000000e+04
5.778100000000000000e+04
5.794300000000000000e+04
5.744000000000000000e+04
5.792300000000000000e+04
5.776000000000000000e+04
5.772900000000000000e+04
5.770900000000000000e+04
5.772700000000000000e+04
5.798500000000000000e+04
5.747500000000000000e+04
5.747000000000000000e+04
5.761500000000000000e+04
5.783800000000000000e+04
5.760800000000000000e+04
5.786700000000000000e+04
5.758900000000000000e+04
5.768800000000000000e+04
5.775000000000000000e+04
5.796600000000000000e+04
5.765200000000000000e+04
5.805300000000000000e+04
5.791500000000000000e+04
5.772500000000000000e+04
5.804700000000000000e+04
5.763000000000000000e+04
5.764400000000000000e+04
5.748700000000000000e+04
5.781000000000000000e+04
5.787100000000000000e+04
5.769300000000000000e+04
5.771200000000000000e+04
5.774600000000000000e+04
5.794400000000000000e+04
5.744200000000000000e+04
5.764800000000000000e+04
5.781100000000000000e+04
5.742500000000000000e+04
5.805500000000000000e+04
5.791700000000000000e+04
5.776800000000000000e+04
5.804900000000000000e+04
5.742600000000000000e+04
5.764000000000000000e+04
5.777200000000000000e+04
5.770600000000000000e+04
5.762300000000000000e+04
5.745700000000000000e+04
5.784100000000000000e+04
5.763700000000000000e+04
5.742400000000000000e+04
5.795000000000000000e+04
5.766600000000000000e+04
5.754700000000000000e+04
5.785400000000000000e+04
5.796300000000000000e+04
5.805200000000000000e+04
5.787600000000000000e+04
5.773400000000000000e+04
5.776300000000000000e+04
5.778500000000000000e+04
5.743200000000000000e+04
5.752900000000000000e+04
5.787300000000000000e+04
5.760700000000000000e+04
5.762500000000000000e+04
5.794500000000000000e+04
5.780200000000000000e+04
5.799000000000000000e+04
5.770100000000000000e+04
5.765800000000000000e+04
5.768700000000000000e+04
5.769600000000000000e+04
5.787800000000000000e+04
5.742300000000000000e+04
5.801100000000000000e+04
5.763500000000000000e+04
5.761000000000000000e+04
5.790800000000000000e+04
5.759500000000000000e+04
5.800100000000000000e+04
5.776100000000000000e+04
5.805600000000000000e+04
5.790000000000000000e+04
5.781500000000000000e+04
5.763300000000000000e+04
5.761900000000000000e+04
5.764700000000000000e+04
5.791400000000000000e+04
5.775700000000000000e+04
5.782000000000000000e+04
5.780300000000000000e+04
5.776200000000000000e+04
5.749200000000000000e+04
5.765600000000000000e+04
5.765300000000000000e+04
5.773600000000000000e+04
5.786500000000000000e+04
5.798300000000000000e+04
5.749300000000000000e+04
5.785200000000000000e+04
5.803600000000000000e+04
5.756700000000000000e+04
5.746700000000000000e+04
5.784500000000000000e+04
5.759800000000000000e+04
5.744300000000000000e+04
5.802400000000000000e+04
5.796400000000000000e+04
5.802000000000000000e+04
5.770700000000000000e+04
5.758700000000000000e+04
5.778000000000000000e+04
5.755900000000000000e+04
5.797300000000000000e+04
5.785500000000000000e+04
5.798200000000000000e+04
5.747300000000000000e+04
5.742700000000000000e+04
5.747400000000000000e+04
5.803200000000000000e+04
5.755300000000000000e+04
5.790400000000000000e+04
5.779900000000000000e+04
5.797200000000000000e+04
5.774300000000000000e+04
5.759900000000000000e+04
5.745800000000000000e+04
5.741800000000000000e+04
5.778400000000000000e+04
5.780100000000000000e+04
5.762700000000000000e+04
5.760000000000000000e+04
5.786600000000000000e+04
5.792100000000000000e+04
5.755600000000000000e+04
5.804500000000000000e+04
5.777400000000000000e+04
5.744500000000000000e+04
5.748000000000000000e+04
5.764500000000000000e+04
5.802900000000000000e+04
5.769900000000000000e+04
5.789300000000000000e+04
5.755700000000000000e+04
5.777800000000000000e+04
5.784300000000000000e+04
5.799300000000000000e+04
5.757500000000000000e+04
5.793600000000000000e+04
5.771800000000000000e+04
5.780900000000000000e+04
5.802500000000000000e+04
5.752500000000000000e+04
5.774000000000000000e+04
5.754500000000000000e+04
5.803500000000000000e+04
5.786900000000000000e+04
