5.750800000000000000e+04 nan nan nan nan
5.750800000000000000e+04 nan nan nan nan
5.750800000000000000e+04 nan nan nan nan
5.751100000000000000e+04 1.424111377527517153e+00 3.249325067171009440e+00 nan 1.176292499999999927e+04
5.751100000000000000e+04 1.415700259030206132e+00 3.276329402940112434e+00 nan 1.176424499999999898e+04
5.751100000000000000e+04 1.419497701177881543e+00 3.268980008460081521e+00 nan 1.184961666666666679e+04
5.751600000000000000e+04 nan nan nan nan
5.751600000000000000e+04 nan nan nan nan
5.751600000000000000e+04 nan nan nan nan
5.752000000000000000e+04 nan nan nan nan
5.752000000000000000e+04 nan nan nan nan
5.752000000000000000e+04 nan nan nan nan
5.752300000000000000e+04 nan nan nan nan
5.752300000000000000e+04 nan nan nan nan
5.752300000000000000e+04 nan nan nan nan
5.752900000000000000e+04 1.400820841157377705e+00 2.904366680739931095e+00 nan 1.191240999999999985e+04
5.752900000000000000e+04 1.385346125684734364e+00 2.957792649207352298e+00 nan 1.171173000000000138e+04
5.752900000000000000e+04 1.387413209887976340e+00 2.932058030427333151e+00 nan 1.171063000000000102e+04
5.753400000000000000e+04 1.417103714932596237e+00 3.262044894154769725e+00 nan 1.233659166666666715e+04
5.753400000000000000e+04 1.417212252632944702e+00 3.275200316240662435e+00 nan 1.223468000000000029e+04
5.753400000000000000e+04 1.425255955194635549e+00 3.297909905810823439e+00 nan 1.232189833333333445e+04
5.754600000000000000e+04 nan nan nan 1.185061166666666577e+04
5.754600000000000000e+04 nan nan nan 1.186966333333333387e+04
5.754600000000000000e+04 nan nan nan 1.190547666666666555e+04
5.755000000000000000e+04 1.418605022029602036e+00 3.157573291488556144e+00 nan 1.215731500000000051e+04
5.755000000000000000e+04 1.418386153754918055e+00 3.135208941926217463e+00 nan 1.215806333333333350e+04
5.755000000000000000e+04 1.427880087817137600e+00 3.139362657669134471e+00 nan 1.219802499999999964e+04
5.755400000000000000e+04 nan nan nan nan
5.755400000000000000e+04 nan nan nan nan
5.755400000000000000e+04 1.440021782957896956e+00 2.718346849459530645e+00 nan 1.074030166666666628e+04
5.755700000000000000e+04 1.421045185511235376e+00 2.604541723585247492e+00 nan 1.173529666666666708e+04
5.755700000000000000e+04 1.422593581924269879e+00 2.625025210121282537e+00 nan 1.184431500000000051e+04
5.755700000000000000e+04 1.427221419032480121e+00 2.626626817288295612e+00 nan 1.190551000000000022e+04
5.756100000000000000e+04 1.423561365256572842e+00 2.637849693082885860e+00 nan 1.183485333333333256e+04
5.756100000000000000e+04 1.431096065475049084e+00 2.650616395058713159e+00 nan 1.186637666666666701e+04
5.756100000000000000e+04 1.422893314470924375e+00 2.653998865147671804e+00 nan 1.188023666666666577e+04
5.756600000000000000e+04 1.449278586527699142e+00 2.716766076646301542e+00 nan 1.181292000000000007e+04
5.756600000000000000e+04 1.445461008462171737e+00 2.704399202848353223e+00 nan 1.173153499999999985e+04
5.756600000000000000e+04 1.434518606744753288e+00 2.694274202221642156e+00 nan 1.169081500000000051e+04
5.756900000000000000e+04 nan nan nan 9.396019999999998618e+03
5.756900000000000000e+04 nan nan nan 9.519733333333333576e+03
5.756900000000000000e+04 nan nan nan nan
5.757300000000000000e+04 nan nan nan nan
5.757300000000000000e+04 nan nan nan nan
5.757300000000000000e+04 nan nan nan nan
5.757600000000000000e+04 1.413874176050569975e+00 2.637629715216519344e+00 nan 1.180981999999999971e+04
5.757600000000000000e+04 1.414212190265442537e+00 2.638904892906414279e+00 nan 1.180185999999999876e+04
5.757600000000000000e+04 1.411882442919265790e+00 2.638704561969642537e+00 nan 1.175316833333333307e+04
5.758100000000000000e+04 1.412631276381260292e+00 2.625724889772674597e+00 nan 1.151645999999999913e+04
5.758100000000000000e+04 1.393645347131710288e+00 2.580821057851014011e+00 nan 1.134664000000000124e+04
5.758100000000000000e+04 1.393531570608115056e+00 2.572502937181741611e+00 nan 1.122535666666666657e+04
5.758400000000000000e+04 1.406827018783696426e+00 2.611734157669285850e+00 nan 1.158044666666666672e+04
5.758400000000000000e+04 1.399619863450417556e+00 2.596555817292112600e+00 nan 1.152430666666666730e+04
5.758400000000000000e+04 1.412908983805844176e+00 2.607673588890853988e+00 nan 1.152503499999999985e+04
5.758700000000000000e+04 nan nan nan nan
5.758700000000000000e+04 nan nan nan nan
5.758700000000000000e+04 nan nan nan nan
5.759000000000000000e+04 nan nan nan nan
5.759000000000000000e+04 1.469470985482380643e+00 2.754309154103206758e+00 nan 9.455281666666667661e+03
5.759000000000000000e+04 nan nan nan nan
5.759300000000000000e+04 1.435978594342011361e+00 3.179177666795088175e+00 nan 1.193783333333333394e+04
5.759300000000000000e+04 1.426097639209137569e+00 3.207513106180424067e+00 nan 1.194500333333333219e+04
5.759300000000000000e+04 1.427718033711461665e+00 3.191334343179482058e+00 nan 1.193157999999999993e+04
5.759700000000000000e+04 nan nan nan nan
5.759700000000000000e+04 nan nan nan nan
5.759700000000000000e+04 nan nan nan nan
5.760000000000000000e+04 1.410871979183438096e+00 3.451879672113982167e+00 nan 1.131866166666666504e+04
5.760000000000000000e+04 1.418381092987299308e+00 3.308051440717137748e+00 nan 1.152228499999999985e+04
5.760000000000000000e+04 1.429294774917622579e+00 3.260866493297038815e+00 nan 1.153812500000000000e+04
5.760300000000000000e+04 1.407500415117264314e+00 3.399177102575742015e+00 nan 1.166934666666666817e+04
5.760300000000000000e+04 1.416805063892940142e+00 3.321402668185338136e+00 nan 1.176144666666666672e+04
5.760300000000000000e+04 1.409776604945453204e+00 3.353831151322402615e+00 nan 1.173356833333333270e+04
5.760600000000000000e+04 1.431821500546662573e+00 2.681128855057678617e+00 nan 1.093300000000000000e+04
5.760600000000000000e+04 1.422481920025446156e+00 2.679734001802521526e+00 nan 1.097153666666666504e+04
5.760600000000000000e+04 1.441121632155790477e+00 2.690275255029205947e+00 nan 1.102446999999999935e+04
5.760900000000000000e+04 1.439755539401771589e+00 2.704925926780187506e+00 nan 1.114100833333333321e+04
5.760900000000000000e+04 1.443707865436534510e+00 2.694748822040490932e+00 nan 1.109696666666666715e+04
5.760900000000000000e+04 1.452814342575946105e+00 2.703936169354513197e+00 nan 1.117203333333333285e+04
5.761300000000000000e+04 1.423771244096351696e+00 3.433690664264974490e+00 nan 1.155194833333333372e+04
5.761300000000000000e+04 1.439975457223665822e+00 3.566106173189447670e+00 nan 1.174223666666666577e+04
5.761300000000000000e+04 1.432505477429219187e+00 3.582481785144590702e+00 nan 1.177206500000000051e+04
5.761600000000000000e+04 1.433901880743489787e+00 2.621224832054885656e+00 nan 1.146185166666666555e+04
5.761600000000000000e+04 1.430877939468137239e+00 2.638439177212706710e+00 nan 1.154351000000000022e+04
5.761600000000000000e+04 1.459369474588354532e+00 2.687743663093100199e+00 nan 1.176020000000000073e+04
5.761900000000000000e+04 1.473782751564392424e+00 2.766690891327370672e+00 nan 1.151614333333333343e+04
5.761900000000000000e+04 1.471279845364315220e+00 2.766659486227570852e+00 nan 1.151634000000000015e+04
5.761900000000000000e+04 1.477483004586213955e+00 2.770286968779092085e+00 nan 1.157565333333333183e+04
5.762300000000000000e+04 1.431981214821067772e+00 2.693988626124554475e+00 nan 1.158075666666666621e+04
5.762300000000000000e+04 1.426912749593714835e+00 nan nan 1.148748000000000138e+04
5.762300000000000000e+04 1.423515605226607361e+00 2.643040513810277492e+00 nan 1.137990166666666664e+04
5.762600000000000000e+04 1.414471627877613047e+00 3.179144930560385607e+00 nan 1.142664166666666642e+04
5.762600000000000000e+04 1.411497354972314211e+00 3.166974287317067649e+00 nan 1.134744833333333372e+04
5.762600000000000000e+04 1.410841306521571692e+00 3.131696743398831195e+00 nan 1.124997333333333336e+04
5.762900000000000000e+04 nan nan nan 1.158710666666666657e+04
5.762900000000000000e+04 nan nan nan 1.154256833333333270e+04
5.762900000000000000e+04 nan nan nan 1.156622166666666817e+04
5.763200000000000000e+04 1.459759569624629716e+00 2.728285338036650742e+00 nan 1.168145833333333394e+04
5.763200000000000000e+04 1.464216066172244313e+00 2.721409973495860779e+00 nan 1.165403000000000065e+04
5.763200000000000000e+04 1.465366343418367245e+00 2.727282471847922274e+00 nan 1.166154166666666606e+04
5.769000000000000000e+04 1.411044689817843922e+00 3.187846032480596392e+00 nan 1.107906666666666752e+04
5.769000000000000000e+04 1.408949072065028618e+00 3.156540752383707904e+00 nan 1.112560666666666657e+04
5.769000000000000000e+04 1.403342781999514566e+00 4.752520527562497321e+00 nan 1.099811666666666679e+04
5.769400000000000000e+04 1.495078116056465456e+00 nan nan 9.773268333333333430e+03
5.769400000000000000e+04 1.477171617920156832e+00 nan nan 9.791781666666667661e+03
5.769400000000000000e+04 1.477042974905896644e+00 nan nan 9.769413333333333867e+03
5.770000000000000000e+04 1.424443855346668952e+00 3.144029978394615732e+00 nan 1.063028499999999985e+04
5.770000000000000000e+04 1.416437336189864338e+00 3.084244081913037672e+00 nan 1.059596166666666613e+04
5.770000000000000000e+04 1.413419889855063394e+00 3.079663428465478248e+00 nan 1.060252666666666664e+04
5.770300000000000000e+04 1.474850502878688685e+00 nan nan 1.016342833333333328e+04
5.770300000000000000e+04 1.469522217478248072e+00 nan nan 1.015344333333333270e+04
5.770300000000000000e+04 1.466602430571931182e+00 nan nan 1.010671666666666715e+04
5.770700000000000000e+04 1.491387132226367207e+00 nan nan 8.714321666666666715e+03
5.770700000000000000e+04 1.480207723486182125e+00 nan nan 8.667891666666666424e+03
5.770700000000000000e+04 1.513989662925270041e+00 nan nan 8.675438333333333503e+03
5.771100000000000000e+04 nan nan nan 9.400296666666667079e+03
5.771100000000000000e+04 nan nan nan 9.427463333333334958e+03
5.771100000000000000e+04 nan nan nan 9.486693333333332703e+03
5.771400000000000000e+04 nan nan nan nan
5.771400000000000000e+04 nan nan nan nan
5.771400000000000000e+04 nan nan nan nan
5.772000000000000000e+04 nan nan nan 9.116273333333334449e+03
5.772000000000000000e+04 nan nan nan 9.078709999999999127e+03
5.772000000000000000e+04 nan nan nan 9.112286666666665042e+03
5.772400000000000000e+04 nan nan nan nan
5.772400000000000000e+04 nan nan nan nan
5.772800000000000000e+04 1.445259941473842069e+00 nan nan 9.501526666666666642e+03
5.772800000000000000e+04 1.448062610970415554e+00 nan nan 9.513600000000000364e+03
5.772800000000000000e+04 1.443699571323075803e+00 nan nan 9.520780000000000655e+03
5.773300000000000000e+04 1.468180971844907035e+00 nan nan 8.857726666666665551e+03
5.773300000000000000e+04 nan nan nan nan
5.773300000000000000e+04 nan nan nan nan
5.773600000000000000e+04 nan nan nan nan
5.773600000000000000e+04 1.435197285090027197e+00 4.106438520787408564e+00 nan 8.696403333333333649e+03
5.773600000000000000e+04 1.426367912110429348e+00 4.161511145851566340e+00 nan 8.678020000000000437e+03
5.773900000000000000e+04 1.447865403461531031e+00 2.718192413567630084e+00 nan 9.076248333333332994e+03
5.773900000000000000e+04 1.454447510301644542e+00 2.724674657064215300e+00 nan 9.098846666666668170e+03
5.773900000000000000e+04 1.466182026875805233e+00 2.741417665403851345e+00 nan 9.086328333333332921e+03
5.774200000000000000e+04 nan nan nan nan
5.774200000000000000e+04 1.414980966668777151e+00 3.228100627542824785e+00 nan 8.678840000000000146e+03
5.774200000000000000e+04 1.427592826515829305e+00 3.240867027063507599e+00 nan 8.643786666666666861e+03
5.774600000000000000e+04 1.433459152293800720e+00 3.755007063077745233e+00 nan 9.401148333333334449e+03
5.774600000000000000e+04 1.421528298721405292e+00 3.480987320768218041e+00 nan 9.405366666666666788e+03
5.774600000000000000e+04 1.426473621987393470e+00 3.312618672778812279e+00 nan 9.461644999999998618e+03
5.774900000000000000e+04 1.490280274330484156e+00 nan nan 8.645888333333332412e+03
5.774900000000000000e+04 nan nan nan nan
5.774900000000000000e+04 1.494820498861311853e+00 nan nan 8.667475000000000364e+03
5.775200000000000000e+04 1.461360928874645637e+00 2.726891751705827538e+00 nan 8.709565000000000509e+03
5.775200000000000000e+04 nan nan nan nan
5.775200000000000000e+04 1.457755923736090642e+00 2.743612716276446761e+00 nan 8.691801666666666279e+03
5.785700000000000000e+04 nan nan nan nan
5.785700000000000000e+04 nan nan nan nan
5.785700000000000000e+04 nan nan nan nan
5.787300000000000000e+04 nan nan nan nan
5.787300000000000000e+04 nan nan nan nan
5.787300000000000000e+04 nan nan nan nan
5.787600000000000000e+04 1.411022015364514992e+00 3.008471937642361649e+00 nan 1.306036333333333459e+04
5.787600000000000000e+04 1.415689517522259466e+00 2.985843586210055634e+00 nan 1.303614333333333343e+04
5.787600000000000000e+04 1.414407284015410493e+00 3.014585750170131195e+00 nan 1.307527833333333183e+04
5.790300000000000000e+04 1.382579872324843917e+00 2.606644271568656634e+00 nan 1.131474333333333379e+04
5.790300000000000000e+04 1.384562798816976636e+00 2.612341855255456480e+00 nan 1.143987166666666781e+04
5.790300000000000000e+04 1.386809623179280138e+00 2.609398091806307995e+00 nan 1.133541666666666606e+04
5.790600000000000000e+04 1.443792379451340979e+00 2.705317921801940084e+00 nan 1.204311499999999978e+04
5.790600000000000000e+04 1.451785009097436241e+00 2.722945159727342190e+00 nan 1.192341833333333307e+04
5.790600000000000000e+04 1.457042431293133600e+00 2.740707992571210561e+00 nan 1.214027666666666664e+04
5.790900000000000000e+04 nan nan nan nan
5.790900000000000000e+04 nan nan nan nan
5.790900000000000000e+04 nan nan nan nan
5.791300000000000000e+04 nan nan nan 1.179916166666666504e+04
5.791300000000000000e+04 nan nan nan 1.185840333333333183e+04
5.791300000000000000e+04 nan nan nan 1.173475166666666701e+04
5.791600000000000000e+04 nan nan nan 1.206135333333333256e+04
5.791600000000000000e+04 nan nan nan 1.192626333333333423e+04
5.791600000000000000e+04 nan nan nan 1.194596833333333234e+04
5.792200000000000000e+04 nan nan nan nan
5.792200000000000000e+04 nan nan nan nan
5.792200000000000000e+04 nan nan nan nan
5.792500000000000000e+04 1.407485357420083627e+00 3.169140908954202640e+00 nan 9.307888333333334231e+03
5.792500000000000000e+04 1.411431213776924265e+00 3.175119888660614453e+00 nan 9.981121666666667807e+03
5.792500000000000000e+04 1.407971860714471557e+00 3.166506625089217319e+00 nan 1.001917000000000007e+04
5.793300000000000000e+04 1.399300901662708485e+00 3.136021320077863273e+00 nan 1.076716333333333387e+04
5.793300000000000000e+04 1.398823748208600781e+00 3.155965539982861223e+00 nan 1.065542333333333409e+04
5.793300000000000000e+04 1.389478745229833834e+00 3.130344327755155476e+00 nan 1.056758333333333394e+04
5.793600000000000000e+04 nan nan nan 1.185139999999999964e+04
5.793600000000000000e+04 nan nan nan 1.177579666666666708e+04
5.793600000000000000e+04 nan nan nan 1.164738666666666541e+04
5.794200000000000000e+04 nan nan nan nan
5.794200000000000000e+04 nan nan nan nan
5.794200000000000000e+04 nan nan nan nan
5.794500000000000000e+04 nan nan nan 1.062954333333333307e+04
5.794500000000000000e+04 nan nan nan 1.045290999999999985e+04
5.794500000000000000e+04 nan nan nan 1.042686499999999978e+04
5.794800000000000000e+04 1.417617626440147882e+00 2.964934598270791977e+00 nan 1.163426500000000124e+04
5.794800000000000000e+04 1.410548637315618414e+00 2.948083331409353303e+00 nan 1.149213000000000102e+04
5.794800000000000000e+04 1.418191862380764334e+00 2.968393901716713579e+00 nan 1.153521333333333496e+04
5.795100000000000000e+04 1.447076527076527119e+00 2.676967713080559363e+00 nan 1.157172833333333256e+04
5.795100000000000000e+04 1.443632509657429397e+00 2.669590277247576360e+00 nan 1.148038166666666621e+04
5.795100000000000000e+04 1.437049268927547363e+00 2.668697259192856830e+00 nan 1.128279833333333409e+04
5.795400000000000000e+04 nan nan nan nan
5.795400000000000000e+04 1.518559232894690414e+00 nan nan 9.441885000000000218e+03
5.795400000000000000e+04 1.520405187913906886e+00 nan nan 9.298813333333333503e+03
5.795800000000000000e+04 nan nan nan 1.158914833333333445e+04
5.795800000000000000e+04 nan nan nan 1.160698666666666577e+04
5.795800000000000000e+04 nan nan nan 1.164422500000000036e+04
5.796200000000000000e+04 1.436603031262544183e+00 3.139469235040055484e+00 nan 9.603380000000001019e+03
5.796200000000000000e+04 nan nan nan nan
5.796200000000000000e+04 1.438940918459134188e+00 3.135418674610824574e+00 nan 9.840746666666667807e+03
5.796500000000000000e+04 nan nan nan nan
5.796500000000000000e+04 nan nan nan nan
5.796500000000000000e+04 nan nan nan nan
5.797000000000000000e+04 nan nan nan 1.159375833333333321e+04
5.797000000000000000e+04 nan nan nan 1.169149333333333379e+04
5.797000000000000000e+04 nan nan nan 1.170281833333333270e+04
5.797300000000000000e+04 1.414007824883112052e+00 2.604069736692985249e+00 nan 1.148872166666666817e+04
5.797300000000000000e+04 1.405535632625415143e+00 2.387686490338929435e+00 nan 1.005056833333333270e+04
5.797300000000000000e+04 1.407687450291024378e+00 2.569504940147592897e+00 nan 1.130973166666666657e+04
5.798000000000000000e+04 1.432198137223223311e+00 2.692225436399303007e+00 nan 1.110298000000000138e+04
5.798000000000000000e+04 1.436574419768950062e+00 2.711528375160300541e+00 nan 1.120989666666666744e+04
5.798000000000000000e+04 1.439948596113509227e+00 2.719469715258502340e+00 nan 1.124606333333333350e+04
5.798300000000000000e+04 1.425512718368075360e+00 8.214504097003981542e+00 nan 1.139426333333333423e+04
5.798300000000000000e+04 1.425092484140587867e+00 6.827862508127088503e+00 nan 1.139434833333333336e+04
5.798300000000000000e+04 1.431532097740955578e+00 6.284640737578468084e+00 nan 1.149491166666666504e+04
5.798600000000000000e+04 1.426205497715613557e+00 3.102034653057605507e+00 nan 1.148710833333333358e+04
5.798600000000000000e+04 1.420453247293281818e+00 3.053992560141830737e+00 nan 1.139795833333333394e+04
5.798600000000000000e+04 1.422671355065700860e+00 3.055589061969225195e+00 nan 1.148370833333333394e+04
5.799000000000000000e+04 nan nan nan 1.163582999999999993e+04
5.799000000000000000e+04 nan nan nan 1.161226500000000124e+04
5.799000000000000000e+04 nan nan nan 1.163423499999999876e+04
5.799300000000000000e+04 1.441853072076758613e+00 nan nan 1.130862666666666701e+04
5.799300000000000000e+04 1.435280626822511563e+00 nan nan 1.122720999999999913e+04
5.799300000000000000e+04 1.440749257565067776e+00 nan nan 1.134345833333333394e+04
5.799600000000000000e+04 nan nan nan nan
5.799600000000000000e+04 nan nan nan nan
5.799600000000000000e+04 nan nan nan nan
5.800000000000000000e+04 1.439592302693639692e+00 nan nan 1.103612333333333299e+04
5.800000000000000000e+04 1.444511172219204109e+00 nan nan 1.125285999999999876e+04
5.800000000000000000e+04 1.458890445862862428e+00 nan nan 1.139500666666666621e+04
5.800300000000000000e+04 1.425227341911630141e+00 2.936043323637389069e+00 nan 1.124439999999999964e+04
5.800300000000000000e+04 1.416158843956536240e+00 2.918349798033114340e+00 nan 1.095644333333333270e+04
5.800300000000000000e+04 1.415656456932986140e+00 2.974176184476389651e+00 nan 1.115746333333333496e+04
5.800700000000000000e+04 nan nan nan 1.117868000000000029e+04
5.800700000000000000e+04 nan nan nan 1.125048499999999876e+04
5.800700000000000000e+04 nan nan nan 1.141065999999999985e+04
5.801000000000000000e+04 1.444135057001036060e+00 nan nan 1.103138666666666541e+04
5.801000000000000000e+04 1.437865624088715544e+00 nan nan 1.106135166666666555e+04
5.801000000000000000e+04 1.444781125942906641e+00 nan nan 1.114689333333333343e+04
5.801700000000000000e+04 1.452131828047894313e+00 nan nan 1.121054000000000087e+04
5.801700000000000000e+04 1.440002202416913235e+00 nan nan 1.102790166666666664e+04
5.801700000000000000e+04 1.450931451786516835e+00 nan nan 1.117669666666666672e+04
5.802100000000000000e+04 1.479584312356011067e+00 2.584625718110145520e+00 nan 1.076162333333333299e+04
5.802100000000000000e+04 1.478879098873476794e+00 2.572349960615273989e+00 nan 1.070595333333333292e+04
5.802100000000000000e+04 1.481098758053101205e+00 2.555068979266347906e+00 nan 1.068018833333333350e+04
5.802400000000000000e+04 nan nan nan nan
5.802400000000000000e+04 nan nan nan nan
5.802400000000000000e+04 nan nan nan nan
5.802700000000000000e+04 1.400270987727568750e+00 2.705798692506186764e+00 nan 1.038452166666666744e+04
5.802700000000000000e+04 1.403439099772616938e+00 2.637858093051236530e+00 nan 1.037742166666666708e+04
5.802700000000000000e+04 1.399784732260749065e+00 2.685273226866812024e+00 nan 1.043872666666666555e+04
5.804700000000000000e+04 nan nan nan 1.040664666666666744e+04
5.804700000000000000e+04 nan nan nan 1.040876833333333343e+04
5.804700000000000000e+04 nan nan nan 1.038741833333333307e+04
5.805000000000000000e+04 1.472301671461786254e+00 2.829429419676807278e+00 nan 8.712308333333332484e+03
5.805000000000000000e+04 1.467750331591427537e+00 2.809922646225863296e+00 nan 9.356265000000001237e+03
5.805000000000000000e+04 nan nan nan nan
5.805300000000000000e+04 nan nan nan 9.880206666666666933e+03
5.805300000000000000e+04 nan nan nan 9.839956666666666933e+03
5.805300000000000000e+04 nan nan nan nan
5.805600000000000000e+04 1.465440160206825659e+00 2.718282047977988558e+00 nan 9.774063333333333503e+03
5.805600000000000000e+04 1.480319809561931210e+00 2.736387162329546374e+00 nan 9.775619999999998981e+03
5.805600000000000000e+04 1.463631522482643943e+00 2.716383940396811525e+00 nan 9.724984999999998763e+03
5.806200000000000000e+04 nan nan nan 9.895431666666667297e+03
5.806200000000000000e+04 nan nan nan 9.909186666666666497e+03
5.806200000000000000e+04 nan nan nan 9.898010000000000218e+03
5.806500000000000000e+04 -2.831729283108748163e+01 nan nan 8.809646666666667443e+03
5.806500000000000000e+04 -4.099667045555835188e+01 nan nan 8.662193333333332703e+03
5.806500000000000000e+04 nan nan nan nan
5.806800000000000000e+04 9.579749375138151279e+00 nan nan 9.390230000000001382e+03
5.806800000000000000e+04 5.697894038416345452e+00 nan nan 9.423431666666667297e+03
5.806800000000000000e+04 4.781866785211025039e+00 nan nan 9.394319999999999709e+03
5.807100000000000000e+04 2.657626280697299670e+00 nan nan 9.210163333333333867e+03
5.807100000000000000e+04 2.736537027181606963e+00 nan nan 9.178468333333332339e+03
5.807100000000000000e+04 2.681111692589221107e+00 nan nan 9.127786666666665042e+03
