1.258687503625669779e-01 1.703036234195156595e-01 2.060272239373100167e-01 1.494100157425606312e-01 2.280674357597678170e-01 1.924524302522194752e-01 1.025524253930900631e-01
1.259697948746814899e-01 1.707454567102213994e-01 2.048425118182220783e-01 1.496379524070051981e-01 2.280503696521286039e-01 1.904346052011683110e-01 1.031316436490147675e-01
1.258292746870157131e-01 1.707754106342593281e-01 2.049719634763638443e-01 1.497985077908577378e-01 2.284613732402515085e-01 1.906695614371259340e-01 1.024610449860853673e-01
1.263911770299566695e-01 1.712288405687673043e-01 2.054807415099266510e-01 1.502806441026448836e-01 2.289649817465982118e-01 1.912352756547982535e-01 9.980605722901486621e-02
1.270487376261426882e-01 1.715172985685921025e-01 2.053810764939926481e-01 1.508300381437661930e-01 2.287479741456538984e-01 1.911746980302739540e-01 9.829565092554243266e-02
1.270449828732447273e-01 1.713047284452642871e-01 2.052297058530383744e-01 1.510804744594227700e-01 2.283476897518944559e-01 1.913494823549223012e-01 9.786048571883955438e-02
1.280129033403070993e-01 1.726568991058998193e-01 2.066851181405487681e-01 1.522981603996053090e-01 2.301015786290610821e-01 1.927935753718738876e-01 9.011589477546642912e-02
1.299772333503897426e-01 1.733069035236562694e-01 2.065071728347268321e-01 1.535546601264434208e-01 2.294637012497881268e-01 1.929548284149091575e-01 8.631026079387854599e-02
1.302263865198436954e-01 1.727802763199582092e-01 2.053395348635016215e-01 1.533608441903332176e-01 2.277707835407213888e-01 1.919726025242033951e-01 8.875753138995798319e-02
1.291917975982938005e-01 1.716691571467818256e-01 2.041047584220603839e-01 1.518284910959064316e-01 2.268824563240114667e-01 1.908423867307031119e-01 8.129051703270018248e-02
1.305021595374586951e-01 1.720201338288260551e-01 2.036562100386302976e-01 1.529547299566894336e-01 2.258445807365865310e-01 1.907906205373464947e-01 7.934009414909999613e-02
1.304522641521317916e-01 1.717491086145704615e-01 2.031053464229342909e-01 1.524984346878353880e-01 2.250203407833718805e-01 1.903412535792316507e-01 8.006235059018600164e-02
1.305633890318644019e-01 1.719658031683723998e-01 2.035277886014253967e-01 1.529041369507316284e-01 2.254033584795221146e-01 1.905523683286413084e-01 7.840166940321995070e-02
1.312006047810264087e-01 1.724055726996528703e-01 2.038087923699296866e-01 1.533731743045285145e-01 2.255534639166104638e-01 1.908738008750840154e-01 7.582459980787258080e-02
1.321722964299919811e-01 1.731077318592511294e-01 2.042719081436341066e-01 1.541046149107963836e-01 2.260967886192348508e-01 1.915032562610262112e-01 7.152260518688233204e-02
1.331022125066735062e-01 1.733841943069887870e-01 2.040292025013980826e-01 1.548829111678336756e-01 2.254484375132259077e-01 1.914961478838548281e-01 6.966185893759613279e-02
1.335830737529558609e-01 1.735082670390738213e-01 2.039885832457279113e-01 1.551692156620635699e-01 2.251416884414706443e-01 1.915522348699482125e-01 6.840343244253778432e-02
1.360815885387338386e-01 1.762844453757860808e-01 2.068599321663785739e-01 1.576000395527010212e-01 2.284279775389814193e-01 1.943572986275594328e-01 5.182861870896936229e-02
1.393022642245354270e-01 1.768605198756660335e-01 2.051999370513603316e-01 1.593432089381615069e-01 2.252861511582824328e-01 1.936226623466310304e-01 5.028325899480391714e-02
1.402961505958744137e-01 1.777027476980001519e-01 2.062716329103986279e-01 1.604712984069617543e-01 2.260244356598163640e-01 1.945732055113423287e-01 4.449517421215735957e-02
1.413618944492362473e-01 1.777279446936720353e-01 2.055213459874123683e-01 1.608396301774560055e-01 2.247781756881475079e-01 1.939836470015653125e-01 4.379224490043848173e-02
1.407983425464917060e-01 1.767980448135074989e-01 2.044955727424830061e-01 1.601918737996462783e-01 2.234357213807435516e-01 1.930313195464319898e-01 4.786660154140700424e-02
1.402932009442111327e-01 1.772374082556159858e-01 2.056520483159317292e-01 1.606245423839448849e-01 2.250338422622751022e-01 1.940661922996449462e-01 4.455406578052673039e-02
1.410871563310561738e-01 1.776518741530005441e-01 2.056949500545488252e-01 1.612129415727559245e-01 2.248202907636992487e-01 1.943232633329386450e-01 4.237327307139675259e-02
1.415284854095965883e-01 1.773409167387817731e-01 2.048889616490862375e-01 1.608169413215315702e-01 2.239117350230557524e-01 1.936122168906178886e-01 4.308759022668778166e-02
1.413355068529622838e-01 1.772205216505329528e-01 2.048112982190225251e-01 1.607173731546965856e-01 2.238369247606408208e-01 1.935869567759509469e-01 4.331745091971627576e-02
1.416173365622266089e-01 1.776025958926140125e-01 2.053425321361248834e-01 1.609924795334450875e-01 2.244482747776466169e-01 1.941346903634620646e-01 4.108594960758078785e-02
1.420192434508112667e-01 1.779602003154730494e-01 2.053878044505650646e-01 1.615466345154289440e-01 2.243948081967669372e-01 1.943429936974446215e-01 3.756371030797966276e-02
1.438298051788076959e-01 1.792783226603862079e-01 2.065786157973475701e-01 1.628477899217227465e-01 2.253560940645536748e-01 1.955293341899227988e-01 3.076403547733013236e-02
1.445533825924525673e-01 1.791351822586757792e-01 2.056454992288899164e-01 1.634305955663432064e-01 2.238060413173571794e-01 1.950717143571029655e-01 3.144789935987423596e-02
1.443883935770782501e-01 1.785639451144901968e-01 2.050554648520653278e-01 1.627482821374208743e-01 2.230955541763071093e-01 1.943510238276621171e-01 3.138966361551557421e-02
1.437975073120508485e-01 1.781038353739315405e-01 2.044634568597417656e-01 1.623985450169259936e-01 2.225984395887796730e-01 1.938686619845741699e-01 3.609116716719279472e-02
1.426010533593186635e-01 1.776583573927191240e-01 2.047767204688217546e-01 1.615979505261015137e-01 2.234284108734750918e-01 1.940559650831962524e-01 3.575997367747010131e-02
1.421456022173757106e-01 1.766150093383997977e-01 2.035501897509163216e-01 1.608459027636183758e-01 2.216049709885569430e-01 1.923362600333376471e-01 3.863999279356075678e-02
1.409742248269009457e-01 1.757460723212704023e-01 2.028457544535554880e-01 1.599519446943112599e-01 2.210386863576782601e-01 1.915724769472245681e-01 4.181123536444715516e-02
1.417044227179337645e-01 1.777399170980707710e-01 2.056007683655652896e-01 1.616614190308874321e-01 2.243112029404626950e-01 1.941716977637454045e-01 3.075315585866983739e-02
1.432025759136014986e-01 1.770895774193181338e-01 2.032526141817909693e-01 1.612546176696107725e-01 2.210011371816566483e-01 1.921831215034985885e-01 3.424623704650003181e-02
1.428414652964280496e-01 1.773193741232136356e-01 2.039444920163772934e-01 1.612617348916277338e-01 2.220107992751354786e-01 1.925858676575926687e-01 3.363526967930885458e-02
1.429176147637138128e-01 1.773274203972041996e-01 2.039529035788919531e-01 1.612850532086883559e-01 2.222148601527656475e-01 1.928130693073092927e-01 3.410664833142662555e-02
1.424399431735714483e-01 1.770328159190023010e-01 2.037291874967265271e-01 1.609159066998832599e-01 2.220591538508996932e-01 1.927351467852508604e-01 3.263365746752130286e-02
1.423785017130189956e-01 1.764023700719941079e-01 2.026542802466929361e-01 1.601095546337107933e-01 2.206519763907495990e-01 1.916551596119329681e-01 3.456420065348014131e-02
1.421424010445732355e-01 1.763353073281154204e-01 2.028493018269320325e-01 1.600310185616883318e-01 2.210237489137923672e-01 1.917187612990864376e-01 3.390653520001855881e-02
1.421701415147843817e-01 1.761409961544661562e-01 2.026436235192561053e-01 1.599825672358827777e-01 2.207045189993744050e-01 1.915449199688279147e-01 3.506119308162002068e-02
1.417019615567411128e-01 1.757967047158630336e-01 2.024412184724408981e-01 1.596378185486655998e-01 2.205521227674633877e-01 1.913099806882663234e-01 3.324603927497918332e-02
1.419771725733433299e-01 1.757780936860460774e-01 2.022123792609704651e-01 1.597283887766534349e-01 2.202033938995336948e-01 1.912217330337236398e-01 3.364498982876731881e-02
1.418913173495071345e-01 1.755964558840890088e-01 2.021202683121741117e-01 1.596605047206552386e-01 2.200176036803162538e-01 1.910775929370982229e-01 3.311843443390877911e-02
1.425229847282433737e-01 1.763130057571473674e-01 2.028506605579031841e-01 1.602761524503838186e-01 2.208162163815536316e-01 1.917589112480949654e-01 2.792071404304028587e-02
1.439140409693369649e-01 1.770091923394533640e-01 2.030459990270431503e-01 1.612154976139815177e-01 2.206211444224150386e-01 1.921739753920179428e-01 2.387194824712200389e-02
1.440679276353337701e-01 1.766637163663407617e-01 2.021256873327084980e-01 1.618187002632640314e-01 2.197192425844430030e-01 1.927712543332269490e-01 2.428691332195907077e-02
1.438855306884619378e-01 1.765120650332067664e-01 2.022424980373464520e-01 1.616875114445214812e-01 2.198890243656989874e-01 1.927906621668290521e-01 2.425227129045206403e-02
1.439194333616334864e-01 1.766462876977031859e-01 2.022247861822565607e-01 1.617478080692011377e-01 2.198560623349156695e-01 1.927891451748976470e-01 2.282369165170279254e-02
1.441020257423322737e-01 1.765416939671644037e-01 2.020650426500655017e-01 1.618160285528953968e-01 2.195528040759536503e-01 1.925959931368013967e-01 2.292260160124686905e-02
1.440560256491536795e-01 1.764980288256702556e-01 2.020775891203623054e-01 1.618234503810943026e-01 2.195194827850158459e-01 1.924780896624443960e-01 2.305954573505056976e-02
1.436023803357791284e-01 1.760376065150676406e-01 2.016338548587066348e-01 1.613829457590888750e-01 2.190440618147248830e-01 1.919929436602250961e-01 2.502376957371154481e-02
1.432461042852081756e-01 1.760099034670683793e-01 2.018311356293949477e-01 1.611126115451168295e-01 2.194786731924031620e-01 1.921429129189008711e-01 2.595979298083966880e-02
1.431082299083494547e-01 1.758766275451871530e-01 2.017772007301628090e-01 1.606693778417869201e-01 2.194492310619084452e-01 1.917255086425358190e-01 2.483765816675601382e-02
1.436225467681757351e-01 1.761964538795172397e-01 2.020481471047876343e-01 1.610129529085475852e-01 2.194269681187645260e-01 1.917488753592645478e-01 2.379000852887444908e-02
1.441121189308256223e-01 1.767405095626487510e-01 2.023642613153367742e-01 1.614917194563964820e-01 2.196323863165210444e-01 1.920786764721373052e-01 2.087367785435655793e-02
1.452302789829147400e-01 1.774106719418463707e-01 2.028219563470494424e-01 1.623950433795964265e-01 2.198456355356029901e-01 1.924935594446716969e-01 1.724221125263153756e-02
1.464576452531138051e-01 1.783546508871166614e-01 2.035486002360833990e-01 1.632958837774799443e-01 2.204669304608155855e-01 1.933677414589173027e-01 1.190915741468315768e-02
1.480175259303991575e-01 1.792453738415266673e-01 2.037709199937628446e-01 1.642876826210797336e-01 2.202796420409850187e-01 1.939204033497542723e-01 7.108442933716025043e-03
1.491047888431285273e-01 1.792181616554545942e-01 2.036350724039865390e-01 1.653129267976471972e-01 2.198980726859296464e-01 1.939634455290462356e-01 5.752108993573660546e-03
1.494131967076319512e-01 1.793218953919183400e-01 2.033670284320261146e-01 1.655832302617196716e-01 2.193980439287025741e-01 1.938818406758148483e-01 5.817549383103579226e-03
1.493120119702333326e-01 1.791235644838506669e-01 2.030554443645294915e-01 1.654961592519101632e-01 2.190306218839612740e-01 1.936222803321153985e-01 6.595040516895304267e-03
1.493171209949921974e-01 1.791781686454240463e-01 2.031272343390979340e-01 1.655358789827901800e-01 2.191003118875794464e-01 1.934529778606352279e-01 6.077157199689649063e-03
1.494979317212292436e-01 1.792214774545010658e-01 2.030882641734956529e-01 1.656261216960762950e-01 2.190047073527215671e-01 1.934360474286626053e-01 5.743625131213589072e-03
1.495706695738729664e-01 1.792602524029693056e-01 2.030374020117621248e-01 1.656650070776557460e-01 2.188710714228166709e-01 1.932973906698948474e-01 5.674057368779468480e-03
1.496196830036951031e-01 1.793251013131704763e-01 2.030804609119964133e-01 1.657453548250780728e-01 2.189699778156773413e-01 1.933760206438851215e-01 6.053320293207741995e-03
1.496150407987693054e-01 1.793616444098660723e-01 2.032145155470841402e-01 1.657888036855544867e-01 2.191096359460644738e-01 1.934367249356231666e-01 5.435514906778645891e-03
1.497310186013479372e-01 1.793630477554919722e-01 2.031666342394353730e-01 1.657804241304121073e-01 2.190611915427070899e-01 1.933447890161499039e-01 5.118556069882710530e-03
1.498327302243614434e-01 1.795103242041317382e-01 2.033566503694158034e-01 1.658559429452579337e-01 2.192904085170324646e-01 1.935073765008013813e-01 5.047283117868327576e-03
1.496992428115776208e-01 1.793044241206186995e-01 2.031440317727709055e-01 1.656691480481484180e-01 2.191031951681435830e-01 1.932948552940158549e-01 5.238985262786313366e-03
1.494188588834433062e-01 1.790712398911702141e-01 2.028420229342394465e-01 1.654325771670626943e-01 2.187940387271231635e-01 1.929829673935053447e-01 5.987505270622377543e-03
1.492365889222028730e-01 1.789527489407365113e-01 2.028560923288278139e-01 1.653062781006969795e-01 2.188279810489352495e-01 1.929030389640997711e-01 6.827061086526542595e-03
1.490511672365370521e-01 1.787983273917997384e-01 2.028926804391395222e-01 1.651015663191451044e-01 2.191492653693558057e-01 1.931990663854911416e-01 6.434211562912565095e-03
1.492428969091161572e-01 1.791035870006288666e-01 2.029231560871748163e-01 1.649637838775706300e-01 2.189368991808675058e-01 1.924033517600503840e-01 5.601345768206277866e-03
1.493483249479762298e-01 1.791658387874119629e-01 2.029351950745142963e-01 1.649987742847066063e-01 2.189330896194420784e-01 1.924673078250699054e-01 5.632878930065014604e-03
1.493654519086130283e-01 1.790820592711048487e-01 2.027026211160873059e-01 1.650094796260011820e-01 2.186858212402271184e-01 1.923173782247582231e-01 5.490591985586006432e-03
1.491973898355415384e-01 1.788619242041231405e-01 2.024793826166883526e-01 1.647701967135607737e-01 2.183848944212936627e-01 1.921218789907646884e-01 6.495068165207809781e-03
1.492762187731001278e-01 1.791688107709990263e-01 2.029449688749171976e-01 1.649307937142763525e-01 2.189623277909181209e-01 1.924334857878944038e-01 4.758396837553155109e-03
1.497890448671844732e-01 1.791881006234776474e-01 2.027133912421868189e-01 1.650972498542337408e-01 2.185900451392357724e-01 1.921681784301634277e-01 4.737720761661477764e-03
1.498888400506511176e-01 1.792835009712397953e-01 2.028443075936977869e-01 1.651752952565192500e-01 2.186254361878683938e-01 1.922736637483885291e-01 4.360302470469997957e-03
1.498296934821941040e-01 1.793255896000336413e-01 2.029596467601509080e-01 1.650885167913382356e-01 2.188184159230842363e-01 1.924162828529895064e-01 4.416448541844955958e-03
1.496589810880343541e-01 1.792387460272515942e-01 2.028600705411739702e-01 1.647513248997760638e-01 2.189732816718485409e-01 1.924541073580793848e-01 4.963583354427170483e-03
1.501906477006598739e-01 1.796411394792830629e-01 2.032195232370810900e-01 1.654404384040132070e-01 2.190690939485877009e-01 1.927115523123565377e-01 4.086877689734097138e-03
1.504493071909932256e-01 1.797966437501978265e-01 2.031073544234859030e-01 1.657102277622703457e-01 2.188541980235739759e-01 1.927737578047907241e-01 4.185983695847527060e-03
1.501355739210293305e-01 1.794624400366443551e-01 2.027672793077789359e-01 1.653694714854802572e-01 2.183911416374840486e-01 1.924587353715119797e-01 4.669085588996410574e-03
1.502675199422894292e-01 1.795270821912278159e-01 2.029121512530737692e-01 1.655297643117402129e-01 2.184530590392851634e-01 1.924993732153854054e-01 4.257015998793665240e-03
1.503332274851287564e-01 1.795480927070633725e-01 2.029047510934244847e-01 1.655366347706801466e-01 2.184189411128439617e-01 1.925453356555364703e-01 3.684297232552753102e-03
1.505606629514843753e-01 1.796561118935166568e-01 2.028860841146660765e-01 1.655798976528429500e-01 2.183577533890873612e-01 1.924785215435935726e-01 3.510254141837107576e-03
1.506752788366503004e-01 1.797869258950499927e-01 2.029889141515597573e-01 1.657389573915525049e-01 2.184304805558584528e-01 1.926416751215778156e-01 3.055238569723642012e-03
1.507105983087764778e-01 1.799850099281622151e-01 2.026953664409585631e-01 1.660261704602560007e-01 2.181287335996892340e-01 1.924458206493706858e-01 3.209278073074949608e-03
1.504354390446974443e-01 1.796234725089770889e-01 2.023890941665232313e-01 1.656974466919530764e-01 2.177818011014971133e-01 1.920930370481665761e-01 3.905010963152905079e-03
1.505027662730221705e-01 1.797837710952098766e-01 2.026142411688626188e-01 1.658200158809458591e-01 2.179418813865127424e-01 1.921394618379231867e-01 3.456882198568817302e-03
1.506594190556539425e-01 1.797631643678623548e-01 2.024781989785782166e-01 1.657816611103158921e-01 2.178046857635547173e-01 1.920075628719155048e-01 3.593879022979183571e-03
1.507202807119702725e-01 1.798771045220066700e-01 2.026426436290031108e-01 1.659312645900496985e-01 2.178897325340371227e-01 1.921417913757982321e-01 3.078974595006986770e-03
1.505684347599981487e-01 1.796014841979567678e-01 2.022211667282208525e-01 1.656326261595855720e-01 2.175048971624261029e-01 1.918402892433484774e-01 3.563757078032183442e-03
1.504487417920752079e-01 1.795408696651455416e-01 2.021667376566742003e-01 1.655282103766758384e-01 2.173917016217836728e-01 1.917341609559274074e-01 3.668539863910988928e-03
1.503808632314629357e-01 1.794006373380805930e-01 2.020505967571359085e-01 1.654000356683980322e-01 2.172885797919800743e-01 1.915440600326364651e-01 3.794351511407213513e-03
1.503646067473475290e-01 1.793970194770571069e-01 2.020772336455987916e-01 1.654377127283897242e-01 2.171810185014052264e-01 1.915432636214959294e-01 3.773493410835497726e-03
1.501705920877204337e-01 1.792146100088785610e-01 2.019090472966656169e-01 1.652423471129476351e-01 2.170521420640530441e-01 1.914431560039509539e-01 4.237498065196449067e-03
1.497457927218022178e-01 1.788911228923373842e-01 2.013138399006722812e-01 1.647226844717388228e-01 2.163776215236766776e-01 1.906615244146467048e-01 4.222633594271539038e-03
1.496003421388246712e-01 1.787335101262694514e-01 2.011220969689552496e-01 1.645478299455387650e-01 2.161876976235760917e-01 1.905317807555587384e-01 4.017112677546509115e-03
1.492316042443024016e-01 1.784158645105674568e-01 2.008046422230267136e-01 1.640699600170900108e-01 2.159743519971459302e-01 1.903441888544800675e-01 3.388045235257499364e-03
1.492414176217348176e-01 1.785220260062352349e-01 2.007867196209021377e-01 1.639510202942611183e-01 2.157480934010767293e-01 1.899941993376230986e-01 3.628742959698878431e-03
1.491682765692363410e-01 1.785426603501089338e-01 2.009700565582731024e-01 1.639097996355942666e-01 2.159643802634986232e-01 1.901888077756057893e-01 3.565559120446918761e-03
1.495207795112594995e-01 1.787594843681428736e-01 2.011141824872175743e-01 1.643091972424010339e-01 2.160675498732521072e-01 1.903566876325003820e-01 2.818540600729898572e-03
1.491364438836514095e-01 1.784005798605092785e-01 2.007047112022210533e-01 1.637247592693424347e-01 2.157373653461885921e-01 1.900624261971866902e-01 3.737354172917336289e-03
1.490284287721106993e-01 1.784232734396435094e-01 2.007652315899957352e-01 1.635454994699573339e-01 2.159097262666115069e-01 1.900137007406190459e-01 3.771803546033522005e-03
1.489533264819381808e-01 1.783418870285593816e-01 2.006344007243152372e-01 1.634682074529142659e-01 2.158527357539879454e-01 1.899551133823870197e-01 3.642395782860935027e-03
1.488794969875490426e-01 1.783951977376366238e-01 2.005893585349628749e-01 1.631736474400833081e-01 2.159013090509613320e-01 1.898699821512140062e-01 4.083105532793109178e-03
1.485691712272649012e-01 1.780756640962603832e-01 2.003235089681572045e-01 1.628542157032330517e-01 2.155918618118380092e-01 1.895174409049951436e-01 4.522015351531419314e-03
1.487023491902900452e-01 1.780512951286229717e-01 2.003330494177734400e-01 1.631277824328893622e-01 2.155001812082996682e-01 1.896171538768463283e-01 3.753963813401839291e-03
1.488526022509795987e-01 1.781267776011336568e-01 2.002615993526277172e-01 1.632138886748448203e-01 2.153505885323238611e-01 1.895194264987778432e-01 3.042321257317668216e-03
1.485622625429354471e-01 1.778586237986010954e-01 1.996984759775146667e-01 1.624374755899327671e-01 2.150375279176163501e-01 1.888777957513373129e-01 3.436364929949879601e-03
1.483169786613428853e-01 1.776623001231386334e-01 1.998313501375588441e-01 1.623638648586857303e-01 2.150655629302454519e-01 1.891844486911704870e-01 3.576855523742976817e-03
1.482354364495382659e-01 1.775726189943576949e-01 1.996315914735808661e-01 1.622841669968376199e-01 2.148490457258320219e-01 1.888314876974475642e-01 4.406027728444551067e-03
1.483201672522364845e-01 1.778552950482338579e-01 2.000937792935607584e-01 1.626848387368893534e-01 2.152712111133029682e-01 1.892461169690842493e-01 3.726892105881643609e-03
1.484456437376822369e-01 1.778246755263883372e-01 1.998073292677635393e-01 1.628323719155666816e-01 2.149491959432757449e-01 1.890980317847345549e-01 3.949544473632867446e-03
1.486021453319781582e-01 1.781330105093697769e-01 2.002920533995488639e-01 1.630297926848524870e-01 2.154659048050658332e-01 1.895481433779137304e-01 2.475075489862111136e-03
1.485537993270399093e-01 1.778545351602247304e-01 1.996762726413929823e-01 1.627999554877674893e-01 2.147885503984011957e-01 1.892230980084483039e-01 3.885336655033165814e-03
1.486714265215288711e-01 1.781125192923230793e-01 2.000788301192683027e-01 1.630797227010591377e-01 2.151778583704632430e-01 1.894337370614573024e-01 2.488142032397232511e-03
1.489165098353593952e-01 1.782066697215758111e-01 1.998887720807064894e-01 1.628544093183269537e-01 2.149036834920437233e-01 1.892857291370570183e-01 2.386702113763405474e-03
1.489609119175306640e-01 1.782021719282340100e-01 1.997177843077661830e-01 1.626650652121690022e-01 2.147486901631480150e-01 1.890423960129135605e-01 2.677493757927949542e-03
1.487065054010264786e-01 1.781238038569564197e-01 1.998425633537840862e-01 1.624887472847204861e-01 2.148996394011674360e-01 1.891504252422908650e-01 2.464894279092154361e-03
1.490615894987858681e-01 1.785076335033677630e-01 2.001878124457725228e-01 1.627222678699547509e-01 2.154169433260617050e-01 1.895300986925807230e-01 2.325947644203943745e-03
1.489815812809369144e-01 1.783004198340787383e-01 1.999688618907206894e-01 1.624110964405251489e-01 2.150856635006830886e-01 1.891387789370835848e-01 2.519936665782414840e-03
1.490749393802458522e-01 1.783240555036260111e-01 2.000770266475994652e-01 1.627553774170738821e-01 2.150720465559846639e-01 1.892861912669081548e-01 2.395631006854366529e-03
1.489707383987179112e-01 1.782719000782599372e-01 1.999762649983280738e-01 1.627005046385811005e-01 2.149407620781937922e-01 1.892084231933849892e-01 2.274828339617358981e-03
1.489563335426139778e-01 1.779801467533166925e-01 1.995153424081113069e-01 1.627558137882151312e-01 2.143557935493781152e-01 1.889041591250015528e-01 2.186804406035108839e-03
1.487893588136059431e-01 1.779754559642889311e-01 1.995432887214548534e-01 1.625583518089408486e-01 2.144448904501022324e-01 1.888492787260385164e-01 1.962054521730699844e-03
1.488745406980652441e-01 1.780186643926899848e-01 1.993542589904509776e-01 1.623920871752470019e-01 2.142202367575184452e-01 1.887271549740991983e-01 2.235676675681143658e-03
1.486020032609864094e-01 1.778211748070493425e-01 1.993254650775525549e-01 1.621562462629623780e-01 2.142332631555093903e-01 1.886388075763668903e-01 2.344778579441154399e-03
1.486317863105040549e-01 1.778464668690020178e-01 1.994146647108791803e-01 1.622481538544368052e-01 2.142550596346148306e-01 1.886400527930075233e-01 2.333310501269414763e-03
1.486310923650057125e-01 1.778357885270406002e-01 1.993214053482090242e-01 1.623517205348628256e-01 2.141563514454815076e-01 1.885526869307219688e-01 2.024956968833605420e-03
1.484696067977152312e-01 1.775686403127550717e-01 1.989860915232310734e-01 1.620357138297019439e-01 2.139239215448393572e-01 1.884080039932097272e-01 2.531450464917315776e-03
1.484181196523106372e-01 1.776232824228792251e-01 1.991022967885962558e-01 1.617920237592077037e-01 2.140641160355537531e-01 1.882256289147698491e-01 2.187947308835040423e-03
1.486383769439764690e-01 1.780055706958941220e-01 1.991316807211651052e-01 1.622177243574048355e-01 2.139351158378449413e-01 1.884412165044642984e-01 2.076453177183123881e-03
1.487552177817767218e-01 1.777531344466160568e-01 1.987275739650357642e-01 1.623036942429419704e-01 2.136136843097124205e-01 1.884343729378988863e-01 2.243741825721056252e-03
1.486931034564508702e-01 1.779084790455592868e-01 1.988199951440254021e-01 1.620963236001593533e-01 2.138184607136309756e-01 1.883275826803944564e-01 1.893437477899633480e-03
1.485842998989218844e-01 1.774813267789004112e-01 1.984262053985486884e-01 1.617350847723464657e-01 2.135825172673450345e-01 1.878739542920562222e-01 1.855472401963984604e-03
1.483776333129498970e-01 1.773152122712747802e-01 1.982842970637108404e-01 1.614775895733627231e-01 2.134545370246811735e-01 1.878420423566573849e-01 2.136911677914936011e-03
1.482444927708430060e-01 1.772600374521769440e-01 1.982980386646588378e-01 1.614027875762237274e-01 2.133772701486456869e-01 1.876783213473357526e-01 2.273547362436778400e-03
1.481391303361128675e-01 1.773693318458419987e-01 1.983953810734790657e-01 1.611499780820279393e-01 2.135848305228892630e-01 1.876119613542480691e-01 2.447203802881107310e-03
1.481739780629048320e-01 1.774983297277209215e-01 1.985822410068912858e-01 1.614202590173245133e-01 2.137403696865537717e-01 1.879824959985173238e-01 1.898037582236620233e-03
1.482279324767969420e-01 1.775356589764820470e-01 1.984583293383903047e-01 1.614143133771746286e-01 2.135471942810455714e-01 1.879226789780656659e-01 2.005302896925056401e-03
1.376392968683889384e-01 1.648726250695475015e-01 1.842965379135470538e-01 1.499613607971064799e-01 1.982732523046297213e-01 1.744817374475267358e-01 3.166039979132058918e-06
1.320485212829952959e-01 1.565958698332803600e-01 1.746569627624939003e-01 1.436770451949415939e-01 1.884634426930794082e-01 1.665961662702430679e-01 1.331757128992971011e-135
1.320970674428637026e-01 1.567820763181365096e-01 1.748331025748196543e-01 1.439855045051156857e-01 1.882266846456307763e-01 1.667491690789543457e-01 0.000000000000000000e+00
1.307185726913076829e-01 1.552408660750497216e-01 1.730244210534740146e-01 1.424789401458404769e-01 1.863397523676677825e-01 1.652213497506615503e-01 6.289696921936850215e-04
1.312927417830445920e-01 1.559453955897366351e-01 1.738477456204456373e-01 1.428376658240959329e-01 1.868863744409161587e-01 1.655385323053723268e-01 7.313646496138877197e-04
1.309635730914005536e-01 1.554369550505733111e-01 1.734220950816935669e-01 1.424848212365004696e-01 1.863765778511443094e-01 1.650877476323589221e-01 5.611889593415916345e-04
1.268403321263064931e-01 1.505753512717480647e-01 1.679939346766792796e-01 1.381224488516240856e-01 1.805489296134655808e-01 1.600789754467856763e-01 6.738526616883866579e-04
1.245690571720740047e-01 1.478601788094414393e-01 1.649137363754426544e-01 1.355556114723653893e-01 1.773296416742666526e-01 1.569036508762996496e-01 7.052839611213013778e-04
1.240454505958904219e-01 1.473009972873890461e-01 1.643407088786190684e-01 1.350027850470739699e-01 1.767572381904456702e-01 1.564366470196947578e-01 5.852949366704089705e-04
1.234317098418021286e-01 1.466285499960131022e-01 1.636076632043668433e-01 1.344070571722404683e-01 1.759654831757899440e-01 1.558532356451239054e-01 7.665609136208635394e-04
1.222475540333210348e-01 1.451656339595814860e-01 1.618870024098974514e-01 1.329729348395063404e-01 1.740723871114026877e-01 1.539457225358633052e-01 4.341765715890918944e-174
1.218174530841135556e-01 1.446937402609403123e-01 1.610819464973640702e-01 1.325726950013661753e-01 1.734050041297740263e-01 1.535707895547609447e-01 5.894992857384586662e-04
1.193787898906981532e-01 1.416828544510601862e-01 1.578908740536690003e-01 1.297482161928561750e-01 1.698094163570544879e-01 1.502389562902000097e-01 6.342334015383069420e-04
1.183448437059345243e-01 1.404446316018534702e-01 1.564472848778739045e-01 1.285658418956902860e-01 1.681592777919308779e-01 1.487750429024326249e-01 6.020284193424249369e-04
1.168007832686585867e-01 1.387315565640409032e-01 1.546096194681784719e-01 1.270066557476759728e-01 1.661758699159307517e-01 1.470666226564202317e-01 2.779956689550816181e-06
1.146369388271799294e-01 1.362804567351185436e-01 1.516092182348848516e-01 1.247655554172351078e-01 1.631459257952753150e-01 1.445039970520324846e-01 0.000000000000000000e+00
1.144053081509324166e-01 1.362478728641570158e-01 1.514658322871405005e-01 1.245791251482217254e-01 1.629324296050075893e-01 1.443737818790000738e-01 5.840771995672431683e-04
1.138289394984524638e-01 1.358692394421557592e-01 1.507393774545926490e-01 1.237518029309561951e-01 1.619220439582373661e-01 1.432163160484268838e-01 6.464329403277923637e-04
1.126225237463197443e-01 1.344777792229202018e-01 1.492142216721402681e-01 1.224593536874349492e-01 1.603368371819787475e-01 1.417469493204674968e-01 5.870791454761504482e-04
1.120138267980452101e-01 1.337469721586157234e-01 1.483222314058455504e-01 1.217481662427776778e-01 1.593920609393615906e-01 1.409392582516617309e-01 5.669982296709778552e-04
1.120356899152115532e-01 1.338104441254235888e-01 1.483838598550951682e-01 1.218820917634794582e-01 1.593263091726686842e-01 1.408851651994603438e-01 5.547756277375142861e-04
1.117215708499742222e-01 1.335213435913465974e-01 1.480750559604409045e-01 1.215283171680471008e-01 1.591176774564008745e-01 1.407208444782393486e-01 5.697822879026430377e-04
1.114684103433497137e-01 1.332105753956138172e-01 1.476654379115368287e-01 1.212209483821905381e-01 1.586524887443316323e-01 1.402801292067171746e-01 5.061024053054441821e-04
1.104206571466943010e-01 1.320205542880166505e-01 1.464229757489913242e-01 1.202348629613116671e-01 1.573053283475016884e-01 1.391117946396053517e-01 5.739055096482150028e-04
1.096215538043309734e-01 1.310448912408913869e-01 1.452571056808432126e-01 1.192365807362695540e-01 1.560147290440779821e-01 1.379741855929132732e-01 6.212146363767409411e-04
1.084083804631924414e-01 1.295143659628159305e-01 1.436510352231368803e-01 1.179300875073270166e-01 1.543694306658650039e-01 1.365101175417888502e-01 3.745725473256592865e-04
1.072363783476516508e-01 1.284091694801665073e-01 1.425270256507467637e-01 1.171455640519200314e-01 1.529450767256454735e-01 1.356161146551929098e-01 4.059554096051930239e-04
1.070607507009798537e-01 1.281946991814433556e-01 1.422338014844704845e-01 1.169277505012440571e-01 1.526476135165168446e-01 1.352867288213834562e-01 4.197761806598851236e-04
1.075559058637074183e-01 1.287939193097814572e-01 1.429000068936492340e-01 1.174866664886732720e-01 1.533782908185040428e-01 1.359119809014375235e-01 1.136626144490311370e-08
1.071231745257965190e-01 1.280539820117235217e-01 1.422368599103776277e-01 1.168863843773822464e-01 1.526345040568849731e-01 1.353630828231258132e-01 1.693624480074834560e-06
1.061476804253126266e-01 1.268823443131101847e-01 1.408386534547508839e-01 1.157189346153308651e-01 1.511532330657812118e-01 1.340440924768717401e-01 1.253570317777557962e-232
1.066351977453872807e-01 1.274976954325024447e-01 1.415330856496451739e-01 1.163119648324127953e-01 1.517892545060936793e-01 1.347140750076442350e-01 2.523154633752526414e-58
1.047253157589702194e-01 1.251826553841021983e-01 1.389236597340888779e-01 1.141722123464833233e-01 1.490319537250718029e-01 1.322195776656908683e-01 2.632361065521913491e-127
1.036774943920551056e-01 1.239619710192636226e-01 1.376640717267345604e-01 1.131451749579402699e-01 1.475540378432116939e-01 1.310461477510745654e-01 1.963494251860620990e-12
-1.285979615216256977e-01 1.528355654032493294e-01 1.706158760205892244e-01 1.402133171802937006e-01 1.802024483293381552e-01 1.839773596793572302e-03 1.341547262550600583e-01
-2.207987223965034856e-02 1.168777577341264173e-03 1.926225683264828903e-02 6.838599869256233907e-31 3.205438120648960998e-02 4.019879106047470792e-03 1.320568371666175633e-01
-2.193266350041471122e-02 9.055474536031256913e-04 1.803688935413241823e-02 6.866031878140685199e-31 3.063781040745978262e-02 3.409779570606554996e-03 1.286390476309347275e-01
-2.126861438194528262e-02 7.261372610048056220e-04 1.694154390651438774e-02 6.874580072121103504e-31 2.919290540927186803e-02 2.993062054425468365e-03 1.275566836009545402e-01
-2.113338759287594973e-02 5.467000342563066743e-04 1.649478518697776799e-02 6.880833813195045180e-31 2.849667831585531511e-02 4.399580930594408114e-03 1.267705850290539449e-01
-2.101827356274928171e-02 4.097568387092572623e-04 1.620045832185369045e-02 6.877576650380391231e-31 2.803603279623388678e-02 3.292914080680488850e-03 1.271960039496116135e-01
-2.120303582615973639e-02 2.396524463834591152e-04 1.599925866580833786e-02 6.879372304586396484e-31 2.783355630380936543e-02 3.956658929278308867e-03 1.269657178793453800e-01
-2.131112438727221156e-02 2.218269567284081466e-05 1.570863885298430865e-02 6.870643615132871766e-31 2.748597078107500521e-02 3.238461664379930615e-03 1.280728887986757325e-01
-2.173683066880336551e-02 6.847026554272429468e-31 1.572658434579519288e-02 6.881569520501865523e-31 2.769300252793857262e-02 2.241653276717353593e-03 1.266890449750437408e-01
-2.161110976609062484e-02 6.861476522969354782e-31 1.526747519281640778e-02 6.895476269811759410e-31 2.698401329266482407e-02 1.989127130597794120e-03 1.249199386477085477e-01
-2.163090397692692471e-02 6.864339753566470664e-31 1.477981407456353292e-02 6.899671047662080611e-31 2.638220889643000042e-02 1.649441190177257594e-03 1.243982129456261548e-01
-2.154005891024349251e-02 6.867052640314542954e-31 1.469755774135434595e-02 6.904601107932613930e-31 2.622061249134587102e-02 -7.653551194991311527e-07 1.237798506310006930e-01
-2.164782090933143471e-02 6.880952900901372282e-31 1.430042349059260608e-02 6.914933071639445798e-31 2.584935168127728070e-02 -4.783963801014497847e-16 1.224807888849473586e-01
-2.149130556241297951e-02 2.420517914282906385e-18 1.400888276444881529e-02 6.930848172405685697e-31 2.534052019212409274e-02 6.935460472004929961e-31 1.205349929898903438e-01
-2.117787888230177398e-02 6.888596872626706249e-31 1.380687883072397037e-02 6.937747556895746103e-31 2.501639808109256888e-02 4.457042869914204508e-03 1.196606553920336324e-01
-2.080248698274389865e-02 4.842758977420882029e-18 1.378697076818211943e-02 6.931044320239276152e-31 2.480178681479852654e-02 5.914372512523593216e-03 1.205107592498644159e-01
-2.075252861731208612e-02 6.911011323487585656e-31 1.435329516169846914e-02 6.947013087211116833e-31 2.550539238802604358e-02 6.803393727940108826e-03 1.185031225140947553e-01
-2.006384401446376087e-02 1.559318808297265707e-16 1.446708555018745047e-02 6.959851080451000553e-31 2.556645330292510801e-02 8.612055076203139689e-03 1.168761582865617127e-01
-1.948453205873625430e-02 8.993772674962933773e-05 1.457157223591522104e-02 6.972073455791737131e-31 2.545533918696191861e-02 8.806947011001525077e-03 1.153290492538994322e-01
-1.893390628621371974e-02 4.150700949735895077e-04 1.476916785522173169e-02 2.455514917621580022e-18 2.561961399234745015e-02 9.012103754967762392e-03 1.144517915159716931e-01
-1.857226436112813239e-02 6.816458223185808876e-04 1.492644102618707370e-02 6.991554619877686537e-31 2.573725793922545038e-02 9.129406809401288680e-03 1.128594221336021997e-01
-1.788588368702420314e-02 1.056058502864634175e-03 1.505593773066278215e-02 6.991157691721622449e-31 2.568138937961744750e-02 9.360876202333660856e-03 1.129096178686480045e-01
-1.783749319197299593e-02 1.190826114193941710e-03 1.527434144874217394e-02 6.991759899668480608e-31 2.595951907497875272e-02 9.596174144988239146e-03 1.128332703083714667e-01
-1.761457090759925917e-02 1.520127678906264563e-03 1.558884594208066743e-02 7.003363355213079538e-31 2.635644404786604764e-02 9.918474698859256963e-03 1.113622832560818288e-01
-1.726284435043673113e-02 1.652226283427357667e-03 1.556661064050542456e-02 1.544056210674670670e-19 2.623986330155948093e-02 1.000556354557241914e-02 1.090562780192541603e-01
-1.663884349554231243e-02 1.960289423815241190e-03 1.566380143820587587e-02 7.031935403302783529e-31 2.616890372312114313e-02 1.016169058076137922e-02 1.077414893590954437e-01
-1.612062626470250892e-02 2.232522287960697193e-03 1.574572540757032332e-02 7.050055572273050911e-31 2.627467061728735315e-02 1.037485286257512455e-02 1.054444903121899840e-01
-1.590863047539404010e-02 2.131332731249041892e-03 1.539638079672165510e-02 7.055931007901321262e-31 2.558512583905339990e-02 1.008513477150557204e-02 1.046997070038186706e-01
-1.547615878753956162e-02 2.430276501515402001e-03 1.560379995741945948e-02 7.061879460282548256e-31 2.572610663287220115e-02 1.026086410603291831e-02 1.039458324951164636e-01
-1.512475922507154277e-02 2.756137115422515813e-03 1.585506982335613269e-02 7.073894163855897493e-31 2.597342842425101953e-02 1.058207261728427544e-02 1.024241185547258293e-01
-1.469285809132055837e-02 2.951804442937506698e-03 1.595487497243730513e-02 7.084216778649619750e-31 2.595643078788138769e-02 1.073472841841346601e-02 1.011168088843838048e-01
-1.419202705482546650e-02 3.173038346022755141e-03 1.590904035089235960e-02 7.102705627546432410e-31 2.578210289600846306e-02 1.066142086675445945e-02 9.877335171030703076e-02
-1.380742421327991153e-02 3.298278102843216122e-03 1.582529333567968266e-02 7.118664707608864755e-31 2.551541600918817015e-02 1.070211908562216166e-02 9.674577869439403288e-02
-1.312636902816330560e-02 3.582989981717391373e-03 1.584942639219235477e-02 7.140763704192628538e-31 2.525741880218993277e-02 1.070766340027263890e-02 9.394542508998303398e-02
-1.242012690280619447e-02 3.910922889440985976e-03 1.583457007090937826e-02 7.138806207204866315e-31 2.506828912580387134e-02 1.093575954816740532e-02 9.419355784140868992e-02
-1.245915898863685957e-02 3.994485850863631164e-03 1.600454593912327417e-02 7.147760761184646682e-31 2.529319985319549921e-02 1.115069720141950542e-02 9.305820482878296440e-02
-1.221404495169003436e-02 4.074060708458735261e-03 1.594968036354512536e-02 7.158053604293927160e-31 2.507529999156420455e-02 1.108179708862822022e-02 9.175398505809602423e-02
-1.194313272783745217e-02 4.157244189214406339e-03 1.591250329387996695e-02 7.179714655127684204e-31 2.503617459410985985e-02 1.119071746414505679e-02 8.900776003644543521e-02
-1.133807823303090330e-02 4.351541799562781872e-03 1.576062437397917140e-02 2.527708167524576045e-18 2.466575874401748247e-02 1.114361395248419581e-02 8.844197606472262163e-02
-1.091851806375106031e-02 4.658359056799974383e-03 1.598719102844090717e-02 7.186584646987902298e-31 2.479909576516343278e-02 1.133161843976447127e-02 8.813665294840737630e-02
-1.080091642589141483e-02 4.776450415944660452e-03 1.608815630530383012e-02 7.191866247701816013e-31 2.486442243673589805e-02 1.144085993230147327e-02 8.746750767187821962e-02
-1.064475385740508602e-02 4.869778436284888379e-03 1.611175728777926308e-02 7.203960372930624429e-31 2.483338259215967306e-02 1.158079214818234261e-02 8.593434264127526589e-02
-1.016888097102290264e-02 5.110676409229430485e-03 1.617710604097617050e-02 7.217071966629242048e-31 2.473296787060000682e-02 1.167672311635893287e-02 8.427402657804936026e-02
-9.771381155548375386e-03 5.208738515088754718e-03 1.601528028723100266e-02 5.082976480139605250e-18 2.448018511195136637e-02 1.165398434987024480e-02 8.347881236396736959e-02
-9.688391964364159031e-03 5.190886515059171119e-03 1.598058399366789062e-02 7.228762412335172651e-31 2.436552464598659359e-02 1.167687447594552459e-02 8.279176745141106353e-02
-9.527934738026258218e-03 5.258546735931257134e-03 1.594767422327759282e-02 7.240940058373416741e-31 2.427258292031523462e-02 1.166292080773530596e-02 8.124901414355031881e-02
-9.137775944864803476e-03 5.242613424315888115e-03 1.567436125022526536e-02 7.250645076777352542e-31 2.378965157624056068e-02 1.139226316397980339e-02 8.001842876495522672e-02
-8.788191713942638400e-03 5.412586990933145048e-03 1.569879893640430818e-02 5.107849405517907893e-18 2.374765681753123608e-02 1.147163492103880217e-02 7.899802157069261976e-02
-8.567235983357329027e-03 5.564708810941522941e-03 1.571279786232073969e-02 7.261371885256446095e-31 2.366936127143054805e-02 1.153356130490327050e-02 7.865817223847532125e-02
-8.462815339942086901e-03 5.703895617533968031e-03 1.586800206572576422e-02 2.558555017391616958e-18 2.380906503129497434e-02 1.169537670575991617e-02 7.733054086064633514e-02
-8.060035903251725267e-03 5.951265805746039188e-03 1.600559865702660955e-02 1.280934197089382597e-18 2.386818397214278409e-02 1.189601249765561038e-02 7.613647861015837570e-02
-7.708359332765513626e-03 5.966392545125218452e-03 1.587292353000102976e-02 7.280752522807686779e-31 2.359311530928702091e-02 1.173141367283576063e-02 7.620299542314842856e-02
-7.698872737013520359e-03 6.051609649682603183e-03 1.587603412335372027e-02 7.291498585903481899e-31 2.361801528147852020e-02 1.166710238768148451e-02 7.484113814414615484e-02
-7.477553092584658320e-03 6.047480647948121416e-03 1.567921445967184954e-02 7.290425826540869334e-31 2.341007388702878028e-02 1.152253591542966304e-02 7.497697275671355577e-02
-7.540274500905138136e-03 6.087882262262273719e-03 1.584419505870261410e-02 2.059648081342955315e-17 2.357004041620293019e-02 1.172151572839610217e-02 7.156568161929385830e-02
-6.816600873824478837e-03 6.230212528869913738e-03 1.553794081356197308e-02 1.072962031200734925e-04 2.293653284120181213e-02 1.164051904339191007e-02 7.013511175909324658e-02
-6.325987201431969124e-03 6.641124123285738375e-03 1.585158159314353082e-02 6.344797633990936899e-04 2.322299726842597806e-02 1.204953726484292442e-02 6.951824607072283613e-02
-6.300079070167640023e-03 6.507047074363103527e-03 1.564456785140355341e-02 5.340128277424259755e-04 2.299818203451014370e-02 1.184722127211552088e-02 6.865176966295222227e-02
-6.148796205231319562e-03 6.534543397656165237e-03 1.558445091167005164e-02 6.750453667487870324e-04 2.280428936868246492e-02 1.183880928537304686e-02 6.841148219658486906e-02
-6.116205191809317120e-03 6.494355466910658840e-03 1.548256872599993242e-02 6.885746519104247966e-04 2.264061055033890490e-02 1.173306420775364033e-02 6.793720411996917452e-02
-5.893307830704546356e-03 6.676810572187641055e-03 1.560275945166984465e-02 8.754812928476554158e-04 2.274630658736488328e-02 1.183730039630134095e-02 6.708614119813960386e-02
-5.782259261000588860e-03 6.688712521012256211e-03 1.555355990086317551e-02 9.283132715829931284e-04 2.265981739349672702e-02 1.188534623482274087e-02 6.581958555177046255e-02
-5.489416462027065478e-03 6.727767109081122555e-03 1.539890567307440269e-02 1.107498048218873285e-03 2.233550282190733399e-02 1.174176650617701247e-02 6.543085698447606569e-02
-5.333169362426149439e-03 6.678439546875793338e-03 1.526381730737498381e-02 1.100544228085571005e-03 2.213270679164526869e-02 1.163689026089892616e-02 6.445389898855637123e-02
-5.210987144328627432e-03 6.686462735702778000e-03 1.515340924986522016e-02 1.134505395596777837e-03 2.200375803528857935e-02 1.161020947359885612e-02 6.107061695526675577e-02
-4.636722549506153493e-03 6.622558257172327448e-03 1.469372655597262281e-02 1.373335210683697969e-03 2.112468342787838377e-02 1.129295823905863451e-02 6.028678796759232711e-02
-4.481352755215271474e-03 6.678522576767732637e-03 1.459171320631256173e-02 1.455552706650461818e-03 2.087022294889719423e-02 1.123020242272519675e-02 5.818253862247033115e-02
-4.163974173809979404e-03 6.658728415141320668e-03 1.435600535107909789e-02 1.569428078042482515e-03 2.045414260899341280e-02 1.112605198928797931e-02 5.690342171733696330e-02
-3.899734697425162513e-03 6.720652662942099356e-03 1.423393943854283326e-02 1.712794647124139770e-03 2.013235563251139504e-02 1.101297685757241657e-02 5.643511681367237298e-02
-3.847654644824439769e-03 6.702862862108295745e-03 1.416672575176033087e-02 1.707021970091679051e-03 2.000367722303377296e-02 1.099601186032408973e-02 5.526359777314891752e-02
-3.454232755382849809e-03 6.902373830092580452e-03 1.420379081839940119e-02 2.019286826294842355e-03 1.988191245152801795e-02 1.103148933948387700e-02 5.426098163655836137e-02
-3.247548624915683711e-03 6.935536527697205335e-03 1.417328161013033452e-02 2.141204779892021039e-03 1.973809823732235180e-02 1.107969201444395854e-02 5.356061565495750382e-02
-3.039382760947259392e-03 7.096176254896820711e-03 1.421743472560762882e-02 2.280506726354044039e-03 1.963112149050862815e-02 1.114247373084172217e-02 5.293336356765293571e-02
-2.417276986082551871e-03 7.760330960959595063e-03 1.484865224985844161e-02 2.904965137921268828e-03 2.031614995685984693e-02 1.171714177522309268e-02 5.172263764003637992e-02
-2.219373599315941671e-03 7.720311789015224350e-03 1.464969324707748356e-02 3.003932712888275278e-03 1.992314082051781579e-02 1.156676862933696259e-02 5.055381661004789556e-02
-2.017863895565312829e-03 7.806936688059558545e-03 1.465534410045765505e-02 3.195998430666052541e-03 1.984880511085028790e-02 1.163174428251117012e-02 4.980758841971311829e-02
-1.858145186898145030e-03 7.750641032983864726e-03 1.447860918780900785e-02 3.172406748542244692e-03 1.958962093457138065e-02 1.148057727644588057e-02 4.942852381860862038e-02
-1.806372154556466899e-03 7.743793942763255167e-03 1.440373492810569610e-02 3.204382118969460562e-03 1.951890754011101348e-02 1.143132206969937545e-02 4.847643048638739655e-02
-1.694268066972743399e-03 7.694201355512252788e-03 1.425041093394377630e-02 3.233086821413852768e-03 1.927807701229677234e-02 1.136208078944717786e-02 4.761892219998111603e-02
-1.517912744133213983e-03 7.770083637967558667e-03 1.421362179606121788e-02 3.322059673024506821e-03 1.909182155139768980e-02 1.138611858017419057e-02 4.623037193381294985e-02
-1.314124918400391608e-03 7.836108921893680801e-03 1.413248129281363154e-02 3.496862092174721735e-03 1.889822629952919372e-02 1.139983495881274032e-02 4.550797670966340996e-02
-1.107887762540606504e-03 7.903586226746604770e-03 1.410268018328209201e-02 3.629122864105607197e-03 1.876598337183350493e-02 1.136996650635989023e-02 4.510764512071354509e-02
-1.032598561299852540e-03 7.911375479281067963e-03 1.405260343146834401e-02 3.650519094287437306e-03 1.870660690227850600e-02 1.135047546431242060e-02 4.458319310862253471e-02
-8.286305643896292291e-04 7.998379710224786873e-03 1.416301346879679859e-02 3.833973341112456058e-03 1.844049176535482448e-02 1.143287118645089709e-02 4.482872900734664184e-02
-6.621825050518798583e-04 8.370839469059237342e-03 1.436938264536645991e-02 3.949912247896440222e-03 1.799500628595809837e-02 1.169545602407883432e-02 4.389878645620198111e-02
-5.868408279249535692e-04 8.174773286732868113e-03 1.414787645791262295e-02 3.878048116029136645e-03 1.842612317891034052e-02 1.143168857043878710e-02 4.599645082121359835e-02
-9.691321789847556637e-04 8.054239548766620183e-03 1.437392444329781138e-02 3.708390542153762199e-03 1.878733575489855562e-02 1.145211947638049080e-02 4.685501598187104266e-02
-8.741672340463745331e-04 8.462216237555615639e-03 1.480075298793481764e-02 3.943445953045769323e-03 1.776666632220023218e-02 1.203445835117650763e-02 4.574830047520987014e-02
-6.067307267733365941e-04 8.580578481604664298e-03 1.475140054122976892e-02 4.171247159930638500e-03 1.753706107500936986e-02 1.197139862302187829e-02 4.478127970277391567e-02
-4.401017994429389651e-04 8.602376366036411370e-03 1.468900810189369653e-02 4.238611649304813676e-03 1.735970790685515547e-02 1.198812078056989833e-02 4.373512343496641780e-02
-2.073191691185676184e-04 8.696576811896783443e-03 1.464474018230958914e-02 4.404345369243826101e-03 1.715811118119144399e-02 1.197587912889603971e-02 4.299365291918428450e-02
-3.123558750961822722e-05 8.714720776911624028e-03 1.456981004057169085e-02 4.446059249938045556e-03 1.678290604075708542e-02 1.194757607976918747e-02 4.284558416759782357e-02
-3.319417209827329169e-18 8.848283067631138726e-03 1.472689691329110047e-02 4.559885497867932277e-03 1.650275857833841814e-02 1.211769464242435160e-02 4.238967337354852122e-02
-7.558346819990601448e-31 8.902237042854881446e-03 1.479633349402835474e-02 4.613086748927276715e-03 1.636412679848442062e-02 1.226867982451081834e-02 4.101225605734015733e-02
-7.554623707365800733e-31 8.936686182959566876e-03 1.456274827248581552e-02 4.734007342705027696e-03 1.621537762429234655e-02 1.208013020617879595e-02 4.148421665269487468e-02
-7.563602848024929462e-31 8.721400042020991533e-03 1.432007426495391506e-02 4.521385851503938701e-03 1.612593502978627164e-02 1.178577989751833366e-02 4.034597534808672531e-02
-7.556473096496391568e-31 8.820446799213671821e-03 1.434121162817107026e-02 4.675039474716302483e-03 1.614062334100004742e-02 1.175686016389253068e-02 4.124977872854940220e-02
-7.563022213367582372e-31 8.643480245119185626e-03 1.445031561894486762e-02 4.586315557560977953e-03 1.572554830377098992e-02 1.180182857383428249e-02 4.041957953527661185e-02
7.566706635575334448e-31 8.653096008524562011e-03 1.434990737236395072e-02 4.678162299031652337e-03 1.553769073407281626e-02 1.170574246030065511e-02 3.995252353296089437e-02
8.646370043221430352e-04 9.148819661162429367e-03 1.480698292505844803e-02 5.051846380436263682e-03 1.449657540892341362e-02 1.200357978979216256e-02 3.924553744115787807e-02
9.377923531587995225e-04 9.103682959360374222e-03 1.462354587796342413e-02 5.050245560902291708e-03 1.438339108294884282e-02 1.192223667969367906e-02 3.894816681822572263e-02
9.135871541981636706e-04 9.019340049712517779e-03 1.446937160778281883e-02 5.016551113277395446e-03 1.441295710072072918e-02 1.183744462110123373e-02 3.788217282315003986e-02
1.070041075969157488e-03 9.018003115942934203e-03 1.433373448107216723e-02 5.103802486251943389e-03 1.417748058552596377e-02 1.175358740282425943e-02 3.734574834298300811e-02
1.075641107459165491e-03 8.867344782910600159e-03 1.413302629664792663e-02 5.010583020682796498e-03 1.421877518134186634e-02 1.163355983918819628e-02 3.699337689340803648e-02
1.095114107597915066e-03 8.810401312841678600e-03 1.402385017913857120e-02 5.000597586856534577e-03 1.416365928190406638e-02 1.164892198165131711e-02 3.672336728099502567e-02
1.092857831545603021e-03 8.713185671955503420e-03 1.392003854739428705e-02 5.000332086971158267e-03 1.410329760362443938e-02 1.155798797494806199e-02 3.452735564146881819e-02
1.700402390606277955e-03 9.113236616942313462e-03 1.396916757129076057e-02 5.404547694707370620e-03 1.262746966607267846e-02 1.169859238881845211e-02 3.367717445319071828e-02
1.815132472075840775e-03 9.051861162527631566e-03 1.372988456474331584e-02 5.428173140276135872e-03 1.271325748523493247e-02 1.148326024357555590e-02 3.391555496460138541e-02
1.796233735642944942e-03 9.055775878177081684e-03 1.379785972953607651e-02 5.439515197959486278e-03 1.283799400035278912e-02 1.153017698879836919e-02 3.331615212115488639e-02
1.821241247436099957e-03 8.975548179174796387e-03 1.365818495216980337e-02 5.413723430623367319e-03 1.285505878995106023e-02 1.148469266176378213e-02 3.364512516555367289e-02
1.756922044211040815e-03 8.970077106477337275e-03 1.367640396693745215e-02 5.401263189368762756e-03 1.310817365355943474e-02 1.147217476420770224e-02 3.324380779958824306e-02
1.719139793672526308e-03 8.846855357840870474e-03 1.352764668891942926e-02 5.311461925971626592e-03 1.340672298444729738e-02 1.139807268096871065e-02 3.266749014261600276e-02
1.825690663639952275e-03 8.822362003648854048e-03 1.341570592350141596e-02 5.357410118373239112e-03 1.344523348935283344e-02 1.129323225042292572e-02 3.211158397910522655e-02
1.918683062368170761e-03 8.850774152284452898e-03 1.341738140475838732e-02 5.405257867396403952e-03 1.349339812413214920e-02 1.135052042768671526e-02 3.156207784611790579e-02
1.957172812920228173e-03 8.800525078332274709e-03 1.329218524781447530e-02 5.423346554903134623e-03 1.352029702749604941e-02 1.123357798733382561e-02 3.124213266575874906e-02
2.038428833211253146e-03 8.808204655340632488e-03 1.324590590412531334e-02 5.465066219335993139e-03 1.347035894704780648e-02 1.115956517850935463e-02 3.038239726440860461e-02
