6.425923165575063434e-02 8.763860416300139899e-02 1.216722883974534902e-01 3.715057160678799653e-01 2.702992647992399911e-01 2.164996957295249880e-01 1.487512484829986282e-05 2.220022445580276441e-05 2.517226565749425876e-05 6.376669720550578755e-07 4.395429737034978296e-06 1.043620937037773606e-05
5.343698026033396470e-02 7.260676293286537353e-02 1.001345435717732324e-01 2.988499646649059316e-01 2.188341969141283094e-01 1.761130051459935397e-01 1.588702851190579361e-05 2.199209395062501902e-05 2.234233479724332489e-05 2.676216591716080211e-07 2.468829619600381989e-06 6.887459184367555420e-06
4.345317974242819681e-02 5.907432982744546812e-02 8.142082889830204451e-02 2.422674568051413346e-01 1.776425618993933420e-01 1.429727800931128168e-01 1.458557056678337494e-05 2.218058161267576339e-05 2.585185556288360797e-05 7.910051262450249150e-07 5.065803403554336916e-06 1.154841720924894161e-05
3.532724580818463050e-02 4.789751606218563273e-02 6.601211877845816756e-02 1.962791383651572297e-01 1.439662913986985149e-01 1.158346316991109431e-01 7.298117602429228609e-06 1.495304734367935698e-05 2.715646453779887526e-05 1.935494627460286967e-05 3.605795010304001566e-05 4.161113300728488555e-05
2.985732952063862092e-02 4.027329246578412181e-02 5.502388478371553898e-02 1.588632584595192632e-01 1.175188047847056383e-01 9.487938702277623482e-02 1.363134247570298765e-05 2.131675074700574112e-05 2.588619343563089176e-05 1.050779203133841592e-06 6.027702473829118075e-06 1.292923933900943457e-05
2.424003312385566641e-02 3.264762031647910206e-02 4.458318647470286417e-02 1.284717059743095413e-01 9.509858944653447332e-02 7.691749424174096350e-02 1.390707425516881081e-05 2.106115271820535112e-05 2.439806080661093579e-05 7.159320360650733654e-07 4.660344934322408511e-06 1.072029942092711112e-05
2.036587307146425080e-02 2.720649204170697694e-02 3.685206381531350855e-02 1.032981649012806452e-01 7.706606090966836020e-02 6.250928267951524897e-02 1.277264160383957540e-05 2.114708261554329845e-05 2.793623364008067939e-05 2.033553249325089579e-06 9.288591983603528473e-06 1.756584626069281039e-05
1.661903530175141627e-02 2.217224080574006773e-02 3.001154787575031901e-02 8.394168307101282367e-02 6.264975706597442073e-02 5.083106236716320586e-02 1.631771435676617057e-05 2.130482206852827892e-05 1.988200450262324006e-05 1.340336861821920424e-07 1.546071102182599657e-06 4.880940756128904193e-06
1.393275998869935271e-02 1.843842269618370042e-02 2.474364529280611777e-02 6.713412855921085942e-02 5.058120556561206127e-02 4.126200966740922044e-02 1.636359602982923362e-05 2.120646446954732635e-05 1.957832726973060059e-05 1.227384417024454905e-07 1.456318981637928957e-06 4.669991296829957557e-06
1.096741945207777534e-02 1.459970776997824779e-02 1.973165482867073398e-02 5.487136452651576735e-02 4.103099652850137474e-02 3.323885769501350868e-02 4.917198005376584823e-03 5.014085376740546468e-03 3.281397492743590855e-03 2.054565515711621327e-06 5.964236187266325965e-05 3.138225373416153813e-04
9.520647248288223452e-03 1.249044703077603624e-02 1.660431384220540513e-02 4.365641841442215870e-02 3.318053347422279115e-02 2.712808428594396665e-02 1.469792928778872019e-05 1.168059506827889653e-05 5.369179069434106474e-06 3.223836366562718965e-10 2.324825184919407710e-08 2.024271734447212376e-07
8.151388000491954430e-03 1.056600434820493227e-02 1.385669487251249034e-02 3.478082591941272783e-02 2.678805876875042444e-02 2.200091272132576742e-02 1.596653129434593308e-05 2.156781829334084835e-05 2.114549821070178066e-05 1.990012410796768130e-07 2.016303323725834344e-06 5.924660869164418873e-06
5.422099637743467079e-03 7.282613702253978340e-03 9.928491685305906866e-03 2.842550679290272234e-02 2.109660928836379346e-02 1.683465086717229886e-02 8.267645734458097320e-04 1.271335710429407099e-03 1.506153166400055936e-03 5.155970609267941445e-05 3.160732098641701984e-04 7.033268800932979299e-04
5.235151005412218804e-03 6.873733812612515398e-03 9.108956156895270731e-03 2.368467498726702786e-02 1.805939784130056874e-02 1.464687543118874287e-02 1.398430455007070594e-05 2.169017115835598938e-05 2.602398177933105210e-05 9.720883264567836731e-07 5.759958607363579785e-06 1.257834618836530304e-05
5.876935047105291687e-03 7.144499202734883037e-03 8.778386276088446377e-03 1.766173447563088375e-02 1.448443788132762304e-02 1.146673041211850735e-02 1.248423864443151145e-05 1.992627143134087945e-05 2.493755825302444704e-05 1.246583518796919288e-06 6.593375310979712040e-06 1.352181247454448888e-05
5.799771909585801216e-03 6.748116013557298697e-03 7.925621065194345463e-03 1.368601072628176409e-02 1.172377110634127695e-02 8.979582153991029839e-03 1.341254674540618318e-05 1.559386009220740742e-05 1.231113861262811606e-05 2.696678239847853956e-08 4.813983167502998675e-07 1.935316876962802173e-06
4.079020790910692883e-03 4.996865314669835835e-03 6.196785645813461529e-03 1.287093698810990589e-02 1.046309821659990695e-02 8.017687957004682869e-03 1.559622341239581646e-05 2.017849166026190326e-05 1.858461661174361544e-05 1.146374868390497929e-07 1.368784887915445096e-06 4.404606810971444374e-06
3.620946531456011031e-03 4.465697981104826964e-03 5.579885392126759588e-03 1.188292991606356569e-02 9.593394876485758851e-03 7.185545439405208179e-03 1.625987156441675941e-05 2.177450993799260785e-05 2.108120512087270716e-05 1.821978983551990861e-07 1.908196047755086629e-06 5.710688114843835497e-06
3.801701478698841629e-03 4.553713083707583431e-03 5.509389564224499540e-03 1.052696969641100412e-02 8.758807027759123523e-03 6.377631789429511269e-03 1.570516764756084175e-05 2.108719715517212836e-05 2.049404435715508206e-05 1.817693887422857784e-07 1.884642812066923229e-06 5.608869586020236667e-06
4.015648092907758877e-03 4.658207891851486905e-03 5.454012550838661412e-03 9.322537374836860000e-03 8.007700949223782450e-03 5.646971059377326602e-03 1.377442330308864553e-05 1.875052255797143738e-05 1.859016578028488203e-05 1.887261705734756630e-07 1.856680499327295897e-06 5.367400575476618373e-06
4.143485975266799314e-03 4.685956959763288611e-03 5.343264004364260168e-03 8.347966489861696412e-03 7.356489588445133676e-03 5.158791688435224870e-03 1.206618914450995978e-05 1.705824401637513142e-05 1.786937377549718782e-05 2.636242204835447285e-07 2.242662322746268688e-06 5.982167249061561691e-06
4.482637281445215477e-03 4.899736259765298703e-03 5.388649127042060595e-03 7.447431966066655508e-03 6.793882480494247908e-03 4.595017469179877960e-03 1.095819084976139846e-05 1.589171811299320403e-05 1.727823026470899929e-05 3.284432159093921058e-07 2.531683994579708931e-06 6.394495455664203919e-06
5.283316087615562082e-03 5.492316516914273229e-03 5.725059896007021407e-03 6.590087594712969524e-03 6.336125951862070678e-03 4.107637028479995192e-03 9.463583544519113387e-06 1.482432306780914730e-05 1.804705526297647832e-05 7.453035298640465305e-07 4.246749525831856987e-06 9.075378665388350599e-06
5.465087328377499221e-03 5.600883024034255565e-03 5.749196671818526845e-03 6.283461240839986577e-03 6.128157597418740742e-03 3.849059686771856125e-03 6.715898105766360417e-06 1.222378059683853222e-05 1.858850315861166092e-05 3.648532500140812912e-06 1.130392596498378477e-05 1.725327340310299902e-05
5.390789040489179715e-03 5.516824953312698780e-03 5.653288087336406573e-03 6.145080586790284578e-03 6.000680844685095730e-03 3.739951416244500712e-03 5.456344083454929215e-06 1.060440033191716822e-05 1.778906965261452589e-05 7.078887204236475356e-06 1.660848301444061966e-05 2.175134423425557076e-05
5.777499360903379406e-03 5.795185627192746096e-03 5.814979018671531837e-03 5.885248922939154831e-03 5.863934895538343468e-03 3.686132882124693554e-03 5.175146344560322659e-06 1.019197218519065208e-05 1.744052336716564480e-05 8.022664188301648311e-06 1.777590832075929053e-05 2.255968860480932805e-05
7.506158069877724888e-03 7.121047856370453857e-03 6.735730645854174498e-03 5.319867043576248337e-03 5.884228146142749839e-03 3.453284765621253936e-03 5.508220769554280047e-06 1.077710731070601483e-05 1.826130252330120652e-05 7.818304069476951130e-06 1.782129811796752825e-05 2.297231944225097783e-05
9.103260219094782418e-03 8.326044758514828531e-03 7.560144019206498783e-03 5.169950974928708490e-03 5.980221873089528600e-03 3.719858081680708570e-03 1.250153593955152274e-06 3.113298478096326807e-06 7.586639529794439034e-06 5.211335782722727444e-05 3.882561512238618876e-05 2.735228391643999501e-05
1.068736859989825178e-02 9.715679706079477507e-03 8.574977244259755771e-03 5.583419641005751138e-03 6.330771342203167507e-03 4.011093568428160741e-03 6.103451980214815568e-07 1.578455740953111932e-06 4.069578139668265342e-06 4.387213795142489689e-05 2.710558190903685828e-05 1.731327223340953310e-05
8.746229368660197317e-03 8.824572574329425309e-03 8.200993885591492671e-03 6.403055631815056381e-03 6.862990809438435785e-03 4.657971027885851947e-03 6.865118777241940096e-07 1.767558667354392989e-06 4.527065908936226183e-06 4.628795197200311827e-05 2.923596031247402858e-05 1.888988443649673152e-05
7.686601235868430193e-03 8.367909097263767984e-03 8.008527247171623106e-03 6.921353664638084900e-03 7.198849754870273281e-03 4.771709320705845407e-03 1.352296075220409205e-06 3.217085782929242963e-06 7.318855384001508853e-06 2.915623317153069811e-05 2.717789540103693997e-05 2.155968922645028706e-05
6.879853566426559312e-03 7.792303364341015247e-03 7.658863882403266037e-03 7.247643639202973331e-03 7.345207737273109182e-03 4.829491862026359141e-03 1.452883156875426111e-06 3.367831226581851233e-06 7.367909215590028198e-06 2.160713539768673678e-05 2.281955629447922422e-05 1.935262620663952808e-05
