5.750800000000000000e+04 5.513955204771731761e-02 4.530627394786891915e-01 nan 6.711411666666666861e+03
5.750800000000000000e+04 5.259496376877208917e-02 4.535216603575280558e-01 nan 6.679755000000000109e+03
5.750800000000000000e+04 5.411821343067135803e-02 4.520920914508743671e-01 nan 6.681176666666666279e+03
5.751600000000000000e+04 5.103090159040248736e-02 4.653407852384420229e-01 2.362192621180464747e-01 5.696313333333333503e+03
5.751600000000000000e+04 5.276905579497571247e-02 4.597710493339444149e-01 2.348295092443270782e-01 6.749246666666666897e+03
5.751600000000000000e+04 5.656751744429822787e-02 4.615183530063851070e-01 2.352880278904020406e-01 6.750056666666667297e+03
5.752300000000000000e+04 nan nan nan nan
5.752300000000000000e+04 nan nan nan nan
5.752300000000000000e+04 nan nan nan nan
5.753000000000000000e+04 5.930763019651707352e-02 4.529527505199948956e-01 2.247224357057827637e-01 6.125809999999999491e+03
5.753000000000000000e+04 6.037250881501319416e-02 4.518034079578657214e-01 2.244062151318902687e-01 6.077193333333332703e+03
5.753000000000000000e+04 5.929541714862906349e-02 4.467399725642957065e-01 2.214188376948572068e-01 6.066020000000000437e+03
5.754700000000000000e+04 4.057896682707354957e-02 3.990237990662171552e-01 nan 5.484221666666666351e+03
5.755400000000000000e+04 nan nan nan nan
5.755400000000000000e+04 nan nan nan nan
5.755400000000000000e+04 nan nan nan nan
5.756200000000000000e+04 5.542583871343034069e-02 4.071635214158673688e-01 1.992836662137625614e-01 5.407270000000000437e+03
5.756200000000000000e+04 5.642877359340597865e-02 4.071574432792875453e-01 2.002556834390739338e-01 5.323266666666666424e+03
5.756200000000000000e+04 5.707443848308282885e-02 4.062904608508801085e-01 1.990642970401207967e-01 5.442321666666666715e+03
5.756900000000000000e+04 4.154293242304495787e-02 nan nan 4.783175000000000182e+03
5.756900000000000000e+04 nan nan nan nan
5.756900000000000000e+04 4.472936370771889159e-02 nan nan 4.845774999999999636e+03
5.758300000000000000e+04 3.921739949273606030e-02 nan nan 5.080920000000000073e+03
5.758300000000000000e+04 3.779912774224126332e-02 nan nan 5.040416666666666970e+03
5.758300000000000000e+04 3.673684790874943290e-02 nan nan 5.008579999999999927e+03
5.759100000000000000e+04 4.433644496866121637e-02 nan nan 4.916716666666666242e+03
5.759100000000000000e+04 nan nan nan nan
5.759100000000000000e+04 nan nan nan nan
5.759800000000000000e+04 5.119674001599718027e-02 4.122957165076902575e-01 2.033579137298779371e-01 5.513151666666666642e+03
5.759800000000000000e+04 5.825387828422438907e-02 4.131304178539368377e-01 2.179936328595613870e-01 5.566983333333333576e+03
5.759800000000000000e+04 5.746866336313934814e-02 4.169306038319574026e-01 2.153726757789238277e-01 5.605813333333333503e+03
5.770100000000000000e+04 6.254020094378710815e-02 4.549513610265751296e-01 nan 5.559646666666666533e+03
5.770100000000000000e+04 6.252401182660927148e-02 4.558621754759978328e-01 nan 5.519691666666666606e+03
5.770100000000000000e+04 6.033967911422551816e-02 4.583781529405709376e-01 nan 5.506341666666666242e+03
5.771100000000000000e+04 nan nan nan nan
5.771100000000000000e+04 nan nan nan nan
5.771100000000000000e+04 nan nan nan nan
5.771900000000000000e+04 4.610429975899927452e-02 4.843864816364151782e-01 2.231780287102013427e-01 4.820850000000000364e+03
5.771900000000000000e+04 4.585846993004615707e-02 4.786509788150921096e-01 2.225767418552492272e-01 4.856119999999999891e+03
5.771900000000000000e+04 4.451247722067321055e-02 4.796065385353894261e-01 2.237320457486755565e-01 4.679191666666666606e+03
5.772600000000000000e+04 5.358426401706613273e-02 4.756154763280305842e-01 nan 5.879383333333333212e+03
5.772600000000000000e+04 5.932300889532650390e-02 4.791738622393102442e-01 nan 5.926303333333333285e+03
5.772600000000000000e+04 5.531102585443865849e-02 4.711234746980184629e-01 nan 5.865741666666666788e+03
5.773300000000000000e+04 6.000704389978769177e-02 4.961358155424261951e-01 2.306891283952794136e-01 5.844039999999999964e+03
5.773300000000000000e+04 5.913239243719256577e-02 5.005415734211459133e-01 2.335917540599185549e-01 5.825766666666666424e+03
5.773300000000000000e+04 6.076651652523087921e-02 4.975131519616277087e-01 2.305588148101404555e-01 5.845853333333333467e+03
5.774100000000000000e+04 5.335603057789689574e-02 nan nan 5.499759999999999309e+03
5.774100000000000000e+04 6.269544918507312381e-02 nan nan 5.614118333333332885e+03
5.774100000000000000e+04 6.349527299020235604e-02 nan nan 5.672854999999999563e+03
5.774900000000000000e+04 4.953307324591153110e-02 5.093698552045143879e-01 2.424624429087033906e-01 5.635138333333333321e+03
5.774900000000000000e+04 4.912315598363282271e-02 5.122369530209046617e-01 2.426973345167200979e-01 5.651288333333332957e+03
5.775700000000000000e+04 5.290474475549012540e-02 5.160695463365917446e-01 2.466273473326076604e-01 5.716961666666667043e+03
5.776400000000000000e+04 6.195400101118795494e-02 4.969708373944622393e-01 nan 5.951216666666666242e+03
5.776400000000000000e+04 6.406643680136524244e-02 4.963965870277690651e-01 nan 5.939063333333333503e+03
5.777200000000000000e+04 4.823737388492769368e-02 nan nan 4.760608333333333576e+03
5.777200000000000000e+04 4.781753149304839717e-02 nan nan 4.723213333333333139e+03
5.777200000000000000e+04 4.929955670984024346e-02 nan nan 4.764543333333333067e+03
5.777900000000000000e+04 nan nan nan nan
5.777900000000000000e+04 nan nan nan nan
5.777900000000000000e+04 nan nan nan nan
5.778600000000000000e+04 5.158301775909253373e-02 4.830629917426396136e-01 nan 4.944593333333333248e+03
5.778600000000000000e+04 5.286644005376997524e-02 4.787372246768694661e-01 nan 4.934335000000000036e+03
5.778600000000000000e+04 5.290727077291543928e-02 4.812650952751224009e-01 nan 4.976223333333333358e+03
5.779400000000000000e+04 4.591295552880133440e-02 4.877855831195891945e-01 nan 5.047880000000000109e+03
5.780100000000000000e+04 4.643915379651135378e-02 4.919606932228879903e-01 2.496011151060393007e-01 4.790095000000000255e+03
5.780900000000000000e+04 nan nan nan nan
5.781700000000000000e+04 5.487303218814207351e-02 5.110207696763338081e-01 nan 5.002274999999999636e+03
5.785700000000000000e+04 nan nan nan nan
5.785700000000000000e+04 nan nan nan nan
5.786400000000000000e+04 5.811990353977452423e-02 5.328450551962039539e-01 nan 4.810576666666665915e+03
5.786400000000000000e+04 5.833932756363809785e-02 5.341806086205880266e-01 nan 4.808164999999999964e+03
5.786400000000000000e+04 5.695428890995568594e-02 5.337378406226963579e-01 nan 4.805240000000000691e+03
5.787800000000000000e+04 7.257882597849187045e-02 5.464162915441563850e-01 nan 8.172324999999999818e+03
5.787800000000000000e+04 7.123860337441718926e-02 5.450006704445562455e-01 nan 8.203459999999999127e+03
5.787800000000000000e+04 7.209512143261040396e-02 5.467816544529524592e-01 nan 8.227956666666666933e+03
5.788700000000000000e+04 nan nan nan nan
5.789400000000000000e+04 6.044598151099001004e-02 5.524838202815105515e-01 2.651209293081699392e-01 7.625951666666665915e+03
5.789400000000000000e+04 6.107402952263903118e-02 5.527359071241134680e-01 2.637731816051235856e-01 7.634536666666666861e+03
5.789400000000000000e+04 6.547983635831190752e-02 5.528218415866513746e-01 2.636424754195287878e-01 7.699256666666667115e+03
5.790300000000000000e+04 5.029649359837479877e-02 nan nan 5.824793333333333067e+03
5.790300000000000000e+04 nan nan nan nan
5.790300000000000000e+04 5.081169018665029208e-02 nan nan 5.572534999999999854e+03
5.791000000000000000e+04 5.489801259032028175e-02 5.270497266715676865e-01 nan 7.426231666666667479e+03
5.791000000000000000e+04 5.123631291311607494e-02 5.212799414157976985e-01 nan 7.265481666666667479e+03
5.791800000000000000e+04 nan nan nan nan
5.791800000000000000e+04 6.027126638673073467e-02 5.326331075239152391e-01 nan 5.286664999999999964e+03
5.791800000000000000e+04 nan nan nan nan
5.792500000000000000e+04 6.282069314079422040e-02 nan nan 7.250554999999999382e+03
5.792500000000000000e+04 6.496748225585359526e-02 nan nan 7.319338333333333139e+03
5.792500000000000000e+04 6.467622200240200070e-02 nan nan 7.297826666666665915e+03
5.793300000000000000e+04 5.005610132410429763e-02 5.252908394635186218e-01 nan 6.494053333333333285e+03
5.793300000000000000e+04 4.956372594058555681e-02 5.253458786585715190e-01 nan 6.464324999999999818e+03
5.794200000000000000e+04 4.835497457030269591e-02 nan nan 5.291284999999999854e+03
5.794200000000000000e+04 4.908993319705095421e-02 nan nan 5.280241666666666788e+03
5.794200000000000000e+04 4.907600937102257754e-02 nan nan 5.283779999999999745e+03
5.794900000000000000e+04 4.727347283263733796e-02 5.098009062724989660e-01 nan 4.619079999999999927e+03
5.794900000000000000e+04 4.780263770503390824e-02 5.147383823921329871e-01 nan 4.632251666666666097e+03
5.794900000000000000e+04 nan nan nan nan
5.795600000000000000e+04 6.372447738195026468e-02 5.124881937496129636e-01 nan 6.551926666666666279e+03
5.795600000000000000e+04 6.359590670033864190e-02 5.178239823852324175e-01 nan 6.569283333333333758e+03
5.795600000000000000e+04 6.279322450238090936e-02 5.139696212321346325e-01 nan 6.530509999999999309e+03
5.796400000000000000e+04 nan nan nan nan
5.796400000000000000e+04 nan nan nan nan
5.796400000000000000e+04 nan nan nan nan
