5.751600000000000000e+04 6.537246619267509609e-15 -5.605005438740883532e-124
5.752300000000000000e+04 6.686576406508708842e-15 -5.347531381902418408e-124
5.753000000000000000e+04 6.715273444943189520e-15 -4.823333391715460802e-124
5.754700000000000000e+04 6.600998938466156970e-15 -1.572952380089462513e-124
5.755400000000000000e+04 6.377139001512819370e-15 -7.588350459480939930e-125
5.756200000000000000e+04 6.668558034339390516e-15 3.260090846853663806e-125
5.756900000000000000e+04 6.671810773089752508e-15 7.329234887226221959e-125
5.758300000000000000e+04 6.409724811548842672e-15 -3.780267750317069174e-125
5.759800000000000000e+04 6.568643766816831361e-15 -5.732664356930541304e-124
5.769300000000000000e+04 6.575943501144002417e-15 -5.213358278127440142e-124
5.770100000000000000e+04 6.742487846370730258e-15 -4.865127164914252176e-124
5.771100000000000000e+04 6.989127366612550528e-15 -4.550751442922327401e-124
5.771900000000000000e+04 7.069414354384117984e-15 -4.602863949032897324e-124
5.772600000000000000e+04 7.165082738274620353e-15 -4.398788945546556093e-124
5.773300000000000000e+04 7.454619533676807036e-15 -4.128625948209609879e-124
5.774100000000000000e+04 7.600926344404520559e-15 -3.955132121932463686e-124
5.774900000000000000e+04 7.600394173877535802e-15 -3.538034739489037437e-124
5.775700000000000000e+04 nan -2.604357080048662371e-124
5.776400000000000000e+04 8.050995839203362534e-15 -1.058596747245577796e-124
5.777200000000000000e+04 7.986108602681138804e-15 2.070334857722586020e-125
5.778600000000000000e+04 8.213014059382702707e-15 3.944878100340288056e-125
5.779400000000000000e+04 8.221938112352632488e-15 -1.216318190532263795e-124
5.780100000000000000e+04 8.251537611880771018e-15 -2.766088863488316550e-124
5.780900000000000000e+04 nan -3.609701533643766228e-124
5.781700000000000000e+04 8.381155633233223623e-15 -3.235108868239768048e-124
5.786400000000000000e+04 nan -4.509515690496189471e-124
5.787800000000000000e+04 9.199886613374453011e-15 -2.767272742740778986e-124
5.788700000000000000e+04 9.206157620999026195e-15 -1.199108116918160514e-124
5.789400000000000000e+04 9.295484477994921582e-15 4.768772394419501923e-125
5.790300000000000000e+04 9.445183797009386778e-15 2.685730971395210004e-124
5.791000000000000000e+04 9.508575897096626952e-15 3.573639429000993950e-124
5.791800000000000000e+04 9.737229133649977385e-15 4.024790771484059392e-124
5.792500000000000000e+04 9.809403832227908569e-15 4.744501547726578677e-124
5.793300000000000000e+04 9.784478271555861197e-15 5.540170912410802826e-124
5.794200000000000000e+04 nan 6.244113693602969442e-124
5.794200000000000000e+04 nan 6.244113693602969442e-124
5.794900000000000000e+04 9.850139748948933169e-15 6.828983945880193519e-124
5.795600000000000000e+04 9.763203844044563881e-15 7.612235545306124905e-124
5.805500000000000000e+04 9.458862105518506095e-15 -5.827556172456427350e-124
5.806200000000000000e+04 9.262907083617610610e-15 -7.117949436633857907e-124
5.807000000000000000e+04 9.168315401900839918e-15 -8.576095820994877911e-124
5.807900000000000000e+04 9.115231129078075816e-15 -9.295547901308419779e-124
5.808600000000000000e+04 9.000526675198365531e-15 -9.408414457983913018e-124
5.809400000000000000e+04 9.084409713636303732e-15 -8.578710117867866497e-124
