5.751600000000000000e+04 6.536927400061608437e-15 6.946842287758307646e-15 1.612719028578466911e-16
5.752300000000000000e+04 6.685142476440859124e-15 6.887565551067933101e-15 1.689666841473288439e-16
5.753000000000000000e+04 6.713585265046679624e-15 7.065506636207746558e-15 1.303006338233231435e-16
5.754700000000000000e+04 6.600968336934323186e-15 6.925686424248371541e-15 1.803352710849845979e-16
5.755400000000000000e+04 6.379644247215804269e-15 7.094814501897501356e-15 1.281273427133781813e-16
5.756900000000000000e+04 6.671272114134606616e-15 7.167680526894490140e-15 1.391452631241386555e-16
5.759800000000000000e+04 6.568945232058131445e-15 7.203211959397607863e-15 1.374194145412859667e-16
5.769300000000000000e+04 6.569461215929209357e-15 7.677901496728563168e-15 1.475599118588762419e-16
5.770100000000000000e+04 6.739564327518456006e-15 7.812558812869398222e-15 1.732533496738311047e-16
5.771100000000000000e+04 6.987898420569941848e-15 7.875136718092146416e-15 1.783876503700770639e-16
5.771900000000000000e+04 7.071486040723590533e-15 7.969810274669620297e-15 1.900790629157391343e-16
5.772600000000000000e+04 7.166009279538172420e-15 7.977521221545414096e-15 1.894357045433045214e-16
5.773300000000000000e+04 7.449460598809823516e-15 7.936504797848046031e-15 1.717869062101193507e-16
5.774100000000000000e+04 7.597128042103057431e-15 8.071390573175989788e-15 1.275895920929904137e-16
5.774900000000000000e+04 7.599918115824358255e-15 8.166740183309768303e-15 1.446424632642488097e-16
5.776400000000000000e+04 8.057293605665228812e-15 8.256822825492344869e-15 1.830933379580039135e-16
5.777200000000000000e+04 7.981651505037154918e-15 8.146632119390965481e-15 1.706649458955279833e-16
5.780100000000000000e+04 8.249993012932652761e-15 8.466020862241676946e-15 1.268471312002468919e-16
5.781700000000000000e+04 8.379944357165272761e-15 8.464007538423203227e-15 1.690289670994304059e-16
5.787800000000000000e+04 9.202945910604773242e-15 8.914121549625459392e-15 1.898094865516780024e-16
5.788700000000000000e+04 9.210682971213425322e-15 8.919021454483072127e-15 1.564770948392036576e-16
5.790300000000000000e+04 9.440325872482639993e-15 8.996555247612870282e-15 1.842867062496866341e-16
5.791000000000000000e+04 9.506104726254063547e-15 9.223615438204572907e-15 1.762991084049842510e-16
5.791800000000000000e+04 9.733025792093760969e-15 9.031007973737547598e-15 1.476561962794236359e-16
5.792500000000000000e+04 9.804852592076304276e-15 9.251400007412219513e-15 1.583293763521737722e-16
5.793300000000000000e+04 9.789926813306667360e-15 9.043063143133951194e-15 1.309330132096434088e-16
5.794900000000000000e+04 9.839742145508515942e-15 9.181031789273705712e-15 1.778712066018463593e-16
5.795600000000000000e+04 9.769885496165218460e-15 9.122002393376388457e-15 1.627971389574449528e-16
5.805500000000000000e+04 9.457808820932703344e-15 8.786513940841291111e-15 1.889755470732822388e-16
5.806200000000000000e+04 9.261523957439534151e-15 8.525041141803155351e-15 1.687873033223279544e-16
5.807000000000000000e+04 9.169050373103717319e-15 8.723259933602918349e-15 1.745580997515402139e-16
5.808600000000000000e+04 9.000226267147649160e-15 8.560484029062208351e-15 1.630228054087467469e-16
5.809400000000000000e+04 9.087505376657074187e-15 8.580996275134678559e-15 1.595164760277776070e-16
5.810900000000000000e+04 8.928106964458856006e-15 8.534634102351739168e-15 1.274924319093022437e-16
5.812500000000000000e+04 8.719626717106965289e-15 8.541386366177372930e-15 1.242981848430544463e-16
5.814000000000000000e+04 8.865093038320725854e-15 8.498391509488602926e-15 1.719238380011363051e-16
5.814700000000000000e+04 8.822200319773213929e-15 8.263908740741399132e-15 1.834768416085931449e-16
5.816100000000000000e+04 8.695496806443688796e-15 8.361850951072956351e-15 1.910534911676958549e-16
5.817500000000000000e+04 8.847352296261118072e-15 8.438354165324447824e-15 1.796874242055941049e-16
5.818200000000000000e+04 8.791118725165799026e-15 8.207695823351971351e-15 1.597742538858459688e-16
5.819000000000000000e+04 8.704693227722125540e-15 8.424445819170192301e-15 1.263063196002391870e-16
5.820500000000000000e+04 8.698590612401346136e-15 8.433468930509225834e-15 1.350796294821948183e-16
5.822200000000000000e+04 8.331327893403483595e-15 8.266235839629233751e-15 1.719909864690592089e-16
5.822900000000000000e+04 8.296062684841566421e-15 8.479828557585773086e-15 1.768237977028672800e-16
5.824400000000000000e+04 8.386618915876031601e-15 8.621628543156687559e-15 1.695030595891620880e-16
5.825300000000000000e+04 8.150851566385824316e-15 8.611366766609725832e-15 1.712614113731072303e-16
