5.751588785050000297e+04 6.663910855500000248e-15 6.849201291263413506e-15
5.753177570089999790e+04 6.644934699259999980e-15 7.007690416822822480e-15
5.754485981310000352e+04 6.606682842080000380e-15 7.129539242259357212e-15
5.755514018689999648e+04 6.683770668579999899e-15 7.221485091598646172e-15
5.756261682239999936e+04 6.597352024920000271e-15 7.271974679602746665e-15
5.757009345790000225e+04 6.607087227410000387e-15 7.330467241646369945e-15
5.759813084109999909e+04 6.790228852139999881e-15 7.501454021333296129e-15
5.762710280369999964e+04 6.829154684880000146e-15 7.632048478311558519e-15
5.765700934579999739e+04 6.896941648690000332e-15 7.740498725759234136e-15
5.768130841119999968e+04 6.916561826019999702e-15 7.807203355826759085e-15
5.769345794390000083e+04 6.945602683919999925e-15 7.842653424213504812e-15
5.770000000000000000e+04 6.907245986099999781e-15 7.865207057297331379e-15
5.772149532709999767e+04 7.032590462499999675e-15 7.940266556761134114e-15
5.772710280369999964e+04 7.378834172060000676e-15 7.966005681547996972e-15
5.774018691589999798e+04 7.446351545649999805e-15 8.005751996175308885e-15
5.774859813079999731e+04 7.879178648450000160e-15 8.034801708889233370e-15
5.776355140189999656e+04 7.985187514979999562e-15 8.083421885545065384e-15
5.778691588790000242e+04 8.206715792000000762e-15 8.167534486342806521e-15
5.779532710280000174e+04 8.264542894799999559e-15 8.188198916620969739e-15
5.780186915890000091e+04 8.351186196980000461e-15 8.199203755720425355e-15
5.780841121500000008e+04 8.582060268390000779e-15 8.217481092499268496e-15
5.781775700930000312e+04 8.870671579200000327e-15 8.233998982544396177e-15
5.784672897199999716e+04 8.871135873470000305e-15 8.276803778777637961e-15
5.787663551400000142e+04 8.910076683440000369e-15 8.320041294493730335e-15
5.788598130839999794e+04 9.294841840399999661e-15 8.330603284186238226e-15
5.789439252339999803e+04 9.371899712439999585e-15 8.335068438317923187e-15
5.790093457939999644e+04 9.410466091539999236e-15 8.337604303502993301e-15
5.790934579439999652e+04 9.602908578960000431e-15 8.344400183048286760e-15
5.791682242989999941e+04 9.708797627609999891e-15 8.350766920979943104e-15
5.792336448599999858e+04 9.776210160559999266e-15 8.351768517450724095e-15
5.793177570089999790e+04 9.862883417209999365e-15 8.356496864730520951e-15
5.794859813079999731e+04 9.815076084350000749e-15 8.373810817009688765e-15
5.795514018689999648e+04 9.795950155760000554e-15 8.379808642820806687e-15
5.797943925229999877e+04 9.777108794630000026e-15 8.396473721556168417e-15
5.801775700930000312e+04 9.739261322789999245e-15 8.422540463272433769e-15
5.803457943930000329e+04 9.710684759170000179e-15 8.424196727889157014e-15
5.805420560750000004e+04 9.691768511859999493e-15 8.425772701224331799e-15
5.806074766359999921e+04 9.364950275580000517e-15 8.424343305340956861e-15
5.806915887849999854e+04 9.211238916849999878e-15 8.424390479801778505e-15
5.807663551400000142e+04 9.124820273180000649e-15 8.424373919184726598e-15
5.808411214949999703e+04 9.086478552600000693e-15 8.418617901282476319e-15
