5.701600000000000000e+04 8.108428534867264062e-15 0.000000000000000000e+00
5.702100000000000000e+04 8.108428534867264062e-15 0.000000000000000000e+00
5.702600000000000000e+04 8.108428534867264062e-15 0.000000000000000000e+00
5.703100000000000000e+04 8.108428534867264062e-15 0.000000000000000000e+00
5.703600000000000000e+04 8.108428534867264062e-15 0.000000000000000000e+00
5.704100000000000000e+04 8.108428534867264062e-15 0.000000000000000000e+00
5.704600000000000000e+04 8.108428534867264062e-15 0.000000000000000000e+00
5.705100000000000000e+04 8.108428534867264062e-15 0.000000000000000000e+00
5.705600000000000000e+04 8.108428534867264062e-15 0.000000000000000000e+00
5.706100000000000000e+04 8.108428534867264062e-15 0.000000000000000000e+00
5.706600000000000000e+04 8.108428534867264062e-15 0.000000000000000000e+00
5.707100000000000000e+04 8.108428534867264062e-15 0.000000000000000000e+00
5.707600000000000000e+04 8.108428534867264062e-15 0.000000000000000000e+00
5.708100000000000000e+04 8.108428534867264062e-15 0.000000000000000000e+00
5.708600000000000000e+04 8.108428534867264062e-15 0.000000000000000000e+00
5.709100000000000000e+04 8.108428534867264062e-15 0.000000000000000000e+00
5.709600000000000000e+04 8.108428534867264062e-15 0.000000000000000000e+00
5.710100000000000000e+04 8.108428534867264062e-15 0.000000000000000000e+00
5.710600000000000000e+04 8.108428534867265640e-15 0.000000000000000000e+00
5.711100000000000000e+04 8.108428534867264062e-15 0.000000000000000000e+00
5.711600000000000000e+04 8.108428534867265640e-15 0.000000000000000000e+00
5.712100000000000000e+04 8.108428534867264062e-15 0.000000000000000000e+00
5.712600000000000000e+04 8.108428534867264062e-15 0.000000000000000000e+00
5.713100000000000000e+04 8.108428534867264062e-15 0.000000000000000000e+00
5.713600000000000000e+04 8.108428534867264062e-15 0.000000000000000000e+00
5.714100000000000000e+04 8.108428534867264062e-15 0.000000000000000000e+00
5.714600000000000000e+04 8.108428534867264062e-15 0.000000000000000000e+00
5.715100000000000000e+04 8.108428534867264062e-15 0.000000000000000000e+00
5.715600000000000000e+04 8.108428534867264062e-15 0.000000000000000000e+00
5.716100000000000000e+04 8.108428534867264062e-15 0.000000000000000000e+00
5.716600000000000000e+04 8.108428534867264062e-15 0.000000000000000000e+00
5.717100000000000000e+04 8.108428534867262484e-15 0.000000000000000000e+00
5.717600000000000000e+04 8.108428534867264062e-15 0.000000000000000000e+00
5.718100000000000000e+04 8.108428534867264062e-15 0.000000000000000000e+00
5.718600000000000000e+04 8.108428534867264062e-15 0.000000000000000000e+00
5.719100000000000000e+04 8.108428534867264062e-15 0.000000000000000000e+00
5.719600000000000000e+04 8.108428534867264062e-15 0.000000000000000000e+00
5.720100000000000000e+04 8.108428534867264062e-15 0.000000000000000000e+00
5.720600000000000000e+04 8.108428534867264062e-15 0.000000000000000000e+00
5.721100000000000000e+04 8.108428534867264062e-15 0.000000000000000000e+00
5.721600000000000000e+04 8.108428534867264062e-15 0.000000000000000000e+00
5.722100000000000000e+04 8.108428534867264062e-15 0.000000000000000000e+00
5.722600000000000000e+04 8.108428534867264062e-15 0.000000000000000000e+00
5.723100000000000000e+04 8.108428534867264062e-15 0.000000000000000000e+00
5.723600000000000000e+04 8.108428534867264062e-15 0.000000000000000000e+00
5.724100000000000000e+04 8.108428534867264062e-15 0.000000000000000000e+00
5.724600000000000000e+04 8.108428534867264062e-15 0.000000000000000000e+00
5.725100000000000000e+04 8.108428534867264062e-15 0.000000000000000000e+00
5.725600000000000000e+04 8.108428534867264062e-15 0.000000000000000000e+00
5.726100000000000000e+04 8.108428534867264062e-15 0.000000000000000000e+00
5.726600000000000000e+04 8.108428534867264062e-15 0.000000000000000000e+00
5.727100000000000000e+04 8.108428534867264062e-15 0.000000000000000000e+00
5.727600000000000000e+04 8.108428534867264062e-15 0.000000000000000000e+00
5.728100000000000000e+04 8.108428534867264062e-15 0.000000000000000000e+00
5.728600000000000000e+04 8.108428534867264062e-15 0.000000000000000000e+00
5.729100000000000000e+04 8.108428534867265640e-15 0.000000000000000000e+00
5.729600000000000000e+04 8.108428534867264062e-15 0.000000000000000000e+00
5.730100000000000000e+04 8.108428534867264062e-15 0.000000000000000000e+00
5.730600000000000000e+04 8.108428534867264062e-15 0.000000000000000000e+00
5.731100000000000000e+04 8.108428534867264062e-15 0.000000000000000000e+00
5.731600000000000000e+04 8.108428534867262484e-15 0.000000000000000000e+00
5.732100000000000000e+04 8.108428534867264062e-15 0.000000000000000000e+00
5.732600000000000000e+04 8.108428534867264062e-15 0.000000000000000000e+00
5.733100000000000000e+04 8.108428534867264062e-15 0.000000000000000000e+00
5.733600000000000000e+04 8.108428534867264062e-15 0.000000000000000000e+00
5.734100000000000000e+04 8.108428534867264062e-15 0.000000000000000000e+00
5.734600000000000000e+04 8.108428534867264062e-15 0.000000000000000000e+00
5.735100000000000000e+04 8.108428534867264062e-15 0.000000000000000000e+00
5.735600000000000000e+04 8.108428534867264062e-15 0.000000000000000000e+00
5.736100000000000000e+04 8.108428534867264062e-15 0.000000000000000000e+00
5.736600000000000000e+04 8.108428534867264062e-15 0.000000000000000000e+00
5.737100000000000000e+04 8.108428534867264062e-15 0.000000000000000000e+00
5.737600000000000000e+04 8.108428534867264062e-15 0.000000000000000000e+00
5.738100000000000000e+04 8.108428534867264062e-15 0.000000000000000000e+00
5.738600000000000000e+04 8.108428534867264062e-15 0.000000000000000000e+00
5.739100000000000000e+04 8.108428534867264062e-15 0.000000000000000000e+00
5.739600000000000000e+04 8.108428534867264062e-15 0.000000000000000000e+00
5.740100000000000000e+04 8.108428534867264062e-15 0.000000000000000000e+00
5.740600000000000000e+04 8.108428534867262484e-15 0.000000000000000000e+00
5.741100000000000000e+04 8.108428534867264062e-15 0.000000000000000000e+00
5.741600000000000000e+04 8.108428534867264062e-15 0.000000000000000000e+00
5.742100000000000000e+04 8.108428534867264062e-15 0.000000000000000000e+00
5.742600000000000000e+04 8.108428534867264062e-15 0.000000000000000000e+00
5.743100000000000000e+04 8.108428534867264062e-15 0.000000000000000000e+00
5.743600000000000000e+04 8.108428534867264062e-15 0.000000000000000000e+00
5.744100000000000000e+04 8.108428534867264062e-15 0.000000000000000000e+00
5.744600000000000000e+04 8.108428534867264062e-15 0.000000000000000000e+00
5.745100000000000000e+04 8.108428534867264062e-15 0.000000000000000000e+00
5.745600000000000000e+04 8.108428534867264062e-15 0.000000000000000000e+00
5.746100000000000000e+04 8.108428534867264062e-15 0.000000000000000000e+00
5.746600000000000000e+04 8.108428534867264062e-15 0.000000000000000000e+00
5.747100000000000000e+04 8.108428534867264062e-15 0.000000000000000000e+00
5.747600000000000000e+04 8.108428534867264062e-15 0.000000000000000000e+00
5.748100000000000000e+04 8.108428534867264062e-15 0.000000000000000000e+00
5.748600000000000000e+04 8.108428534867264062e-15 0.000000000000000000e+00
5.749100000000000000e+04 8.108428534867264062e-15 0.000000000000000000e+00
5.749600000000000000e+04 8.108428534867264062e-15 0.000000000000000000e+00
5.750100000000000000e+04 8.108428534867264062e-15 0.000000000000000000e+00
5.750600000000000000e+04 8.108428534867264062e-15 0.000000000000000000e+00
5.751100000000000000e+04 8.108428534867264062e-15 0.000000000000000000e+00
5.751600000000000000e+04 8.108428534867264062e-15 0.000000000000000000e+00
5.752100000000000000e+04 8.108428534867264062e-15 0.000000000000000000e+00
5.752600000000000000e+04 8.108428534867264062e-15 0.000000000000000000e+00
5.753100000000000000e+04 8.108428534867264062e-15 0.000000000000000000e+00
5.753600000000000000e+04 8.108428534867265640e-15 0.000000000000000000e+00
5.754100000000000000e+04 8.108428534867264062e-15 0.000000000000000000e+00
5.754600000000000000e+04 8.108428534867264062e-15 0.000000000000000000e+00
5.755100000000000000e+04 8.108428534867264062e-15 0.000000000000000000e+00
5.755600000000000000e+04 8.108428534867264062e-15 0.000000000000000000e+00
5.756100000000000000e+04 8.108428534867264062e-15 0.000000000000000000e+00
5.756600000000000000e+04 8.108428534867264062e-15 0.000000000000000000e+00
5.757100000000000000e+04 8.108428534867264062e-15 0.000000000000000000e+00
5.757600000000000000e+04 8.108428534867264062e-15 0.000000000000000000e+00
5.758100000000000000e+04 8.108428534867264062e-15 0.000000000000000000e+00
5.758600000000000000e+04 8.108428534867264062e-15 0.000000000000000000e+00
5.759100000000000000e+04 8.108428534867264062e-15 0.000000000000000000e+00
5.759600000000000000e+04 8.108428534867264062e-15 0.000000000000000000e+00
5.760100000000000000e+04 8.108428534867264062e-15 0.000000000000000000e+00
5.760600000000000000e+04 8.108428534867264062e-15 0.000000000000000000e+00
5.761100000000000000e+04 8.108428534867264062e-15 0.000000000000000000e+00
5.761600000000000000e+04 8.108428534867264062e-15 0.000000000000000000e+00
5.762100000000000000e+04 8.108428534867264062e-15 0.000000000000000000e+00
5.762600000000000000e+04 8.108428534867264062e-15 0.000000000000000000e+00
5.763100000000000000e+04 8.108428534867264062e-15 0.000000000000000000e+00
5.763600000000000000e+04 8.108428534867264062e-15 0.000000000000000000e+00
5.764100000000000000e+04 8.108428534867264062e-15 0.000000000000000000e+00
5.764600000000000000e+04 8.108428534867264062e-15 0.000000000000000000e+00
5.765100000000000000e+04 8.108428534867264062e-15 0.000000000000000000e+00
5.765600000000000000e+04 8.108428534867264062e-15 0.000000000000000000e+00
5.766100000000000000e+04 8.108428534867264062e-15 0.000000000000000000e+00
5.766600000000000000e+04 8.108428534867264062e-15 0.000000000000000000e+00
5.767100000000000000e+04 8.108428534867264062e-15 0.000000000000000000e+00
5.767600000000000000e+04 8.108428534867264062e-15 0.000000000000000000e+00
5.768100000000000000e+04 8.108428534867264062e-15 0.000000000000000000e+00
5.768600000000000000e+04 8.108428534867262484e-15 0.000000000000000000e+00
5.769100000000000000e+04 8.108428534867264062e-15 0.000000000000000000e+00
5.769600000000000000e+04 8.108428534867264062e-15 0.000000000000000000e+00
5.770100000000000000e+04 8.108428534867264062e-15 0.000000000000000000e+00
5.770600000000000000e+04 8.108428534867264062e-15 0.000000000000000000e+00
5.771100000000000000e+04 8.108428534867264062e-15 0.000000000000000000e+00
5.771600000000000000e+04 8.108428534867264062e-15 0.000000000000000000e+00
5.772100000000000000e+04 8.108428534867264062e-15 0.000000000000000000e+00
5.772600000000000000e+04 8.108428534867264062e-15 0.000000000000000000e+00
5.773100000000000000e+04 8.108428534867264062e-15 0.000000000000000000e+00
5.773600000000000000e+04 8.108428534867264062e-15 0.000000000000000000e+00
5.774100000000000000e+04 8.108428534867264062e-15 0.000000000000000000e+00
5.774600000000000000e+04 8.108428534867264062e-15 0.000000000000000000e+00
5.775100000000000000e+04 8.108428534867264062e-15 0.000000000000000000e+00
5.775600000000000000e+04 8.108428534867264062e-15 0.000000000000000000e+00
5.776100000000000000e+04 8.108428534867264062e-15 0.000000000000000000e+00
5.776600000000000000e+04 8.108428534867264062e-15 0.000000000000000000e+00
5.777100000000000000e+04 8.108428534867264062e-15 0.000000000000000000e+00
5.777600000000000000e+04 8.108428534867264062e-15 0.000000000000000000e+00
5.778100000000000000e+04 8.108428534867264062e-15 0.000000000000000000e+00
5.778600000000000000e+04 8.108428534867264062e-15 0.000000000000000000e+00
5.779100000000000000e+04 8.108428534867264062e-15 0.000000000000000000e+00
5.779600000000000000e+04 8.108428534867264062e-15 0.000000000000000000e+00
5.780100000000000000e+04 8.108428534867264062e-15 0.000000000000000000e+00
5.780600000000000000e+04 8.108428534867264062e-15 0.000000000000000000e+00
5.781100000000000000e+04 8.108428534867264062e-15 0.000000000000000000e+00
5.781600000000000000e+04 8.108428534867264062e-15 0.000000000000000000e+00
5.782100000000000000e+04 8.108428534867264062e-15 0.000000000000000000e+00
5.782600000000000000e+04 8.108428534867264062e-15 0.000000000000000000e+00
5.783100000000000000e+04 8.108428534867264062e-15 0.000000000000000000e+00
5.783600000000000000e+04 8.108428534867264062e-15 0.000000000000000000e+00
5.784100000000000000e+04 8.108428534867264062e-15 0.000000000000000000e+00
5.784600000000000000e+04 8.108428534867264062e-15 0.000000000000000000e+00
5.785100000000000000e+04 8.108428534867264062e-15 0.000000000000000000e+00
5.785600000000000000e+04 8.108428534867264062e-15 0.000000000000000000e+00
5.786100000000000000e+04 8.108428534867264062e-15 0.000000000000000000e+00
5.786600000000000000e+04 8.108428534867264062e-15 0.000000000000000000e+00
5.787100000000000000e+04 8.108428534867264062e-15 0.000000000000000000e+00
5.787600000000000000e+04 8.108428534867264062e-15 0.000000000000000000e+00
5.788100000000000000e+04 8.108428534867264062e-15 0.000000000000000000e+00
5.788600000000000000e+04 8.108428534867264062e-15 0.000000000000000000e+00
5.789100000000000000e+04 8.108428534867264062e-15 0.000000000000000000e+00
5.789600000000000000e+04 8.108428534867264062e-15 0.000000000000000000e+00
5.790100000000000000e+04 8.108428534867264062e-15 0.000000000000000000e+00
5.790600000000000000e+04 8.108428534867264062e-15 0.000000000000000000e+00
5.791100000000000000e+04 8.108428534867264062e-15 0.000000000000000000e+00
5.791600000000000000e+04 8.108428534867264062e-15 0.000000000000000000e+00
5.792100000000000000e+04 8.108428534867264062e-15 0.000000000000000000e+00
5.792600000000000000e+04 8.108428534867264062e-15 0.000000000000000000e+00
5.793100000000000000e+04 8.108428534867264062e-15 0.000000000000000000e+00
5.793600000000000000e+04 8.108428534867264062e-15 0.000000000000000000e+00
5.794100000000000000e+04 8.108428534867264062e-15 0.000000000000000000e+00
5.794600000000000000e+04 8.108428534867264062e-15 0.000000000000000000e+00
5.795100000000000000e+04 8.108428534867264062e-15 0.000000000000000000e+00
5.795600000000000000e+04 8.108428534867264062e-15 0.000000000000000000e+00
5.796100000000000000e+04 8.108428534867264062e-15 0.000000000000000000e+00
5.796600000000000000e+04 8.108428534867264062e-15 0.000000000000000000e+00
5.797100000000000000e+04 8.108428534867264062e-15 0.000000000000000000e+00
5.797600000000000000e+04 8.108428534867264062e-15 0.000000000000000000e+00
5.798100000000000000e+04 8.108428534867264062e-15 0.000000000000000000e+00
5.798600000000000000e+04 8.108428534867264062e-15 0.000000000000000000e+00
5.799100000000000000e+04 8.108428534867264062e-15 0.000000000000000000e+00
5.799600000000000000e+04 8.108428534867264062e-15 0.000000000000000000e+00
5.800100000000000000e+04 8.108428534867264062e-15 0.000000000000000000e+00
5.800600000000000000e+04 8.108428534867264062e-15 0.000000000000000000e+00
5.801100000000000000e+04 8.108428534867264062e-15 0.000000000000000000e+00
5.801600000000000000e+04 8.108428534867264062e-15 0.000000000000000000e+00
5.802100000000000000e+04 8.108428534867264062e-15 0.000000000000000000e+00
5.802600000000000000e+04 8.108428534867264062e-15 0.000000000000000000e+00
5.803100000000000000e+04 8.108428534867264062e-15 0.000000000000000000e+00
5.803600000000000000e+04 8.108428534867264062e-15 0.000000000000000000e+00
5.804100000000000000e+04 8.108428534867264062e-15 0.000000000000000000e+00
5.804600000000000000e+04 8.108428534867264062e-15 0.000000000000000000e+00
5.805100000000000000e+04 8.108428534867264062e-15 0.000000000000000000e+00
5.805600000000000000e+04 8.108428534867264062e-15 0.000000000000000000e+00
5.806100000000000000e+04 8.108428534867264062e-15 0.000000000000000000e+00
5.806600000000000000e+04 8.108428534867264062e-15 0.000000000000000000e+00
5.807100000000000000e+04 8.108428534867264062e-15 0.000000000000000000e+00
5.807600000000000000e+04 8.108428534867264062e-15 0.000000000000000000e+00
5.808100000000000000e+04 8.108428534867264062e-15 0.000000000000000000e+00
5.808600000000000000e+04 8.108428534867264062e-15 0.000000000000000000e+00
5.809100000000000000e+04 8.108428534867264062e-15 0.000000000000000000e+00
5.809600000000000000e+04 8.108428534867264062e-15 0.000000000000000000e+00
5.810100000000000000e+04 8.108428534867264062e-15 0.000000000000000000e+00
5.810600000000000000e+04 8.108428534867264062e-15 0.000000000000000000e+00
5.811100000000000000e+04 8.108428534867264062e-15 0.000000000000000000e+00
5.811600000000000000e+04 8.108428534867264062e-15 0.000000000000000000e+00
5.812100000000000000e+04 8.108428534867264062e-15 0.000000000000000000e+00
5.812600000000000000e+04 8.108428534867264062e-15 0.000000000000000000e+00
5.813100000000000000e+04 8.108428534867264062e-15 0.000000000000000000e+00
5.813600000000000000e+04 8.108428534867264062e-15 0.000000000000000000e+00
5.814100000000000000e+04 8.108428534867264062e-15 0.000000000000000000e+00
5.814600000000000000e+04 8.108428534867264062e-15 0.000000000000000000e+00
5.815100000000000000e+04 8.108428534867264062e-15 0.000000000000000000e+00
5.815600000000000000e+04 8.108428534867264062e-15 0.000000000000000000e+00
5.816100000000000000e+04 8.108428534867264062e-15 0.000000000000000000e+00
5.816600000000000000e+04 8.108428534867264062e-15 0.000000000000000000e+00
5.817100000000000000e+04 8.108428534867264062e-15 0.000000000000000000e+00
5.817600000000000000e+04 8.108428534867264062e-15 0.000000000000000000e+00
5.818100000000000000e+04 8.108428534867264062e-15 0.000000000000000000e+00
5.818600000000000000e+04 8.108428534867264062e-15 0.000000000000000000e+00
5.819100000000000000e+04 8.108428534867264062e-15 0.000000000000000000e+00
