5.751588785050000297e+04 6.663910855500000248e-15 6.442132433272025407e-15
5.753177570089999790e+04 6.644934699259999980e-15 6.565987276956982195e-15
5.754485981310000352e+04 6.606682842080000380e-15 6.658628264773593178e-15
5.755514018689999648e+04 6.683770668579999899e-15 6.718763921410914436e-15
5.756261682239999936e+04 6.597352024920000271e-15 6.745792243751625151e-15
5.757009345790000225e+04 6.607087227410000387e-15 6.775861468392423111e-15
5.759813084109999909e+04 6.790228852139999881e-15 6.854033681373870683e-15
5.762710280369999964e+04 6.829154684880000146e-15 6.917675788874742768e-15
5.765700934579999739e+04 6.896941648690000332e-15 6.979944798485242997e-15
5.768130841119999968e+04 6.916561826019999702e-15 7.086477461193471206e-15
5.769345794390000083e+04 6.945602683919999925e-15 7.186780280481378258e-15
5.770000000000000000e+04 6.907245986099999781e-15 7.255565584928894925e-15
5.772149532709999767e+04 7.032590462499999675e-15 7.486699881272972984e-15
5.772710280369999964e+04 7.378834172060000676e-15 7.559165217252181513e-15
5.774018691589999798e+04 7.446351545649999805e-15 7.697662191668280806e-15
5.774859813079999731e+04 7.879178648450000160e-15 7.784881429395490501e-15
5.776355140189999656e+04 7.985187514979999562e-15 7.931374541599624641e-15
5.778691588790000242e+04 8.206715792000000762e-15 8.135292550052374882e-15
5.779532710280000174e+04 8.264542894799999559e-15 8.188587751682472693e-15
5.780186915890000091e+04 8.351186196980000461e-15 8.222165970623659218e-15
5.780841121500000008e+04 8.582060268390000779e-15 8.265591515708988735e-15
5.781775700930000312e+04 8.870671579200000327e-15 8.311945314312085440e-15
5.784672897199999716e+04 8.871135873470000305e-15 8.439406841156668271e-15
5.787663551400000142e+04 8.910076683440000369e-15 8.614657879509778000e-15
5.788598130839999794e+04 9.294841840399999661e-15 8.681124663404330905e-15
5.789439252339999803e+04 9.371899712439999585e-15 8.731367545543042547e-15
5.790093457939999644e+04 9.410466091539999236e-15 8.773950910097039701e-15
5.790934579439999652e+04 9.602908578960000431e-15 8.826595633016038774e-15
5.791682242989999941e+04 9.708797627609999891e-15 8.872208754921451625e-15
5.792336448599999858e+04 9.776210160559999266e-15 8.910450530622476894e-15
5.793177570089999790e+04 9.862883417209999365e-15 8.956276253112381622e-15
5.794859813079999731e+04 9.815076084350000749e-15 9.054876925787507109e-15
5.795514018689999648e+04 9.795950155760000554e-15 9.094257303302309878e-15
5.797943925229999877e+04 9.777108794630000026e-15 9.229720738175005289e-15
5.801775700930000312e+04 9.739261322789999245e-15 9.377115585153355761e-15
5.803457943930000329e+04 9.710684759170000179e-15 9.396730925576017339e-15
5.805420560750000004e+04 9.691768511859999493e-15 9.393096282055509032e-15
5.806074766359999921e+04 9.364950275580000517e-15 9.383803891561764775e-15
5.806915887849999854e+04 9.211238916849999878e-15 9.367444627108239226e-15
5.807663551400000142e+04 9.124820273180000649e-15 9.351463509451288139e-15
5.808411214949999703e+04 9.086478552600000693e-15 9.324324122640846844e-15
