5.711600000000000000e+04 7.720904557658224257e-15 0.000000000000000000e+00
5.712600000000000000e+04 7.521613112263824701e-15 0.000000000000000000e+00
5.713600000000000000e+04 7.285966841359818035e-15 0.000000000000000000e+00
5.714600000000000000e+04 7.299728249050125792e-15 0.000000000000000000e+00
5.715600000000000000e+04 7.426988924736097441e-15 0.000000000000000000e+00
5.716600000000000000e+04 6.990339325339711147e-15 0.000000000000000000e+00
5.717600000000000000e+04 6.992766943788069824e-15 0.000000000000000000e+00
5.718600000000000000e+04 7.074386168419173295e-15 0.000000000000000000e+00
5.719600000000000000e+04 6.851474848864537275e-15 0.000000000000000000e+00
5.720600000000000000e+04 6.828628810245818630e-15 0.000000000000000000e+00
5.721600000000000000e+04 7.099379206626371599e-15 0.000000000000000000e+00
5.722600000000000000e+04 6.843219422469216775e-15 0.000000000000000000e+00
5.723600000000000000e+04 6.984588335552574648e-15 0.000000000000000000e+00
5.724600000000000000e+04 6.951552450813517814e-15 0.000000000000000000e+00
5.725600000000000000e+04 7.073405166650492630e-15 0.000000000000000000e+00
5.726600000000000000e+04 6.685065525688149003e-15 0.000000000000000000e+00
5.727600000000000000e+04 6.928445305167491006e-15 0.000000000000000000e+00
5.728600000000000000e+04 6.947827482153004536e-15 0.000000000000000000e+00
5.729600000000000000e+04 7.011019066499312440e-15 0.000000000000000000e+00
5.730600000000000000e+04 7.329340885416307077e-15 0.000000000000000000e+00
5.731600000000000000e+04 7.252991325342573206e-15 0.000000000000000000e+00
5.732600000000000000e+04 7.263286309338704618e-15 0.000000000000000000e+00
5.733600000000000000e+04 7.493682838201046291e-15 0.000000000000000000e+00
5.734600000000000000e+04 7.183501722906147562e-15 0.000000000000000000e+00
5.735600000000000000e+04 7.116108597210585309e-15 0.000000000000000000e+00
5.736600000000000000e+04 6.847436347754448032e-15 0.000000000000000000e+00
5.737600000000000000e+04 6.966562241075583185e-15 0.000000000000000000e+00
5.738600000000000000e+04 7.112104029251690295e-15 0.000000000000000000e+00
5.739600000000000000e+04 7.234747365492472404e-15 0.000000000000000000e+00
5.740600000000000000e+04 6.980102811576466191e-15 0.000000000000000000e+00
5.741600000000000000e+04 7.076500424330522577e-15 0.000000000000000000e+00
5.742600000000000000e+04 7.054382811941207169e-15 0.000000000000000000e+00
5.743600000000000000e+04 7.148826895081658555e-15 0.000000000000000000e+00
5.744600000000000000e+04 7.248187198249697964e-15 0.000000000000000000e+00
5.745600000000000000e+04 7.426005531009837570e-15 0.000000000000000000e+00
5.746600000000000000e+04 7.400054032895777509e-15 0.000000000000000000e+00
5.747600000000000000e+04 7.361643073104731388e-15 0.000000000000000000e+00
5.748600000000000000e+04 7.338106309966013023e-15 0.000000000000000000e+00
5.749600000000000000e+04 6.915061772699267125e-15 0.000000000000000000e+00
5.750600000000000000e+04 6.832346050317173952e-15 0.000000000000000000e+00
5.751600000000000000e+04 6.719163411341121407e-15 0.000000000000000000e+00
5.752600000000000000e+04 7.030997010999258597e-15 0.000000000000000000e+00
5.753600000000000000e+04 6.984794812332290507e-15 0.000000000000000000e+00
5.754600000000000000e+04 7.147348289799915669e-15 0.000000000000000000e+00
5.755600000000000000e+04 6.996107252574170382e-15 0.000000000000000000e+00
5.756600000000000000e+04 6.995149294519013570e-15 0.000000000000000000e+00
5.757600000000000000e+04 7.193523414986027267e-15 0.000000000000000000e+00
5.758600000000000000e+04 7.142169762433085954e-15 0.000000000000000000e+00
5.759600000000000000e+04 6.882141386533484061e-15 0.000000000000000000e+00
5.760600000000000000e+04 6.846916414252440984e-15 0.000000000000000000e+00
5.761600000000000000e+04 6.950767039808411402e-15 0.000000000000000000e+00
5.762600000000000000e+04 6.977498539418476735e-15 0.000000000000000000e+00
5.763600000000000000e+04 7.463721112334866877e-15 0.000000000000000000e+00
5.764600000000000000e+04 7.312156695829703274e-15 0.000000000000000000e+00
5.765600000000000000e+04 7.271775951985184977e-15 0.000000000000000000e+00
5.766600000000000000e+04 7.205735860164139249e-15 0.000000000000000000e+00
5.767600000000000000e+04 7.449247139780048843e-15 0.000000000000000000e+00
5.768600000000000000e+04 7.985467029868897344e-15 0.000000000000000000e+00
5.769600000000000000e+04 8.577154645684431600e-15 0.000000000000000000e+00
5.770600000000000000e+04 9.005478843074283208e-15 0.000000000000000000e+00
5.771600000000000000e+04 8.913495870075528834e-15 0.000000000000000000e+00
5.772600000000000000e+04 8.818398430732154589e-15 0.000000000000000000e+00
5.773600000000000000e+04 8.594595662271266685e-15 0.000000000000000000e+00
5.774600000000000000e+04 8.846345445701730330e-15 0.000000000000000000e+00
5.775600000000000000e+04 9.082541914269440566e-15 0.000000000000000000e+00
5.776600000000000000e+04 9.368569836492431679e-15 0.000000000000000000e+00
5.777600000000000000e+04 9.427719623664154139e-15 0.000000000000000000e+00
5.778600000000000000e+04 9.135478044730064667e-15 0.000000000000000000e+00
5.779600000000000000e+04 9.285004144078399096e-15 0.000000000000000000e+00
5.780600000000000000e+04 9.313409245824941180e-15 0.000000000000000000e+00
5.781600000000000000e+04 8.919890451482805073e-15 0.000000000000000000e+00
5.782600000000000000e+04 9.103425647445845577e-15 0.000000000000000000e+00
5.783600000000000000e+04 9.303409980448021173e-15 0.000000000000000000e+00
5.784600000000000000e+04 9.045593710853201632e-15 0.000000000000000000e+00
5.785600000000000000e+04 9.421919825767933906e-15 0.000000000000000000e+00
5.786600000000000000e+04 9.200097313091573732e-15 0.000000000000000000e+00
5.787600000000000000e+04 9.125446164696534584e-15 0.000000000000000000e+00
5.788600000000000000e+04 9.033096777520220263e-15 0.000000000000000000e+00
5.789600000000000000e+04 8.954586641771685392e-15 0.000000000000000000e+00
5.790600000000000000e+04 9.362050286621288915e-15 0.000000000000000000e+00
5.791600000000000000e+04 9.206074485216408315e-15 0.000000000000000000e+00
5.792600000000000000e+04 9.185167008576990246e-15 0.000000000000000000e+00
5.793600000000000000e+04 9.321676057055173920e-15 0.000000000000000000e+00
5.794600000000000000e+04 9.172456599084739691e-15 0.000000000000000000e+00
5.795600000000000000e+04 9.422167858321536131e-15 0.000000000000000000e+00
5.796600000000000000e+04 9.175399010842580894e-15 0.000000000000000000e+00
5.797600000000000000e+04 9.094885873915442978e-15 0.000000000000000000e+00
5.798600000000000000e+04 9.404090097021897158e-15 0.000000000000000000e+00
5.799600000000000000e+04 9.555688555546145697e-15 0.000000000000000000e+00
5.800600000000000000e+04 9.469676762715804607e-15 0.000000000000000000e+00
5.801600000000000000e+04 9.327278672097384540e-15 0.000000000000000000e+00
5.802600000000000000e+04 9.455773685015590598e-15 0.000000000000000000e+00
5.803600000000000000e+04 9.225493486757309264e-15 0.000000000000000000e+00
5.804600000000000000e+04 9.371802226861005065e-15 0.000000000000000000e+00
5.805600000000000000e+04 9.343565408435985167e-15 0.000000000000000000e+00
5.806600000000000000e+04 8.941808865019282375e-15 0.000000000000000000e+00
5.807600000000000000e+04 8.942627649009695135e-15 0.000000000000000000e+00
5.808600000000000000e+04 8.745530475170780351e-15 0.000000000000000000e+00
5.809600000000000000e+04 8.800398766586251966e-15 0.000000000000000000e+00
5.810600000000000000e+04 8.814440077594800662e-15 0.000000000000000000e+00
5.811600000000000000e+04 8.571051679773088898e-15 0.000000000000000000e+00
5.812600000000000000e+04 8.541164416421052581e-15 0.000000000000000000e+00
5.813600000000000000e+04 8.586189994352362549e-15 0.000000000000000000e+00
5.814600000000000000e+04 8.320803404080480867e-15 0.000000000000000000e+00
5.815600000000000000e+04 8.117167624463377914e-15 0.000000000000000000e+00
5.816600000000000000e+04 8.108428534867264062e-15 0.000000000000000000e+00
5.817600000000000000e+04 8.108428534867264062e-15 0.000000000000000000e+00
5.818600000000000000e+04 8.108428534867264062e-15 0.000000000000000000e+00
