5.751588785050000297e+04 6.663910855500000248e-15 6.667523923105821119e-15
5.753177570089999790e+04 6.644934699259999980e-15 6.636646267364787422e-15
5.754485981310000352e+04 6.606682842080000380e-15 6.626518835066766483e-15
5.755514018689999648e+04 6.683770668579999899e-15 6.632768843744837210e-15
5.756261682239999936e+04 6.597352024920000271e-15 6.643545853182145385e-15
5.757009345790000225e+04 6.607087227410000387e-15 6.661004642352743648e-15
5.759813084109999909e+04 6.790228852139999881e-15 6.745959968895573113e-15
5.762710280369999964e+04 6.829154684880000146e-15 6.809478405724753981e-15
5.765700934579999739e+04 6.896941648690000332e-15 6.834401319277183064e-15
5.768130841119999968e+04 6.916561826019999702e-15 6.894306467485167097e-15
5.769345794390000083e+04 6.945602683919999925e-15 6.963781155796581010e-15
5.770000000000000000e+04 6.907245986099999781e-15 7.019092913100876239e-15
5.772149532709999767e+04 7.032590462499999675e-15 7.248637602392307295e-15
5.772710280369999964e+04 7.378834172060000676e-15 7.328729553677725108e-15
5.774018691589999798e+04 7.446351545649999805e-15 7.517027147451251467e-15
5.774859813079999731e+04 7.879178648450000160e-15 7.640402106147849889e-15
5.776355140189999656e+04 7.985187514979999562e-15 7.874193350460893218e-15
5.778691588790000242e+04 8.206715792000000762e-15 8.231968537689089365e-15
5.779532710280000174e+04 8.264542894799999559e-15 8.343776015010406648e-15
5.780186915890000091e+04 8.351186196980000461e-15 8.424140928508719483e-15
5.780841121500000008e+04 8.582060268390000779e-15 8.512906904799974340e-15
5.781775700930000312e+04 8.870671579200000327e-15 8.619169495606983584e-15
5.784672897199999716e+04 8.871135873470000305e-15 8.919080823047807907e-15
5.787663551400000142e+04 8.910076683440000369e-15 9.215801491954479524e-15
5.788598130839999794e+04 9.294841840399999661e-15 9.318731695201286098e-15
5.789439252339999803e+04 9.371899712439999585e-15 9.400325742653866359e-15
5.790093457939999644e+04 9.410466091539999236e-15 9.469600532569375771e-15
5.790934579439999652e+04 9.602908578960000431e-15 9.544207727576342553e-15
5.791682242989999941e+04 9.708797627609999891e-15 9.604279395074870837e-15
5.792336448599999858e+04 9.776210160559999266e-15 9.658236624076279722e-15
5.793177570089999790e+04 9.862883417209999365e-15 9.711300604738998014e-15
5.794859813079999731e+04 9.815076084350000749e-15 9.791464244931805322e-15
5.795514018689999648e+04 9.795950155760000554e-15 9.811791460398834432e-15
5.797943925229999877e+04 9.777108794630000026e-15 9.836775442325366807e-15
5.801775700930000312e+04 9.739261322789999245e-15 9.735204720476825438e-15
5.803457943930000329e+04 9.710684759170000179e-15 9.626218323981690186e-15
5.805420560750000004e+04 9.691768511859999493e-15 9.454716028216945442e-15
5.806074766359999921e+04 9.364950275580000517e-15 9.396716350670931762e-15
5.806915887849999854e+04 9.211238916849999878e-15 9.307302407939012486e-15
5.807663551400000142e+04 9.124820273180000649e-15 9.237444602152862585e-15
5.808411214949999703e+04 9.086478552600000693e-15 9.158564285194737694e-15
