5.750800000000000000e+04 8.481110627040082810e-15 1.213868501520097982e-14
5.750800000000000000e+04 8.508480921077560719e-15 1.213868501520097982e-14
5.750800000000000000e+04 8.516386771633772070e-15 1.213868501520097982e-14
5.751600000000000000e+04 8.383395601191679032e-15 1.197807568253895273e-14
5.751600000000000000e+04 8.452149176716845361e-15 1.197807568253895273e-14
5.751600000000000000e+04 8.365503675863215071e-15 1.197807568253895273e-14
5.752300000000000000e+04 7.599216544358801515e-15 1.199128238357676066e-14
5.752300000000000000e+04 7.485254378766113370e-15 1.199128238357676066e-14
5.752300000000000000e+04 7.714075403668874678e-15 1.199128238357676066e-14
5.753000000000000000e+04 7.786158715774851253e-15 1.191361234370541487e-14
5.753000000000000000e+04 7.841858305557332101e-15 1.191361234370541487e-14
5.753000000000000000e+04 7.784370522467058174e-15 1.191361234370541487e-14
5.754700000000000000e+04 8.391263783498826008e-15 1.187426355528793655e-14
5.754700000000000000e+04 8.568003594941839390e-15 1.187426355528793655e-14
5.754700000000000000e+04 8.442724997566124235e-15 1.187426355528793655e-14
5.755400000000000000e+04 nan 1.184194893268189916e-14
5.755400000000000000e+04 7.210648421265533284e-15 1.184194893268189916e-14
5.755400000000000000e+04 6.738880329578162449e-15 1.184194893268189916e-14
5.756200000000000000e+04 7.096586830016833688e-15 1.182042061550055865e-14
5.756200000000000000e+04 7.095427892209106152e-15 1.182042061550055865e-14
5.756200000000000000e+04 7.092251318650736036e-15 1.182042061550055865e-14
5.756900000000000000e+04 nan 1.178012862160836456e-14
5.756900000000000000e+04 nan 1.178012862160836456e-14
5.756900000000000000e+04 nan 1.178012862160836456e-14
5.758300000000000000e+04 nan 1.169841676576685196e-14
5.758300000000000000e+04 nan 1.169841676576685196e-14
5.758300000000000000e+04 nan 1.169841676576685196e-14
5.759100000000000000e+04 nan 1.156097554787021871e-14
5.759100000000000000e+04 nan 1.156097554787021871e-14
5.759100000000000000e+04 nan 1.156097554787021871e-14
5.759800000000000000e+04 7.503225154509546569e-15 1.159700679127841385e-14
5.759800000000000000e+04 7.472031766796120841e-15 1.159700679127841385e-14
5.759800000000000000e+04 7.501726381353981513e-15 1.159700679127841385e-14
5.769100000000000000e+04 nan 1.068293279520768628e-14
5.769100000000000000e+04 nan 1.068293279520768628e-14
5.769100000000000000e+04 nan 1.068293279520768628e-14
5.769300000000000000e+04 nan 1.075705263111554266e-14
5.769300000000000000e+04 nan 1.075705263111554266e-14
5.769300000000000000e+04 nan 1.075705263111554266e-14
5.770100000000000000e+04 9.682300000077558016e-15 1.062408972685513055e-14
5.770100000000000000e+04 9.689640685961070902e-15 1.062408972685513055e-14
5.770100000000000000e+04 9.798803376272248023e-15 1.062408972685513055e-14
5.771100000000000000e+04 8.389114849931103522e-15 1.055950044914769695e-14
5.771100000000000000e+04 nan 1.055950044914769695e-14
5.771100000000000000e+04 8.322005838771591784e-15 1.055950044914769695e-14
5.771900000000000000e+04 8.617907825908465672e-15 1.059830192671447787e-14
5.771900000000000000e+04 8.712408474561960708e-15 1.059830192671447787e-14
5.771900000000000000e+04 8.736672278379252544e-15 1.059830192671447787e-14
5.772600000000000000e+04 8.856953936855307530e-15 1.046834814529006902e-14
5.772600000000000000e+04 8.972437343913428507e-15 1.046834814529006902e-14
5.772600000000000000e+04 8.790120973333923363e-15 1.046834814529006902e-14
5.773300000000000000e+04 9.442315161578778933e-15 1.051013985030942838e-14
5.773300000000000000e+04 9.416712534010767111e-15 1.051013985030942838e-14
5.773300000000000000e+04 9.456577646237309353e-15 1.051013985030942838e-14
5.774100000000000000e+04 nan 1.036630052113464028e-14
5.774100000000000000e+04 nan 1.036630052113464028e-14
5.774100000000000000e+04 nan 1.036630052113464028e-14
5.774900000000000000e+04 9.281141687688972488e-15 1.039746815953586900e-14
5.774900000000000000e+04 9.347161684792972829e-15 1.039746815953586900e-14
5.774900000000000000e+04 9.325627669814263945e-15 1.039746815953586900e-14
5.775700000000000000e+04 9.533497818692917038e-15 1.035923772355328146e-14
5.775700000000000000e+04 9.426029712022550126e-15 1.035923772355328146e-14
5.775700000000000000e+04 9.543805440669406062e-15 1.035923772355328146e-14
5.776400000000000000e+04 1.086903342961500512e-14 1.031551491530600798e-14
5.776400000000000000e+04 1.076679895539398626e-14 1.031551491530600798e-14
5.776400000000000000e+04 1.074719679169496524e-14 1.031551491530600798e-14
5.777200000000000000e+04 nan 1.028891791232857415e-14
5.777200000000000000e+04 nan 1.028891791232857415e-14
5.777200000000000000e+04 nan 1.028891791232857415e-14
5.777900000000000000e+04 9.901798601041912047e-15 1.024331233505060381e-14
5.777900000000000000e+04 9.808648490617122751e-15 1.024331233505060381e-14
5.777900000000000000e+04 1.001369031935896804e-14 1.024331233505060381e-14
5.778600000000000000e+04 1.089120947191006085e-14 1.011738467478279532e-14
5.778600000000000000e+04 1.094439851492111192e-14 1.011738467478279532e-14
5.778600000000000000e+04 1.092257437247777218e-14 1.011738467478279532e-14
5.779400000000000000e+04 1.054725661454507885e-14 1.017625262748699677e-14
5.779400000000000000e+04 1.074105499840731937e-14 1.017625262748699677e-14
5.779400000000000000e+04 1.068326364493146387e-14 1.017625262748699677e-14
5.780100000000000000e+04 9.075223832768830067e-15 1.005330901233974827e-14
5.780100000000000000e+04 9.246255919203086833e-15 1.005330901233974827e-14
5.780100000000000000e+04 9.172019186901805238e-15 1.005330901233974827e-14
5.780900000000000000e+04 nan 1.010636615699716476e-14
5.780900000000000000e+04 nan 1.010636615699716476e-14
5.780900000000000000e+04 nan 1.010636615699716476e-14
5.781700000000000000e+04 9.850813053370626601e-15 1.007770573195768870e-14
5.781700000000000000e+04 9.760369018173420042e-15 1.007770573195768870e-14
5.781700000000000000e+04 9.797669741015508295e-15 1.007770573195768870e-14
5.785700000000000000e+04 nan 1.005844686092412901e-14
5.785700000000000000e+04 nan 1.005844686092412901e-14
5.785700000000000000e+04 9.653534152399888170e-15 1.005844686092412901e-14
5.786400000000000000e+04 1.189901143694102913e-14 1.005383770274630299e-14
5.786400000000000000e+04 1.197698176623757415e-14 1.005383770274630299e-14
5.786400000000000000e+04 1.189432463193945036e-14 1.005383770274630299e-14
5.787800000000000000e+04 1.052320914901596723e-14 1.004388569093292740e-14
5.787800000000000000e+04 1.049435136643332198e-14 1.004388569093292740e-14
5.787800000000000000e+04 1.051304029257119517e-14 1.004388569093292740e-14
5.788700000000000000e+04 9.798928450288863843e-15 1.004785009823338638e-14
5.788700000000000000e+04 9.952423445514196383e-15 1.004785009823338638e-14
5.788700000000000000e+04 9.890957684013262525e-15 1.004785009823338638e-14
5.789400000000000000e+04 1.072397019963981455e-14 1.002338439880129980e-14
5.789400000000000000e+04 1.074130318599697961e-14 1.002338439880129980e-14
5.789400000000000000e+04 1.071843515946303813e-14 1.002338439880129980e-14
5.790300000000000000e+04 nan 1.000157799387398061e-14
5.790300000000000000e+04 nan 1.000157799387398061e-14
5.790300000000000000e+04 nan 1.000157799387398061e-14
5.791000000000000000e+04 9.806718478873508608e-15 9.938702704130841598e-15
5.791000000000000000e+04 9.827138887783237726e-15 9.938702704130841598e-15
5.791000000000000000e+04 9.831672855198400244e-15 9.938702704130841598e-15
5.791800000000000000e+04 1.003901883750819251e-14 9.942177377708896132e-15
5.791800000000000000e+04 1.004079976640717582e-14 9.942177377708896132e-15
5.791800000000000000e+04 1.003799488944082733e-14 9.942177377708896132e-15
5.792500000000000000e+04 nan 9.872664646760753836e-15
5.792500000000000000e+04 nan 9.872664646760753836e-15
5.792500000000000000e+04 nan 9.872664646760753836e-15
5.793300000000000000e+04 1.075363858632567010e-14 9.866664487967240397e-15
5.793300000000000000e+04 1.066313938103064053e-14 9.866664487967240397e-15
5.793300000000000000e+04 1.065520534617877581e-14 9.866664487967240397e-15
5.794200000000000000e+04 nan 9.825225698303307409e-15
5.794200000000000000e+04 nan 9.825225698303307409e-15
5.794200000000000000e+04 nan 9.825225698303307409e-15
5.794900000000000000e+04 1.105594057097534549e-14 9.763935149469065786e-15
5.794900000000000000e+04 1.107877655779041438e-14 9.763935149469065786e-15
5.794900000000000000e+04 1.100784875047882064e-14 9.763935149469065786e-15
5.795600000000000000e+04 1.144921660118345556e-14 9.592655780028547229e-15
5.795600000000000000e+04 1.147643030894946224e-14 9.592655780028547229e-15
5.795600000000000000e+04 1.148756531743962086e-14 9.592655780028547229e-15
5.796400000000000000e+04 1.108532687394992160e-14 9.634429475622973655e-15
5.796400000000000000e+04 1.101318114764943767e-14 9.634429475622973655e-15
5.796400000000000000e+04 1.042680342478141287e-14 9.634429475622973655e-15
5.805500000000000000e+04 nan 8.980320785261953698e-15
5.805500000000000000e+04 nan 8.980320785261953698e-15
5.805500000000000000e+04 nan 8.980320785261953698e-15
5.806200000000000000e+04 7.351726052493649246e-15 9.003892722318530795e-15
5.806200000000000000e+04 7.279165162519606342e-15 9.003892722318530795e-15
5.806200000000000000e+04 7.273613615496594659e-15 9.003892722318530795e-15
5.807000000000000000e+04 8.589521418970052684e-15 8.902726818535381900e-15
5.807000000000000000e+04 8.393387372710862302e-15 8.902726818535381900e-15
5.807000000000000000e+04 8.294053798324027982e-15 8.902726818535381900e-15
5.807900000000000000e+04 8.431412271840211982e-15 8.889413711500617307e-15
5.807900000000000000e+04 8.369698162523669217e-15 8.889413711500617307e-15
5.807900000000000000e+04 8.300523361708868770e-15 8.889413711500617307e-15
5.808600000000000000e+04 8.401933622951290930e-15 8.709950276506898085e-15
5.808600000000000000e+04 8.592814510343781707e-15 8.709950276506898085e-15
5.808600000000000000e+04 8.502683913972733133e-15 8.709950276506898085e-15
5.809400000000000000e+04 nan 8.794739034559540282e-15
5.809400000000000000e+04 nan 8.794739034559540282e-15
5.809400000000000000e+04 nan 8.794739034559540282e-15
5.811700000000000000e+04 1.063102402144343855e-14 8.651917911164192999e-15
5.811700000000000000e+04 1.066045590369731891e-14 8.651917911164192999e-15
5.811700000000000000e+04 1.058033033615594829e-14 8.651917911164192999e-15
5.812500000000000000e+04 1.019525573202915921e-14 8.518462854056584931e-15
5.812500000000000000e+04 1.011887077051154173e-14 8.518462854056584931e-15
5.812500000000000000e+04 1.011148683861289176e-14 8.518462854056584931e-15
5.813200000000000000e+04 8.661788679921357789e-15 8.499026482805416786e-15
5.813200000000000000e+04 8.572317451455932036e-15 8.499026482805416786e-15
5.813200000000000000e+04 8.531390432912327630e-15 8.499026482805416786e-15
5.814000000000000000e+04 8.190611634119311432e-15 8.343672750134821505e-15
5.814000000000000000e+04 8.244761697004271502e-15 8.343672750134821505e-15
5.814000000000000000e+04 8.263683101371004401e-15 8.343672750134821505e-15
5.814700000000000000e+04 8.461691941272507671e-15 8.313494901741973722e-15
5.814700000000000000e+04 8.489346677299250668e-15 8.313494901741973722e-15
5.814700000000000000e+04 8.460956339362642197e-15 8.313494901741973722e-15
5.815400000000000000e+04 7.195355649699778698e-15 8.207158722725303863e-15
5.815400000000000000e+04 6.961581070354543688e-15 8.207158722725303863e-15
5.815400000000000000e+04 7.658721769847791272e-15 8.207158722725303863e-15
5.816100000000000000e+04 8.098720526090588259e-15 7.978085674923378951e-15
5.816100000000000000e+04 8.091099598125877258e-15 7.978085674923378951e-15
5.816100000000000000e+04 7.997182237572289939e-15 7.978085674923378951e-15
5.816800000000000000e+04 nan 8.019865230258600405e-15
5.816800000000000000e+04 nan 8.019865230258600405e-15
5.816800000000000000e+04 nan 8.019865230258600405e-15
5.817500000000000000e+04 nan 7.894748207454770535e-15
5.817500000000000000e+04 nan 7.894748207454770535e-15
5.817500000000000000e+04 nan 7.894748207454770535e-15
5.818200000000000000e+04 8.347511354594876916e-15 7.871055415239203715e-15
5.818200000000000000e+04 8.183985567252264837e-15 7.871055415239203715e-15
5.818200000000000000e+04 8.168431067947841358e-15 7.871055415239203715e-15
5.819000000000000000e+04 nan 7.704701247960697250e-15
5.819000000000000000e+04 nan 7.704701247960697250e-15
5.819000000000000000e+04 nan 7.704701247960697250e-15
5.819800000000000000e+04 9.157514710295150650e-15 7.623371684368079377e-15
5.819800000000000000e+04 9.359008162879575151e-15 7.623371684368079377e-15
5.819800000000000000e+04 9.178257108481273841e-15 7.623371684368079377e-15
5.820500000000000000e+04 nan 7.462647704653771616e-15
5.820500000000000000e+04 nan 7.462647704653771616e-15
5.820500000000000000e+04 nan 7.462647704653771616e-15
5.822200000000000000e+04 8.483583114904516200e-15 7.218751957957066846e-15
5.822200000000000000e+04 8.611455574061059608e-15 7.218751957957066846e-15
5.822200000000000000e+04 8.404231685494499220e-15 7.218751957957066846e-15
5.822900000000000000e+04 8.411954979224933550e-15 7.091524986187417492e-15
5.822900000000000000e+04 8.309555962927558284e-15 7.091524986187417492e-15
5.822900000000000000e+04 8.242619427045742653e-15 7.091524986187417492e-15
5.823700000000000000e+04 nan 6.994519806933938209e-15
5.823700000000000000e+04 nan 6.994519806933938209e-15
5.823700000000000000e+04 nan 6.994519806933938209e-15
5.824400000000000000e+04 8.149726004024303630e-15 6.898145975115993534e-15
5.824400000000000000e+04 7.862614741357148526e-15 6.898145975115993534e-15
5.824400000000000000e+04 8.746689252426500131e-15 6.898145975115993534e-15
5.825300000000000000e+04 7.902158859175906210e-15 6.400707663986261136e-15
5.825300000000000000e+04 7.803248940243948265e-15 6.400707663986261136e-15
5.825300000000000000e+04 7.924875346584496109e-15 6.400707663986261136e-15
