5.751600000000000000e+04 6.537246619267509609e-15 6.923865021682374015e-15
5.752300000000000000e+04 6.686576406508708842e-15 6.919731606972817113e-15
5.753000000000000000e+04 6.715273444943189520e-15 6.915018657826037735e-15
5.754700000000000000e+04 6.600998938466156970e-15 6.909531974975257104e-15
5.755400000000000000e+04 6.377139001512819370e-15 6.907653811689993524e-15
5.756200000000000000e+04 6.668558034339390516e-15 6.908162984476373929e-15
5.756900000000000000e+04 6.671810773089752508e-15 6.912175063814727356e-15
5.758300000000000000e+04 6.409724811548842672e-15 6.918498833574015704e-15
5.759800000000000000e+04 6.568643766816831361e-15 6.934234251073562279e-15
5.769300000000000000e+04 6.575943501144002417e-15 7.059860154085830388e-15
5.770100000000000000e+04 6.742487846370730258e-15 7.106949731928488115e-15
5.771100000000000000e+04 6.989127366612550528e-15 7.196086872359542448e-15
5.771900000000000000e+04 7.069414354384117984e-15 7.289782239347294406e-15
5.772600000000000000e+04 7.165082738274620353e-15 7.380320267214647256e-15
5.773300000000000000e+04 7.454619533676807036e-15 7.466659363309439369e-15
5.774100000000000000e+04 7.600926344404520559e-15 7.564656122769410641e-15
5.774900000000000000e+04 7.600394173877535802e-15 7.659235625120410338e-15
5.775700000000000000e+04 nan 7.749894296734142881e-15
5.776400000000000000e+04 8.050995839203362534e-15 7.823983400600151928e-15
5.777200000000000000e+04 7.986108602681138804e-15 7.911505649097079117e-15
5.778600000000000000e+04 8.213014059382702707e-15 8.078812839959198048e-15
5.779400000000000000e+04 8.221938112352632488e-15 8.165810265117873971e-15
5.780100000000000000e+04 8.251537611880771018e-15 8.236726172240291540e-15
5.780900000000000000e+04 nan 8.317570954455495670e-15
5.781700000000000000e+04 8.381155633233223623e-15 8.391307883664068651e-15
5.786400000000000000e+04 nan 8.673385219251617506e-15
5.787800000000000000e+04 9.199886613374453011e-15 8.741918184621058235e-15
5.788700000000000000e+04 9.206157620999026195e-15 8.778528385859092182e-15
5.789400000000000000e+04 9.295484477994921582e-15 8.798478229599005104e-15
5.790300000000000000e+04 9.445183797009386778e-15 8.819808214862646261e-15
5.791000000000000000e+04 9.508575897096626952e-15 8.835592009675319148e-15
5.791800000000000000e+04 9.737229133649977385e-15 8.858104644416756540e-15
5.792500000000000000e+04 9.809403832227908569e-15 8.875795636877297635e-15
5.793300000000000000e+04 9.784478271555861197e-15 8.893298705919821881e-15
5.794200000000000000e+04 nan 8.915200057666719226e-15
5.794200000000000000e+04 nan 8.915200057666719226e-15
5.794900000000000000e+04 9.850139748948933169e-15 8.934870083927187782e-15
5.795600000000000000e+04 9.763203844044563881e-15 8.954650761635548010e-15
5.805500000000000000e+04 9.458862105518506095e-15 9.174209809312728275e-15
5.806200000000000000e+04 9.262907083617610610e-15 9.179550330694310185e-15
5.807000000000000000e+04 9.168315401900839918e-15 9.186220624237423439e-15
5.807900000000000000e+04 9.115231129078075816e-15 9.185605694677530788e-15
5.808600000000000000e+04 9.000526675198365531e-15 9.179339731145964659e-15
5.809400000000000000e+04 9.084409713636303732e-15 9.160663538756041486e-15
