5.701588785050000297e+04 8.313490816388321014e-15 0.000000000000000000e+00
5.702088785050000297e+04 8.265904287448441717e-15 0.000000000000000000e+00
5.702588785050000297e+04 8.232755232146330543e-15 0.000000000000000000e+00
5.703088785050000297e+04 8.202985938016306251e-15 0.000000000000000000e+00
5.703588785050000297e+04 8.203390517033035043e-15 0.000000000000000000e+00
5.704088785050000297e+04 8.201129647936451171e-15 0.000000000000000000e+00
5.704588785050000297e+04 8.197020081306860907e-15 0.000000000000000000e+00
5.705088785050000297e+04 8.171191845181653190e-15 0.000000000000000000e+00
5.705588785050000297e+04 8.147355066062661138e-15 0.000000000000000000e+00
5.706088785050000297e+04 8.123239993925422193e-15 0.000000000000000000e+00
5.706588785050000297e+04 8.105557594514066764e-15 0.000000000000000000e+00
5.707088785050000297e+04 8.108621171158939414e-15 0.000000000000000000e+00
5.707588785050000297e+04 8.110196216744979075e-15 0.000000000000000000e+00
5.708088785050000297e+04 8.112994469752382974e-15 0.000000000000000000e+00
5.708588785050000297e+04 8.122578197496809325e-15 0.000000000000000000e+00
5.709088785050000297e+04 8.124993295132969324e-15 0.000000000000000000e+00
5.709588785050000297e+04 8.126305248920254695e-15 0.000000000000000000e+00
5.710088785050000297e+04 8.147129186159105342e-15 0.000000000000000000e+00
5.710588785050000297e+04 8.161782671936951101e-15 0.000000000000000000e+00
5.711088785050000297e+04 8.167259197529026785e-15 0.000000000000000000e+00
5.711588785050000297e+04 8.172613804001248643e-15 0.000000000000000000e+00
5.712088785050000297e+04 8.177487120961716903e-15 0.000000000000000000e+00
5.712588785050000297e+04 8.161744709070472487e-15 0.000000000000000000e+00
5.713088785050000297e+04 8.146068306631334932e-15 0.000000000000000000e+00
5.713588785050000297e+04 8.130346626958699704e-15 0.000000000000000000e+00
5.714088785050000297e+04 8.116152914700144723e-15 0.000000000000000000e+00
5.714588785050000297e+04 8.104244422849997583e-15 0.000000000000000000e+00
5.715088785050000297e+04 8.095838270623297679e-15 0.000000000000000000e+00
5.715588785050000297e+04 8.093354718116550804e-15 0.000000000000000000e+00
5.716088785050000297e+04 8.098268535736204455e-15 0.000000000000000000e+00
5.716588785050000297e+04 8.101582645400801011e-15 0.000000000000000000e+00
5.717088785050000297e+04 8.134278475760797567e-15 0.000000000000000000e+00
5.717588785050000297e+04 8.149592972761070971e-15 0.000000000000000000e+00
5.718088785050000297e+04 8.149771739750800791e-15 0.000000000000000000e+00
5.718588785050000297e+04 8.148658880017768667e-15 0.000000000000000000e+00
5.719088785050000297e+04 8.128987711488036214e-15 0.000000000000000000e+00
5.719588785050000297e+04 8.120184547429232582e-15 0.000000000000000000e+00
5.720088785050000297e+04 8.108213277170835037e-15 0.000000000000000000e+00
5.720588785050000297e+04 8.099740555516137539e-15 0.000000000000000000e+00
5.721088785050000297e+04 8.118692117079881284e-15 0.000000000000000000e+00
5.721588785050000297e+04 8.136144854488323935e-15 0.000000000000000000e+00
5.722088785050000297e+04 8.145795074551915224e-15 0.000000000000000000e+00
5.722588785050000297e+04 8.139839023611936453e-15 0.000000000000000000e+00
5.723088785050000297e+04 8.124459380272812949e-15 0.000000000000000000e+00
5.723588785050000297e+04 8.127433141482002058e-15 0.000000000000000000e+00
5.724088785050000297e+04 8.135893283049015198e-15 0.000000000000000000e+00
5.724588785050000297e+04 8.148042766275072229e-15 0.000000000000000000e+00
5.725088785050000297e+04 8.159539903048713180e-15 0.000000000000000000e+00
5.725588785050000297e+04 8.171185601033069523e-15 0.000000000000000000e+00
5.726088785050000297e+04 8.154738409625466933e-15 0.000000000000000000e+00
5.726588785050000297e+04 8.153124324409640413e-15 0.000000000000000000e+00
5.727088785050000297e+04 8.156581886589502027e-15 0.000000000000000000e+00
5.727588785050000297e+04 8.153678063840776737e-15 0.000000000000000000e+00
5.728088785050000297e+04 8.144346188993302053e-15 0.000000000000000000e+00
5.728588785050000297e+04 8.135514914574511541e-15 0.000000000000000000e+00
5.729088785050000297e+04 8.135143607715732587e-15 0.000000000000000000e+00
5.729588785050000297e+04 8.137336475971205762e-15 0.000000000000000000e+00
5.730088785050000297e+04 8.133296895454825263e-15 0.000000000000000000e+00
5.730588785050000297e+04 8.134913318596920636e-15 0.000000000000000000e+00
5.731088785050000297e+04 8.144810886138018383e-15 0.000000000000000000e+00
5.731588785050000297e+04 8.152882308534863274e-15 0.000000000000000000e+00
5.732088785050000297e+04 8.156828685071734965e-15 0.000000000000000000e+00
5.732588785050000297e+04 8.157669116754140344e-15 0.000000000000000000e+00
5.733088785050000297e+04 8.157859396085590645e-15 0.000000000000000000e+00
5.733588785050000297e+04 8.163515289896845228e-15 0.000000000000000000e+00
5.734088785050000297e+04 8.174546047457036070e-15 0.000000000000000000e+00
5.734588785050000297e+04 8.181750735975409885e-15 0.000000000000000000e+00
5.735088785050000297e+04 8.160311701309838014e-15 0.000000000000000000e+00
5.735588785050000297e+04 8.182232340551088770e-15 0.000000000000000000e+00
5.736088785050000297e+04 8.198720078873942886e-15 0.000000000000000000e+00
5.736588785050000297e+04 8.197494612509589559e-15 0.000000000000000000e+00
5.737088785050000297e+04 8.182253197399806579e-15 0.000000000000000000e+00
5.737588785050000297e+04 8.212114986261790048e-15 0.000000000000000000e+00
5.738088785050000297e+04 8.229188355734994538e-15 0.000000000000000000e+00
5.738588785050000297e+04 8.253639117778300175e-15 0.000000000000000000e+00
5.739088785050000297e+04 8.238895402048013730e-15 0.000000000000000000e+00
5.739588785050000297e+04 8.236286107299280536e-15 0.000000000000000000e+00
5.740088785050000297e+04 8.235515418124735037e-15 0.000000000000000000e+00
5.740588785050000297e+04 8.227804118837371426e-15 0.000000000000000000e+00
5.741088785050000297e+04 8.223353250353415215e-15 0.000000000000000000e+00
5.741588785050000297e+04 8.218729466073254170e-15 0.000000000000000000e+00
5.742088785050000297e+04 8.214147840621355723e-15 0.000000000000000000e+00
5.742588785050000297e+04 8.195621646394072765e-15 0.000000000000000000e+00
5.743088785050000297e+04 8.176469716025019205e-15 0.000000000000000000e+00
5.743588785050000297e+04 8.168961992606783520e-15 0.000000000000000000e+00
5.744088785050000297e+04 8.154885912229643775e-15 0.000000000000000000e+00
5.744588785050000297e+04 8.152702956976190035e-15 0.000000000000000000e+00
5.745088785050000297e+04 8.153661425051791663e-15 0.000000000000000000e+00
5.745588785050000297e+04 8.145654308325150631e-15 0.000000000000000000e+00
5.746088785050000297e+04 8.148365066636153146e-15 0.000000000000000000e+00
5.746588785050000297e+04 8.146930693032590277e-15 0.000000000000000000e+00
5.747088785050000297e+04 8.145275540958498058e-15 0.000000000000000000e+00
5.747588785050000297e+04 8.144246703636097714e-15 0.000000000000000000e+00
5.748088785050000297e+04 8.142998150534398363e-15 0.000000000000000000e+00
5.748588785050000297e+04 8.141673060420089597e-15 0.000000000000000000e+00
5.749088785050000297e+04 8.146537008024874310e-15 0.000000000000000000e+00
5.749588785050000297e+04 8.130629663625916525e-15 0.000000000000000000e+00
5.750088785050000297e+04 8.128467581668005923e-15 0.000000000000000000e+00
5.750588785050000297e+04 8.128213159233851012e-15 0.000000000000000000e+00
5.751088785050000297e+04 8.137508472817903696e-15 0.000000000000000000e+00
5.751588785050000297e+04 8.146290572283360240e-15 0.000000000000000000e+00
5.752088785050000297e+04 8.159575801173407640e-15 0.000000000000000000e+00
5.752588785050000297e+04 8.171205598835387793e-15 0.000000000000000000e+00
5.753088785050000297e+04 8.176612979895252298e-15 0.000000000000000000e+00
5.753588785050000297e+04 8.186067977383940500e-15 0.000000000000000000e+00
5.754088785050000297e+04 8.179357012414438367e-15 0.000000000000000000e+00
5.754588785050000297e+04 8.172115033202129259e-15 0.000000000000000000e+00
5.755088785050000297e+04 8.147479615222990944e-15 0.000000000000000000e+00
5.755588785050000297e+04 8.131503608618418828e-15 0.000000000000000000e+00
5.756088785050000297e+04 8.115737502574594361e-15 0.000000000000000000e+00
5.756588785050000297e+04 8.126099074365752891e-15 0.000000000000000000e+00
5.757088785050000297e+04 8.127688927116497575e-15 0.000000000000000000e+00
5.757588785050000297e+04 8.145773315996313993e-15 0.000000000000000000e+00
5.758088785050000297e+04 8.151438619237171538e-15 0.000000000000000000e+00
5.758588785050000297e+04 8.159121626609847031e-15 0.000000000000000000e+00
5.759088785050000297e+04 8.170730458450572325e-15 0.000000000000000000e+00
5.759588785050000297e+04 8.172987046847806531e-15 0.000000000000000000e+00
5.760088785050000297e+04 8.168742219530705742e-15 0.000000000000000000e+00
5.760588785050000297e+04 8.159718038771747069e-15 0.000000000000000000e+00
5.761088785050000297e+04 8.152125144019622881e-15 0.000000000000000000e+00
5.761588785050000297e+04 8.128458728467770795e-15 0.000000000000000000e+00
5.762088785050000297e+04 8.128044648061337434e-15 0.000000000000000000e+00
5.762588785050000297e+04 8.125869166861821186e-15 0.000000000000000000e+00
5.763088785050000297e+04 8.133642590301387164e-15 0.000000000000000000e+00
5.763588785050000297e+04 8.143396587391730395e-15 0.000000000000000000e+00
5.764088785050000297e+04 8.146725764986392666e-15 0.000000000000000000e+00
5.764588785050000297e+04 8.141908879777239098e-15 0.000000000000000000e+00
5.765088785050000297e+04 8.135326976975737000e-15 0.000000000000000000e+00
5.765588785050000297e+04 8.173664372884217049e-15 0.000000000000000000e+00
5.766088785050000297e+04 8.176040898847675439e-15 0.000000000000000000e+00
5.766588785050000297e+04 8.189913502768247767e-15 0.000000000000000000e+00
5.767088785050000297e+04 8.201748151249451488e-15 0.000000000000000000e+00
5.767588785050000297e+04 8.212592642225145396e-15 0.000000000000000000e+00
5.768088785050000297e+04 8.210385941720950971e-15 0.000000000000000000e+00
5.768588785050000297e+04 8.246799213478223377e-15 0.000000000000000000e+00
5.769088785050000297e+04 8.268932336653060805e-15 0.000000000000000000e+00
5.769588785050000297e+04 8.299473783485219086e-15 0.000000000000000000e+00
5.770088785050000297e+04 8.346346298293288687e-15 0.000000000000000000e+00
5.770588785050000297e+04 8.368183905241566087e-15 0.000000000000000000e+00
5.771088785050000297e+04 8.393654304197116541e-15 0.000000000000000000e+00
5.771588785050000297e+04 8.418382760155599296e-15 0.000000000000000000e+00
5.772088785050000297e+04 8.441927245814985610e-15 0.000000000000000000e+00
5.772588785050000297e+04 8.452469763841974977e-15 0.000000000000000000e+00
5.773088785050000297e+04 8.462070764515277833e-15 0.000000000000000000e+00
5.773588785050000297e+04 8.474819620075054585e-15 0.000000000000000000e+00
5.774088785050000297e+04 8.487772389000231442e-15 0.000000000000000000e+00
5.774588785050000297e+04 8.499495143147439295e-15 0.000000000000000000e+00
5.775088785050000297e+04 8.502606890142169395e-15 0.000000000000000000e+00
5.775588785050000297e+04 8.497798686920028667e-15 0.000000000000000000e+00
5.776088785050000297e+04 8.481422995163488982e-15 0.000000000000000000e+00
5.776588785050000297e+04 8.496432119141845855e-15 0.000000000000000000e+00
5.777088785050000297e+04 8.495822199324393949e-15 0.000000000000000000e+00
5.777588785050000297e+04 8.503861666568078571e-15 0.000000000000000000e+00
5.778088785050000297e+04 8.511935663459670999e-15 0.000000000000000000e+00
5.778588785050000297e+04 8.514476232873113605e-15 0.000000000000000000e+00
5.779088785050000297e+04 8.510007393640744623e-15 0.000000000000000000e+00
5.779588785050000297e+04 8.508912630341086071e-15 0.000000000000000000e+00
5.780088785050000297e+04 8.511730041189494130e-15 0.000000000000000000e+00
5.780588785050000297e+04 8.504235914065471453e-15 0.000000000000000000e+00
5.781088785050000297e+04 8.497091664751597842e-15 0.000000000000000000e+00
5.781588785050000297e+04 8.511804199418511711e-15 0.000000000000000000e+00
5.782088785050000297e+04 8.493269835637831204e-15 0.000000000000000000e+00
5.782588785050000297e+04 8.532715889122491134e-15 0.000000000000000000e+00
5.783088785050000297e+04 8.498171558736910148e-15 0.000000000000000000e+00
5.783588785050000297e+04 8.521034422425079445e-15 0.000000000000000000e+00
5.784088785050000297e+04 8.515221749886284151e-15 0.000000000000000000e+00
5.784588785050000297e+04 8.520783929979777222e-15 0.000000000000000000e+00
5.785088785050000297e+04 8.511501896770686667e-15 0.000000000000000000e+00
5.785588785050000297e+04 8.467382242185470049e-15 0.000000000000000000e+00
5.786088785050000297e+04 8.464874827181058159e-15 0.000000000000000000e+00
5.786588785050000297e+04 8.466148589802100022e-15 0.000000000000000000e+00
5.787088785050000297e+04 8.450519507615682894e-15 0.000000000000000000e+00
5.787588785050000297e+04 8.467179027408957009e-15 0.000000000000000000e+00
5.788088785050000297e+04 8.481099612728657022e-15 0.000000000000000000e+00
5.788588785050000297e+04 8.493516105457281291e-15 0.000000000000000000e+00
5.789088785050000297e+04 8.489659456650353105e-15 0.000000000000000000e+00
5.789588785050000297e+04 8.486178134508062903e-15 0.000000000000000000e+00
5.790088785050000297e+04 8.483296942746771244e-15 0.000000000000000000e+00
5.790588785050000297e+04 8.488689150539591553e-15 0.000000000000000000e+00
5.791088785050000297e+04 8.494214076613220240e-15 0.000000000000000000e+00
5.791588785050000297e+04 8.499791894423376270e-15 0.000000000000000000e+00
5.792088785050000297e+04 8.468481144203233617e-15 0.000000000000000000e+00
5.792588785050000297e+04 8.483957701625971235e-15 0.000000000000000000e+00
5.793088785050000297e+04 8.484231986585413056e-15 0.000000000000000000e+00
5.793588785050000297e+04 8.457285069033467811e-15 0.000000000000000000e+00
5.794088785050000297e+04 8.490106404115523707e-15 0.000000000000000000e+00
5.794588785050000297e+04 8.496508512967398862e-15 0.000000000000000000e+00
5.795088785050000297e+04 8.494595871040341454e-15 0.000000000000000000e+00
5.795588785050000297e+04 8.511186962690899916e-15 0.000000000000000000e+00
5.796088785050000297e+04 8.546671661640706234e-15 0.000000000000000000e+00
5.796588785050000297e+04 8.568613838547503856e-15 0.000000000000000000e+00
5.797088785050000297e+04 8.555847683969821025e-15 0.000000000000000000e+00
5.797588785050000297e+04 8.548170419754923148e-15 0.000000000000000000e+00
5.798088785050000297e+04 8.540345305848636921e-15 0.000000000000000000e+00
5.798588785050000297e+04 8.531041797646114344e-15 0.000000000000000000e+00
5.799088785050000297e+04 8.521851610629058912e-15 0.000000000000000000e+00
5.799588785050000297e+04 8.518409326203301239e-15 0.000000000000000000e+00
5.800088785050000297e+04 8.517167084721039105e-15 0.000000000000000000e+00
5.800588785050000297e+04 8.515868300671055948e-15 0.000000000000000000e+00
5.801088785050000297e+04 8.510278127592685489e-15 0.000000000000000000e+00
5.801588785050000297e+04 8.502669330251082489e-15 0.000000000000000000e+00
5.802088785050000297e+04 8.487500731351264132e-15 0.000000000000000000e+00
5.802588785050000297e+04 8.476802915975007896e-15 0.000000000000000000e+00
5.803088785050000297e+04 8.455334270091037799e-15 0.000000000000000000e+00
5.803588785050000297e+04 8.495335159986818719e-15 0.000000000000000000e+00
5.804088785050000297e+04 8.503773179571857527e-15 0.000000000000000000e+00
5.804588785050000297e+04 8.504063891537007585e-15 0.000000000000000000e+00
5.805088785050000297e+04 8.503066272202230073e-15 0.000000000000000000e+00
5.805588785050000297e+04 8.501820378247408729e-15 0.000000000000000000e+00
5.806088785050000297e+04 8.496481775033608669e-15 0.000000000000000000e+00
5.806588785050000297e+04 8.483207573486615801e-15 0.000000000000000000e+00
5.807088785050000297e+04 8.468426407495641235e-15 0.000000000000000000e+00
5.807588785050000297e+04 8.438416562719374912e-15 0.000000000000000000e+00
5.808088785050000297e+04 8.413771029687890396e-15 0.000000000000000000e+00
5.808588785050000297e+04 8.389033301933053122e-15 0.000000000000000000e+00
5.809088785050000297e+04 8.378067581890062333e-15 0.000000000000000000e+00
5.809588785050000297e+04 8.364902126466585820e-15 0.000000000000000000e+00
5.810088785050000297e+04 8.355811519850613519e-15 0.000000000000000000e+00
5.810588785050000297e+04 8.349720631537188763e-15 0.000000000000000000e+00
5.811088785050000297e+04 8.364844381243177397e-15 0.000000000000000000e+00
5.811588785050000297e+04 8.358030207249625226e-15 0.000000000000000000e+00
5.812088785050000297e+04 8.347329481513980263e-15 0.000000000000000000e+00
5.812588785050000297e+04 8.328378629827761001e-15 0.000000000000000000e+00
5.813088785050000297e+04 8.311885500022441000e-15 0.000000000000000000e+00
5.813588785050000297e+04 8.298904097452777670e-15 0.000000000000000000e+00
5.814088785050000297e+04 8.295289482286258569e-15 0.000000000000000000e+00
5.814588785050000297e+04 8.294521203664822460e-15 0.000000000000000000e+00
5.815088785050000297e+04 8.294042442338063546e-15 0.000000000000000000e+00
5.815588785050000297e+04 8.296196667037399738e-15 0.000000000000000000e+00
5.816088785050000297e+04 8.302787573963573055e-15 0.000000000000000000e+00
5.816588785050000297e+04 8.309077790749589949e-15 0.000000000000000000e+00
5.817088785050000297e+04 8.322276846510000261e-15 0.000000000000000000e+00
5.817588785050000297e+04 8.322276846510000261e-15 0.000000000000000000e+00
5.818088785050000297e+04 8.322276846510000261e-15 0.000000000000000000e+00
