5.751600000000000000e+04 6.537246619267509609e-15 6.347220570430368311e-15
5.752300000000000000e+04 6.686576406508708842e-15 6.417740345271704176e-15
5.753000000000000000e+04 6.715273444943189520e-15 6.482257421748048136e-15
5.754700000000000000e+04 6.600998938466156970e-15 6.619722038225404383e-15
5.755400000000000000e+04 6.377139001512819370e-15 6.666375488424677993e-15
5.756200000000000000e+04 6.668558034339390516e-15 6.713396592433880845e-15
5.756900000000000000e+04 6.671810773089752508e-15 6.749415000192766093e-15
5.758300000000000000e+04 6.409724811548842672e-15 6.792638847337267147e-15
5.759800000000000000e+04 6.568643766816831361e-15 6.816557820375116052e-15
5.769300000000000000e+04 6.575943501144002417e-15 7.041868923892158825e-15
5.770100000000000000e+04 6.742487846370730258e-15 7.105338936495964856e-15
5.771100000000000000e+04 6.989127366612550528e-15 7.204699833017593073e-15
5.771900000000000000e+04 7.069414354384117984e-15 7.297726429278389696e-15
5.772600000000000000e+04 7.165082738274620353e-15 7.385939997380496909e-15
5.773300000000000000e+04 7.454619533676807036e-15 7.472379297969255365e-15
5.774100000000000000e+04 7.600926344404520559e-15 7.576760426098176029e-15
5.774900000000000000e+04 7.600394173877535802e-15 7.681545046024609282e-15
5.775700000000000000e+04 nan 7.779764092814819081e-15
5.776400000000000000e+04 8.050995839203362534e-15 7.854450575995432374e-15
5.777200000000000000e+04 7.986108602681138804e-15 7.933645123935968572e-15
5.778600000000000000e+04 8.213014059382702707e-15 8.066780687312287370e-15
5.779400000000000000e+04 8.221938112352632488e-15 8.133797680372366189e-15
5.780100000000000000e+04 8.251537611880771018e-15 8.191268497480466379e-15
5.780900000000000000e+04 nan 8.260407871037181740e-15
5.781700000000000000e+04 8.381155633233223623e-15 8.326532675624315116e-15
5.786400000000000000e+04 nan 8.595116377345208320e-15
5.787800000000000000e+04 9.199886613374453011e-15 8.660544368713701664e-15
5.788700000000000000e+04 9.206157620999026195e-15 8.699792622164166953e-15
5.789400000000000000e+04 9.295484477994921582e-15 8.723658011705241770e-15
5.790300000000000000e+04 9.445183797009386778e-15 8.752649722935643301e-15
5.791000000000000000e+04 9.508575897096626952e-15 8.775627439354090001e-15
5.791800000000000000e+04 9.737229133649977385e-15 8.808399048863199652e-15
5.792500000000000000e+04 9.809403832227908569e-15 8.838119112291239688e-15
5.793300000000000000e+04 9.784478271555861197e-15 8.873589387198693398e-15
5.794200000000000000e+04 nan 8.919096844995280139e-15
5.794200000000000000e+04 nan 8.919096844995280139e-15
5.794900000000000000e+04 9.850139748948933169e-15 8.960538243047333169e-15
5.795600000000000000e+04 9.763203844044563881e-15 9.004340953670422002e-15
5.805500000000000000e+04 9.458862105518506095e-15 9.213016074756049384e-15
5.806200000000000000e+04 9.262907083617610610e-15 9.213306701253105963e-15
5.807000000000000000e+04 9.168315401900839918e-15 9.214205319621765993e-15
5.807900000000000000e+04 9.115231129078075816e-15 9.207681409372156951e-15
5.808600000000000000e+04 9.000526675198365531e-15 9.196745158121981212e-15
5.809400000000000000e+04 9.084409713636303732e-15 9.172722273215667697e-15
