5.681588785050000297e+04 8.364775576644091263e-15 0.000000000000000000e+00
5.682088785050000297e+04 8.402996473998763653e-15 0.000000000000000000e+00
5.682588785050000297e+04 8.447924295305267314e-15 0.000000000000000000e+00
5.683088785050000297e+04 8.489399654705393898e-15 0.000000000000000000e+00
5.683588785050000297e+04 8.499119992452462004e-15 0.000000000000000000e+00
5.684088785050000297e+04 8.498244354772826816e-15 0.000000000000000000e+00
5.684588785050000297e+04 8.517168067133528616e-15 0.000000000000000000e+00
5.685088785050000297e+04 8.527071588474574583e-15 0.000000000000000000e+00
5.685588785050000297e+04 8.538017257432913637e-15 0.000000000000000000e+00
5.686088785050000297e+04 8.507589259834793590e-15 0.000000000000000000e+00
5.686588785050000297e+04 8.507269683370989555e-15 0.000000000000000000e+00
5.687088785050000297e+04 8.499131591706060237e-15 0.000000000000000000e+00
5.687588785050000297e+04 8.468356327796902477e-15 0.000000000000000000e+00
5.688088785050000297e+04 8.444537528506863211e-15 0.000000000000000000e+00
5.688588785050000297e+04 8.431016253441538391e-15 0.000000000000000000e+00
5.689088785050000297e+04 8.417766920925387558e-15 0.000000000000000000e+00
5.689588785050000297e+04 8.403627270219921150e-15 0.000000000000000000e+00
5.690088785050000297e+04 8.378947192409551888e-15 0.000000000000000000e+00
5.690588785050000297e+04 8.362338365748529224e-15 0.000000000000000000e+00
5.691088785050000297e+04 8.338567596664891499e-15 0.000000000000000000e+00
5.691588785050000297e+04 8.314060246565608067e-15 0.000000000000000000e+00
5.692088785050000297e+04 8.289668183088183757e-15 0.000000000000000000e+00
5.692588785050000297e+04 8.255992939388738247e-15 0.000000000000000000e+00
5.693088785050000297e+04 8.233695465627213533e-15 0.000000000000000000e+00
5.693588785050000297e+04 8.210196870509321482e-15 0.000000000000000000e+00
5.694088785050000297e+04 8.188176122052999040e-15 0.000000000000000000e+00
5.694588785050000297e+04 8.165497361079388456e-15 0.000000000000000000e+00
5.695088785050000297e+04 8.151534808579237914e-15 0.000000000000000000e+00
5.695588785050000297e+04 8.111510247963037189e-15 0.000000000000000000e+00
5.696088785050000297e+04 8.098029264515677765e-15 0.000000000000000000e+00
5.696588785050000297e+04 8.085260158260190871e-15 0.000000000000000000e+00
5.697088785050000297e+04 8.071673465487129337e-15 0.000000000000000000e+00
5.697588785050000297e+04 8.085058183028367604e-15 0.000000000000000000e+00
5.698088785050000297e+04 8.077591116097068241e-15 0.000000000000000000e+00
5.698588785050000297e+04 8.033109640311792693e-15 0.000000000000000000e+00
5.699088785050000297e+04 7.966649676118018887e-15 0.000000000000000000e+00
5.699588785050000297e+04 7.964384145976936684e-15 0.000000000000000000e+00
5.700088785050000297e+04 7.941791411265152795e-15 0.000000000000000000e+00
5.700588785050000297e+04 7.919495543899530574e-15 0.000000000000000000e+00
5.701088785050000297e+04 7.893149511241767417e-15 0.000000000000000000e+00
5.701588785050000297e+04 7.887341592748284700e-15 0.000000000000000000e+00
5.702088785050000297e+04 7.882689850271153907e-15 0.000000000000000000e+00
5.702588785050000297e+04 7.893635946488698220e-15 0.000000000000000000e+00
5.703088785050000297e+04 7.897839021765435150e-15 0.000000000000000000e+00
5.703588785050000297e+04 7.903448040901928957e-15 0.000000000000000000e+00
5.704088785050000297e+04 7.894534916784244034e-15 0.000000000000000000e+00
5.704588785050000297e+04 7.902670693295911505e-15 0.000000000000000000e+00
5.705088785050000297e+04 7.905856363573941537e-15 0.000000000000000000e+00
5.705588785050000297e+04 7.887984269168346602e-15 0.000000000000000000e+00
5.706088785050000297e+04 7.912677510674684607e-15 0.000000000000000000e+00
5.706588785050000297e+04 7.875098183759724529e-15 0.000000000000000000e+00
5.707088785050000297e+04 7.822072600823202428e-15 0.000000000000000000e+00
5.707588785050000297e+04 7.829672820814040129e-15 0.000000000000000000e+00
5.708088785050000297e+04 7.815416592311928972e-15 0.000000000000000000e+00
5.708588785050000297e+04 7.826407324302683831e-15 0.000000000000000000e+00
5.709088785050000297e+04 7.861471444796944108e-15 0.000000000000000000e+00
5.709588785050000297e+04 7.890517107128309649e-15 0.000000000000000000e+00
5.710088785050000297e+04 7.894778438997808577e-15 0.000000000000000000e+00
5.710588785050000297e+04 7.900394179876565171e-15 0.000000000000000000e+00
5.711088785050000297e+04 7.903405577613047693e-15 0.000000000000000000e+00
5.711588785050000297e+04 7.895086175730520072e-15 0.000000000000000000e+00
5.712088785050000297e+04 7.875531968141274932e-15 0.000000000000000000e+00
5.712588785050000297e+04 7.872456351965345970e-15 0.000000000000000000e+00
5.713088785050000297e+04 7.868171465809174812e-15 0.000000000000000000e+00
5.713588785050000297e+04 7.829423061958708070e-15 0.000000000000000000e+00
5.714088785050000297e+04 7.818302430396015681e-15 0.000000000000000000e+00
5.714588785050000297e+04 7.827145107564127968e-15 0.000000000000000000e+00
5.715088785050000297e+04 7.834738861203139287e-15 0.000000000000000000e+00
5.715588785050000297e+04 7.828195334204861863e-15 0.000000000000000000e+00
5.716088785050000297e+04 7.826296243593989615e-15 0.000000000000000000e+00
5.716588785050000297e+04 7.805876814588674045e-15 0.000000000000000000e+00
5.717088785050000297e+04 7.787488305888887841e-15 0.000000000000000000e+00
5.717588785050000297e+04 7.809210371367912097e-15 0.000000000000000000e+00
5.718088785050000297e+04 7.804574053030842043e-15 0.000000000000000000e+00
5.718588785050000297e+04 7.776100474961563733e-15 0.000000000000000000e+00
5.719088785050000297e+04 7.757850101345166022e-15 0.000000000000000000e+00
5.719588785050000297e+04 7.752201429479048649e-15 0.000000000000000000e+00
5.720088785050000297e+04 7.727150513771667889e-15 0.000000000000000000e+00
5.720588785050000297e+04 7.703280907159590197e-15 0.000000000000000000e+00
5.721088785050000297e+04 7.663430144363042880e-15 0.000000000000000000e+00
5.721588785050000297e+04 7.618950209166342487e-15 0.000000000000000000e+00
5.722088785050000297e+04 7.591893544565561425e-15 0.000000000000000000e+00
5.722588785050000297e+04 7.565444072841440084e-15 0.000000000000000000e+00
5.723088785050000297e+04 7.539984406770352865e-15 0.000000000000000000e+00
5.723588785050000297e+04 7.510674357528966804e-15 0.000000000000000000e+00
5.724088785050000297e+04 7.464685695589675303e-15 0.000000000000000000e+00
5.724588785050000297e+04 7.453529219870020562e-15 0.000000000000000000e+00
5.725088785050000297e+04 7.396930203432645436e-15 0.000000000000000000e+00
5.725588785050000297e+04 7.355046014885764461e-15 0.000000000000000000e+00
5.726088785050000297e+04 7.315395951879007954e-15 0.000000000000000000e+00
5.726588785050000297e+04 7.284809235003399476e-15 0.000000000000000000e+00
5.727088785050000297e+04 7.255336159553136306e-15 0.000000000000000000e+00
5.727588785050000297e+04 7.219817230361138499e-15 0.000000000000000000e+00
5.728088785050000297e+04 7.209586510471245299e-15 0.000000000000000000e+00
5.728588785050000297e+04 7.191449904890991013e-15 0.000000000000000000e+00
5.729088785050000297e+04 7.186819315319876415e-15 0.000000000000000000e+00
5.729588785050000297e+04 7.168105507656322310e-15 0.000000000000000000e+00
5.730088785050000297e+04 7.125670900174983860e-15 0.000000000000000000e+00
5.730588785050000297e+04 7.107678458742851381e-15 0.000000000000000000e+00
5.731088785050000297e+04 7.088938916913870205e-15 0.000000000000000000e+00
5.731588785050000297e+04 7.072148303420207292e-15 0.000000000000000000e+00
5.732088785050000297e+04 7.060018990560823378e-15 0.000000000000000000e+00
5.732588785050000297e+04 7.035365081731278980e-15 0.000000000000000000e+00
5.733088785050000297e+04 7.016096157665431289e-15 0.000000000000000000e+00
5.733588785050000297e+04 7.002059162678451166e-15 0.000000000000000000e+00
5.734088785050000297e+04 6.959024639358604786e-15 0.000000000000000000e+00
5.734588785050000297e+04 6.937855290331692692e-15 0.000000000000000000e+00
5.735088785050000297e+04 6.892874542532160967e-15 0.000000000000000000e+00
5.735588785050000297e+04 6.858763086823672553e-15 0.000000000000000000e+00
5.736088785050000297e+04 6.819542514399216072e-15 0.000000000000000000e+00
5.736588785050000297e+04 6.796718475391457244e-15 0.000000000000000000e+00
5.737088785050000297e+04 6.773598198137085832e-15 0.000000000000000000e+00
5.737588785050000297e+04 6.756124939006151734e-15 0.000000000000000000e+00
5.738088785050000297e+04 6.728727868009053493e-15 0.000000000000000000e+00
5.738588785050000297e+04 6.694723939118220085e-15 0.000000000000000000e+00
5.739088785050000297e+04 6.655812331406402470e-15 0.000000000000000000e+00
5.739588785050000297e+04 6.613006093362764611e-15 0.000000000000000000e+00
5.740088785050000297e+04 6.575665183054392015e-15 0.000000000000000000e+00
5.740588785050000297e+04 6.541974024571541388e-15 0.000000000000000000e+00
5.741088785050000297e+04 6.519333160131298399e-15 0.000000000000000000e+00
5.741588785050000297e+04 6.510731146295174496e-15 0.000000000000000000e+00
5.742088785050000297e+04 6.499336721254057916e-15 0.000000000000000000e+00
5.742588785050000297e+04 6.485452593943188317e-15 0.000000000000000000e+00
5.743088785050000297e+04 6.474082166968451008e-15 0.000000000000000000e+00
5.743588785050000297e+04 6.464770613081801304e-15 0.000000000000000000e+00
5.744088785050000297e+04 6.453582367017643315e-15 0.000000000000000000e+00
5.744588785050000297e+04 6.443975183240879940e-15 0.000000000000000000e+00
5.745088785050000297e+04 6.422955136553233039e-15 0.000000000000000000e+00
5.745588785050000297e+04 6.423093791692182490e-15 0.000000000000000000e+00
5.746088785050000297e+04 6.426094896120715131e-15 0.000000000000000000e+00
5.746588785050000297e+04 6.430643873472970389e-15 0.000000000000000000e+00
5.747088785050000297e+04 6.419374932072097707e-15 0.000000000000000000e+00
5.747588785050000297e+04 6.416916070506924452e-15 0.000000000000000000e+00
5.748088785050000297e+04 6.429593143416282693e-15 0.000000000000000000e+00
5.748588785050000297e+04 6.421421438106280886e-15 0.000000000000000000e+00
5.749088785050000297e+04 6.429192039113275652e-15 0.000000000000000000e+00
5.749588785050000297e+04 6.425903117507677571e-15 0.000000000000000000e+00
5.750088785050000297e+04 6.430788869369641686e-15 0.000000000000000000e+00
5.750588785050000297e+04 6.446685123862583990e-15 0.000000000000000000e+00
5.751088785050000297e+04 6.513890049985386172e-15 0.000000000000000000e+00
5.751588785050000297e+04 6.568696682027517904e-15 0.000000000000000000e+00
5.752088785050000297e+04 6.630320075164595842e-15 0.000000000000000000e+00
5.752588785050000297e+04 6.710616271289884661e-15 0.000000000000000000e+00
5.753088785050000297e+04 6.795297780890202122e-15 0.000000000000000000e+00
5.753588785050000297e+04 6.839997183388348916e-15 0.000000000000000000e+00
5.754088785050000297e+04 6.891494444739262023e-15 0.000000000000000000e+00
5.754588785050000297e+04 6.943378692040954216e-15 0.000000000000000000e+00
5.755088785050000297e+04 6.991009491953870481e-15 0.000000000000000000e+00
5.755588785050000297e+04 7.033593577657425593e-15 0.000000000000000000e+00
5.756088785050000297e+04 7.064180489597548658e-15 0.000000000000000000e+00
5.756588785050000297e+04 7.074945786368650287e-15 0.000000000000000000e+00
5.757088785050000297e+04 7.070554936525320525e-15 0.000000000000000000e+00
5.757588785050000297e+04 7.068155840201330732e-15 0.000000000000000000e+00
5.758088785050000297e+04 7.056447635579816851e-15 0.000000000000000000e+00
5.758588785050000297e+04 7.020439733531627912e-15 0.000000000000000000e+00
5.759088785050000297e+04 6.981016461608886385e-15 0.000000000000000000e+00
5.759588785050000297e+04 6.950578435840766094e-15 0.000000000000000000e+00
5.760088785050000297e+04 6.906992845662171545e-15 0.000000000000000000e+00
5.760588785050000297e+04 6.880842018783569025e-15 0.000000000000000000e+00
5.761088785050000297e+04 6.852840570812945853e-15 0.000000000000000000e+00
5.761588785050000297e+04 6.845384790168048614e-15 0.000000000000000000e+00
5.762088785050000297e+04 6.847639326658215895e-15 0.000000000000000000e+00
5.762588785050000297e+04 6.849201212853556734e-15 0.000000000000000000e+00
5.763088785050000297e+04 6.881292983540638580e-15 0.000000000000000000e+00
5.763588785050000297e+04 6.901517038564111354e-15 0.000000000000000000e+00
5.764088785050000297e+04 6.954136786396675490e-15 0.000000000000000000e+00
5.764588785050000297e+04 7.056362085504818681e-15 0.000000000000000000e+00
5.765088785050000297e+04 7.171427917264782030e-15 0.000000000000000000e+00
5.765588785050000297e+04 7.300017219342026454e-15 0.000000000000000000e+00
5.766088785050000297e+04 7.445984683480302358e-15 0.000000000000000000e+00
5.766588785050000297e+04 7.602031736678850502e-15 0.000000000000000000e+00
5.767088785050000297e+04 7.745210721723270744e-15 0.000000000000000000e+00
5.767588785050000297e+04 7.933104251594875090e-15 0.000000000000000000e+00
5.768088785050000297e+04 8.083744097662955331e-15 0.000000000000000000e+00
5.768588785050000297e+04 8.257676073757576048e-15 0.000000000000000000e+00
5.769088785050000297e+04 8.426316771261818333e-15 0.000000000000000000e+00
5.769588785050000297e+04 8.575949685772171082e-15 0.000000000000000000e+00
5.770088785050000297e+04 8.690389852612650146e-15 0.000000000000000000e+00
5.770588785050000297e+04 8.830022058359089918e-15 0.000000000000000000e+00
5.771088785050000297e+04 8.952247979883843231e-15 0.000000000000000000e+00
5.771588785050000297e+04 9.067735873028042639e-15 0.000000000000000000e+00
5.772088785050000297e+04 9.150477381740705226e-15 0.000000000000000000e+00
5.772588785050000297e+04 9.262481583293410165e-15 0.000000000000000000e+00
5.773088785050000297e+04 9.374693111469595330e-15 0.000000000000000000e+00
5.773588785050000297e+04 9.417221415609035481e-15 0.000000000000000000e+00
5.774088785050000297e+04 9.434355043046682418e-15 0.000000000000000000e+00
5.774588785050000297e+04 9.469966190765151915e-15 0.000000000000000000e+00
5.775088785050000297e+04 9.507312562345743965e-15 0.000000000000000000e+00
5.775588785050000297e+04 9.562557426593442422e-15 0.000000000000000000e+00
5.776088785050000297e+04 9.609706160231177672e-15 0.000000000000000000e+00
5.776588785050000297e+04 9.664997040668158489e-15 0.000000000000000000e+00
5.777088785050000297e+04 9.724939310901637187e-15 0.000000000000000000e+00
5.777588785050000297e+04 9.746800342318553386e-15 0.000000000000000000e+00
5.778088785050000297e+04 9.754873257146192425e-15 0.000000000000000000e+00
5.778588785050000297e+04 9.744215132904624991e-15 0.000000000000000000e+00
5.779088785050000297e+04 9.718212682371585779e-15 0.000000000000000000e+00
5.779588785050000297e+04 9.709671190611923787e-15 0.000000000000000000e+00
5.780088785050000297e+04 9.738689344605419474e-15 0.000000000000000000e+00
5.780588785050000297e+04 9.762415535624555966e-15 0.000000000000000000e+00
5.781088785050000297e+04 9.793569954559781213e-15 0.000000000000000000e+00
5.781588785050000297e+04 9.837221978514955711e-15 0.000000000000000000e+00
5.782088785050000297e+04 9.872647967459708111e-15 0.000000000000000000e+00
5.782588785050000297e+04 9.924073613400361755e-15 0.000000000000000000e+00
5.783088785050000297e+04 9.978901494756680811e-15 0.000000000000000000e+00
5.783588785050000297e+04 1.004840301866340377e-14 0.000000000000000000e+00
5.784088785050000297e+04 1.011817731406006233e-14 0.000000000000000000e+00
5.784588785050000297e+04 1.019451088958901679e-14 0.000000000000000000e+00
5.785088785050000297e+04 1.027406921920586898e-14 0.000000000000000000e+00
5.785588785050000297e+04 1.035856786904199963e-14 0.000000000000000000e+00
5.786088785050000297e+04 1.041615459322549389e-14 0.000000000000000000e+00
5.786588785050000297e+04 1.047168442194555008e-14 0.000000000000000000e+00
5.787088785050000297e+04 1.049508955637697169e-14 0.000000000000000000e+00
5.787588785050000297e+04 1.051845920472508935e-14 0.000000000000000000e+00
5.788088785050000297e+04 1.052485091969696506e-14 0.000000000000000000e+00
5.788588785050000297e+04 1.050981987922102202e-14 0.000000000000000000e+00
5.789088785050000297e+04 1.048377182054110260e-14 0.000000000000000000e+00
5.789588785050000297e+04 1.046074129215534886e-14 0.000000000000000000e+00
5.790088785050000297e+04 1.041849327314208940e-14 0.000000000000000000e+00
5.790588785050000297e+04 1.035812270537516557e-14 0.000000000000000000e+00
5.791088785050000297e+04 1.031333331413305536e-14 0.000000000000000000e+00
5.791588785050000297e+04 1.026090055464345681e-14 0.000000000000000000e+00
5.792088785050000297e+04 1.019545906042798897e-14 0.000000000000000000e+00
5.792588785050000297e+04 1.011659540678768541e-14 0.000000000000000000e+00
5.793088785050000297e+04 1.006939428595435222e-14 0.000000000000000000e+00
5.793588785050000297e+04 1.001914608080343139e-14 0.000000000000000000e+00
5.794088785050000297e+04 9.979738019165682062e-15 0.000000000000000000e+00
5.794588785050000297e+04 9.937643984982063244e-15 0.000000000000000000e+00
5.795088785050000297e+04 9.896905492939238291e-15 0.000000000000000000e+00
5.795588785050000297e+04 9.858536813294889020e-15 0.000000000000000000e+00
5.796088785050000297e+04 9.797469253268420696e-15 0.000000000000000000e+00
5.796588785050000297e+04 9.739977982180027095e-15 0.000000000000000000e+00
5.797088785050000297e+04 9.669804918414793643e-15 0.000000000000000000e+00
5.797588785050000297e+04 9.595669291963444928e-15 0.000000000000000000e+00
5.798088785050000297e+04 9.499524047678810953e-15 0.000000000000000000e+00
5.798588785050000297e+04 9.394674758233222153e-15 0.000000000000000000e+00
5.799088785050000297e+04 9.310839939106724340e-15 0.000000000000000000e+00
5.799588785050000297e+04 9.218219596701915542e-15 0.000000000000000000e+00
5.800088785050000297e+04 9.110959620692248431e-15 0.000000000000000000e+00
5.800588785050000297e+04 9.003822516322889743e-15 0.000000000000000000e+00
5.801088785050000297e+04 8.895101379547085242e-15 0.000000000000000000e+00
5.801588785050000297e+04 8.805082699436476617e-15 0.000000000000000000e+00
5.802088785050000297e+04 8.711211944211677344e-15 0.000000000000000000e+00
5.802588785050000297e+04 8.620739758198258830e-15 0.000000000000000000e+00
5.803088785050000297e+04 8.528145694794785260e-15 0.000000000000000000e+00
5.803588785050000297e+04 8.436545241574847461e-15 0.000000000000000000e+00
5.804088785050000297e+04 8.376596048640856161e-15 0.000000000000000000e+00
5.804588785050000297e+04 8.323039235337418478e-15 0.000000000000000000e+00
5.805088785050000297e+04 8.281691723072511033e-15 0.000000000000000000e+00
5.805588785050000297e+04 8.261093053463965289e-15 0.000000000000000000e+00
5.806088785050000297e+04 8.247596522657069686e-15 0.000000000000000000e+00
5.806588785050000297e+04 8.213270538481337192e-15 0.000000000000000000e+00
5.807088785050000297e+04 8.192657673814871892e-15 0.000000000000000000e+00
5.807588785050000297e+04 8.171646743226734523e-15 0.000000000000000000e+00
5.808088785050000297e+04 8.190548869012985072e-15 0.000000000000000000e+00
5.808588785050000297e+04 8.206587020617461591e-15 0.000000000000000000e+00
5.809088785050000297e+04 8.230446755782363108e-15 0.000000000000000000e+00
5.809588785050000297e+04 8.236628441167549813e-15 0.000000000000000000e+00
5.810088785050000297e+04 8.241993909990165005e-15 0.000000000000000000e+00
5.810588785050000297e+04 8.233972369375582999e-15 0.000000000000000000e+00
5.811088785050000297e+04 8.241287699925586625e-15 0.000000000000000000e+00
5.811588785050000297e+04 8.250006239960607452e-15 0.000000000000000000e+00
5.812088785050000297e+04 8.277068112548227168e-15 0.000000000000000000e+00
5.812588785050000297e+04 8.313731767284245339e-15 0.000000000000000000e+00
5.813088785050000297e+04 8.333441869284898812e-15 0.000000000000000000e+00
5.813588785050000297e+04 8.345695410787227120e-15 0.000000000000000000e+00
5.814088785050000297e+04 8.338390229713425914e-15 0.000000000000000000e+00
5.814588785050000297e+04 8.345917891969112115e-15 0.000000000000000000e+00
5.815088785050000297e+04 8.369092073732644567e-15 0.000000000000000000e+00
5.815588785050000297e+04 8.392210107580930353e-15 0.000000000000000000e+00
5.816088785050000297e+04 8.370489677766078563e-15 0.000000000000000000e+00
5.816588785050000297e+04 8.355633059531311599e-15 0.000000000000000000e+00
5.817088785050000297e+04 8.322276846510000261e-15 0.000000000000000000e+00
5.817588785050000297e+04 8.322276846510000261e-15 0.000000000000000000e+00
5.818088785050000297e+04 8.322276846510000261e-15 0.000000000000000000e+00
