5.751588785050000297e+04 6.663910855500000248e-15 6.663862694369603584e-15
5.753177570089999790e+04 6.644934699259999980e-15 6.642358124267071369e-15
5.754485981310000352e+04 6.606682842080000380e-15 6.628630700476920519e-15
5.755514018689999648e+04 6.683770668579999899e-15 6.623292907198158407e-15
5.756261682239999936e+04 6.597352024920000271e-15 6.623125553743301205e-15
5.757009345790000225e+04 6.607087227410000387e-15 6.638410811582772472e-15
5.759813084109999909e+04 6.790228852139999881e-15 6.760420641466151038e-15
5.762710280369999964e+04 6.829154684880000146e-15 6.849926583293239758e-15
5.765700934579999739e+04 6.896941648690000332e-15 6.891429520139721596e-15
5.768130841119999968e+04 6.916561826019999702e-15 6.882265079406848985e-15
5.769345794390000083e+04 6.945602683919999925e-15 6.909143212413549427e-15
5.770000000000000000e+04 6.907245986099999781e-15 6.946955718901520225e-15
5.772149532709999767e+04 7.032590462499999675e-15 7.190874041850838962e-15
5.772710280369999964e+04 7.378834172060000676e-15 7.296752633172881008e-15
5.774018691589999798e+04 7.446351545649999805e-15 7.532634172223181538e-15
5.774859813079999731e+04 7.879178648450000160e-15 7.684144517811583330e-15
5.776355140189999656e+04 7.985187514979999562e-15 7.933001398404501870e-15
5.778691588790000242e+04 8.206715792000000762e-15 8.280112854798325973e-15
5.779532710280000174e+04 8.264542894799999559e-15 8.389184651817765406e-15
5.780186915890000091e+04 8.351186196980000461e-15 8.466007609101105739e-15
5.780841121500000008e+04 8.582060268390000779e-15 8.558716832608520976e-15
5.781775700930000312e+04 8.870671579200000327e-15 8.658563054428211793e-15
5.784672897199999716e+04 8.871135873470000305e-15 8.872858353036056504e-15
5.787663551400000142e+04 8.910076683440000369e-15 9.121550571329293713e-15
5.788598130839999794e+04 9.294841840399999661e-15 9.248890135153370605e-15
5.789439252339999803e+04 9.371899712439999585e-15 9.360034750263200973e-15
5.790093457939999644e+04 9.410466091539999236e-15 9.459267043735831580e-15
5.790934579439999652e+04 9.602908578960000431e-15 9.573532442446483613e-15
5.791682242989999941e+04 9.708797627609999891e-15 9.662930640405521145e-15
5.792336448599999858e+04 9.776210160559999266e-15 9.730102764744094682e-15
5.793177570089999790e+04 9.862883417209999365e-15 9.786307627059565836e-15
5.794859813079999731e+04 9.815076084350000749e-15 9.827722837133669718e-15
5.795514018689999648e+04 9.795950155760000554e-15 9.819118293795158152e-15
5.797943925229999877e+04 9.777108794630000026e-15 9.766121421980604082e-15
5.801775700930000312e+04 9.739261322789999245e-15 9.770677260982037303e-15
5.803457943930000329e+04 9.710684759170000179e-15 9.713280208145012412e-15
5.805420560750000004e+04 9.691768511859999493e-15 9.512154238314668672e-15
5.806074766359999921e+04 9.364950275580000517e-15 9.424659812446676972e-15
5.806915887849999854e+04 9.211238916849999878e-15 9.286260936272567713e-15
5.807663551400000142e+04 9.124820273180000649e-15 9.178885916498565426e-15
5.808411214949999703e+04 9.086478552600000693e-15 9.058966932464075983e-15
