5.711600000000000000e+04 7.522835212312100686e-15 0.000000000000000000e+00
5.712600000000000000e+04 7.482081501517463106e-15 0.000000000000000000e+00
5.713600000000000000e+04 7.253395602961367953e-15 0.000000000000000000e+00
5.714600000000000000e+04 7.264419600695110989e-15 0.000000000000000000e+00
5.715600000000000000e+04 7.376582184374379709e-15 0.000000000000000000e+00
5.716600000000000000e+04 6.940563143983500207e-15 0.000000000000000000e+00
5.717600000000000000e+04 6.892302391635379615e-15 0.000000000000000000e+00
5.718600000000000000e+04 7.037881666822130230e-15 0.000000000000000000e+00
5.719600000000000000e+04 6.768903482182470635e-15 0.000000000000000000e+00
5.720600000000000000e+04 6.733360812333182418e-15 0.000000000000000000e+00
5.721600000000000000e+04 6.968819331184883701e-15 0.000000000000000000e+00
5.722600000000000000e+04 6.677246080345551151e-15 0.000000000000000000e+00
5.723600000000000000e+04 6.914190491479004106e-15 0.000000000000000000e+00
5.724600000000000000e+04 6.889383837935477686e-15 0.000000000000000000e+00
5.725600000000000000e+04 6.997522836593136588e-15 0.000000000000000000e+00
5.726600000000000000e+04 6.637324028936047133e-15 0.000000000000000000e+00
5.727600000000000000e+04 6.791703005657734622e-15 0.000000000000000000e+00
5.728600000000000000e+04 6.845808762614032734e-15 0.000000000000000000e+00
5.729600000000000000e+04 6.893020879148125651e-15 0.000000000000000000e+00
5.730600000000000000e+04 7.270257320111785947e-15 0.000000000000000000e+00
5.731600000000000000e+04 7.229051657326245786e-15 0.000000000000000000e+00
5.732600000000000000e+04 7.196939712957116698e-15 0.000000000000000000e+00
5.733600000000000000e+04 7.368822010970485213e-15 0.000000000000000000e+00
5.734600000000000000e+04 7.146436261342973473e-15 0.000000000000000000e+00
5.735600000000000000e+04 7.077695399700769924e-15 0.000000000000000000e+00
5.736600000000000000e+04 6.738308345317470697e-15 0.000000000000000000e+00
5.737600000000000000e+04 6.925288802404492596e-15 0.000000000000000000e+00
5.738600000000000000e+04 7.074500917734351161e-15 0.000000000000000000e+00
5.739600000000000000e+04 7.108100750517246961e-15 0.000000000000000000e+00
5.740600000000000000e+04 6.907146308285911853e-15 0.000000000000000000e+00
5.741600000000000000e+04 7.028820381223572593e-15 0.000000000000000000e+00
5.742600000000000000e+04 6.977757605671961626e-15 0.000000000000000000e+00
5.743600000000000000e+04 7.090733474175887380e-15 0.000000000000000000e+00
5.744600000000000000e+04 7.217029384651246726e-15 0.000000000000000000e+00
5.745600000000000000e+04 7.258579595226481748e-15 0.000000000000000000e+00
5.746600000000000000e+04 7.310404040007026275e-15 0.000000000000000000e+00
5.747600000000000000e+04 7.307456404902572995e-15 0.000000000000000000e+00
5.748600000000000000e+04 7.258939079589087623e-15 0.000000000000000000e+00
5.749600000000000000e+04 6.854320371781681454e-15 0.000000000000000000e+00
5.750600000000000000e+04 6.786106538864814931e-15 0.000000000000000000e+00
5.751600000000000000e+04 6.671978570360630385e-15 0.000000000000000000e+00
5.752600000000000000e+04 6.937898737742981010e-15 0.000000000000000000e+00
5.753600000000000000e+04 6.934063874377032403e-15 0.000000000000000000e+00
5.754600000000000000e+04 6.945438420936536255e-15 0.000000000000000000e+00
5.755600000000000000e+04 6.903619456669408008e-15 0.000000000000000000e+00
5.756600000000000000e+04 6.933645144300268795e-15 0.000000000000000000e+00
5.757600000000000000e+04 7.141611072833061712e-15 0.000000000000000000e+00
5.758600000000000000e+04 7.102683550076944534e-15 0.000000000000000000e+00
5.759600000000000000e+04 6.820375796092099601e-15 0.000000000000000000e+00
5.760600000000000000e+04 6.798523433918157784e-15 0.000000000000000000e+00
5.761600000000000000e+04 6.846104004093330434e-15 0.000000000000000000e+00
5.762600000000000000e+04 6.927868207619784809e-15 0.000000000000000000e+00
5.763600000000000000e+04 7.400752938384684696e-15 0.000000000000000000e+00
5.764600000000000000e+04 7.281416735098664109e-15 0.000000000000000000e+00
5.765600000000000000e+04 7.225555242756600164e-15 0.000000000000000000e+00
5.766600000000000000e+04 7.115207309253103729e-15 0.000000000000000000e+00
5.767600000000000000e+04 7.504874011979719882e-15 0.000000000000000000e+00
5.768600000000000000e+04 8.078789650251350548e-15 0.000000000000000000e+00
5.769600000000000000e+04 8.621473645937230835e-15 0.000000000000000000e+00
5.770600000000000000e+04 9.018822281166384167e-15 0.000000000000000000e+00
5.771600000000000000e+04 8.931556598099214549e-15 0.000000000000000000e+00
5.772600000000000000e+04 8.852056327187001278e-15 0.000000000000000000e+00
5.773600000000000000e+04 8.688407906669973464e-15 0.000000000000000000e+00
5.774600000000000000e+04 8.882680238638302388e-15 0.000000000000000000e+00
5.775600000000000000e+04 9.145813042702208766e-15 0.000000000000000000e+00
5.776600000000000000e+04 9.420125075292050106e-15 0.000000000000000000e+00
5.777600000000000000e+04 9.469292161685365918e-15 0.000000000000000000e+00
5.778600000000000000e+04 9.232420729405292075e-15 0.000000000000000000e+00
5.779600000000000000e+04 9.408018634344193532e-15 0.000000000000000000e+00
5.780600000000000000e+04 9.329837474506668302e-15 0.000000000000000000e+00
5.781600000000000000e+04 9.034327398578601126e-15 0.000000000000000000e+00
5.782600000000000000e+04 9.156922065704800011e-15 0.000000000000000000e+00
5.783600000000000000e+04 9.335735900900136507e-15 0.000000000000000000e+00
5.784600000000000000e+04 9.090871711927904890e-15 0.000000000000000000e+00
5.785600000000000000e+04 9.452451563856692559e-15 0.000000000000000000e+00
5.786600000000000000e+04 9.398129011280473216e-15 0.000000000000000000e+00
5.787600000000000000e+04 9.211049720021653944e-15 0.000000000000000000e+00
5.788600000000000000e+04 9.084389923304337272e-15 0.000000000000000000e+00
5.789600000000000000e+04 9.108624166302520709e-15 0.000000000000000000e+00
5.790600000000000000e+04 9.392361605055917563e-15 0.000000000000000000e+00
5.791600000000000000e+04 9.370492691880863750e-15 0.000000000000000000e+00
5.792600000000000000e+04 9.234366935575678315e-15 0.000000000000000000e+00
5.793600000000000000e+04 9.369323372147221746e-15 0.000000000000000000e+00
5.794600000000000000e+04 9.211316832170439293e-15 0.000000000000000000e+00
5.795600000000000000e+04 9.547690347526108808e-15 0.000000000000000000e+00
5.796600000000000000e+04 9.277604205886189731e-15 0.000000000000000000e+00
5.797600000000000000e+04 9.215396508712392492e-15 0.000000000000000000e+00
5.798600000000000000e+04 9.402595382174494520e-15 0.000000000000000000e+00
5.799600000000000000e+04 9.568692031244122903e-15 0.000000000000000000e+00
5.800600000000000000e+04 9.500256821408484382e-15 0.000000000000000000e+00
5.801600000000000000e+04 9.313587103210551543e-15 0.000000000000000000e+00
5.802600000000000000e+04 9.325659790854693121e-15 0.000000000000000000e+00
5.803600000000000000e+04 9.194241528278727402e-15 0.000000000000000000e+00
5.804600000000000000e+04 9.342842010853376127e-15 0.000000000000000000e+00
5.805600000000000000e+04 9.311043224620199113e-15 0.000000000000000000e+00
5.806600000000000000e+04 8.905468457833590947e-15 0.000000000000000000e+00
5.807600000000000000e+04 8.887935887402485915e-15 0.000000000000000000e+00
5.808600000000000000e+04 8.574253227095528782e-15 0.000000000000000000e+00
5.809600000000000000e+04 8.751862850363058701e-15 0.000000000000000000e+00
5.810600000000000000e+04 8.741714571221030239e-15 0.000000000000000000e+00
5.811600000000000000e+04 8.498482759946424012e-15 0.000000000000000000e+00
5.812600000000000000e+04 8.508677885310554453e-15 0.000000000000000000e+00
5.813600000000000000e+04 8.528606523023632251e-15 0.000000000000000000e+00
5.814600000000000000e+04 8.263894194608303245e-15 0.000000000000000000e+00
5.815600000000000000e+04 8.104986615598403658e-15 0.000000000000000000e+00
5.816600000000000000e+04 8.108428534867264062e-15 0.000000000000000000e+00
5.817600000000000000e+04 8.108428534867264062e-15 0.000000000000000000e+00
5.818600000000000000e+04 8.108428534867264062e-15 0.000000000000000000e+00
