5.731588785050000297e+04 8.637503235105144751e-15 0.000000000000000000e+00
5.732588785050000297e+04 8.955363167867838996e-15 0.000000000000000000e+00
5.733588785050000297e+04 8.851627674550183082e-15 0.000000000000000000e+00
5.734588785050000297e+04 8.746235802711133365e-15 0.000000000000000000e+00
5.735588785050000297e+04 8.965510937736529928e-15 0.000000000000000000e+00
5.736588785050000297e+04 8.761389073090147566e-15 0.000000000000000000e+00
5.737588785050000297e+04 8.962066789911332713e-15 0.000000000000000000e+00
5.738588785050000297e+04 8.740199071389533991e-15 0.000000000000000000e+00
5.739588785050000297e+04 8.887701985232348011e-15 0.000000000000000000e+00
5.740588785050000297e+04 8.927698418876143579e-15 0.000000000000000000e+00
5.741588785050000297e+04 8.544437753988966743e-15 0.000000000000000000e+00
5.742588785050000297e+04 8.557976971774646766e-15 0.000000000000000000e+00
5.743588785050000297e+04 8.434503643967429417e-15 0.000000000000000000e+00
5.744588785050000297e+04 7.964838053874423897e-15 0.000000000000000000e+00
5.745588785050000297e+04 7.528797628531376882e-15 0.000000000000000000e+00
5.746588785050000297e+04 7.494269129586453430e-15 0.000000000000000000e+00
5.747588785050000297e+04 7.085750965597979678e-15 0.000000000000000000e+00
5.748588785050000297e+04 6.865431148334538522e-15 0.000000000000000000e+00
5.749588785050000297e+04 6.546253026514071456e-15 0.000000000000000000e+00
5.750588785050000297e+04 6.650464141716229653e-15 0.000000000000000000e+00
5.751588785050000297e+04 6.625618564921128930e-15 0.000000000000000000e+00
5.752588785050000297e+04 6.756935396428450141e-15 0.000000000000000000e+00
5.753588785050000297e+04 6.805184868400368154e-15 0.000000000000000000e+00
5.754588785050000297e+04 6.794601790295901804e-15 0.000000000000000000e+00
5.755588785050000297e+04 7.207617988163993817e-15 0.000000000000000000e+00
5.756588785050000297e+04 7.608235338712911115e-15 0.000000000000000000e+00
5.757588785050000297e+04 7.512950916623783958e-15 0.000000000000000000e+00
5.758588785050000297e+04 7.301448820458106284e-15 0.000000000000000000e+00
5.759588785050000297e+04 7.007498037092388011e-15 0.000000000000000000e+00
5.760588785050000297e+04 7.134917134705721066e-15 0.000000000000000000e+00
5.761588785050000297e+04 7.295788510829727493e-15 0.000000000000000000e+00
5.762588785050000297e+04 7.044498370903257059e-15 0.000000000000000000e+00
5.763588785050000297e+04 7.110253933239360278e-15 0.000000000000000000e+00
5.764588785050000297e+04 6.765292586455235632e-15 0.000000000000000000e+00
5.765588785050000297e+04 6.843783510870531190e-15 0.000000000000000000e+00
5.766588785050000297e+04 6.907205148465508321e-15 0.000000000000000000e+00
5.767588785050000297e+04 7.390785358900999598e-15 0.000000000000000000e+00
5.768588785050000297e+04 7.873009063303687825e-15 0.000000000000000000e+00
5.769588785050000297e+04 8.752056193107671351e-15 0.000000000000000000e+00
5.770588785050000297e+04 9.236113525925457171e-15 0.000000000000000000e+00
5.771588785050000297e+04 9.663832660982113885e-15 0.000000000000000000e+00
5.772588785050000297e+04 9.679919361894469815e-15 0.000000000000000000e+00
5.773588785050000297e+04 9.655637111125780023e-15 0.000000000000000000e+00
5.774588785050000297e+04 9.310712161549907945e-15 0.000000000000000000e+00
5.775588785050000297e+04 9.389232891969286329e-15 0.000000000000000000e+00
5.776588785050000297e+04 9.470654813403120797e-15 0.000000000000000000e+00
5.777588785050000297e+04 9.907605040016780043e-15 0.000000000000000000e+00
5.778588785050000297e+04 9.920943379818998256e-15 0.000000000000000000e+00
5.779588785050000297e+04 9.910377565783578266e-15 0.000000000000000000e+00
5.780588785050000297e+04 9.478744818038487690e-15 0.000000000000000000e+00
5.781588785050000297e+04 9.228190611836264330e-15 0.000000000000000000e+00
5.782588785050000297e+04 9.462555130371023929e-15 0.000000000000000000e+00
5.783588785050000297e+04 9.653051910187603540e-15 0.000000000000000000e+00
5.784588785050000297e+04 9.773144339326704943e-15 0.000000000000000000e+00
5.785588785050000297e+04 1.031383383349512230e-14 0.000000000000000000e+00
5.786588785050000297e+04 1.077645792648162787e-14 0.000000000000000000e+00
5.787588785050000297e+04 1.118989225972263460e-14 0.000000000000000000e+00
5.788588785050000297e+04 1.118120074268821649e-14 0.000000000000000000e+00
5.789588785050000297e+04 1.098317016638659395e-14 0.000000000000000000e+00
5.790588785050000297e+04 1.076805597254091074e-14 0.000000000000000000e+00
5.791588785050000297e+04 1.013236862814394090e-14 0.000000000000000000e+00
5.792588785050000297e+04 9.658030174010366542e-15 0.000000000000000000e+00
5.793588785050000297e+04 9.498541251378130232e-15 0.000000000000000000e+00
5.794588785050000297e+04 9.391591294551636500e-15 0.000000000000000000e+00
5.795588785050000297e+04 9.708067173183651425e-15 0.000000000000000000e+00
5.796588785050000297e+04 9.644329533608833887e-15 0.000000000000000000e+00
5.797588785050000297e+04 9.974614192251389912e-15 0.000000000000000000e+00
5.798588785050000297e+04 1.021294364551415665e-14 0.000000000000000000e+00
5.799588785050000297e+04 1.006008421147731796e-14 0.000000000000000000e+00
5.800588785050000297e+04 9.499396052370103027e-15 0.000000000000000000e+00
5.801588785050000297e+04 9.277130753306321159e-15 0.000000000000000000e+00
5.802588785050000297e+04 8.631626219162946883e-15 0.000000000000000000e+00
5.803588785050000297e+04 7.928496108642214249e-15 0.000000000000000000e+00
5.804588785050000297e+04 7.544882088508481814e-15 0.000000000000000000e+00
5.805588785050000297e+04 7.583631269058357543e-15 0.000000000000000000e+00
5.806588785050000297e+04 7.558551917923473723e-15 0.000000000000000000e+00
5.807588785050000297e+04 7.956747312701793635e-15 0.000000000000000000e+00
5.808588785050000297e+04 8.190631871624557264e-15 0.000000000000000000e+00
5.809588785050000297e+04 8.515743721582673417e-15 0.000000000000000000e+00
5.810588785050000297e+04 8.450501847484299712e-15 0.000000000000000000e+00
5.811588785050000297e+04 8.791745923367999897e-15 0.000000000000000000e+00
5.812588785050000297e+04 8.984755155218075634e-15 0.000000000000000000e+00
5.813588785050000297e+04 8.678510570114226055e-15 0.000000000000000000e+00
5.814588785050000297e+04 8.709831528058296476e-15 0.000000000000000000e+00
5.815588785050000297e+04 8.317885047301190150e-15 0.000000000000000000e+00
5.816588785050000297e+04 8.322276846510000261e-15 0.000000000000000000e+00
5.817588785050000297e+04 8.322276846510000261e-15 0.000000000000000000e+00
