5.751600000000000000e+04 6.537246619267509609e-15 7.623049755686374397e-15
5.752300000000000000e+04 6.686576406508708842e-15 7.624254966345092924e-15
5.753000000000000000e+04 6.715273444943189520e-15 7.626546175082062779e-15
5.754700000000000000e+04 6.600998938466156970e-15 7.636994842867387305e-15
5.755400000000000000e+04 6.377139001512819370e-15 7.641466994789990681e-15
5.756200000000000000e+04 6.668558034339390516e-15 7.647163606287043470e-15
5.756900000000000000e+04 6.671810773089752508e-15 7.652190285439389364e-15
5.758300000000000000e+04 6.409724811548842672e-15 7.662723973523039467e-15
5.759800000000000000e+04 6.568643766816831361e-15 7.672263341716005916e-15
5.769300000000000000e+04 6.575943501144002417e-15 7.686828286232947613e-15
5.770100000000000000e+04 6.742487846370730258e-15 7.693201955901426720e-15
5.771100000000000000e+04 6.989127366612550528e-15 7.712481638593408098e-15
5.771900000000000000e+04 7.069414354384117984e-15 7.739409149649181945e-15
5.772600000000000000e+04 7.165082738274620353e-15 7.768958315643133284e-15
5.773300000000000000e+04 7.454619533676807036e-15 7.800255433012926725e-15
5.774100000000000000e+04 7.600926344404520559e-15 7.836014007776392969e-15
5.774900000000000000e+04 7.600394173877535802e-15 7.872495767496927783e-15
5.775700000000000000e+04 nan 7.909659643101500614e-15
5.776400000000000000e+04 8.050995839203362534e-15 7.942444096353317497e-15
5.777200000000000000e+04 7.986108602681138804e-15 7.980750244231134469e-15
5.778600000000000000e+04 8.213014059382702707e-15 8.044899855845621278e-15
5.779400000000000000e+04 8.221938112352632488e-15 8.078144147034701830e-15
5.780100000000000000e+04 8.251537611880771018e-15 8.104703281685819752e-15
5.780900000000000000e+04 nan 8.132777113372924011e-15
5.781700000000000000e+04 8.381155633233223623e-15 8.158235249500916776e-15
5.786400000000000000e+04 nan 8.260744476735888605e-15
5.787800000000000000e+04 9.199886613374453011e-15 8.282483488533998052e-15
5.788700000000000000e+04 9.206157620999026195e-15 8.293405598342446258e-15
5.789400000000000000e+04 9.295484477994921582e-15 8.300809509423280527e-15
5.790300000000000000e+04 9.445183797009386778e-15 8.311479574060475332e-15
5.791000000000000000e+04 9.508575897096626952e-15 8.320520071736273926e-15
5.791800000000000000e+04 9.737229133649977385e-15 8.330522997913940736e-15
5.792500000000000000e+04 9.809403832227908569e-15 8.337719293328181532e-15
5.793300000000000000e+04 9.784478271555861197e-15 8.345636166748943638e-15
5.794200000000000000e+04 nan 8.354219289771977808e-15
5.794200000000000000e+04 nan 8.354219289771977808e-15
5.794900000000000000e+04 9.850139748948933169e-15 8.360219587009134920e-15
5.795600000000000000e+04 9.763203844044563881e-15 8.365655784541220891e-15
5.805500000000000000e+04 9.458862105518506095e-15 8.397099739099060066e-15
5.806200000000000000e+04 9.262907083617610610e-15 8.403390263955038770e-15
5.807000000000000000e+04 9.168315401900839918e-15 8.409174098014540622e-15
5.807900000000000000e+04 9.115231129078075816e-15 8.413692957307540336e-15
5.808600000000000000e+04 9.000526675198365531e-15 8.415692872931228410e-15
5.809400000000000000e+04 9.084409713636303732e-15 8.416696142461655031e-15
