5.751588785050000297e+04 6.663910855500000248e-15 6.544514792355426098e-15
5.753177570089999790e+04 6.644934699259999980e-15 6.708828032197259397e-15
5.754485981310000352e+04 6.606682842080000380e-15 6.833314605606909899e-15
5.755514018689999648e+04 6.683770668579999899e-15 6.922125932979122434e-15
5.756261682239999936e+04 6.597352024920000271e-15 6.969937166506423309e-15
5.757009345790000225e+04 6.607087227410000387e-15 7.025459560247246812e-15
5.759813084109999909e+04 6.790228852139999881e-15 7.182870848904275110e-15
5.762710280369999964e+04 6.829154684880000146e-15 7.286580322645684966e-15
5.765700934579999739e+04 6.896941648690000332e-15 7.364294921646615698e-15
5.768130841119999968e+04 6.916561826019999702e-15 7.430995770372287350e-15
5.769345794390000083e+04 6.945602683919999925e-15 7.486195515365783030e-15
5.770000000000000000e+04 6.907245986099999781e-15 7.527331936934610797e-15
5.772149532709999767e+04 7.032590462499999675e-15 7.673080650422089017e-15
5.772710280369999964e+04 7.378834172060000676e-15 7.721039511884798361e-15
5.774018691589999798e+04 7.446351545649999805e-15 7.813326889224070955e-15
5.774859813079999731e+04 7.879178648450000160e-15 7.876165442047267185e-15
5.776355140189999656e+04 7.985187514979999562e-15 7.981861065293350255e-15
5.778691588790000242e+04 8.206715792000000762e-15 8.140975174851314793e-15
5.779532710280000174e+04 8.264542894799999559e-15 8.182330498804066047e-15
5.780186915890000091e+04 8.351186196980000461e-15 8.207476550631795969e-15
5.780841121500000008e+04 8.582060268390000779e-15 8.241485762349600621e-15
5.781775700930000312e+04 8.870671579200000327e-15 8.276798238487355500e-15
5.784672897199999716e+04 8.871135873470000305e-15 8.365428111165661381e-15
5.787663551400000142e+04 8.910076683440000369e-15 8.451768882333287932e-15
5.788598130839999794e+04 9.294841840399999661e-15 8.482630618298089624e-15
5.789439252339999803e+04 9.371899712439999585e-15 8.505614204154959388e-15
5.790093457939999644e+04 9.410466091539999236e-15 8.525868763937490405e-15
5.790934579439999652e+04 9.602908578960000431e-15 8.553057048792598614e-15
5.791682242989999941e+04 9.708797627609999891e-15 8.574975945027420310e-15
5.792336448599999858e+04 9.776210160559999266e-15 8.588260538581538507e-15
5.793177570089999790e+04 9.862883417209999365e-15 8.604450216855533754e-15
5.794859813079999731e+04 9.815076084350000749e-15 8.645959663006822070e-15
5.795514018689999648e+04 9.795950155760000554e-15 8.661962693001553771e-15
5.797943925229999877e+04 9.777108794630000026e-15 8.709678043587560636e-15
5.801775700930000312e+04 9.739261322789999245e-15 8.766579938856000784e-15
5.803457943930000329e+04 9.710684759170000179e-15 8.771013965312156782e-15
5.805420560750000004e+04 9.691768511859999493e-15 8.783742965459543505e-15
5.806074766359999921e+04 9.364950275580000517e-15 8.786590738306996940e-15
5.806915887849999854e+04 9.211238916849999878e-15 8.791795864880611181e-15
5.807663551400000142e+04 9.124820273180000649e-15 8.794432923425535268e-15
5.808411214949999703e+04 9.086478552600000693e-15 8.790170710922103141e-15
