5.751600000000000000e+04 4.742861453286711955e-17 3.783535333028360369e-17 1.256699358273137561e-18
5.752300000000000000e+04 4.491935574410020751e-17 3.711400758180013045e-17 1.363430254615403161e-18
5.753000000000000000e+04 4.698068328804802258e-17 3.782129995284788315e-17 1.335129459972650677e-18
5.754700000000000000e+04 4.564600047559060611e-17 3.784322734563698639e-17 1.211624489277158303e-18
5.756200000000000000e+04 4.513964768184691594e-17 3.806710022128483299e-17 1.195371353576910100e-18
5.756900000000000000e+04 4.442446669398719957e-17 3.779288784108146989e-17 1.401865182066078197e-18
5.758300000000000000e+04 4.251055812990740273e-17 3.810917755276781652e-17 1.242017700183566935e-18
5.759100000000000000e+04 8.758846536989027386e-17 3.916282394717354116e-17 1.182071803945457762e-18
5.759800000000000000e+04 4.414761184455298134e-17 3.850703547049563196e-17 1.290922771444137803e-18
5.769300000000000000e+04 4.633996664746842206e-17 4.203133141659342365e-17 2.104067437489440362e-18
5.770100000000000000e+04 4.620330663229208361e-17 4.331243206308934555e-17 1.285641863197581877e-18
5.771900000000000000e+04 4.836060109678354727e-17 4.335489975221457759e-17 1.184342960269945464e-18
5.772600000000000000e+04 4.903031635170504810e-17 4.463189174298171978e-17 1.370353273089246818e-18
5.773300000000000000e+04 5.095056490161292665e-17 4.406092383137497887e-17 1.090748122231726561e-18
5.774100000000000000e+04 5.111860626866151285e-17 4.545362656969164237e-17 1.261492593186189877e-18
5.774900000000000000e+04 5.171277101652907175e-17 4.493868052210119918e-17 1.240064596300731038e-18
5.775700000000000000e+04 5.203909251068505366e-17 4.586667844614952120e-17 1.175552448954645280e-18
5.776400000000000000e+04 5.344476517412060630e-17 4.566014348681463269e-17 1.221427490908705249e-18
5.777200000000000000e+04 5.126417711025590473e-17 4.660546081024234996e-17 1.338059586766941122e-18
5.778600000000000000e+04 5.277156761000977183e-17 4.773201040235689892e-17 1.817817266669506573e-18
5.779400000000000000e+04 5.183347355769417494e-17 4.718215285794127010e-17 1.237935588613092130e-18
5.780100000000000000e+04 5.230303312755586919e-17 4.847089013192118007e-17 1.183228305613960490e-18
5.780900000000000000e+04 5.173729680017429085e-17 4.787158317295091041e-17 1.872963922252651978e-18
5.781700000000000000e+04 5.313854702788795072e-17 4.878595154003266992e-17 1.170221744640564440e-18
5.785700000000000000e+04 5.366312974014718701e-17 5.023951231585168060e-17 1.276064003352965593e-18
5.786400000000000000e+04 5.506540735297318449e-17 4.990656535339969154e-17 1.367083437208788151e-18
5.787800000000000000e+04 5.663992225002723153e-17 5.024562051926913574e-17 1.201100680529839261e-18
5.788700000000000000e+04 5.567083207726588211e-17 5.108548612093253906e-17 1.156690494327665609e-18
5.789400000000000000e+04 5.679253618895298196e-17 5.069315802136620489e-17 1.363276655209933103e-18
5.790300000000000000e+04 5.681379196621786034e-17 5.080118694474452055e-17 1.240158793867186246e-18
5.791000000000000000e+04 5.662871465110149425e-17 5.175575723290710030e-17 1.184277015472699872e-18
5.791800000000000000e+04 5.750161040603146926e-17 5.100932715764576851e-17 1.236020121320637382e-18
5.792500000000000000e+04 5.667089633221703421e-17 5.193272676830456193e-17 1.120217631770723125e-18
5.793300000000000000e+04 5.698828297252941152e-17 5.109175958035514220e-17 1.253954080937364370e-18
5.794200000000000000e+04 5.784539672583411517e-17 5.172199822466346325e-17 1.224961653594931776e-18
5.794900000000000000e+04 5.561110576061639737e-17 5.114741404058916653e-17 1.267100256344005201e-18
5.795600000000000000e+04 5.599337305810928676e-17 5.208494431342854718e-17 1.116745095527259021e-18
5.796400000000000000e+04 5.476660277289755141e-17 5.106490799350422894e-17 1.945748088665234819e-18
5.805500000000000000e+04 5.141099838209698481e-17 5.020497988622073458e-17 1.133861530267941496e-18
5.806200000000000000e+04 5.147514818201357712e-17 4.975904949984529208e-17 1.256947006822282312e-18
5.807000000000000000e+04 5.139397924670453732e-17 4.975064772180363403e-17 1.145665980642833688e-18
5.807900000000000000e+04 5.070984481562335471e-17 4.873792158104353381e-17 1.176709573827577601e-18
5.808600000000000000e+04 5.023814524865916823e-17 4.942196857428596694e-17 1.206588482190251755e-18
5.809400000000000000e+04 5.128502251731508396e-17 4.827255882756190860e-17 1.102352866629380463e-18
5.810900000000000000e+04 7.745214445635637369e-17 4.783360923615501034e-17 1.231202606183424390e-18
5.811700000000000000e+04 5.132128397620562229e-17 4.807810645299888829e-17 1.348899853510761863e-18
5.812500000000000000e+04 5.220701642892037380e-17 4.807147576235047973e-17 1.240623064391382013e-18
5.813200000000000000e+04 7.512794935182823343e-17 4.761527897908663397e-17 1.194350288264135584e-18
5.814000000000000000e+04 5.055652025550185370e-17 4.764161484608783979e-17 1.249934218559613343e-18
5.814700000000000000e+04 4.897142851905224850e-17 4.720531307598622327e-17 1.364253270115151736e-18
5.815400000000000000e+04 7.764809767286333613e-17 4.656685660183790180e-17 1.345755008598216986e-18
5.816100000000000000e+04 4.883632604814946186e-17 4.727529167733130020e-17 1.409234949473118552e-18
5.816800000000000000e+04 4.939367974671924265e-17 4.617471703788167760e-17 1.362623943283255371e-18
5.817500000000000000e+04 4.929828129309229976e-17 4.679547655722385630e-17 1.243813070977674521e-18
5.818200000000000000e+04 4.960962580695077999e-17 4.642009590707431817e-17 1.212812697785336691e-18
5.819000000000000000e+04 4.854626895201832432e-17 4.653341862389277783e-17 1.075494021113418027e-18
5.819800000000000000e+04 4.890601641525679332e-17 4.564300134971280370e-17 1.354688197067329413e-18
5.820500000000000000e+04 4.846909081217628622e-17 4.636320457730589279e-17 1.193934671615447868e-18
5.822200000000000000e+04 4.930919781789799328e-17 4.611663971004483637e-17 1.372964937208487978e-18
5.822900000000000000e+04 4.969832224409607903e-17 4.565680148154938200e-17 1.066015910417469285e-18
5.824400000000000000e+04 4.756476206679689405e-17 4.587990661893386188e-17 1.173961813264742420e-18
5.825300000000000000e+04 4.854590114020783032e-17 4.606908169318579248e-17 1.027136529265930890e-18
