5.770100000000000000e+04 9.868469775695600822e-17 6.960463498598863781e-17 3.716644037811707122e-18
5.770100000000000000e+04 9.941598548534559159e-17 6.960463498598863781e-17 3.703585556204321344e-18
5.770100000000000000e+04 9.881626372563329814e-17 6.960463498598863781e-17 3.749083413668652496e-18
5.771100000000000000e+04 1.026922188458676459e-16 7.043378496681715917e-17 3.492097388826515403e-17
5.771100000000000000e+04 1.023315494007020945e-16 7.043378496681715917e-17 3.686559784352683861e-18
5.771100000000000000e+04 9.987299710680344806e-17 7.043378496681715917e-17 4.413615628941372138e-18
5.771900000000000000e+04 1.004267673220387628e-16 7.751602470197155594e-17 3.978506104321570940e-18
5.771900000000000000e+04 9.922284647597140609e-17 7.751602470197155594e-17 3.746648751066512448e-18
5.771900000000000000e+04 9.913516165940149499e-17 7.751602470197155594e-17 3.994325910974746534e-18
5.772600000000000000e+04 1.026040558181077535e-16 7.171448993960496036e-17 4.091652221669811804e-18
5.772600000000000000e+04 1.026819055300679374e-16 7.171448993960496036e-17 4.086084063176099195e-18
5.772600000000000000e+04 1.026183047858418174e-16 7.171448993960496036e-17 5.862366854754747969e-18
5.773300000000000000e+04 1.035938341218525613e-16 8.393779271627571287e-17 7.480897218989990476e-18
5.773300000000000000e+04 1.034760366602035597e-16 8.393779271627571287e-17 3.928239770250946780e-18
5.774900000000000000e+04 1.069691006473905891e-16 8.010737528419970214e-17 3.864817762119353131e-18
5.774900000000000000e+04 1.066958337046255579e-16 8.010737528419970214e-17 3.714682264592496705e-18
5.774900000000000000e+04 1.073440596765341245e-16 8.010737528419970214e-17 3.992032688933455935e-18
5.775700000000000000e+04 1.083425525521928595e-16 8.288325983318200770e-17 3.999521374930965757e-18
5.775700000000000000e+04 1.076886966054407496e-16 8.288325983318200770e-17 3.894703160902055101e-18
5.776400000000000000e+04 1.077348726565474746e-16 8.134580095662201026e-17 6.547592684645616333e-18
5.776400000000000000e+04 1.071433052345047904e-16 8.134580095662201026e-17 5.382566828929837460e-18
5.776400000000000000e+04 1.074264544152196662e-16 8.134580095662201026e-17 1.978786004674385467e-17
5.777900000000000000e+04 1.014038541643221989e-16 8.256370015520742555e-17 4.304649277351827913e-18
5.778600000000000000e+04 1.022276994983798366e-16 7.627601898009877571e-17 4.319393536645130123e-18
5.778600000000000000e+04 1.014457239635054333e-16 7.627601898009877571e-17 4.198528618200701285e-18
5.779400000000000000e+04 1.051689821207843958e-16 8.371718258543029278e-17 5.047689027388415250e-18
5.779400000000000000e+04 1.071056921188747126e-16 8.371718258543029278e-17 3.874807621720947803e-18
5.780100000000000000e+04 1.035524314137543672e-16 7.730043957341865934e-17 4.324054226727553629e-18
5.781700000000000000e+04 1.107514833299780285e-16 8.735143593712575181e-17 7.663892361653530601e-18
5.781700000000000000e+04 1.111723496866373914e-16 8.735143593712575181e-17 3.768201625016458884e-18
5.785700000000000000e+04 1.108968453555097452e-16 8.891473210649794798e-17 3.718694136746567281e-18
5.785700000000000000e+04 1.122311404821974093e-16 8.891473210649794798e-17 4.690108369288742324e-18
5.786400000000000000e+04 1.175806156692163363e-16 8.692517492355181801e-17 3.967787213544704029e-18
5.786400000000000000e+04 1.173909494825958668e-16 8.692517492355181801e-17 4.179149672723122891e-18
5.787800000000000000e+04 1.182969209765590491e-16 9.288578744222451593e-17 7.284544792389694330e-18
5.787800000000000000e+04 1.175506987159357333e-16 9.288578744222451593e-17 4.105747839960377054e-18
5.788700000000000000e+04 1.127691054300345257e-16 8.970629348008158662e-17 3.918758190604262221e-18
5.788700000000000000e+04 1.156125920967494866e-16 8.970629348008158662e-17 3.876754355393935117e-18
5.789400000000000000e+04 1.149193876117737890e-16 8.763862640329308407e-17 3.674696079501230823e-18
5.789400000000000000e+04 1.163247864082638740e-16 8.763862640329308407e-17 4.293887511446567280e-18
5.791000000000000000e+04 1.116856895225207941e-16 7.911600163546127363e-17 4.531497565392977364e-18
5.791800000000000000e+04 1.130038654695759929e-16 9.325578911151030561e-17 8.085647392591885658e-18
5.791800000000000000e+04 1.138674898086285544e-16 9.325578911151030561e-17 3.748642264245730949e-18
5.793300000000000000e+04 1.095287105928578253e-16 9.322087287826990219e-17 3.931172142041973465e-18
5.793300000000000000e+04 1.103127284150245897e-16 9.322087287826990219e-17 1.005926102879624786e-17
5.793300000000000000e+04 1.106213835416827848e-16 9.322087287826990219e-17 3.900037372326931054e-18
5.794900000000000000e+04 1.117262891346952639e-16 8.742095471138591863e-17 4.039742263970861395e-18
5.794900000000000000e+04 1.117303595582779055e-16 8.742095471138591863e-17 3.769265428094694024e-18
5.794900000000000000e+04 1.110125789960748130e-16 8.742095471138591863e-17 5.336232085978366772e-18
5.795600000000000000e+04 1.110926377314425600e-16 8.040666874693317237e-17 4.521201849519737983e-18
5.796400000000000000e+04 1.164332463155489010e-16 8.699742916828503014e-17 4.222366001926322450e-18
5.796400000000000000e+04 1.128427312622468701e-16 8.699742916828503014e-17 3.941329421531227892e-18
5.796400000000000000e+04 1.119559810740909529e-16 8.699742916828503014e-17 3.765958036957455023e-18
5.806200000000000000e+04 9.405030727666583681e-17 8.486004569920607860e-17 3.869270690976795289e-18
5.806200000000000000e+04 9.494636229702697292e-17 8.486004569920607860e-17 3.904262638690251187e-18
5.807000000000000000e+04 9.744737941327226656e-17 7.461581807837519581e-17 3.944568082911526783e-18
5.807900000000000000e+04 9.504425804962533613e-17 8.198533339116858841e-17 4.259237034078137903e-18
5.807900000000000000e+04 9.495444754392240221e-17 8.198533339116858841e-17 3.672053107637402450e-18
5.808600000000000000e+04 1.011138774249031508e-16 7.531189440089492782e-17 3.755872034739189380e-18
5.808600000000000000e+04 1.007798641941226205e-16 7.531189440089492782e-17 3.966949047229731804e-18
5.808600000000000000e+04 1.013708222311498761e-16 7.531189440089492782e-17 4.322806443108508354e-18
5.811700000000000000e+04 1.056882236420288021e-16 8.200309859107831104e-17 3.762487468720366787e-18
5.812500000000000000e+04 1.064250220495271994e-16 7.214611732094485249e-17 4.334725456652976497e-18
5.812500000000000000e+04 1.055541173518874775e-16 7.214611732094485249e-17 4.549360236745260541e-18
5.812500000000000000e+04 1.059185501117393425e-16 7.214611732094485249e-17 3.755238237557849363e-18
5.813200000000000000e+04 9.911677395837385899e-17 8.133696348915346410e-17 3.653911834896002204e-18
5.814000000000000000e+04 1.001935859241192573e-16 7.161829815176849494e-17 4.354142866320312400e-18
5.814700000000000000e+04 9.706995590725895620e-17 8.079753922662628387e-17 3.969416276550195371e-18
5.814700000000000000e+04 9.740196948517642395e-17 8.079753922662628387e-17 3.976638399833094426e-18
5.814700000000000000e+04 9.724835095406827663e-17 8.079753922662628387e-17 3.682707651247308980e-18
5.815400000000000000e+04 9.147115733221236594e-17 7.870109332845950637e-17 3.683039721636876525e-18
5.815400000000000000e+04 9.305778569407862103e-17 7.870109332845950637e-17 4.362562910877416713e-18
5.815400000000000000e+04 9.932936460276408169e-17 7.870109332845950637e-17 3.836366859942710350e-18
5.816100000000000000e+04 9.665286944172941490e-17 7.245376169178568612e-17 4.099508343046213725e-18
5.818200000000000000e+04 9.723102710415888327e-17 8.009459591595110243e-17 4.170216347315922490e-18
5.819800000000000000e+04 9.741164296320597354e-17 8.315261699387459850e-17 4.327083726454513143e-18
5.819800000000000000e+04 9.786186275822781087e-17 8.315261699387459850e-17 3.919754982201605611e-18
5.822200000000000000e+04 9.435326823095681201e-17 8.104329803442995922e-17 4.329714941789900416e-18
5.822200000000000000e+04 9.627960084082595291e-17 8.104329803442995922e-17 4.343036069519281002e-18
5.822900000000000000e+04 1.015443617542452997e-16 7.947664865355983013e-17 3.943790333164081191e-18
5.822900000000000000e+04 1.008829907054971450e-16 7.947664865355983013e-17 3.789182076023752018e-18
5.824400000000000000e+04 8.214567844821959939e-17 8.070298208911831202e-17 3.911055646650666787e-18
5.824400000000000000e+04 7.958790677618411250e-17 8.070298208911831202e-17 7.413289103430497303e-18
5.824400000000000000e+04 8.205399115239539228e-17 8.070298208911831202e-17 9.452866213978208944e-18
5.825300000000000000e+04 9.293321179059087433e-17 8.716063097163015837e-17 5.100767821099502405e-18
5.825300000000000000e+04 9.198647124127561617e-17 8.716063097163015837e-17 4.006852251025270773e-18
5.825300000000000000e+04 9.333385738390533802e-17 8.716063097163015837e-17 3.997051864658003772e-18
