5.751600000000000000e+04 6.537246619267509609e-15 6.851445521915336678e-15
5.752300000000000000e+04 6.686576406508708842e-15 6.848241091435726086e-15
5.753000000000000000e+04 6.715273444943189520e-15 6.844334535990276520e-15
5.754700000000000000e+04 6.600998938466156970e-15 6.839212878627604119e-15
5.755400000000000000e+04 6.377139001512819370e-15 6.835987657255142409e-15
5.756200000000000000e+04 6.668558034339390516e-15 6.833845110203527392e-15
5.756900000000000000e+04 6.671810773089752508e-15 6.835673153045156455e-15
5.758300000000000000e+04 6.409724811548842672e-15 6.840083797115372145e-15
5.759800000000000000e+04 6.568643766816831361e-15 6.857178079965920697e-15
5.769300000000000000e+04 6.575943501144002417e-15 7.001568872335064667e-15
5.770100000000000000e+04 6.742487846370730258e-15 7.055219191863356154e-15
5.771100000000000000e+04 6.989127366612550528e-15 7.152854691603094934e-15
5.771900000000000000e+04 7.069414354384117984e-15 7.252655614135308854e-15
5.772600000000000000e+04 7.165082738274620353e-15 7.347964200347001396e-15
5.773300000000000000e+04 7.454619533676807036e-15 7.438776261481749424e-15
5.774100000000000000e+04 7.600926344404520559e-15 7.542116226096561093e-15
5.774900000000000000e+04 7.600394173877535802e-15 7.642322670703347808e-15
5.775700000000000000e+04 nan 7.738509764853000147e-15
5.776400000000000000e+04 8.050995839203362534e-15 7.817139544252712002e-15
5.777200000000000000e+04 7.986108602681138804e-15 7.909543059398048422e-15
5.778600000000000000e+04 8.213014059382702707e-15 8.084459627389104393e-15
5.779400000000000000e+04 8.221938112352632488e-15 8.175851775983546446e-15
5.780100000000000000e+04 8.251537611880771018e-15 8.251131713439593802e-15
5.780900000000000000e+04 nan 8.336931372103702032e-15
5.781700000000000000e+04 8.381155633233223623e-15 8.415118674007737228e-15
5.786400000000000000e+04 nan 8.711475047394199367e-15
5.787800000000000000e+04 9.199886613374453011e-15 8.784826134760779026e-15
5.788700000000000000e+04 9.206157620999026195e-15 8.825797175938956360e-15
5.789400000000000000e+04 9.295484477994921582e-15 8.848775891748116693e-15
5.790300000000000000e+04 9.445183797009386778e-15 8.873845680951640390e-15
5.791000000000000000e+04 9.508575897096626952e-15 8.892339369149531194e-15
5.791800000000000000e+04 9.737229133649977385e-15 8.917787970986430006e-15
5.792500000000000000e+04 9.809403832227908569e-15 8.937944365330448553e-15
5.793300000000000000e+04 9.784478271555861197e-15 8.958025419504618402e-15
5.794200000000000000e+04 nan 8.981556407855292899e-15
5.794200000000000000e+04 nan 8.981556407855292899e-15
5.794900000000000000e+04 9.850139748948933169e-15 9.001493331180570233e-15
5.795600000000000000e+04 9.763203844044563881e-15 9.021232938807904485e-15
5.805500000000000000e+04 9.458862105518506095e-15 9.209766851925720245e-15
5.806200000000000000e+04 9.262907083617610610e-15 9.209599886562174569e-15
5.807000000000000000e+04 9.168315401900839918e-15 9.210549360795053331e-15
5.807900000000000000e+04 9.115231129078075816e-15 9.203959653232949045e-15
5.808600000000000000e+04 9.000526675198365531e-15 9.192640172916257236e-15
5.809400000000000000e+04 9.084409713636303732e-15 9.167338809156972552e-15
