5.731588785050000297e+04 8.292996413540098819e-15 0.000000000000000000e+00
5.732588785050000297e+04 8.170823292162639997e-15 0.000000000000000000e+00
5.733588785050000297e+04 8.197717905673479545e-15 0.000000000000000000e+00
5.734588785050000297e+04 8.124312887595110934e-15 0.000000000000000000e+00
5.735588785050000297e+04 8.207095219681631177e-15 0.000000000000000000e+00
5.736588785050000297e+04 8.251595258079902580e-15 0.000000000000000000e+00
5.737588785050000297e+04 8.298577044108721069e-15 0.000000000000000000e+00
5.738588785050000297e+04 8.169749236992386562e-15 0.000000000000000000e+00
5.739588785050000297e+04 8.260820717181642822e-15 0.000000000000000000e+00
5.740588785050000297e+04 8.313716263428586326e-15 0.000000000000000000e+00
5.741588785050000297e+04 8.186854498208849582e-15 0.000000000000000000e+00
5.742588785050000297e+04 8.259644718850618798e-15 0.000000000000000000e+00
5.743588785050000297e+04 8.288785728295570873e-15 0.000000000000000000e+00
5.744588785050000297e+04 8.200779608899991037e-15 0.000000000000000000e+00
5.745588785050000297e+04 8.212589073965855979e-15 0.000000000000000000e+00
5.746588785050000297e+04 8.128936572240380489e-15 0.000000000000000000e+00
5.747588785050000297e+04 8.093407656349319295e-15 0.000000000000000000e+00
5.748588785050000297e+04 8.056943897147973201e-15 0.000000000000000000e+00
5.749588785050000297e+04 8.258183874077850503e-15 0.000000000000000000e+00
5.750588785050000297e+04 8.140683862794611223e-15 0.000000000000000000e+00
5.751588785050000297e+04 8.113987194438380386e-15 0.000000000000000000e+00
5.752588785050000297e+04 8.083055104987160635e-15 0.000000000000000000e+00
5.753588785050000297e+04 8.156987195400197574e-15 0.000000000000000000e+00
5.754588785050000297e+04 8.168183037669924563e-15 0.000000000000000000e+00
5.755588785050000297e+04 8.205798834938221497e-15 0.000000000000000000e+00
5.756588785050000297e+04 8.167605511471653374e-15 0.000000000000000000e+00
5.757588785050000297e+04 8.131347854712891191e-15 0.000000000000000000e+00
5.758588785050000297e+04 8.128323501592471610e-15 0.000000000000000000e+00
5.759588785050000297e+04 8.140195212421350267e-15 0.000000000000000000e+00
5.760588785050000297e+04 8.149841676408095821e-15 0.000000000000000000e+00
5.761588785050000297e+04 8.152942368565813674e-15 0.000000000000000000e+00
5.762588785050000297e+04 8.151976878002357429e-15 0.000000000000000000e+00
5.763588785050000297e+04 8.208428430171450471e-15 0.000000000000000000e+00
5.764588785050000297e+04 8.198448406448004700e-15 0.000000000000000000e+00
5.765588785050000297e+04 8.195196006880769291e-15 0.000000000000000000e+00
5.766588785050000297e+04 8.106066247109848212e-15 0.000000000000000000e+00
5.767588785050000297e+04 8.244609483657394011e-15 0.000000000000000000e+00
5.768588785050000297e+04 8.376368643809893986e-15 0.000000000000000000e+00
5.769588785050000297e+04 8.422575220869023924e-15 0.000000000000000000e+00
5.770588785050000297e+04 8.448573594000705798e-15 0.000000000000000000e+00
5.771588785050000297e+04 8.390901265538216624e-15 0.000000000000000000e+00
5.772588785050000297e+04 8.366251966456679247e-15 0.000000000000000000e+00
5.773588785050000297e+04 8.473914246697392502e-15 0.000000000000000000e+00
5.774588785050000297e+04 8.514233034735992465e-15 0.000000000000000000e+00
5.775588785050000297e+04 8.615562886024908787e-15 0.000000000000000000e+00
5.776588785050000297e+04 8.546928447064765035e-15 0.000000000000000000e+00
5.777588785050000297e+04 8.487876286418944680e-15 0.000000000000000000e+00
5.778588785050000297e+04 8.451806681930174781e-15 0.000000000000000000e+00
5.779588785050000297e+04 8.475136188582209278e-15 0.000000000000000000e+00
5.780588785050000297e+04 8.378151860223310284e-15 0.000000000000000000e+00
5.781588785050000297e+04 8.431204829481555223e-15 0.000000000000000000e+00
5.782588785050000297e+04 8.491230366310576097e-15 0.000000000000000000e+00
5.783588785050000297e+04 8.579846076190548772e-15 0.000000000000000000e+00
5.784588785050000297e+04 8.478632323430529532e-15 0.000000000000000000e+00
5.785588785050000297e+04 8.492790930970104387e-15 0.000000000000000000e+00
5.786588785050000297e+04 8.482254136494004117e-15 0.000000000000000000e+00
5.787588785050000297e+04 8.447216784178330187e-15 0.000000000000000000e+00
5.788588785050000297e+04 8.440267274505125349e-15 0.000000000000000000e+00
5.789588785050000297e+04 8.405382685029506191e-15 0.000000000000000000e+00
5.790588785050000297e+04 8.505830237883296435e-15 0.000000000000000000e+00
5.791588785050000297e+04 8.466137775812991721e-15 0.000000000000000000e+00
5.792588785050000297e+04 8.517855087963871931e-15 0.000000000000000000e+00
5.793588785050000297e+04 8.500951914424300223e-15 0.000000000000000000e+00
5.794588785050000297e+04 8.545180211696135066e-15 0.000000000000000000e+00
5.795588785050000297e+04 8.496206955946587941e-15 0.000000000000000000e+00
5.796588785050000297e+04 8.442389718982557534e-15 0.000000000000000000e+00
5.797588785050000297e+04 8.525638680603217153e-15 0.000000000000000000e+00
5.798588785050000297e+04 8.616655321020976847e-15 0.000000000000000000e+00
5.799588785050000297e+04 8.419413219549063725e-15 0.000000000000000000e+00
5.800588785050000297e+04 8.455765690275315341e-15 0.000000000000000000e+00
5.801588785050000297e+04 8.493631290433223172e-15 0.000000000000000000e+00
5.802588785050000297e+04 8.448731094165241715e-15 0.000000000000000000e+00
5.803588785050000297e+04 8.453300841392448525e-15 0.000000000000000000e+00
5.804588785050000297e+04 8.465611072355728504e-15 0.000000000000000000e+00
5.805588785050000297e+04 8.415949917330757219e-15 0.000000000000000000e+00
5.806588785050000297e+04 8.370598081282499618e-15 0.000000000000000000e+00
5.807588785050000297e+04 8.372068494426959462e-15 0.000000000000000000e+00
5.808588785050000297e+04 8.398544258371293533e-15 0.000000000000000000e+00
5.809588785050000297e+04 8.375276052822481020e-15 0.000000000000000000e+00
5.810588785050000297e+04 8.268308119796652947e-15 0.000000000000000000e+00
5.811588785050000297e+04 8.375001400369815186e-15 0.000000000000000000e+00
5.812588785050000297e+04 8.432466467013897382e-15 0.000000000000000000e+00
5.813588785050000297e+04 8.255465231299602675e-15 0.000000000000000000e+00
5.814588785050000297e+04 8.175672059095990062e-15 0.000000000000000000e+00
5.815588785050000297e+04 8.411167148476302820e-15 0.000000000000000000e+00
5.816588785050000297e+04 8.322276846510000261e-15 0.000000000000000000e+00
5.817588785050000297e+04 8.322276846510000261e-15 0.000000000000000000e+00
