5.751600000000000000e+04 6.537246619267509609e-15 6.636035692143766228e-15
5.752300000000000000e+04 6.686576406508708842e-15 6.630620954269593173e-15
5.753000000000000000e+04 6.715273444943189520e-15 6.624266443988483604e-15
5.754700000000000000e+04 6.600998938466156970e-15 6.593275706601541964e-15
5.755400000000000000e+04 6.377139001512819370e-15 6.579617575675066788e-15
5.756200000000000000e+04 6.668558034339390516e-15 6.568059225137875353e-15
5.756900000000000000e+04 6.671810773089752508e-15 6.561567629588021610e-15
5.758300000000000000e+04 6.409724811548842672e-15 6.536386591051200071e-15
5.759800000000000000e+04 6.568643766816831361e-15 6.512658939681948439e-15
5.769300000000000000e+04 6.575943501144002417e-15 6.656882130429899040e-15
5.770100000000000000e+04 6.742487846370730258e-15 6.776360325130930667e-15
5.771100000000000000e+04 6.989127366612550528e-15 6.946717814467116373e-15
5.771900000000000000e+04 7.069414354384117984e-15 7.098275562869606827e-15
5.772600000000000000e+04 7.165082738274620353e-15 7.235393729132609900e-15
5.773300000000000000e+04 7.454619533676807036e-15 7.365058622944414714e-15
5.774100000000000000e+04 7.600926344404520559e-15 7.512223278864098496e-15
5.774900000000000000e+04 7.600394173877535802e-15 7.654521928027624522e-15
5.775700000000000000e+04 nan 7.793843944224939949e-15
5.776400000000000000e+04 8.050995839203362534e-15 7.911536502737332163e-15
5.777200000000000000e+04 7.986108602681138804e-15 8.048052627370303588e-15
5.778600000000000000e+04 8.213014059382702707e-15 8.292632402907755078e-15
5.779400000000000000e+04 8.221938112352632488e-15 8.410865490480150605e-15
5.780100000000000000e+04 8.251537611880771018e-15 8.499467038738803677e-15
5.780900000000000000e+04 nan 8.593259330657843388e-15
5.781700000000000000e+04 8.381155633233223623e-15 8.673666394591142315e-15
5.786400000000000000e+04 nan 8.974703589756403516e-15
5.787800000000000000e+04 9.199886613374453011e-15 9.073363193394954216e-15
5.788700000000000000e+04 9.206157620999026195e-15 9.134674961251902220e-15
5.789400000000000000e+04 9.295484477994921582e-15 9.174733594043844607e-15
5.790300000000000000e+04 9.445183797009386778e-15 9.223995062309440099e-15
5.791000000000000000e+04 9.508575897096626952e-15 9.258157477989985774e-15
5.791800000000000000e+04 9.737229133649977385e-15 9.293091500332431735e-15
5.792500000000000000e+04 9.809403832227908569e-15 9.314938565909130754e-15
5.793300000000000000e+04 9.784478271555861197e-15 9.333286647532868737e-15
5.794200000000000000e+04 nan 9.354713211139275604e-15
5.794200000000000000e+04 nan 9.354713211139275604e-15
5.794900000000000000e+04 9.850139748948933169e-15 9.376243863510668851e-15
5.795600000000000000e+04 9.763203844044563881e-15 9.398723430024507523e-15
5.805500000000000000e+04 9.458862105518506095e-15 9.326542313679606060e-15
5.806200000000000000e+04 9.262907083617610610e-15 9.282847385907183965e-15
5.807000000000000000e+04 9.168315401900839918e-15 9.227746579188739327e-15
5.807900000000000000e+04 9.115231129078075816e-15 9.157711099191792341e-15
5.808600000000000000e+04 9.000526675198365531e-15 9.102929331353585828e-15
5.809400000000000000e+04 9.084409713636303732e-15 9.039035075615634493e-15
