5.751588785050000297e+04 6.663910855500000248e-15 8.017465647240482996e-15
5.753177570089999790e+04 6.644934699259999980e-15 8.025471537130183534e-15
5.754485981310000352e+04 6.606682842080000380e-15 8.033240702180897704e-15
5.755514018689999648e+04 6.683770668579999899e-15 8.040855124503717702e-15
5.756261682239999936e+04 6.597352024920000271e-15 8.045843635738283027e-15
5.757009345790000225e+04 6.607087227410000387e-15 8.050374093535226457e-15
5.759813084109999909e+04 6.790228852139999881e-15 8.061508778204073486e-15
5.762710280369999964e+04 6.829154684880000146e-15 8.074382105969563383e-15
5.765700934579999739e+04 6.896941648690000332e-15 8.082282171070193614e-15
5.768130841119999968e+04 6.916561826019999702e-15 8.089576839865122708e-15
5.769345794390000083e+04 6.945602683919999925e-15 8.096242607521472711e-15
5.770000000000000000e+04 6.907245986099999781e-15 8.101147121812644621e-15
5.772149532709999767e+04 7.032590462499999675e-15 8.125589505657172071e-15
5.772710280369999964e+04 7.378834172060000676e-15 8.135734832608382869e-15
5.774018691589999798e+04 7.446351545649999805e-15 8.161416233945529515e-15
5.774859813079999731e+04 7.879178648450000160e-15 8.179436505213932058e-15
5.776355140189999656e+04 7.985187514979999562e-15 8.214944594813146550e-15
5.778691588790000242e+04 8.206715792000000762e-15 8.269338399115953439e-15
5.779532710280000174e+04 8.264542894799999559e-15 8.285607478865525535e-15
5.780186915890000091e+04 8.351186196980000461e-15 8.297494203658288699e-15
5.780841121500000008e+04 8.582060268390000779e-15 8.310643960357293013e-15
5.781775700930000312e+04 8.870671579200000327e-15 8.326334190145628244e-15
5.784672897199999716e+04 8.871135873470000305e-15 8.367669390093252686e-15
5.787663551400000142e+04 8.910076683440000369e-15 8.398665275961143907e-15
5.788598130839999794e+04 9.294841840399999661e-15 8.404746386499666203e-15
5.789439252339999803e+04 9.371899712439999585e-15 8.408619474595894018e-15
5.790093457939999644e+04 9.410466091539999236e-15 8.411936874733782859e-15
5.790934579439999652e+04 9.602908578960000431e-15 8.415511255331763266e-15
5.791682242989999941e+04 9.708797627609999891e-15 8.418622254555836507e-15
5.792336448599999858e+04 9.776210160559999266e-15 8.421699366859759774e-15
5.793177570089999790e+04 9.862883417209999365e-15 8.424971233255362209e-15
5.794859813079999731e+04 9.815076084350000749e-15 8.430899958018987841e-15
5.795514018689999648e+04 9.795950155760000554e-15 8.432770920360181062e-15
5.797943925229999877e+04 9.777108794630000026e-15 8.442300634320503441e-15
5.801775700930000312e+04 9.739261322789999245e-15 8.465057252251951011e-15
5.803457943930000329e+04 9.710684759170000179e-15 8.470621908981164866e-15
5.805420560750000004e+04 9.691768511859999493e-15 8.472308602920232182e-15
5.806074766359999921e+04 9.364950275580000517e-15 8.472604693426495047e-15
5.806915887849999854e+04 9.211238916849999878e-15 8.473276035192130451e-15
5.807663551400000142e+04 9.124820273180000649e-15 8.473766421633470107e-15
5.808411214949999703e+04 9.086478552600000693e-15 8.473712309989927596e-15
