5.751600000000000000e+04 8.302478996663416708e-15 -3.185845256661599846e-258
5.752300000000000000e+04 8.071042165285196786e-15 -3.941583427784261671e-258
5.753000000000000000e+04 8.385301149385595477e-15 -4.866261792850326766e-258
5.754700000000000000e+04 8.268480770355054920e-15 -8.049042232756720674e-258
5.755400000000000000e+04 8.247594317664858507e-15 -9.868344051177535759e-258
5.756200000000000000e+04 8.221502981177932859e-15 -1.242662901218124445e-257
5.756900000000000000e+04 8.134011644831748899e-15 -1.517266603350192384e-257
5.758300000000000000e+04 7.742763509774850987e-15 -2.249361239249669276e-257
5.759100000000000000e+04 1.478582429712821827e-14 -2.807759545078807328e-257
5.759800000000000000e+04 8.029380174101459320e-15 -3.402527675212569736e-257
5.769300000000000000e+04 8.283848825639779716e-15 -3.935389719990716474e-256
5.770100000000000000e+04 8.404623910322317297e-15 -4.776747771834271244e-256
5.771100000000000000e+04 nan -6.070676849344939802e-256
5.771900000000000000e+04 8.592846295880697593e-15 -7.339676388437344990e-256
5.772600000000000000e+04 8.744853765396470651e-15 -8.653815855518136984e-256
5.773300000000000000e+04 9.043293054566249279e-15 -1.019022245761232920e-255
5.774100000000000000e+04 9.180882799049055484e-15 -1.226395975675857769e-255
5.774900000000000000e+04 9.362650400856199573e-15 -1.473589871256921912e-255
5.775700000000000000e+04 9.419867910944193285e-15 -1.767801172561019647e-255
5.776400000000000000e+04 9.733246662218990737e-15 -2.070389371796775691e-255
5.777200000000000000e+04 9.581055469584561743e-15 -2.476555442776248891e-255
5.778600000000000000e+04 9.811850966002762217e-15 -3.376125570431106910e-255
5.779400000000000000e+04 9.662721078598150745e-15 -4.021943863859406004e-255
5.780100000000000000e+04 9.783675400844620449e-15 -4.682056050722355883e-255
5.780900000000000000e+04 9.586260262820046437e-15 -5.562715759312028154e-255
5.781700000000000000e+04 1.000088517205041670e-14 -6.599773962108639621e-255
5.786400000000000000e+04 1.040544832000357098e-14 -1.753566839488476784e-254
5.787800000000000000e+04 1.048181464163163392e-14 -2.326038245413222437e-254
5.788700000000000000e+04 1.065432007007833618e-14 -2.783747576788493764e-254
5.789400000000000000e+04 1.070449416448215281e-14 -3.197782528431991747e-254
5.790300000000000000e+04 nan -3.816753033814169201e-254
5.791000000000000000e+04 1.074912853746696829e-14 -4.375404625042469829e-254
5.791800000000000000e+04 1.092171979285973787e-14 -5.109144832056208069e-254
5.792500000000000000e+04 1.100011776477919050e-14 -5.845975668154985066e-254
5.793300000000000000e+04 1.089656104414291635e-14 -6.811892462359613810e-254
5.794900000000000000e+04 1.090515431225743683e-14 -9.218403391573087159e-254
5.795600000000000000e+04 1.080370606995743830e-14 -1.050867177816055350e-253
5.796400000000000000e+04 1.049947828993558979e-14 -1.219370105512867432e-253
5.805500000000000000e+04 1.019091694142372285e-14 -6.170111581165572301e-253
5.806200000000000000e+04 1.008376554747654300e-14 -6.954543193091239221e-253
5.807000000000000000e+04 1.011416812064870199e-14 -7.967241550421305218e-253
5.807900000000000000e+04 9.949964839222432017e-15 -9.274115471163973795e-253
5.808600000000000000e+04 9.863421367131368253e-15 -1.042916505417098878e-252
5.809400000000000000e+04 9.896519289050072099e-15 -1.191684483037799699e-252
5.810900000000000000e+04 1.618193986244518919e-14 -1.526727946693657938e-252
5.811700000000000000e+04 9.759824117309912671e-15 -1.740331734466409872e-252
5.812500000000000000e+04 9.968055293867386412e-15 -1.982206263517503699e-252
5.813200000000000000e+04 9.693604464495759679e-15 -2.219802840593542311e-252
5.814000000000000000e+04 9.796429442654935651e-15 -2.524525928488228760e-252
5.814700000000000000e+04 9.687018588077312112e-15 -2.823461855759478320e-252
5.815400000000000000e+04 1.493656280540066893e-14 -3.155915825165693472e-252
5.816100000000000000e+04 1.412909853885212873e-14 -3.525437355817893274e-252
5.816800000000000000e+04 1.844276848897302931e-14 -3.935929973000015544e-252
5.817500000000000000e+04 9.547703377764522316e-15 -4.391684352653387473e-252
5.818200000000000000e+04 9.765080365283666929e-15 -4.897414368537612352e-252
5.819000000000000000e+04 9.347380242339285764e-15 -5.543249064860973058e-252
5.819800000000000000e+04 9.530030294337522413e-15 -6.269675200368667669e-252
5.820500000000000000e+04 9.370792333460724646e-15 -6.978844946041126231e-252
5.822200000000000000e+04 9.311825273210133527e-15 -9.032792577855264971e-252
5.822900000000000000e+04 9.352791811889583709e-15 -1.003590372811434620e-251
5.824400000000000000e+04 9.137828627615966767e-15 -1.255421090024574837e-251
5.825300000000000000e+04 9.169254323461542616e-15 -1.434276326895874713e-251
