5.751600000000000000e+04 6.537246619267509609e-15 7.957713526926832839e-15
5.752300000000000000e+04 6.686576406508708842e-15 7.963845457880012298e-15
5.753000000000000000e+04 6.715273444943189520e-15 7.969479035300423137e-15
5.754700000000000000e+04 6.600998938466156970e-15 7.982554189274934619e-15
5.755400000000000000e+04 6.377139001512819370e-15 7.987287660455180724e-15
5.756200000000000000e+04 6.668558034339390516e-15 7.992729651604446916e-15
5.756900000000000000e+04 6.671810773089752508e-15 7.996984359429752209e-15
5.758300000000000000e+04 6.409724811548842672e-15 8.005293172031052350e-15
5.759800000000000000e+04 6.568643766816831361e-15 8.013264733620833206e-15
5.769300000000000000e+04 6.575943501144002417e-15 8.049226027739225589e-15
5.770100000000000000e+04 6.742487846370730258e-15 8.051336750753206153e-15
5.771100000000000000e+04 6.989127366612550528e-15 8.053906105473269866e-15
5.771900000000000000e+04 7.069414354384117984e-15 8.055803252439093899e-15
5.772600000000000000e+04 7.165082738274620353e-15 8.057485880017753173e-15
5.773300000000000000e+04 7.454619533676807036e-15 8.059109956293832195e-15
5.774100000000000000e+04 7.600926344404520559e-15 8.060764864940230738e-15
5.774900000000000000e+04 7.600394173877535802e-15 8.062349334479787125e-15
5.775700000000000000e+04 nan 8.064058286812205827e-15
5.776400000000000000e+04 8.050995839203362534e-15 8.065221768104349308e-15
5.777200000000000000e+04 7.986108602681138804e-15 8.066803125901623326e-15
5.778600000000000000e+04 8.213014059382702707e-15 8.069069072517245048e-15
5.779400000000000000e+04 8.221938112352632488e-15 8.070286489759300666e-15
5.780100000000000000e+04 8.251537611880771018e-15 8.071402964990807824e-15
5.780900000000000000e+04 nan 8.072519775818782907e-15
5.781700000000000000e+04 8.381155633233223623e-15 8.073784530192060012e-15
5.786400000000000000e+04 nan 8.079320903288998897e-15
5.787800000000000000e+04 9.199886613374453011e-15 8.080868476056842654e-15
5.788700000000000000e+04 9.206157620999026195e-15 8.081776138908010669e-15
5.789400000000000000e+04 9.295484477994921582e-15 8.082279678595696753e-15
5.790300000000000000e+04 9.445183797009386778e-15 8.083191618480455115e-15
5.791000000000000000e+04 9.508575897096626952e-15 8.083647311970274784e-15
5.791800000000000000e+04 9.737229133649977385e-15 8.084450065083560723e-15
5.792500000000000000e+04 9.809403832227908569e-15 8.084862171411182818e-15
5.793300000000000000e+04 9.784478271555861197e-15 8.085617211203948804e-15
5.794200000000000000e+04 nan 8.086313652841905707e-15
5.794200000000000000e+04 nan 8.086313652841905707e-15
5.794900000000000000e+04 9.850139748948933169e-15 8.086660328725290986e-15
5.795600000000000000e+04 9.763203844044563881e-15 8.087188181066202218e-15
5.805500000000000000e+04 9.458862105518506095e-15 8.092379825677756154e-15
5.806200000000000000e+04 9.262907083617610610e-15 8.092848843317270510e-15
5.807000000000000000e+04 9.168315401900839918e-15 8.092987483892358281e-15
5.807900000000000000e+04 9.115231129078075816e-15 8.093366536879409673e-15
5.808600000000000000e+04 9.000526675198365531e-15 8.093676919211696788e-15
5.809400000000000000e+04 9.084409713636303732e-15 8.093911784852462782e-15
