5.711600000000000000e+04 3.790242320361059162e-14 0.000000000000000000e+00
5.712100000000000000e+04 3.700061825065485635e-14 0.000000000000000000e+00
5.712600000000000000e+04 3.623348423408282817e-14 0.000000000000000000e+00
5.713100000000000000e+04 3.562929979689477387e-14 0.000000000000000000e+00
5.713600000000000000e+04 3.515868043859102138e-14 0.000000000000000000e+00
5.714100000000000000e+04 3.485502452363890382e-14 0.000000000000000000e+00
5.714600000000000000e+04 3.431844315774023714e-14 0.000000000000000000e+00
5.715100000000000000e+04 3.359759188785080819e-14 0.000000000000000000e+00
5.715600000000000000e+04 3.320309532745909435e-14 0.000000000000000000e+00
5.716100000000000000e+04 3.291368492471751553e-14 0.000000000000000000e+00
5.716600000000000000e+04 3.251752946201477261e-14 0.000000000000000000e+00
5.717100000000000000e+04 3.199596304251101092e-14 0.000000000000000000e+00
5.717600000000000000e+04 3.168876048942041061e-14 0.000000000000000000e+00
5.718100000000000000e+04 3.138230286654862452e-14 0.000000000000000000e+00
5.718600000000000000e+04 3.117919719364991464e-14 0.000000000000000000e+00
5.719100000000000000e+04 3.078101545658467977e-14 0.000000000000000000e+00
5.719600000000000000e+04 3.038435369959532157e-14 0.000000000000000000e+00
5.720100000000000000e+04 3.023174544211289990e-14 0.000000000000000000e+00
5.720600000000000000e+04 3.004811206872013579e-14 0.000000000000000000e+00
5.721100000000000000e+04 2.992859225643899613e-14 0.000000000000000000e+00
5.721600000000000000e+04 2.951884148873553365e-14 0.000000000000000000e+00
5.722100000000000000e+04 2.902991219694764513e-14 0.000000000000000000e+00
5.722600000000000000e+04 2.864748849276710858e-14 0.000000000000000000e+00
5.723100000000000000e+04 2.833491398395945976e-14 0.000000000000000000e+00
5.723600000000000000e+04 2.795187757743099535e-14 0.000000000000000000e+00
5.724100000000000000e+04 2.748139659321662081e-14 0.000000000000000000e+00
5.724600000000000000e+04 2.720547136391564644e-14 0.000000000000000000e+00
5.725100000000000000e+04 2.709586721127962425e-14 0.000000000000000000e+00
5.725600000000000000e+04 2.659284485193919124e-14 0.000000000000000000e+00
5.726100000000000000e+04 2.595005493819994129e-14 0.000000000000000000e+00
5.726600000000000000e+04 2.547158426094370449e-14 0.000000000000000000e+00
5.727100000000000000e+04 2.515822720494889433e-14 0.000000000000000000e+00
5.727600000000000000e+04 2.471192627224286239e-14 0.000000000000000000e+00
5.728100000000000000e+04 2.460991372765392461e-14 0.000000000000000000e+00
5.728600000000000000e+04 2.451504942122252689e-14 0.000000000000000000e+00
5.729100000000000000e+04 2.448815796686293712e-14 0.000000000000000000e+00
5.729600000000000000e+04 2.425229149570777786e-14 0.000000000000000000e+00
5.730100000000000000e+04 2.400583465811834801e-14 0.000000000000000000e+00
5.730600000000000000e+04 2.387704562996459763e-14 0.000000000000000000e+00
5.731100000000000000e+04 2.387124649483166079e-14 0.000000000000000000e+00
5.731600000000000000e+04 2.379967587233187932e-14 0.000000000000000000e+00
5.732100000000000000e+04 2.392939997406412095e-14 0.000000000000000000e+00
5.732600000000000000e+04 2.386842050439264311e-14 0.000000000000000000e+00
5.733100000000000000e+04 2.371441058568973995e-14 0.000000000000000000e+00
5.733600000000000000e+04 2.379053922891569607e-14 0.000000000000000000e+00
5.734100000000000000e+04 2.396657175348845468e-14 0.000000000000000000e+00
5.734600000000000000e+04 2.426810091592156534e-14 0.000000000000000000e+00
5.735100000000000000e+04 2.445538614503580549e-14 0.000000000000000000e+00
5.735600000000000000e+04 2.448382715489444708e-14 0.000000000000000000e+00
5.736100000000000000e+04 2.462086960927337680e-14 0.000000000000000000e+00
5.736600000000000000e+04 2.451727504895734281e-14 0.000000000000000000e+00
5.737100000000000000e+04 2.417751126571886376e-14 0.000000000000000000e+00
5.737600000000000000e+04 2.396924544883460905e-14 0.000000000000000000e+00
5.738100000000000000e+04 2.390162049685611434e-14 0.000000000000000000e+00
5.738600000000000000e+04 2.362689892891017051e-14 0.000000000000000000e+00
5.739100000000000000e+04 2.367356146391472322e-14 0.000000000000000000e+00
5.739600000000000000e+04 2.379725745112927661e-14 0.000000000000000000e+00
5.740100000000000000e+04 2.393169223376862063e-14 0.000000000000000000e+00
5.740600000000000000e+04 2.423286216893865579e-14 0.000000000000000000e+00
5.741100000000000000e+04 2.417580770555028482e-14 0.000000000000000000e+00
5.741600000000000000e+04 2.411014750409484716e-14 0.000000000000000000e+00
5.742100000000000000e+04 2.404513723369855441e-14 0.000000000000000000e+00
5.742600000000000000e+04 2.399714063124265232e-14 0.000000000000000000e+00
5.743100000000000000e+04 2.398248418036256046e-14 0.000000000000000000e+00
5.743600000000000000e+04 2.387043668273779898e-14 0.000000000000000000e+00
5.744100000000000000e+04 2.382375254609395303e-14 0.000000000000000000e+00
5.744600000000000000e+04 2.362460806044375464e-14 0.000000000000000000e+00
5.745100000000000000e+04 2.345238676873521127e-14 0.000000000000000000e+00
5.745600000000000000e+04 2.323656375804195333e-14 0.000000000000000000e+00
5.746100000000000000e+04 2.312918673633774760e-14 0.000000000000000000e+00
5.746600000000000000e+04 2.305318051566064214e-14 0.000000000000000000e+00
5.747100000000000000e+04 2.295455413450808594e-14 0.000000000000000000e+00
5.747600000000000000e+04 2.277489163837594690e-14 0.000000000000000000e+00
5.748100000000000000e+04 2.269668727832401187e-14 0.000000000000000000e+00
5.748600000000000000e+04 2.255359536598812199e-14 0.000000000000000000e+00
5.749100000000000000e+04 2.239019782694951949e-14 0.000000000000000000e+00
5.749600000000000000e+04 2.235442004311827572e-14 0.000000000000000000e+00
5.750100000000000000e+04 2.246293703620741340e-14 0.000000000000000000e+00
5.750600000000000000e+04 2.245516631614619583e-14 0.000000000000000000e+00
5.751100000000000000e+04 2.235478238511047870e-14 0.000000000000000000e+00
5.751600000000000000e+04 2.234054320113248177e-14 0.000000000000000000e+00
5.752100000000000000e+04 2.252327952717622773e-14 0.000000000000000000e+00
5.752600000000000000e+04 2.292306398298478368e-14 0.000000000000000000e+00
5.753100000000000000e+04 2.314455117367149350e-14 0.000000000000000000e+00
5.753600000000000000e+04 2.333287364051759390e-14 0.000000000000000000e+00
5.754100000000000000e+04 2.356430850556589329e-14 0.000000000000000000e+00
5.754600000000000000e+04 2.384027620162461173e-14 0.000000000000000000e+00
5.755100000000000000e+04 2.392590469321312441e-14 0.000000000000000000e+00
5.755600000000000000e+04 2.393010527191675876e-14 0.000000000000000000e+00
5.756100000000000000e+04 2.413590940466881319e-14 0.000000000000000000e+00
5.756600000000000000e+04 2.411700933585150150e-14 0.000000000000000000e+00
5.757100000000000000e+04 2.410411040695167683e-14 0.000000000000000000e+00
5.757600000000000000e+04 2.405324316365274683e-14 0.000000000000000000e+00
5.758100000000000000e+04 2.413687216587898914e-14 0.000000000000000000e+00
5.758600000000000000e+04 2.422120445999710094e-14 0.000000000000000000e+00
5.759100000000000000e+04 2.412348490456614423e-14 0.000000000000000000e+00
5.759600000000000000e+04 2.406150808297687108e-14 0.000000000000000000e+00
5.760100000000000000e+04 2.405068689273669426e-14 0.000000000000000000e+00
5.760600000000000000e+04 2.394417475915503477e-14 0.000000000000000000e+00
5.761100000000000000e+04 2.381643876129224286e-14 0.000000000000000000e+00
5.761600000000000000e+04 2.363682276463248003e-14 0.000000000000000000e+00
5.762100000000000000e+04 2.349987394516298563e-14 0.000000000000000000e+00
5.762600000000000000e+04 2.359175649556400126e-14 0.000000000000000000e+00
5.763100000000000000e+04 2.372690811346199494e-14 0.000000000000000000e+00
5.763600000000000000e+04 2.382542992018714967e-14 0.000000000000000000e+00
5.764100000000000000e+04 2.374462481955260108e-14 0.000000000000000000e+00
5.764600000000000000e+04 2.357273562131688705e-14 0.000000000000000000e+00
5.765100000000000000e+04 2.351251444088617550e-14 0.000000000000000000e+00
5.765600000000000000e+04 2.355688021144530467e-14 0.000000000000000000e+00
5.766100000000000000e+04 2.356524420821668875e-14 0.000000000000000000e+00
5.766600000000000000e+04 2.358141278100285069e-14 0.000000000000000000e+00
5.767100000000000000e+04 2.357314986878321370e-14 0.000000000000000000e+00
5.767600000000000000e+04 2.355091371461694970e-14 0.000000000000000000e+00
5.768100000000000000e+04 2.346756601761711268e-14 0.000000000000000000e+00
5.768600000000000000e+04 2.385324599645525979e-14 0.000000000000000000e+00
5.769100000000000000e+04 2.408378282439566601e-14 0.000000000000000000e+00
5.769600000000000000e+04 2.411768318935156706e-14 0.000000000000000000e+00
5.770100000000000000e+04 2.412408324876768324e-14 0.000000000000000000e+00
5.770600000000000000e+04 2.410762781012290495e-14 0.000000000000000000e+00
5.771100000000000000e+04 2.431588913111552598e-14 0.000000000000000000e+00
5.771600000000000000e+04 2.439880702368388803e-14 0.000000000000000000e+00
5.772100000000000000e+04 2.443840146500384432e-14 0.000000000000000000e+00
5.772600000000000000e+04 2.446209479221216536e-14 0.000000000000000000e+00
5.773100000000000000e+04 2.441742781333289557e-14 0.000000000000000000e+00
5.773600000000000000e+04 2.448389919579008154e-14 0.000000000000000000e+00
5.774100000000000000e+04 2.448001420169632942e-14 0.000000000000000000e+00
5.774600000000000000e+04 2.461854746410708727e-14 0.000000000000000000e+00
5.775100000000000000e+04 2.478871201039951474e-14 0.000000000000000000e+00
5.775600000000000000e+04 2.506828637873662033e-14 0.000000000000000000e+00
5.776100000000000000e+04 2.525443411847964385e-14 0.000000000000000000e+00
5.776600000000000000e+04 2.531769854428426004e-14 0.000000000000000000e+00
5.777100000000000000e+04 2.541489235758603067e-14 0.000000000000000000e+00
5.777600000000000000e+04 2.548497894567802398e-14 0.000000000000000000e+00
5.778100000000000000e+04 2.571376790048298336e-14 0.000000000000000000e+00
5.778600000000000000e+04 2.589037101214769757e-14 0.000000000000000000e+00
5.779100000000000000e+04 2.607535098099910673e-14 0.000000000000000000e+00
5.779600000000000000e+04 2.620372750890293189e-14 0.000000000000000000e+00
5.780100000000000000e+04 2.616257418565138639e-14 0.000000000000000000e+00
5.780600000000000000e+04 2.629147009891710659e-14 0.000000000000000000e+00
5.781100000000000000e+04 2.640949928627014398e-14 0.000000000000000000e+00
5.781600000000000000e+04 2.681825048655922913e-14 0.000000000000000000e+00
5.782100000000000000e+04 2.704161303747491686e-14 0.000000000000000000e+00
5.782600000000000000e+04 2.741809212148871719e-14 0.000000000000000000e+00
5.783100000000000000e+04 2.797114764776383470e-14 0.000000000000000000e+00
5.783600000000000000e+04 2.836963410553364420e-14 0.000000000000000000e+00
5.784100000000000000e+04 2.867928924210767145e-14 0.000000000000000000e+00
5.784600000000000000e+04 2.906824516909907809e-14 0.000000000000000000e+00
5.785100000000000000e+04 2.950316075831491681e-14 0.000000000000000000e+00
5.785600000000000000e+04 2.987315931829712914e-14 0.000000000000000000e+00
5.786100000000000000e+04 2.994870368862599937e-14 0.000000000000000000e+00
5.786600000000000000e+04 3.007002475718956016e-14 0.000000000000000000e+00
5.787100000000000000e+04 3.042088143722143344e-14 0.000000000000000000e+00
5.787600000000000000e+04 3.065039960338797271e-14 0.000000000000000000e+00
5.788100000000000000e+04 3.097720840348461498e-14 0.000000000000000000e+00
5.788600000000000000e+04 3.115682318522339270e-14 0.000000000000000000e+00
5.789100000000000000e+04 3.131875993259531464e-14 0.000000000000000000e+00
5.789600000000000000e+04 3.156187605161990529e-14 0.000000000000000000e+00
5.790100000000000000e+04 3.159194925172719701e-14 0.000000000000000000e+00
5.790600000000000000e+04 3.173079816691153455e-14 0.000000000000000000e+00
5.791100000000000000e+04 3.189602890750228211e-14 0.000000000000000000e+00
5.791600000000000000e+04 3.209536125678465573e-14 0.000000000000000000e+00
5.792100000000000000e+04 3.217682969055522824e-14 0.000000000000000000e+00
5.792600000000000000e+04 3.227453009848934976e-14 0.000000000000000000e+00
5.793100000000000000e+04 3.232682183100366994e-14 0.000000000000000000e+00
5.793600000000000000e+04 3.248508985527887526e-14 0.000000000000000000e+00
5.794100000000000000e+04 3.250857286177324562e-14 0.000000000000000000e+00
5.794600000000000000e+04 3.256585563756460515e-14 0.000000000000000000e+00
5.795100000000000000e+04 3.251298097287723748e-14 0.000000000000000000e+00
5.795600000000000000e+04 3.239034687385447892e-14 0.000000000000000000e+00
5.796100000000000000e+04 3.242501107254597373e-14 0.000000000000000000e+00
5.796600000000000000e+04 3.248438271506738274e-14 0.000000000000000000e+00
5.797100000000000000e+04 3.281936621628313014e-14 0.000000000000000000e+00
5.797600000000000000e+04 3.309714894416416125e-14 0.000000000000000000e+00
5.798100000000000000e+04 3.345293587651254097e-14 0.000000000000000000e+00
5.798600000000000000e+04 3.357324285705504567e-14 0.000000000000000000e+00
5.799100000000000000e+04 3.348631704390915123e-14 0.000000000000000000e+00
5.799600000000000000e+04 3.360671211652460718e-14 0.000000000000000000e+00
5.800100000000000000e+04 3.365218553062425706e-14 0.000000000000000000e+00
5.800600000000000000e+04 3.359525496828245186e-14 0.000000000000000000e+00
5.801100000000000000e+04 3.364620402374335877e-14 0.000000000000000000e+00
5.801600000000000000e+04 3.392072987279294478e-14 0.000000000000000000e+00
5.802100000000000000e+04 3.416543875617169144e-14 0.000000000000000000e+00
5.802600000000000000e+04 3.457999256770328117e-14 0.000000000000000000e+00
5.803100000000000000e+04 3.498779723080011162e-14 0.000000000000000000e+00
5.803600000000000000e+04 3.506620718019299997e-14 0.000000000000000000e+00
5.804100000000000000e+04 3.529359874774910617e-14 0.000000000000000000e+00
5.804600000000000000e+04 3.542280530715388794e-14 0.000000000000000000e+00
5.805100000000000000e+04 3.572417205548234000e-14 0.000000000000000000e+00
5.805600000000000000e+04 3.602613455021940026e-14 0.000000000000000000e+00
5.806100000000000000e+04 3.608433824177436675e-14 0.000000000000000000e+00
5.806600000000000000e+04 3.624225430444108494e-14 0.000000000000000000e+00
5.807100000000000000e+04 3.644288485571511756e-14 0.000000000000000000e+00
5.807600000000000000e+04 3.644779000869465348e-14 0.000000000000000000e+00
5.808100000000000000e+04 3.665212677809371371e-14 0.000000000000000000e+00
5.808600000000000000e+04 3.696628634487142008e-14 0.000000000000000000e+00
5.809100000000000000e+04 3.723222500034784315e-14 0.000000000000000000e+00
5.809600000000000000e+04 3.752295437304526545e-14 0.000000000000000000e+00
5.810100000000000000e+04 3.737516393421259825e-14 0.000000000000000000e+00
5.810600000000000000e+04 3.752037636427862611e-14 0.000000000000000000e+00
5.811100000000000000e+04 3.757077153204722918e-14 0.000000000000000000e+00
5.811600000000000000e+04 3.761208131626459940e-14 0.000000000000000000e+00
5.812100000000000000e+04 3.751710397906427987e-14 0.000000000000000000e+00
5.812600000000000000e+04 3.737756133849354195e-14 0.000000000000000000e+00
5.813100000000000000e+04 3.734816550386927324e-14 0.000000000000000000e+00
5.813600000000000000e+04 3.728085308111653260e-14 0.000000000000000000e+00
5.814100000000000000e+04 3.723757175799259771e-14 0.000000000000000000e+00
5.814600000000000000e+04 3.727027136197197893e-14 0.000000000000000000e+00
5.815100000000000000e+04 3.709725752452864466e-14 0.000000000000000000e+00
5.815600000000000000e+04 3.700562442525102460e-14 0.000000000000000000e+00
5.816100000000000000e+04 3.709251673579592760e-14 0.000000000000000000e+00
5.816600000000000000e+04 3.731448292320796432e-14 0.000000000000000000e+00
5.817100000000000000e+04 3.741542238202994149e-14 0.000000000000000000e+00
5.817600000000000000e+04 3.741840653509133469e-14 0.000000000000000000e+00
5.818100000000000000e+04 3.722086815916211576e-14 0.000000000000000000e+00
5.818600000000000000e+04 3.696326536280139659e-14 0.000000000000000000e+00
5.819100000000000000e+04 3.680078345016809775e-14 0.000000000000000000e+00
5.819600000000000000e+04 3.646773054332025535e-14 0.000000000000000000e+00
5.820100000000000000e+04 3.626824121464585353e-14 0.000000000000000000e+00
5.820600000000000000e+04 3.609932090411891857e-14 0.000000000000000000e+00
5.821100000000000000e+04 3.589554436316440303e-14 0.000000000000000000e+00
5.821600000000000000e+04 3.569635224211786662e-14 0.000000000000000000e+00
5.822100000000000000e+04 3.578665579288338361e-14 0.000000000000000000e+00
5.822600000000000000e+04 3.592951401772386533e-14 0.000000000000000000e+00
5.823100000000000000e+04 3.602588954825690990e-14 0.000000000000000000e+00
5.823600000000000000e+04 3.624070042412359891e-14 0.000000000000000000e+00
5.824100000000000000e+04 3.661038733272117191e-14 0.000000000000000000e+00
5.824600000000000000e+04 3.695403182965734835e-14 0.000000000000000000e+00
5.825100000000000000e+04 3.739348183588385950e-14 0.000000000000000000e+00
