5.751588785050000297e+04 6.663910855500000248e-15 6.664166648311808660e-15
5.753177570089999790e+04 6.644934699259999980e-15 6.642892891163363573e-15
5.754485981310000352e+04 6.606682842080000380e-15 6.628797886404753349e-15
5.755514018689999648e+04 6.683770668579999899e-15 6.623059897309866775e-15
5.756261682239999936e+04 6.597352024920000271e-15 6.622750797312839634e-15
5.757009345790000225e+04 6.607087227410000387e-15 6.637952455435679267e-15
5.759813084109999909e+04 6.790228852139999881e-15 6.760079079275701994e-15
5.762710280369999964e+04 6.829154684880000146e-15 6.850584735377586810e-15
5.765700934579999739e+04 6.896941648690000332e-15 6.892580557054157877e-15
5.768130841119999968e+04 6.916561826019999702e-15 6.885431420850205181e-15
5.769345794390000083e+04 6.945602683919999925e-15 6.914851365001288692e-15
5.770000000000000000e+04 6.907245986099999781e-15 6.954296023013933951e-15
5.772149532709999767e+04 7.032590462499999675e-15 7.196518200308917109e-15
5.772710280369999964e+04 7.378834172060000676e-15 7.299799978338918484e-15
5.774018691589999798e+04 7.446351545649999805e-15 7.529530410484581304e-15
5.774859813079999731e+04 7.879178648450000160e-15 7.678218985475002873e-15
5.776355140189999656e+04 7.985187514979999562e-15 7.924590989711708685e-15
5.778691588790000242e+04 8.206715792000000762e-15 8.271849030916698060e-15
5.779532710280000174e+04 8.264542894799999559e-15 8.381256848046112048e-15
5.780186915890000091e+04 8.351186196980000461e-15 8.458140241205475480e-15
5.780841121500000008e+04 8.582060268390000779e-15 8.550553777566517327e-15
5.781775700930000312e+04 8.870671579200000327e-15 8.649784438232999594e-15
5.784672897199999716e+04 8.871135873470000305e-15 8.864246997314689247e-15
5.787663551400000142e+04 8.910076683440000369e-15 9.120146065512860186e-15
5.788598130839999794e+04 9.294841840399999661e-15 9.249279753555349098e-15
5.789439252339999803e+04 9.371899712439999585e-15 9.361141946755685026e-15
5.790093457939999644e+04 9.410466091539999236e-15 9.460631852620231201e-15
5.790934579439999652e+04 9.602908578960000431e-15 9.574867499826930008e-15
5.791682242989999941e+04 9.708797627609999891e-15 9.664079144884371925e-15
5.792336448599999858e+04 9.776210160559999266e-15 9.731300667306007722e-15
5.793177570089999790e+04 9.862883417209999365e-15 9.788910286224723803e-15
5.794859813079999731e+04 9.815076084350000749e-15 9.836465588384974019e-15
5.795514018689999648e+04 9.795950155760000554e-15 9.829916395083710026e-15
5.797943925229999877e+04 9.777108794630000026e-15 9.782581796515651246e-15
5.801775700930000312e+04 9.739261322789999245e-15 9.775176829578832876e-15
5.803457943930000329e+04 9.710684759170000179e-15 9.708087049870577194e-15
5.805420560750000004e+04 9.691768511859999493e-15 9.505339281519126883e-15
5.806074766359999921e+04 9.364950275580000517e-15 9.419353486145288450e-15
5.806915887849999854e+04 9.211238916849999878e-15 9.284045906389331381e-15
5.807663551400000142e+04 9.124820273180000649e-15 9.178584945729349279e-15
5.808411214949999703e+04 9.086478552600000693e-15 9.059532198749638416e-15
