5.731588785050000297e+04 8.640063040280539120e-15 0.000000000000000000e+00
5.732588785050000297e+04 8.926478926804931151e-15 0.000000000000000000e+00
5.733588785050000297e+04 8.800168896783081016e-15 0.000000000000000000e+00
5.734588785050000297e+04 8.754669948291001414e-15 0.000000000000000000e+00
5.735588785050000297e+04 8.964492992461142786e-15 0.000000000000000000e+00
5.736588785050000297e+04 8.759946009927502709e-15 0.000000000000000000e+00
5.737588785050000297e+04 8.946703641835754412e-15 0.000000000000000000e+00
5.738588785050000297e+04 8.742713767445565576e-15 0.000000000000000000e+00
5.739588785050000297e+04 8.887701985232348011e-15 0.000000000000000000e+00
5.740588785050000297e+04 8.926407550813946167e-15 0.000000000000000000e+00
5.741588785050000297e+04 8.551465015603028356e-15 0.000000000000000000e+00
5.742588785050000297e+04 8.593947312847286585e-15 0.000000000000000000e+00
5.743588785050000297e+04 8.415828109796643166e-15 0.000000000000000000e+00
5.744588785050000297e+04 7.974917848354905739e-15 0.000000000000000000e+00
5.745588785050000297e+04 7.529229739342768743e-15 0.000000000000000000e+00
5.746588785050000297e+04 7.494269129586453430e-15 0.000000000000000000e+00
5.747588785050000297e+04 7.089520430317297996e-15 0.000000000000000000e+00
5.748588785050000297e+04 6.863977924331128330e-15 0.000000000000000000e+00
5.749588785050000297e+04 6.546253026514071456e-15 0.000000000000000000e+00
5.750588785050000297e+04 6.650198135160475023e-15 0.000000000000000000e+00
5.751588785050000297e+04 6.640622935748504834e-15 0.000000000000000000e+00
5.752588785050000297e+04 6.739178190478280368e-15 0.000000000000000000e+00
5.753588785050000297e+04 6.796923266331476726e-15 0.000000000000000000e+00
5.754588785050000297e+04 6.798725547595090427e-15 0.000000000000000000e+00
5.755588785050000297e+04 7.207617988163993817e-15 0.000000000000000000e+00
5.756588785050000297e+04 7.608235338712912692e-15 0.000000000000000000e+00
5.757588785050000297e+04 7.512950916623783958e-15 0.000000000000000000e+00
5.758588785050000297e+04 7.304055205557051645e-15 0.000000000000000000e+00
5.759588785050000297e+04 7.015231634120338745e-15 0.000000000000000000e+00
5.760588785050000297e+04 7.141479717270778208e-15 0.000000000000000000e+00
5.761588785050000297e+04 7.295788510829725916e-15 0.000000000000000000e+00
5.762588785050000297e+04 7.044498370903256270e-15 0.000000000000000000e+00
5.763588785050000297e+04 7.105663103374976324e-15 0.000000000000000000e+00
5.764588785050000297e+04 6.784162327653512484e-15 0.000000000000000000e+00
5.765588785050000297e+04 6.843783510870531190e-15 0.000000000000000000e+00
5.766588785050000297e+04 6.934148999379689738e-15 0.000000000000000000e+00
5.767588785050000297e+04 7.422926172262188021e-15 0.000000000000000000e+00
5.768588785050000297e+04 7.931439514039783760e-15 0.000000000000000000e+00
5.769588785050000297e+04 8.751963449331928388e-15 0.000000000000000000e+00
5.770588785050000297e+04 9.155009738996328804e-15 0.000000000000000000e+00
5.771588785050000297e+04 9.589699465654433982e-15 0.000000000000000000e+00
5.772588785050000297e+04 9.612909746339363041e-15 0.000000000000000000e+00
5.773588785050000297e+04 9.655637111125780023e-15 0.000000000000000000e+00
5.774588785050000297e+04 9.310712161549909522e-15 0.000000000000000000e+00
5.775588785050000297e+04 9.389232891969286329e-15 0.000000000000000000e+00
5.776588785050000297e+04 9.470654813403120797e-15 0.000000000000000000e+00
5.777588785050000297e+04 9.907605040016780043e-15 0.000000000000000000e+00
5.778588785050000297e+04 9.920943379818998256e-15 0.000000000000000000e+00
5.779588785050000297e+04 9.873477010307618086e-15 0.000000000000000000e+00
5.780588785050000297e+04 9.456436703462347678e-15 0.000000000000000000e+00
5.781588785050000297e+04 9.228190611836265908e-15 0.000000000000000000e+00
5.782588785050000297e+04 9.462555130371025507e-15 0.000000000000000000e+00
5.783588785050000297e+04 9.653051910187601962e-15 0.000000000000000000e+00
5.784588785050000297e+04 9.804896865293102261e-15 0.000000000000000000e+00
5.785588785050000297e+04 1.038042562621651713e-14 0.000000000000000000e+00
5.786588785050000297e+04 1.077645792648162629e-14 0.000000000000000000e+00
5.787588785050000297e+04 1.118138414484572909e-14 0.000000000000000000e+00
5.788588785050000297e+04 1.118120074268821649e-14 0.000000000000000000e+00
5.789588785050000297e+04 1.097518040277267028e-14 0.000000000000000000e+00
5.790588785050000297e+04 1.076211795220525613e-14 0.000000000000000000e+00
5.791588785050000297e+04 1.013236862814394090e-14 0.000000000000000000e+00
5.792588785050000297e+04 9.809978951745192544e-15 0.000000000000000000e+00
5.793588785050000297e+04 9.498541251378130232e-15 0.000000000000000000e+00
5.794588785050000297e+04 9.426969799522908225e-15 0.000000000000000000e+00
5.795588785050000297e+04 9.708067173183651425e-15 0.000000000000000000e+00
5.796588785050000297e+04 9.738449259865685035e-15 0.000000000000000000e+00
5.797588785050000297e+04 9.983606410936093498e-15 0.000000000000000000e+00
5.798588785050000297e+04 1.013978875811650630e-14 0.000000000000000000e+00
5.799588785050000297e+04 9.957290904723580343e-15 0.000000000000000000e+00
5.800588785050000297e+04 9.403330246245351492e-15 0.000000000000000000e+00
5.801588785050000297e+04 9.231505683369697441e-15 0.000000000000000000e+00
5.802588785050000297e+04 8.651009603061898331e-15 0.000000000000000000e+00
5.803588785050000297e+04 7.942409460745109609e-15 0.000000000000000000e+00
5.804588785050000297e+04 7.597426402919747696e-15 0.000000000000000000e+00
5.805588785050000297e+04 7.659537750950435620e-15 0.000000000000000000e+00
5.806588785050000297e+04 7.560444219491259138e-15 0.000000000000000000e+00
5.807588785050000297e+04 7.884183310384370553e-15 0.000000000000000000e+00
5.808588785050000297e+04 8.190631871624557264e-15 0.000000000000000000e+00
5.809588785050000297e+04 8.528891164209103261e-15 0.000000000000000000e+00
5.810588785050000297e+04 8.480839598616414534e-15 0.000000000000000000e+00
5.811588785050000297e+04 8.837115584754774225e-15 0.000000000000000000e+00
5.812588785050000297e+04 8.858664662064747389e-15 0.000000000000000000e+00
5.813588785050000297e+04 8.753301181210026888e-15 0.000000000000000000e+00
5.814588785050000297e+04 8.729326585095198171e-15 0.000000000000000000e+00
5.815588785050000297e+04 8.317885047301190150e-15 0.000000000000000000e+00
5.816588785050000297e+04 8.322276846510000261e-15 0.000000000000000000e+00
5.817588785050000297e+04 8.322276846510000261e-15 0.000000000000000000e+00
